AN,AutoNation Inc,Consumer Discretionary,1,Specialty Stores,4369842808,1180328
a1492608660,41.93,41.9999,41.7,41.72,10374
1,42.05,42.05,41.93,41.93,4216
2,42.04,42.1,42.04,42.08,500
3,42.03,42.06,41.93,42.06,2741
4,42.07,42.17,41.93,41.93,4740
5,42.19,42.23,42.045,42.045,5950
6,42.45,42.5399,42.21,42.21,22161
7,42.42,42.4496,42.3201,42.41,5043
8,42.34,42.42,42.34,42.42,2700
9,42.275,42.33,42.27,42.31,2350
10,42.24,42.26,42.2,42.26,3800
11,42.245,42.27,42.22,42.22,3053
12,42.27,42.27,42.22,42.26,556
13,42.27,42.27,42.2,42.23,11371
14,42.295,42.32,42.24,42.25,3500
15,42.3,42.32,42.28,42.295,6485
16,42.44,42.44,42.305,42.305,5342
17,42.63,42.63,42.445,42.45,4218
18,42.57,42.65,42.55,42.64,7450
19,42.71,42.85,42.57,42.57,16781
20,42.58,42.72,42.58,42.71,13300
21,42.49,42.59,42.49,42.59,1500
22,42.49,42.5,42.38,42.5,5325
23,42.55,42.57,42.45,42.51,22635
24,42.655,42.66,42.54,42.565,21250
25,42.79,42.8,42.655,42.655,6485
26,42.938,42.95,42.7863,42.7863,10001
27,42.82,42.95,42.8,42.95,7136
28,42.87,42.87,42.85,42.8566,545
29,42.72,42.87,42.72,42.87,4080
30,42.7,42.77,42.69,42.73,5787
31,42.59,42.69,42.59,42.69,8801
32,42.61,42.61,42.57,42.58,4021
33,42.56,42.67,42.56,42.65,7849
34,42.6,42.606,42.55,42.55,13009
35,42.57,42.605,42.55,42.605,3700
36,42.62,42.67,42.58,42.58,9587
37,42.65,42.67,42.59,42.65,4160
38,42.69,42.69,42.66,42.68,3689
39,42.72,42.72,42.683,42.7,2400
40,42.68,42.72,42.605,42.69,22685
41,42.62,42.69,42.61,42.69,4864
42,42.655,42.655,42.6,42.62,6036
43,42.69,42.69,42.64,42.67,7707
44,42.69,42.69,42.66,42.66,10400
45,42.66,42.71,42.66,42.68,8700
46,42.85,42.86,42.675,42.69,8200
47,42.81,42.89,42.81,42.85,10444
48,42.89,42.9,42.795,42.825,5624
49,42.82,42.92,42.81,42.88,15411
50,42.855,42.89,42.82,42.82,6356
51,42.825,42.92,42.8,42.87,24231
52,42.83,42.87,42.81,42.83,22284
53,42.82,42.86,42.8,42.841,21945
54,42.805,42.82,42.77,42.81,12900
55,42.88,42.88,42.8076,42.8076,7533
56,42.91,42.92,42.87,42.88,30280
57,42.91,42.9501,42.91,42.92,7020
58,42.93,42.93,42.84,42.91,13011
59,42.91,42.92,42.88,42.92,3500
60,42.865,42.94,42.86,42.9,24520
61,42.96,42.96,42.8654,42.8654,11965
62,42.77,42.96,42.68,42.95,40500
63,42.77,42.81,42.75,42.78,6513
64,42.71,42.77,42.71,42.76,5050
65,42.68,42.73,42.68,42.71,3285
66,42.7,42.74,42.68,42.68,2801
67,42.73,42.73,42.7,42.7,6464
68,42.8,42.84,42.73,42.74,6701
69,42.87,42.875,42.78,42.79,7233
70,42.86,42.885,42.85,42.85,4790
71,42.855,42.91,42.855,42.87,15978
72,42.93,42.93,42.86,42.86,5921
73,42.99,43.07,42.92,42.92,16720
74,42.99,43.02,42.99,42.99,5016
75,43.01,43.0202,42.96,42.98,3200
76,43.05,43.08,43.01,43.01,4800
77,43.05,43.05,43,43.02,1905
78,43.0375,43.0441,43.02,43.0441,4554
79,42.97,43.02,42.97,43.02,3480
80,42.96,43.01,42.96,42.97,3722
81,43,43.005,42.98,42.98,3900
82,43.037,43.04,42.993,43,2950
83,43.04,43.04,42.97,43.03,10238
84,43.02,43.04,42.99,43.04,3800
85,43.14,43.14,43.04,43.04,10443
86,43.11,43.16,43.11,43.15,6543
87,43.185,43.23,43.105,43.105,13441
88,43.21,43.24,43.16,43.17,7584
89,43.19,43.19,43.19,43.19,100
90,43.23,43.26,43.175,43.175,9260
91,43.22,43.23,43.1605,43.23,3342
92,43.205,43.23,43.17,43.21,14604
93,43.17,43.19,43.16,43.19,21060
94,43.41,43.5,43.175,43.19,128910
95,43.59,43.63,43.43,43.43,66843
96,43.495,43.69,43.49,43.51,41115
97,43.31,43.48,43.29,43.48,14610
98,43.2172,43.34,43.2,43.31,32853
99,43.18,43.3,43.16,43.22,47111
100,43.06,43.165,43.04,43.14,23302
101,43.17,43.29,43.02,43.07,73477
102,43.06,43.17,43.06,43.17,26208
103,43.07,43.11,43.07,43.075,7158
104,43.08,43.09,43.06,43.07,6018
105,43.13,43.15,43.07,43.07,8135
106,43.205,43.24,43.13,43.13,28460
107,43.2011,43.24,43.19,43.205,9200
108,43.14,43.22,43.13,43.2,12685
109,43.08,43.22,43.07,43.13,17942
110,43.06,43.11,43.05,43.08,6170
111,43.1,43.125,43.06,43.06,6890
112,43.15,43.16,43.06,43.08,4300
113,43.14,43.14,43.1,43.13,4600
114,43.195,43.209,43.165,43.17,2700
115,43.15,43.18,43.11,43.18,7093
116,43.15,43.15,43.08,43.145,3600
117,43.12,43.18,43.0952,43.16,11822
118,43.155,43.17,43.09,43.135,16492
119,43.225,43.24,43.15,43.15,8466
120,43.16,43.25,43.16,43.225,10159
121,43.15,43.17,43.0601,43.16,8756
122,43.1523,43.1523,43.15,43.15,200
123,43.235,43.25,43.145,43.145,3900
124,43.1949,43.23,43.1949,43.22,1600
125,43.26,43.26,43.2,43.2,3700
126,43.32,43.33,43.24,43.25,10200
127,43.31,43.34,43.3,43.33,4640
128,43.33,43.36,43.2974,43.305,6950
129,43.32,43.323,43.3,43.323,1000
130,43.39,43.42,43.31,43.31,2900
131,43.38,43.395,43.37,43.39,1800
132,43.32,43.36,43.3,43.36,2650
133,43.35,43.35,43.3,43.3,2041
134,43.29,43.34,43.28,43.34,7478
135,43.26,43.2992,43.25,43.2992,800
136,43.27,43.29,43.24,43.26,3817
137,43.23,43.26,43.2,43.26,3333
138,43.05,43.17,43.05,43.17,4925
139,43.035,43.06,43,43.06,8200
140,43.1,43.1,43.0404,43.0404,4408
141,43.13,43.15,43.09,43.11,7775
142,43.16,43.175,43.1,43.1,9550
143,43.155,43.1893,43.155,43.175,4200
144,43.12,43.16,43.06,43.13,9061
145,43.14,43.1904,43.09,43.12,18788
146,43.03,43.14,43.02,43.14,3052
147,42.985,43.05,42.985,43.0001,8664
148,42.98,43.02,42.98,42.985,6598
149,43.085,43.14,42.98,42.98,7173
150,43.135,43.135,43.0876,43.09,4092
151,43.14,43.18,43.11,43.15,10281
152,43.15,43.15,43.12,43.1364,8616
153,43.193,43.1977,43.12,43.13,5150
154,43.15,43.17,43.13,43.17,3385
155,43.05,43.15,43.03,43.15,7040
156,43.03,43.16,43.03,43.035,30845
157,42.985,43.05,42.985,43.03,3394
158,43.04,43.09,42.99,43,18227
159,43.02,43.02,42.94,43.02,8500
160,42.955,43.02,42.95,43.02,12136
161,42.94,43,42.92,42.94,14804
162,43.02,43.02,42.94,42.94,5842
163,43.0518,43.06,43.02,43.03,1300
164,43.05,43.08,43.03,43.05,3300
165,43.0279,43.06,43.02,43.05,1114
166,43.07,43.07,43.021,43.05,500
167,43.08,43.08,43.03,43.055,4700
169,43.08,43.09,43.06,43.06,1700
170,43.17,43.17,43.08,43.09,7200
171,43.21,43.21,43.165,43.165,2666
172,43.185,43.22,43.15,43.22,2587
173,43.12,43.18,43.12,43.18,3405
174,43.18,43.21,43.11,43.1368,6432
175,43.18,43.19,43.15,43.16,10410
176,43.205,43.24,43.18,43.18,11415
177,43.19,43.22,43.16,43.21,6048
178,43.175,43.21,43.16,43.19,4745
179,43.21,43.21,43.16,43.17,2600
180,43.24,43.26,43.21,43.21,10551
181,43.21,43.245,43.17,43.24,4408
182,43.22,43.24,43.2,43.22,2500
183,43.2,43.24,43.2,43.22,2913
184,43.25,43.25,43.18,43.2,7962
185,43.24,43.24,43.2,43.23,8115
186,43.15,43.24,43.11,43.21,11281
187,43.05,43.17,43.05,43.17,10648
188,43.08,43.11,43.05,43.05,2572
189,43.01,43.07,43.01,43.07,500
190,43.04,43.04,43,43.01,2610
191,43.03,43.03,43.03,43.03,400
192,42.97,43.01,42.955,43.01,1800
193,43,43,42.97,42.97,1600
194,43,43.02,42.96,42.98,6807
195,43,43.01,42.96,42.99,2600
196,43.0217,43.05,43.01,43.02,4511
197,42.99,43.01,42.99,43.01,3673
198,43,43,42.97,42.97,1400
199,43.02,43.03,43.01,43.02,1300
200,42.97,43.02,42.97,43.02,2000
201,43.06,43.06,42.97,42.97,3727
202,43.01,43.045,43.01,43.045,1110
203,43.06,43.06,43.03,43.03,1600
204,43.07,43.07,43.0603,43.07,2217
205,43.11,43.11,43.05,43.06,2600
206,43.08,43.11,43.08,43.11,1000
207,43.02,43.07,43.02,43.07,1400
208,43.05,43.09,43.005,43.005,5081
209,43.04,43.09,43.04,43.08,900
210,43.06,43.06,43.06,43.06,700
211,43.07,43.12,43.06,43.06,3993
212,43.06,43.09,43.03,43.06,9250
213,43.06,43.07,43.04,43.07,5210
214,43.06,43.08,43.06,43.06,3900
215,43.12,43.12,43.06,43.06,10335
216,43.08,43.17,43.08,43.11,10020
217,43.11,43.12,43.06,43.07,5700
218,43.12,43.14,43.11,43.12,6137
219,43.1,43.12,43.1,43.1,2740
220,43.09,43.105,43.09,43.1,1810
221,43.12,43.15,43.11,43.11,7039
222,43.1,43.14,43.08,43.14,7200
223,43.15,43.15,43.09,43.115,2772
224,43.165,43.165,43.15,43.16,888
225,43.2,43.2,43.13,43.15,3820
226,43.14,43.21,43.12,43.2,4389
227,43.155,43.16,43.1402,43.1402,900
228,43.12,43.14,43.1,43.14,3300
229,43.12,43.14,43.095,43.1,3500
230,43.1225,43.14,43.091,43.105,1500
231,43.16,43.16,43.13,43.13,1400
232,43.27,43.27,43.18,43.18,3900
233,43.2697,43.2697,43.255,43.265,1100
234,43.255,43.255,43.255,43.255,300
235,43.29,43.305,43.24,43.27,5789
236,43.29,43.29,43.25,43.28,8157
237,43.27,43.27,43.24,43.27,2214
238,43.275,43.275,43.275,43.275,200
239,43.27,43.27,43.27,43.27,400
240,43.3,43.31,43.27,43.27,2772
241,43.31,43.31,43.25,43.29,7098
242,43.33,43.33,43.29,43.3,1900
243,43.32,43.36,43.32,43.35,1979
244,43.335,43.335,43.32,43.326,1600
245,43.35,43.35,43.31,43.33,5665
246,43.35,43.36,43.35,43.36,700
247,43.34,43.385,43.34,43.36,4500
248,43.35,43.38,43.35,43.36,1700
249,43.35,43.366,43.35,43.366,300
250,43.34,43.389,43.34,43.37,7200
251,43.4,43.4,43.35,43.35,3782
252,43.3625,43.39,43.36,43.39,1434
253,43.415,43.43,43.37,43.37,8115
254,43.45,43.45,43.41,43.41,2785
255,43.41,43.44,43.41,43.43,5067
256,43.35,43.39,43.33,43.39,2308
257,43.37,43.37,43.345,43.35,3100
258,43.37,43.38,43.36,43.36,3019
259,43.39,43.39,43.375,43.375,400
260,43.39,43.39,43.38,43.39,811
261,43.435,43.44,43.41,43.41,2200
262,43.44,43.47,43.44,43.44,5435
263,43.47,43.475,43.42,43.44,3700
264,43.45,43.47,43.42,43.47,7200
265,43.43,43.45,43.4,43.44,6900
266,43.44,43.44,43.4,43.415,9401
267,43.4701,43.505,43.425,43.425,15422
268,43.5,43.5,43.47,43.485,2100
269,43.47,43.5,43.45,43.5,1915
270,43.47,43.47,43.44,43.45,6352
271,43.485,43.49,43.46,43.47,6098
272,43.43,43.49,43.41,43.49,5476
273,43.405,43.47,43.4,43.43,8604
274,43.45,43.46,43.4,43.41,4500
275,43.44,43.45,43.41,43.45,6600
276,43.4393,43.45,43.41,43.43,3900
277,43.5,43.51,43.44,43.44,6500
278,43.5,43.5,43.47,43.49,1900
279,43.45,43.49,43.44,43.49,3684
280,43.43,43.44,43.41,43.44,2500
281,43.43,43.45,43.43,43.44,4100
282,43.43,43.45,43.41,43.42,10014
283,43.35,43.43,43.35,43.43,4000
284,43.33,43.345,43.33,43.33,600
285,43.22,43.32,43.2,43.32,5209
286,43.22,43.25,43.22,43.24,8033
287,43.22,43.26,43.22,43.23,3710
288,43.23,43.23,43.185,43.22,5460
289,43.26,43.26,43.215,43.23,7108
290,43.24,43.25,43.24,43.25,900
291,43.2,43.22,43.2,43.22,900
292,43.25,43.265,43.23,43.23,4554
293,43.3,43.3,43.24,43.24,3100
294,43.22,43.29,43.22,43.29,1900
295,43.22,43.22,43.22,43.22,100
296,43.24,43.24,43.2103,43.225,1204
297,43.255,43.27,43.24,43.24,4954
298,43.27,43.27,43.24,43.24,1454
299,43.225,43.2403,43.22,43.2403,1856
300,43.26,43.29,43.225,43.225,8296
301,43.2587,43.2587,43.25,43.25,400
302,43.23,43.25,43.23,43.25,2200
303,43.24,43.24,43.22,43.233,6454
304,43.245,43.25,43.24,43.25,1200
305,43.26,43.27,43.245,43.245,5700
306,43.25,43.25,43.25,43.25,200
307,43.25,43.26,43.23,43.25,4004
308,43.26,43.26,43.25,43.25,1498
309,43.25,43.27,43.24,43.25,2634
310,43.25,43.25,43.25,43.25,2498
311,43.24,43.25,43.24,43.24,5585
312,43.26,43.27,43.245,43.245,6489
313,43.25,43.27,43.24,43.25,4727
314,43.27,43.29,43.25,43.25,4862
315,43.26,43.26,43.25,43.26,2100
316,43.25,43.26,43.24,43.26,4303
317,43.24,43.25,43.22,43.245,9579
318,43.25,43.25,43.24,43.24,5154
319,43.24,43.26,43.23,43.25,4268
320,43.235,43.25,43.215,43.23,24115
321,43.225,43.245,43.225,43.24,2320
322,43.22,43.245,43.21,43.22,27176
323,43.21,43.25,43.19,43.23,17280
324,43.19,43.2,43.17,43.18,4698
325,43.26,43.26,43.19,43.2,6990
326,43.25,43.27,43.25,43.26,2100
327,43.25,43.25,43.24,43.25,1600
328,43.25,43.26,43.25,43.25,1813
329,43.245,43.25,43.22,43.25,7050
330,43.25,43.27,43.22,43.24,13246
331,43.27,43.27,43.23,43.245,5196
332,43.34,43.34,43.25,43.27,10908
333,43.31,43.33,43.3,43.33,2590
334,43.31,43.31,43.29,43.31,5028
335,43.3,43.3,43.3,43.3,1300
336,43.32,43.34,43.285,43.3,8900
337,43.31,43.32,43.3,43.31,5683
338,43.33,43.33,43.31,43.31,3633
339,43.32,43.33,43.28,43.33,8702
340,43.29,43.35,43.29,43.32,3431
341,43.3,43.3,43.28,43.29,4090
342,43.28,43.295,43.28,43.29,2300
343,43.29,43.29,43.28,43.28,2600
344,43.29,43.32,43.28,43.28,5207
345,43.27,43.3,43.25,43.3,7831
346,43.26,43.265,43.26,43.26,2162
347,43.29,43.29,43.27,43.27,4098
348,43.3,43.32,43.28,43.28,5172
349,43.3,43.3,43.25,43.3,10407
350,43.32,43.32,43.29,43.29,2800
351,43.29,43.32,43.29,43.32,2800
352,43.28,43.29,43.27,43.28,4400
353,43.265,43.28,43.26,43.28,5600
354,43.26,43.275,43.26,43.27,2600
355,43.24,43.26,43.24,43.25,3664
356,43.21,43.24,43.2,43.24,14093
357,43.255,43.26,43.2,43.21,16200
358,43.275,43.28,43.255,43.26,10375
359,43.25,43.27,43.23,43.27,11659
360,43.26,43.285,43.25,43.26,19378
361,43.24,43.25,43.215,43.25,12249
362,43.26,43.28,43.23,43.23,12854
363,43.245,43.25,43.23,43.25,5032
364,43.22,43.25,43.22,43.245,9325
365,43.285,43.29,43.23,43.23,12538
366,43.28,43.3,43.26,43.2834,13990
367,43.29,43.29,43.25,43.27,16928
368,43.29,43.3,43.28,43.29,9075
369,43.28,43.31,43.28,43.29,10896
370,43.29,43.3,43.26,43.27,13031
371,43.31,43.31,43.29,43.29,5611
372,43.25,43.3,43.24,43.3,14627
373,43.31,43.31,43.26,43.26,20858
374,43.31,43.35,43.3,43.32,17320
375,43.29,43.31,43.26,43.3,13517
376,43.33,43.36,43.295,43.295,12836
377,43.29,43.335,43.28,43.33,9134
378,43.31,43.32,43.28,43.28,7636
379,43.3,43.31,43.29,43.305,9954
380,43.29,43.31,43.275,43.31,12702
381,43.285,43.29,43.25,43.28,24675
382,43.3,43.3,43.27,43.285,14202
383,43.28,43.315,43.28,43.295,11176
384,43.33,43.34,43.27,43.27,17542
385,43.305,43.34,43.3,43.33,13890
386,43.28,43.31,43.28,43.305,26705
387,43.3101,43.33,43.27,43.28,35030
388,43.32,43.32,43.29,43.32,22470
389,43.3,43.32,43.29,43.32,34668
