BBT,BB&T Corporation,Financials,4,Regional Banks,34003812934,4691885
a1492608600,42.959,42.96,42.93,42.93,36166
1,42.97,42.97,42.8601,42.96,4697
2,42.97,43.05,42.97,43.01,8886
3,43.03,43.04,42.98,42.98,7165
4,42.99,43.04,42.96,43.04,7684
5,42.99,43.03,42.99,43,11028
6,43.065,43.1,42.99,43,17144
7,43.06,43.06,43.03,43.04,4900
8,43.01,43.08,43,43.06,13822
9,42.98,43.04,42.975,43.02,17791
10,42.99,43.01,42.94,42.985,12975
11,42.96,42.9921,42.925,42.9921,11554
12,42.93,42.97,42.91,42.94,14650
13,42.93,42.9357,42.9,42.93,10964
14,42.89,42.92,42.88,42.92,15244
15,42.91,42.91,42.89,42.89,15285
16,42.91,42.945,42.9001,42.92,10521
17,42.96,42.96,42.89,42.9,13520
18,42.98,42.98,42.96,42.96,13280
19,42.99,43,42.9699,42.98,10383
20,42.99,42.99,42.97,42.98,13669
21,43.01,43.01,42.99,42.995,22038
22,43.025,43.03,43.01,43.01,24901
23,42.99,43.03,42.98,43.025,15391
24,42.98,42.99,42.97,42.99,9066
25,42.99,43.0034,42.9301,42.98,22432
26,43.02,43.04,42.98,42.9842,20830
27,43.055,43.07,43.02,43.025,13980
28,43.06,43.065,43.04,43.05,8242
29,43.085,43.09,43.06,43.06,11403
30,43.1,43.11,43.08,43.09,18064
31,43.125,43.13,43.095,43.11,20745
32,43.14,43.15,43.11,43.13,27405
33,43.14,43.15,43.13,43.14,15328
34,43.12,43.14,43.12,43.14,16313
35,43.11,43.12,43.105,43.12,11405
36,43.08,43.1,43.08,43.1,13106
37,43.09,43.1,43.0847,43.09,8636
38,43.07,43.08,43.06,43.08,9089
39,43.095,43.095,43.05,43.0643,9279
40,43.08,43.095,43.08,43.09,5008
41,43.13,43.13,43.075,43.08,10523
42,43.15,43.15,43.12,43.12,9515
43,43.16,43.16,43.14,43.15,11279
44,43.16,43.17,43.15,43.17,17393
45,43.12,43.15,43.1,43.15,12569
46,43.08,43.11,43.07,43.11,4705
47,43.1,43.1,43.08,43.08,9680
48,43.08,43.105,43.07,43.1,12606
49,43.135,43.14,43.07,43.08,12160
50,43.1101,43.14,43.11,43.14,8915
51,43.12,43.12,43.11,43.12,6601
52,43.08,43.12,43.075,43.12,13840
53,43.055,43.07,43.05,43.07,9529
54,43.03,43.06,43.03,43.06,10708
55,43.095,43.1,43.035,43.035,14227
56,43.09,43.11,43.09,43.1,8782
57,43.08,43.1,43.08,43.09,6324
58,43.04,43.07,43.04,43.07,5131
59,43.045,43.05,43.04,43.04,8250
60,43.04,43.06,43.04,43.045,6700
61,43.02,43.045,43.01,43.04,7262
62,42.98,43.02,42.98,43.01,6708
63,42.955,43,42.945,42.985,22745
64,43.01,43.01,42.97,42.97,12752
65,43.06,43.06,43.005,43.005,14113
66,43.02,43.06,43.01,43.06,10352
67,43.02,43.03,43.02,43.02,7213
68,42.99,43.02,42.99,43.02,9692
69,43.02,43.025,42.99,42.99,7035
70,43.02,43.03,43,43.015,7835
71,43.01,43.03,43.01,43.02,8746
72,43.01,43.025,43,43.01,9973
73,43.05,43.05,43.01,43.01,7500
74,43.05,43.07,43.05,43.05,14250
75,43.045,43.065,43.04,43.06,10065
76,43.02,43.04,43.015,43.04,58300
77,42.995,43.025,42.99,43.015,15027
78,42.99,43.01,42.98,42.995,11337
79,42.98,42.99,42.97,42.985,4100
80,42.95,43,42.94,42.975,16290
81,42.935,42.95,42.93,42.94,11105
82,42.945,42.95,42.93,42.935,4619
83,42.955,42.97,42.945,42.945,7843
84,42.98,42.98,42.95,42.95,7242
85,42.96,42.985,42.95,42.98,11120
86,42.915,42.96,42.915,42.96,33304
87,42.92,42.92,42.905,42.91,6473
88,42.92,42.925,42.91,42.91,5060
89,42.96,42.965,42.915,42.915,15014
90,42.96,42.96,42.95,42.96,5830
91,42.98,42.98,42.95,42.95,5800
92,42.995,42.995,42.975,42.98,7555
93,42.9825,43,42.97,42.995,8147
94,42.95,42.96,42.95,42.96,4703
95,42.965,42.965,42.935,42.935,5309
96,42.95,42.97,42.945,42.97,4624
97,42.975,42.975,42.95,42.955,5929
98,42.97,42.98,42.965,42.975,6043
99,42.94,42.98,42.94,42.975,5426
100,42.92,42.9461,42.92,42.94,5311
101,42.89,42.92,42.89,42.92,6288
102,42.905,42.91,42.885,42.885,10220
103,42.9,42.905,42.89,42.905,4100
104,42.94,42.94,42.91,42.91,7687
105,42.94,42.94,42.93,42.94,4000
106,42.88,42.94,42.88,42.94,25000
107,42.88,42.89,42.875,42.88,12519
108,42.905,42.91,42.88,42.885,40281
109,42.88,42.915,42.88,42.91,9204
110,42.8725,42.895,42.87,42.88,9089
111,42.8925,42.9,42.87,42.88,8125
112,42.895,42.9,42.89,42.9,12011
113,42.905,42.905,42.89,42.895,7075
114,42.9125,42.92,42.9,42.9,6200
115,42.925,42.93,42.91,42.92,9332
116,42.915,42.93,42.91,42.93,6528
117,42.9399,42.94,42.91,42.91,8889
118,42.88,42.93,42.875,42.93,8905
119,42.9,42.9,42.88,42.88,4600
120,42.945,42.95,42.89,42.9,23140
121,42.915,42.94,42.915,42.94,8972
122,42.925,42.93,42.91,42.915,12203
123,42.96,42.96,42.925,42.93,9601
124,42.96,42.97,42.95,42.95,5511
125,42.945,42.955,42.945,42.95,2500
126,42.965,42.97,42.945,42.95,5117
127,42.95,42.96,42.94,42.96,5978
128,42.96,42.98,42.95,42.96,6806
129,42.945,42.955,42.94,42.955,4006
130,42.975,42.975,42.95,42.95,6900
131,42.975,42.98,42.965,42.97,7298
132,42.96,42.98,42.96,42.98,6450
133,42.9699,42.98,42.955,42.955,2625
134,42.97,42.97,42.96,42.965,1500
135,42.97,42.995,42.97,42.97,9415
136,42.97,42.975,42.97,42.97,1700
137,42.965,42.975,42.96,42.975,1600
138,42.92,42.96,42.915,42.96,5899
139,42.92,42.935,42.92,42.92,4820
140,42.915,42.925,42.91,42.925,3003
141,42.93,42.945,42.915,42.92,8029
142,42.925,42.93,42.91,42.93,2585
143,42.905,42.915,42.905,42.915,1557
144,42.89,42.91,42.89,42.91,6267
145,42.925,42.93,42.9,42.9,4852
146,42.905,42.9299,42.905,42.92,3475
147,42.9,42.915,42.9,42.91,6374
148,42.945,42.955,42.895,42.9,26555
149,42.9154,42.95,42.915,42.95,6741
150,42.915,42.92,42.895,42.92,7973
151,42.9,42.91,42.89,42.91,6258
152,42.9,42.9,42.8927,42.9,1438
153,42.9,42.905,42.8941,42.895,4490
154,42.895,42.915,42.895,42.91,4540
155,42.85,42.895,42.845,42.895,10172
156,42.83,42.86,42.83,42.85,9693
157,42.835,42.84,42.82,42.83,4208
158,42.855,42.855,42.84,42.84,1900
159,42.86,42.86,42.84,42.855,9031
160,42.845,42.87,42.84,42.86,4915
161,42.8,42.84,42.8,42.84,4620
162,42.81,42.81,42.79,42.8,4921
163,42.83,42.835,42.81,42.81,7207
164,42.86,42.87,42.84,42.84,8153
165,42.835,42.87,42.8302,42.86,6129
166,42.84,42.84,42.83,42.84,3603
167,42.85,42.86,42.835,42.835,3608
168,42.86,42.86,42.85,42.85,1900
169,42.874,42.88,42.86,42.86,2242
170,42.845,42.87,42.845,42.87,5692
171,42.845,42.85,42.84,42.85,5920
172,42.9,42.91,42.84,42.84,8276
173,42.905,42.905,42.89,42.895,6869
174,42.91,42.92,42.9,42.91,11903
175,42.905,42.92,42.9,42.91,6802
176,42.875,42.91,42.875,42.905,5800
177,42.88,42.895,42.87,42.87,5585
178,42.895,42.9,42.88,42.88,5201
179,42.865,42.9,42.86,42.89,7712
180,42.865,42.88,42.86,42.87,3448
181,42.87,42.87,42.86,42.86,2600
182,42.8799,42.88,42.87,42.88,4844
183,42.875,42.88,42.87,42.879,2600
184,42.88,42.88,42.87,42.8784,3400
185,42.9,42.9,42.88,42.88,7517
186,42.89,42.9,42.88,42.9,9229
187,42.86,42.91,42.86,42.895,10773
188,42.86,42.865,42.845,42.85,3815
189,42.85,42.865,42.85,42.865,3100
190,42.86,42.86,42.85,42.855,2865
191,42.88,42.88,42.86,42.86,3206
192,42.87,42.89,42.87,42.88,6281
193,42.86,42.88,42.85,42.87,2486
194,42.865,42.87,42.855,42.855,1749
195,42.8561,42.885,42.855,42.86,11870
196,42.87,42.87,42.85,42.85,3872
197,42.875,42.88,42.87,42.87,5358
198,42.87,42.87,42.85,42.87,3172
199,42.86,42.869,42.855,42.86,2612
200,42.8475,42.86,42.84,42.86,2700
201,42.84,42.85,42.835,42.85,6230
202,42.86,42.86,42.85,42.85,2100
203,42.855,42.86,42.85,42.86,2100
204,42.87,42.87,42.85,42.86,4789
205,42.87,42.88,42.8614,42.87,3066
206,42.88,42.88,42.865,42.87,6614
207,42.87,42.875,42.865,42.87,1300
208,42.88,42.88,42.86,42.865,5309
209,42.9,42.9,42.87,42.87,8254
210,42.885,42.9,42.88,42.9,8391
211,42.885,42.89,42.88,42.885,800
212,42.875,42.89,42.875,42.885,4087
213,42.845,42.88,42.835,42.88,10739
214,42.82,42.84,42.81,42.84,16457
215,42.8,42.82,42.8,42.815,4650
216,42.805,42.81,42.8,42.805,1500
217,42.79,42.81,42.785,42.805,8368
218,42.785,42.8,42.76,42.785,7862
219,42.78,42.785,42.775,42.78,2700
220,42.745,42.77,42.74,42.77,8188
221,42.745,42.76,42.74,42.745,5359
222,42.735,42.76,42.735,42.74,8214
223,42.73,42.73,42.725,42.73,3707
224,42.745,42.745,42.73,42.74,4733
225,42.74,42.76,42.74,42.75,4549
226,42.79,42.79,42.73,42.74,6238
227,42.78,42.79,42.775,42.79,7269
228,42.78,42.8,42.78,42.78,4000
229,42.785,42.79,42.77,42.77,3868
230,42.77,42.785,42.76,42.78,12611
231,42.79,42.79,42.765,42.77,10113
232,42.8,42.8,42.785,42.785,5770
233,42.81,42.82,42.795,42.795,6390
234,42.82,42.83,42.805,42.81,6100
235,42.81,42.8259,42.81,42.8259,4632
236,42.82,42.82,42.81,42.82,3016
237,42.795,42.82,42.795,42.82,3475
238,42.795,42.8,42.79,42.8,2703
239,42.8,42.81,42.795,42.8,4957
240,42.792,42.805,42.79,42.8,4341
241,42.78,42.795,42.78,42.795,5541
242,42.82,42.82,42.78,42.78,9145
243,42.83,42.83,42.82,42.82,4674
244,42.83,42.835,42.825,42.83,4241
245,42.825,42.835,42.825,42.83,2900
246,42.785,42.82,42.775,42.82,6389
247,42.7976,42.7976,42.79,42.79,1700
248,42.79,42.81,42.79,42.795,5761
249,42.785,42.795,42.785,42.795,4000
250,42.775,42.79,42.77,42.79,5587
251,42.765,42.78,42.765,42.78,11265
252,42.78,42.781,42.765,42.77,11658
253,42.78,42.78,42.77,42.78,3406
254,42.78,42.785,42.775,42.78,4443
255,42.78,42.79,42.775,42.78,3443
256,42.775,42.78,42.765,42.78,8580
257,42.77,42.775,42.765,42.77,4300
258,42.79,42.79,42.765,42.77,11151
259,42.81,42.815,42.795,42.7967,7496
260,42.83,42.83,42.82,42.82,3600
261,42.825,42.83,42.821,42.83,2473
262,42.83,42.83,42.82,42.825,3400
263,42.8,42.83,42.8,42.83,13928
264,42.78,42.805,42.78,42.805,3100
265,42.785,42.79,42.78,42.78,1705
266,42.765,42.79,42.76,42.79,4915
267,42.765,42.765,42.755,42.76,13694
268,42.76,42.77,42.76,42.765,800
269,42.79,42.79,42.765,42.77,8971
270,42.775,42.79,42.77,42.79,5385
271,42.785,42.805,42.775,42.7757,12766
272,42.8,42.8,42.785,42.79,4925
273,42.795,42.815,42.79,42.8,9700
274,42.775,42.795,42.76,42.795,7170
275,42.765,42.77,42.755,42.77,4500
276,42.75,42.77,42.745,42.77,8972
277,42.745,42.76,42.735,42.74,8811
278,42.775,42.78,42.745,42.745,9474
279,42.76,42.77,42.755,42.77,8523
280,42.765,42.77,42.76,42.76,3364
281,42.7975,42.8,42.76,42.765,15930
282,42.79,42.8,42.79,42.8,1600
283,42.755,42.79,42.75,42.79,17336
284,42.765,42.765,42.75,42.75,3627
285,42.77,42.78,42.77,42.77,4940
286,42.74,42.76,42.73,42.76,14606
287,42.73,42.73,42.71,42.73,7629
288,42.75,42.76,42.73,42.73,15683
289,42.7434,42.755,42.7434,42.75,6767
290,42.75,42.755,42.735,42.75,10506
291,42.74,42.76,42.74,42.745,6941
292,42.72,42.745,42.715,42.74,5009
293,42.74,42.74,42.72,42.72,7143
294,42.75,42.755,42.74,42.74,7171
295,42.716,42.75,42.716,42.75,8741
296,42.72,42.725,42.71,42.71,6701
297,42.735,42.7386,42.72,42.72,6065
298,42.77,42.785,42.74,42.74,11010
299,42.7655,42.78,42.7543,42.77,9746
300,42.776,42.776,42.77,42.77,3740
301,42.77,42.78,42.7632,42.78,6760
302,42.77,42.78,42.76,42.77,9196
303,42.77,42.775,42.76,42.7632,6351
304,42.75,42.77,42.745,42.77,11709
305,42.75,42.76,42.75,42.75,5137
306,42.75,42.76,42.745,42.75,5756
307,42.752,42.76,42.752,42.755,1432
308,42.785,42.785,42.755,42.755,5255
309,42.775,42.795,42.77,42.785,10325
310,42.775,42.78,42.76,42.77,8224
311,42.78,42.79,42.775,42.775,10395
312,42.77,42.79,42.77,42.79,6769
313,42.755,42.78,42.75,42.77,16062
314,42.74,42.755,42.74,42.75,3732
315,42.75,42.75,42.74,42.745,7699
316,42.76,42.76,42.74,42.74,4187
317,42.75,42.755,42.74,42.75,6226
318,42.73,42.76,42.725,42.75,6012
319,42.73,42.74,42.725,42.73,9306
320,42.72,42.73,42.71,42.72,6135
321,42.69,42.72,42.69,42.72,9123
322,42.68,42.695,42.68,42.69,14202
323,42.625,42.677,42.62,42.675,12370
324,42.64,42.65,42.625,42.625,9302
325,42.67,42.67,42.635,42.64,7431
326,42.67,42.675,42.661,42.67,4629
327,42.69,42.69,42.68,42.68,2862
328,42.685,42.69,42.67,42.69,8003
329,42.675,42.68,42.67,42.68,2162
330,42.655,42.675,42.65,42.675,5827
331,42.62,42.66,42.62,42.66,6465
332,42.66,42.66,42.6147,42.62,16556
333,42.655,42.675,42.65,42.66,17008
334,42.63,42.645,42.63,42.64,11465
335,42.645,42.65,42.63,42.63,9342
336,42.6301,42.645,42.63,42.64,4666
337,42.6,42.64,42.59,42.63,20708
338,42.59,42.6053,42.59,42.6,12487
339,42.625,42.625,42.6,42.6,14023
340,42.61,42.625,42.6,42.625,9830
341,42.6,42.6265,42.6,42.6,20827
342,42.62,42.62,42.6,42.61,6571
343,42.61,42.62,42.6,42.615,11618
344,42.62,42.62,42.6,42.605,5036
345,42.595,42.62,42.59,42.61,13974
346,42.605,42.605,42.58,42.59,17486
347,42.58,42.61,42.58,42.605,9475
348,42.59,42.59,42.56,42.585,23930
349,42.57,42.59,42.57,42.585,9350
350,42.615,42.615,42.57,42.575,21250
351,42.615,42.62,42.61,42.61,3800
352,42.58,42.62,42.58,42.615,17727
353,42.585,42.6,42.585,42.59,10358
354,42.566,42.585,42.565,42.585,14873
355,42.575,42.58,42.565,42.57,13076
356,42.585,42.6,42.57,42.57,16271
357,42.535,42.59,42.535,42.59,15053
358,42.525,42.54,42.52,42.535,10798
359,42.52,42.535,42.52,42.53,14485
360,42.47,42.52,42.46,42.52,35468
361,42.46,42.48,42.46,42.47,20657
362,42.445,42.45,42.43,42.45,21705
363,42.48,42.49,42.435,42.44,30919
364,42.4963,42.4963,42.475,42.475,21000
365,42.475,42.495,42.47,42.49,14044
366,42.48,42.49,42.47,42.4767,16367
367,42.51,42.525,42.48,42.48,33289
368,42.51,42.5199,42.51,42.51,12150
369,42.505,42.505,42.4901,42.505,17611
370,42.52,42.52,42.5,42.505,10493
371,42.49,42.52,42.49,42.51,20562
372,42.51,42.51,42.48,42.49,24957
373,42.45,42.51,42.45,42.5,24319
374,42.45,42.46,42.45,42.45,14996
375,42.49,42.5,42.46,42.46,33923
376,42.48,42.5,42.48,42.49,22265
377,42.525,42.53,42.485,42.485,27667
378,42.535,42.54,42.52,42.525,23436
379,42.56,42.56,42.53,42.535,17957
380,42.57,42.57,42.55,42.56,29675
381,42.53,42.57,42.53,42.57,41493
382,42.5375,42.54,42.53,42.53,15656
383,42.545,42.55,42.53,42.54,32533
384,42.5401,42.57,42.54,42.55,42306
385,42.575,42.59,42.54,42.54,44408
386,42.6,42.61,42.57,42.57,47465
387,42.605,42.62,42.6,42.61,49008
388,42.61,42.61,42.6,42.605,31705
389,42.61,42.64,42.61,42.61,63990
390,42.62,42.65,42.615,42.62,86574
