BCR,Bard (C.R.) Inc.,Health Care,5,Health Care Equipment,18373165214,404476
a1492608600,249.75,250.73,249.75,250.7,5147
3,250.8,250.8,250.67,250.67,807
4,251.23,251.23,251.23,251.23,100
5,251.32,251.64,251.19,251.19,1900
6,251.86,251.86,251.65,251.67,1440
7,251.8,251.84,251.58,251.58,400
8,251.26,251.64,250.59,251.5483,4960
9,250.61,250.74,250.61,250.74,600
10,250.76,250.76,250.76,250.76,100
11,251.27,251.27,250.77,250.77,500
12,251.54,251.54,251.16,251.23,600
13,251.48,251.48,251.34,251.34,200
14,251.43,251.43,251.43,251.43,200
15,251.445,251.445,251.435,251.435,200
16,251.36,251.435,251.35,251.43,500
17,251,251.17,250.99,251.1501,3409
18,250.85,251,250.85,251,600
19,250.97,250.97,250.84,250.9,1709
21,251.44,251.44,250.98,250.99,1944
22,251.5,251.58,251.21,251.44,15400
23,251.48,251.48,251.48,251.48,200
25,251.5,251.5,251.48,251.48,300
26,251.7,251.7,251.57,251.57,700
27,251.55,251.72,251.55,251.7,2400
28,251.56,251.61,251.56,251.61,200
29,251.89,251.89,251.67,251.67,780
30,251.76,251.975,251.76,251.975,1000
31,251.94,251.94,251.75,251.78,700
32,252.1,252.1,251.77,251.77,2535
33,252.23,252.265,252.21,252.21,317
34,252.175,252.29,251.9,252.19,9600
35,252.125,252.17,252.01,252.12,1600
36,252.1,252.24,252.1,252.175,900
37,252.155,252.24,252.04,252.24,3400
38,252.205,252.205,252.01,252.105,1800
39,252.22,252.24,251.98,252.01,2412
40,252.21,252.235,252.15,252.235,1258
41,252.16,252.25,252.1,252.24,1629
42,252,252.155,251.99,252.155,1700
43,252.065,252.065,252.03,252.04,600
44,252.12,252.12,252.04,252.04,500
45,252.1,252.1,252.1,252.1,100
46,252.29,252.345,252.13,252.145,1200
47,252.38,252.38,252.38,252.38,100
49,252.195,252.21,252.14,252.21,1100
50,252.05,252.17,252.05,252.09,425
51,252.02,252.135,251.96,251.97,900
52,252.11,252.11,252.09,252.09,600
53,252.125,252.16,252.125,252.13,800
54,252.13,252.25,252.03,252.1675,6200
56,252.02,252.02,251.92,252.02,300
57,252.01,252.04,251.9,251.91,700
58,252.035,252.04,252.035,252.04,200
59,252.04,252.04,251.84,251.84,500
62,251.8,251.88,251.74,251.88,1616
63,251.73,251.8,251.61,251.8,2300
64,251.85,251.85,251.765,251.78,400
65,251.89,251.89,251.82,251.82,200
67,252.135,252.135,252.075,252.075,200
68,251.93,252.01,251.93,251.99,728
70,252.04,252.04,252.04,252.04,100
71,252.03,252.03,252.03,252.03,100
72,252.07,252.09,252.02,252.02,1300
73,251.92,252.1,251.76,252.1,17150
74,252.08,252.08,251.9,251.9,2200
75,251.95,251.95,251.95,251.95,100
76,252.06,252.09,252.055,252.06,500
77,252.1575,252.1575,252.1575,252.1575,100
78,251.98,252.03,251.98,252.02,500
79,252.04,252.04,252.04,252.04,100
80,251.9325,252.02,251.86,251.99,1100
82,251.96,251.96,251.96,251.96,503
84,252.105,252.105,252.04,252.04,200
85,252.09,252.16,252.06,252.115,1500
86,252.135,252.14,252.1,252.135,600
88,252.16,252.2125,252.1,252.17,1200
89,252.12,252.12,252.03,252.11,1213
90,252.16,252.26,252.14,252.14,745
91,252.14,252.255,252.1,252.21,2989
92,252.2,252.24,252.14,252.14,2600
93,252.07,252.15,252.04,252.15,1300
94,252.13,252.145,252.07,252.07,1042
96,252.13,252.13,252.105,252.105,500
98,252.1925,252.1925,252.1,252.19,1300
99,252.115,252.1925,252.05,252.11,2140
100,252.26,252.29,252.1275,252.1425,2000
101,252.295,252.295,252.16,252.2,2300
102,252.29,252.29,252.29,252.29,100
103,252.36,252.36,252.22,252.22,500
104,252.47,252.49,252.36,252.36,1542
105,252.64,252.67,252.4,252.47,1500
106,252.66,252.66,252.55,252.55,500
108,252.78,252.78,252.62,252.67,1500
109,252.73,252.91,252.6,252.61,2442
110,252.76,252.84,252.71,252.8,900
111,252.75,252.93,252.75,252.825,2831
112,252.75,252.895,252.75,252.895,600
113,252.55,252.82,252.55,252.82,500
114,252.64,252.705,252.42,252.705,1000
115,252.575,252.5794,252.52,252.52,903
116,252.48,252.6399,252.38,252.6399,759
117,252.33,252.39,252.21,252.39,800
119,252.33,252.33,252.28,252.28,300
120,252.315,252.37,252.315,252.37,300
121,252.465,252.465,252.41,252.41,200
122,252.47,252.47,252.47,252.47,100
123,252.35,252.35,252.35,252.35,100
124,252.33,252.43,252.33,252.35,714
125,252.28,252.41,252.28,252.33,600
127,252.42,252.5,252.24,252.36,5437
128,252.32,252.4088,252.3,252.4088,800
129,252.36,252.36,252.36,252.36,200
130,252.48,252.5,252.43,252.43,400
131,252.42,252.42,252.4,252.41,500
132,252.36,252.39,252.36,252.39,1200
133,252.43,252.43,252.4,252.4,300
134,252.32,252.32,252.3,252.32,600
135,252.41,252.41,252.39,252.39,200
137,252.38,252.47,252.27,252.42,2577
138,252.535,252.535,252.535,252.535,100
139,252.54,252.54,252.3701,252.3701,200
140,252.53,252.53,252.53,252.53,100
141,252.58,252.58,252.58,252.58,100
142,252.68,252.68,252.64,252.64,200
143,252.72,252.72,252.66,252.66,300
145,252.77,252.82,252.75,252.75,400
146,252.72,252.825,252.72,252.825,300
147,252.67,252.71,252.6,252.65,500
148,252.66,252.66,252.51,252.6,800
149,252.71,252.71,252.65,252.65,200
150,252.65,252.77,252.65,252.71,900
151,252.64,252.73,252.64,252.65,683
153,252.78,252.78,252.67,252.67,600
154,252.64,252.73,252.63,252.73,900
155,252.57,252.57,252.57,252.57,100
156,252.605,252.66,252.49,252.645,1000
157,252.6,252.6,252.51,252.57,10800
158,252.79,252.79,252.63,252.65,2250
161,252.59,252.59,252.44,252.56,1835
162,252.65,252.65,252.65,252.65,200
165,252.7,252.7,252.7,252.7,100
167,252.62,252.7,252.62,252.7,400
168,252.7,252.76,252.63,252.63,1900
169,252.69,252.69,252.69,252.69,300
170,252.61,252.69,252.61,252.69,899
171,252.6,252.6,252.6,252.6,200
172,252.78,252.78,252.69,252.69,600
174,252.73,252.77,252.68,252.77,500
175,252.74,252.74,252.735,252.735,478
176,252.79,252.79,252.725,252.725,257
178,252.66,252.67,252.66,252.67,400
179,252.61,252.61,252.61,252.61,300
180,252.6,252.61,252.59,252.59,890
181,252.72,252.72,252.61,252.61,1410
182,252.6,252.75,252.6,252.67,600
183,252.65,252.65,252.65,252.65,200
184,252.62,252.63,252.62,252.63,200
185,252.78,252.78,252.68,252.68,495
187,252.79,252.79,252.79,252.79,100
190,252.89,252.89,252.83,252.83,940
191,252.92,252.93,252.77,252.91,1600
192,252.97,252.97,252.89,252.89,500
193,252.97,252.97,252.97,252.97,100
194,252.85,252.94,252.85,252.94,1100
195,252.87,252.87,252.865,252.865,200
196,252.95,252.95,252.88,252.88,953
197,252.92,252.92,252.87,252.92,905
198,252.96,252.96,252.84,252.9,700
201,252.86,252.91,252.83,252.84,600
204,252.95,252.95,252.89,252.89,500
205,252.98,252.98,252.98,252.98,100
206,252.96,252.96,252.91,252.95,700
208,253.01,253.01,252.96,252.96,500
209,253.02,253.02,252.99,252.99,400
210,253,253.06,252.97,253.06,3613
211,253.29,253.29,253,253.0399,5540
212,253.35,253.35,253.21,253.22,1500
213,253.18,253.33,253.16,253.32,1500
214,253.26,253.36,253.1,253.1799,3300
215,253.24,253.24,253.24,253.24,100
216,253.205,253.205,253.205,253.205,400
217,253.09,253.17,253.09,253.17,1701
218,253.07,253.16,253.07,253.16,13700
219,253.085,253.125,253.02,253.125,2000
220,252.95,253.02,252.95,253.02,600
221,253.105,253.11,253.005,253.005,1600
222,253.14,253.14,253.11,253.11,200
223,253.03,253.06,253.03,253.06,200
224,253.07,253.07,253.01,253.01,416
225,253.1,253.14,253.1,253.1,600
226,253.01,253.1,253.01,253.1,500
227,253.12,253.13,253.09,253.13,1800
228,253.2,253.2,253.2,253.2,200
229,253.27,253.27,253.19,253.2,400
231,253.26,253.26,253.26,253.26,100
233,253.34,253.34,253.16,253.21,1958
234,253.45,253.46,253.33,253.33,700
235,253.31,253.33,253.31,253.33,200
236,253.35,253.35,253.31,253.31,200
238,253.2,253.2,253.2,253.2,200
239,253.25,253.25,253.25,253.25,100
240,253.2,253.2,253.2,253.2,100
241,253.21,253.21,253.18,253.18,1300
243,253.43,253.43,253.2,253.21,1692
244,253.54,253.54,253.43,253.43,300
245,253.46,253.46,253.35,253.43,900
247,253.35,253.35,253.34,253.34,200
248,253.27,253.27,253.27,253.27,400
249,253.35,253.35,253.29,253.29,1150
251,253.32,253.38,253.23,253.38,1200
254,253.66,253.66,253.3,253.3,2874
255,253.58,253.74,253.55,253.6,4436
256,253.43,253.53,253.43,253.53,1200
258,253.55,253.76,253.55,253.575,1500
259,253.56,253.63,253.55,253.59,1100
261,253.55,253.58,253.45,253.58,1223
262,253.61,253.63,253.61,253.625,300
264,253.32,253.53,253.3,253.53,1500
265,253.43,253.43,253.3975,253.3975,200
266,253.625,253.625,253.49,253.49,400
269,253.72,253.72,253.49,253.565,500
270,253.67,253.74,253.63,253.675,1300
271,253.78,253.78,253.67,253.71,400
272,253.89,253.89,253.78,253.78,949
273,253.89,253.89,253.79,253.88,400
274,253.76,253.8,253.76,253.8,500
275,253.78,253.79,253.73,253.73,2542
276,253.775,253.87,253.75,253.87,1800
278,254.35,254.35,253.81,253.81,5454
279,254.11,254.28,254.11,254.28,1300
280,254.29,254.32,254.12,254.12,3281
281,254.215,254.28,254.06,254.14,8300
282,254.12,254.225,254.07,254.225,3348
283,254.1025,254.115,254.06,254.07,1200
284,254.38,254.38,254.01,254.01,2470
285,254.215,254.38,254.215,254.38,500
286,254.1,254.19,254.05,254.14,1175
287,254.055,254.055,254,254.005,500
288,254.24,254.24,254.05,254.06,1196
289,254.27,254.27,254.23,254.23,200
290,254.22,254.23,254.19,254.19,900
291,254.27,254.27,254.27,254.27,191
293,254.475,254.515,254.36,254.36,500
294,254.51,254.55,254.43,254.45,600
295,254.47,254.51,254.47,254.5,1054
296,254.56,254.56,254.51,254.51,400
297,254.62,254.62,254.59,254.59,800
298,254.64,254.74,254.61,254.62,2943
299,254.52,254.62,254.52,254.6,1200
301,254.51,254.51,254.32,254.41,1500
302,254.47,254.47,254.435,254.435,200
303,254.55,254.55,254.4,254.4,2981
304,254.5,254.6,254.48,254.56,2345
305,254.62,254.62,254.57,254.57,700
306,254.6,254.67,254.6,254.64,500
307,254.565,254.635,254.565,254.6,1242
308,254.61,254.62,254.59,254.59,600
309,254.54,254.59,254.505,254.59,2100
310,254.55,254.55,254.52,254.52,711
311,254.59,254.59,254.55,254.55,1000
312,254.62,254.6225,254.58,254.6225,2500
313,254.75,254.75,254.61,254.61,3500
314,254.82,254.93,254.78,254.78,2200
315,254.92,254.98,254.81,254.81,3498
316,254.87,254.9204,254.87,254.9204,6522
317,254.86,254.88,254.85,254.87,623
318,254.68,254.8,254.67,254.8,1701
320,254.56,254.7,254.56,254.7,519
321,254.49,254.52,254.49,254.52,200
322,254.36,254.42,254.36,254.42,200
323,254.02,254.32,254.02,254.32,1000
324,254.07,254.07,254.07,254.07,100
325,254.18,254.18,254,254.02,2468
326,254.17,254.18,254.13,254.15,1028
327,254.31,254.31,254.24,254.24,300
329,254.5,254.5,254.42,254.42,800
330,254.41,254.46,254.39,254.46,800
331,254.23,254.37,254.23,254.35,1400
332,254.3,254.31,254.23,254.23,1013
333,254.46,254.56,254.37,254.37,1700
334,254.44,254.45,254.44,254.44,400
335,254.44,254.46,254.42,254.46,500
336,254.45,254.46,254.39,254.46,900
337,254.33,254.39,254.31,254.39,600
338,254.3,254.36,254.27,254.29,3285
339,254.38,254.38,254.3,254.31,2500
341,254.32,254.37,254.32,254.37,1700
342,254.2611,254.31,254.22,254.31,2475
344,254.25,254.25,254.25,254.25,200
345,254.285,254.285,254.28,254.28,300
346,254.28,254.28,254.28,254.28,100
347,254.36,254.37,254.285,254.285,2200
348,254.36,254.36,254.297,254.34,2830
349,254.37,254.38,254.36,254.36,300
350,254.58,254.58,254.34,254.34,1509
351,254.48,254.56,254.46,254.55,1900
352,254.36,254.42,254.36,254.42,700
353,254.4,254.4,254.4,254.4,100
354,254.37,254.42,254.37,254.42,200
355,254.55,254.55,254.41,254.45,1800
356,254.52,254.6,254.52,254.57,2710
357,254.4,254.49,254.39,254.49,1300
358,254.36,254.36,254.31,254.33,1200
359,254.35,254.43,254.35,254.39,3460
360,254.3,254.37,254.3,254.33,1200
361,254.35,254.425,254.35,254.41,600
362,254.03,254.28,254.03,254.28,2200
363,253.97,254.05,253.95,254.03,3667
364,253.935,254,253.93,253.93,300
365,253.94,254.01,253.94,254,900
366,253.87,253.89,253.82,253.84,600
367,253.91,253.97,253.86,253.88,3600
368,253.86,253.925,253.86,253.925,800
369,253.87,253.88,253.86,253.87,1400
370,253.94,253.94,253.87,253.88,3400
371,253.93,253.97,253.92,253.945,2200
372,253.99,253.99,253.95,253.95,1000
373,253.75,253.96,253.75,253.96,3300
374,253.76,253.77,253.75,253.75,991
375,253.74,253.85,253.68,253.78,10023
376,253.82,253.88,253.73,253.73,2300
377,253.97,253.97,253.84,253.85,1500
378,254.02,254.03,254.01,254.03,1301
379,254.09,254.09,254.07,254.07,569
380,254.16,254.16,254.1,254.11,2111
381,253.98,254.14,253.97,254.14,4719
382,254,254.01,253.97,253.99,1518
383,253.87,253.99,253.84,253.99,2400
384,253.945,253.97,253.87,253.88,3104
385,254.06,254.115,253.94,253.96,6600
386,254.12,254.12,254.04,254.07,3500
387,254.125,254.17,254.11,254.14,4300
388,254.07,254.17,254.03,254.17,3556
389,254.02,254.08,254.01,254.07,10100
390,254.07,254.13,253.99,254.045,8583
