CSX,CSX Corp.,Industrials,6,Railroads,42925816997,7703832
a1492608600,47,47,46.91,46.98,55463
1,46.99,47,46.9,46.9,16120
2,46.88,46.99,46.88,46.98,13580
3,46.81,46.92,46.77,46.91,25329
4,46.68,46.81,46.68,46.81,18436
5,46.75,46.77,46.69,46.69,15663
6,46.82,46.835,46.72,46.73,14787
7,46.87,46.9,46.82,46.8306,33624
8,46.89,46.89,46.86,46.87,4770
9,46.895,46.95,46.89,46.895,20019
10,46.9,46.94,46.86,46.89,15500
11,46.88,46.89,46.83,46.89,17055
12,46.84,46.87,46.78,46.87,15419
13,46.89,46.98,46.82,46.87,67136
14,46.8,46.9,46.8,46.89,29461
15,46.84,46.84,46.78,46.79,14513
16,46.815,46.84,46.81,46.84,15350
17,46.845,46.85,46.78,46.81,12167
18,46.855,46.86,46.82,46.8475,13499
19,46.86,46.87,46.82,46.855,23430
20,46.87,46.89,46.85,46.86,29080
21,46.92,46.92,46.84,46.87,21016
22,46.92,46.93,46.9,46.91,17533
23,46.99,46.99,46.92,46.92,24686
24,46.99,46.9901,46.95,46.9901,18995
25,47.05,47.06,46.985,47,18276
26,47.07,47.08,47.04,47.05,23053
27,47.07,47.08,47.04,47.06,12665
28,47.11,47.12,47.04,47.06,26577
29,47.171,47.19,47.11,47.11,22060
30,47.16,47.2,47.14,47.18,25692
31,47.14,47.16,47.14,47.16,33867
32,47.12,47.14,47.095,47.135,13892
33,47.115,47.13,47.115,47.12,6211
34,47.055,47.12,47.05,47.12,10620
35,47.03,47.06,47.025,47.05,13298
36,46.97,47.03,46.97,47.025,19192
37,46.96,46.975,46.96,46.975,9220
38,46.9333,46.965,46.9201,46.965,10956
39,46.92,46.94,46.9,46.935,25199
40,46.89,46.9301,46.89,46.925,6926
41,46.9,46.92,46.88,46.8899,22228
42,46.98,46.99,46.89,46.9,21367
43,47.03,47.035,46.97,46.98,22706
44,47.04,47.04,47.03,47.03,6989
45,47,47.05,46.995,47.05,11774
46,46.98,47,46.97,47,6629
47,46.97,46.99,46.9601,46.98,8689
48,47.01,47.01,46.95,46.965,7824
49,47.07,47.07,46.985,47,13070
50,47.04,47.07,47.03,47.07,5472
51,47.04,47.05,47.02,47.045,9963
52,47.035,47.04,47.03,47.0357,7518
53,47.0025,47.03,46.99,47.03,16817
54,47.01,47.02,47,47,7747
55,47.08,47.09,47,47.005,22942
56,47.06,47.08,47.06,47.08,8700
57,47.08,47.09,47.06,47.06,9250
58,47.11,47.11,47.07,47.075,8110
59,47.11,47.13,47.1,47.11,15600
60,47.065,47.1001,47.06,47.1,33439
61,47.065,47.12,47.05,47.07,24798
62,47.056,47.1,47.05,47.06,18064
63,47.03,47.065,47.02,47.055,14549
64,47.07,47.07,47.04,47.04,14098
65,47.08,47.095,47.06,47.07,13500
66,47.07,47.09,47.065,47.085,21793
67,47.11,47.12,47.065,47.07,8199
68,47.06,47.1,47.06,47.1,9900
69,47.11,47.15,47.07,47.07,22532
70,47.145,47.15,47.1,47.11,19916
71,47.17,47.175,47.15,47.15,10168
72,47.19,47.2054,47.1631,47.1662,9784
73,47.23,47.23,47.18,47.19,15141
74,47.19,47.23,47.18,47.2244,21280
75,47.135,47.195,47.135,47.195,19320
76,47.135,47.14,47.11,47.13,7635
77,47.12,47.1374,47.115,47.13,10809
78,47.14,47.16,47.12,47.12,9680
79,47.16,47.16,47.13,47.135,5988
80,47.08,47.17,47.08,47.16,10524
81,47.1,47.1,47.07,47.08,18947
82,47.12,47.12,47.095,47.1,9411
83,47.125,47.159,47.12,47.12,11923
84,47.1346,47.14,47.12,47.1264,5881
85,47.07,47.1346,47.07,47.1346,25419
86,47,47.065,47,47.065,13750
87,47.04,47.045,46.99,46.99,8617
88,47.07,47.08,47.05,47.05,5045
89,47.14,47.14,47.08,47.08,8007
90,47.135,47.16,47.135,47.14,8900
91,47.15,47.155,47.13,47.13,5200
92,47.15,47.15,47.12,47.14,7950
93,47.14,47.16,47.14,47.15,10312
94,47.13,47.15,47.12,47.145,16371
95,47.12,47.12,47.1,47.12,7376
96,47.14,47.14,47.12,47.12,5683
97,47.14,47.15,47.1333,47.14,7080
98,47.14,47.15,47.13,47.145,16664
99,47.151,47.17,47.14,47.15,20996
100,47.17,47.17,47.15,47.15,10719
101,47.12,47.17,47.12,47.17,20752
102,47.115,47.13,47.11,47.13,10194
103,47.14,47.14,47.11,47.11,13729
104,47.2,47.2,47.135,47.14,7998
105,47.2,47.21,47.18,47.2,21427
106,47.205,47.21,47.17,47.2,14232
107,47.23,47.23,47.2,47.2035,19050
108,47.215,47.23,47.215,47.2236,11880
109,47.23,47.24,47.21,47.21,14120
110,47.25,47.25,47.235,47.24,4100
111,47.28,47.29,47.245,47.25,17310
112,47.25,47.28,47.25,47.2754,7722
113,47.23,47.25,47.22,47.25,11770
114,47.25,47.25,47.235,47.24,8821
115,47.31,47.31,47.245,47.25,20530
116,47.285,47.32,47.285,47.31,19820
117,47.26,47.29,47.26,47.29,10590
118,47.2,47.25,47.2,47.25,8487
119,47.215,47.22,47.2,47.2,9800
120,47.25,47.265,47.215,47.22,22841
121,47.23,47.255,47.23,47.25,9654
122,47.191,47.22,47.19,47.22,17621
123,47.23,47.24,47.195,47.195,12600
124,47.205,47.23,47.205,47.23,8000
125,47.22,47.22,47.19,47.205,8806
126,47.21,47.245,47.2,47.22,18174
127,47.1751,47.2,47.16,47.2,11361
128,47.15,47.19,47.15,47.18,11672
129,47.14,47.155,47.135,47.15,5607
130,47.16,47.16,47.135,47.14,11291
131,47.17,47.18,47.165,47.17,6600
132,47.19,47.195,47.17,47.17,7593
133,47.19,47.2,47.1831,47.1831,6933
134,47.2,47.2,47.19,47.19,4600
135,47.2,47.24,47.2,47.2,12720
136,47.16,47.2,47.16,47.19,4152
137,47.1454,47.17,47.1454,47.16,6868
138,47.14,47.15,47.135,47.15,2600
139,47.1,47.14,47.1,47.135,12375
140,47.095,47.1,47.085,47.1,8900
141,47.09,47.095,47.085,47.095,2200
142,47.12,47.125,47.085,47.09,19700
143,47.07,47.11,47.07,47.11,7762
144,47.07,47.08,47.07,47.07,2100
145,47.1,47.1,47.075,47.08,18202
146,47.04,47.1,47.04,47.1,17999
147,47.035,47.05,47.02,47.04,8600
148,47.095,47.095,47.025,47.03,8400
149,47.09,47.1,47.075,47.09,8781
150,47.1,47.1,47.08,47.09,4900
151,47.0868,47.1097,47.07,47.1097,10021
152,47.05,47.0866,47.04,47.08,12006
153,47.04,47.05,47.04,47.05,6491
154,47.035,47.04,47.0336,47.04,1600
155,47.02,47.05,47.01,47.0354,13620
156,46.965,47.02,46.96,47.017,15201
157,46.96,46.97,46.955,46.96,9000
158,46.995,46.995,46.965,46.97,4594
159,46.99,47.03,46.99,46.995,18913
160,46.99,47.01,46.99,46.995,15804
161,46.955,46.995,46.93,46.99,12803
162,46.98,46.98,46.94,46.95,4262
163,47.02,47.02,46.98,46.98,3600
164,47.03,47.04,47.02,47.02,5368
165,47.015,47.03,47.01,47.03,4300
166,47.0009,47.01,47,47.01,3256
167,47.02,47.03,47,47.005,12650
168,47.05,47.05,47.02,47.02,4688
169,47.05,47.06,47.04,47.05,3600
170,47.04,47.05,47.03,47.05,9100
171,47.03,47.05,47.03,47.04,6381
172,47.06,47.07,47.023,47.03,10101
173,47.07,47.07,47.05,47.06,7491
174,47.07,47.08,47.07,47.07,5318
175,47.07,47.09,47.035,47.07,35400
176,47.07,47.08,47.0643,47.075,8000
177,47.07,47.07,47.06,47.065,9642
178,47.1,47.1,47.07,47.07,5600
179,47.06,47.1,47.05,47.095,20668
180,47.07,47.08,47.06,47.06,7766
181,47.07,47.07,47.06,47.07,3700
182,47.07,47.07,47.07,47.07,1900
183,47.07,47.07,47.065,47.0699,1100
184,47.085,47.09,47.06,47.07,8953
185,47.09,47.1,47.085,47.09,3026
186,47.12,47.12,47.09,47.095,12025
187,47.1,47.13,47.1,47.12,14721
188,47.07,47.11,47.065,47.105,11549
189,47.06,47.07,47.06,47.065,3600
190,47.05,47.065,47.045,47.06,6042
191,47.0425,47.05,47.035,47.045,17183
192,47.06,47.07,47.0446,47.05,8825
193,47.08,47.08,47.06,47.06,9262
194,47.08,47.09,47.07,47.07,5800
195,47.08,47.09,47.07,47.08,5000
196,47.1,47.11,47.065,47.07,10308
197,47.105,47.12,47.1,47.1,4600
198,47.05,47.105,47.05,47.105,22274
199,47.05,47.06,47.04,47.05,14040
200,47.055,47.06,47.05,47.05,10630
201,47.05,47.06,47.04,47.055,8900
202,47.075,47.08,47.055,47.06,8020
203,47.08,47.08,47.06,47.07,8194
204,47.1,47.1,47.07,47.08,7145
205,47.13,47.13,47.09,47.1,6909
206,47.15,47.15,47.115,47.13,10758
207,47.16,47.16,47.145,47.15,7400
208,47.14,47.155,47.13,47.155,11500
209,47.14,47.15,47.14,47.145,5468
210,47.145,47.15,47.1325,47.15,3538
211,47.15,47.15,47.135,47.1407,4050
212,47.14,47.14,47.135,47.14,4539
213,47.13,47.15,47.115,47.14,19372
214,47.11,47.13,47.09,47.13,24354
215,47.08,47.1,47.07,47.1,8888
216,47.08,47.09,47.06,47.08,23269
217,47.09,47.09,47.07,47.08,9337
218,47.08,47.1,47.06,47.08,12992
219,47.09,47.1,47.08,47.08,3200
220,47.07,47.0954,47.07,47.09,2510
221,47.09,47.11,47.065,47.075,6717
222,47.09,47.11,47.09,47.09,7452
223,47.055,47.09,47.04,47.09,7090
224,47.03,47.05,47.02,47.05,9682
225,47.03,47.05,47.0199,47.03,8650
226,47.075,47.075,47.01,47.03,5733
227,47.06,47.08,47.0565,47.075,5936
228,47.05,47.06,47.045,47.06,5487
229,47.06,47.06,47.025,47.04,7125
230,47.05,47.05,47.03,47.05,8152
231,47.08,47.085,47.04,47.04,7480
232,47.075,47.09,47.07,47.08,4701
233,47.11,47.11,47.06,47.07,10200
234,47.095,47.11,47.09,47.1,8199
235,47.09,47.09,47.08,47.09,2900
236,47.09,47.09,47.08,47.085,9137
237,47.08,47.09,47.08,47.08,900
238,47.07,47.08,47.065,47.08,6100
239,47.06,47.075,47.06,47.07,12369
240,47.06,47.065,47.05,47.065,6800
241,47.025,47.055,47.02,47.055,8151
242,47.07,47.07,47.015,47.02,13474
243,47.1,47.115,47.07,47.07,7200
244,47.105,47.11,47.105,47.105,4420
245,47.12,47.12,47.1046,47.11,2820
246,47.09,47.12,47.09,47.12,18699
247,47.1,47.1,47.085,47.09,4530
248,47.11,47.12,47.095,47.095,14025
249,47.1252,47.13,47.1,47.12,7350
250,47.13,47.13,47.12,47.13,3000
251,47.13,47.13,47.12,47.13,8553
252,47.165,47.18,47.13,47.13,9050
253,47.18,47.18,47.17,47.17,10564
254,47.17,47.19,47.16,47.17,10603
255,47.19,47.21,47.175,47.18,11568
256,47.16,47.1946,47.155,47.19,17041
257,47.15,47.16,47.14,47.16,7737
258,47.18,47.19,47.15,47.155,10432
259,47.19,47.2,47.18,47.18,7250
260,47.19,47.195,47.19,47.19,2300
261,47.2,47.2,47.19,47.195,2800
262,47.24,47.24,47.19,47.19,16000
263,47.24,47.26,47.24,47.25,9981
264,47.24,47.25,47.23,47.24,3357
265,47.24,47.255,47.24,47.25,4500
266,47.2,47.24,47.2,47.23,6729
267,47.2,47.21,47.19,47.21,8055
268,47.21,47.215,47.2,47.2,8700
269,47.25,47.255,47.21,47.21,8100
270,47.23,47.25,47.21,47.25,4700
271,47.21,47.23,47.2,47.225,5055
272,47.205,47.21,47.2012,47.21,4415
273,47.2,47.21,47.195,47.205,9200
274,47.22,47.22,47.19,47.1999,14140
275,47.21,47.215,47.195,47.215,5808
276,47.205,47.21,47.18,47.205,12851
277,47.15,47.205,47.15,47.2,25077
278,47.14,47.17,47.14,47.141,12063
279,47.155,47.16,47.13,47.141,7635
280,47.125,47.14,47.125,47.14,4715
281,47.135,47.14,47.12,47.12,2594
282,47.105,47.135,47.105,47.13,4423
283,47.09,47.105,47.08,47.105,7137
284,47.08,47.1,47.07,47.09,8254
285,47.06,47.08,47.06,47.075,13065
286,47.03,47.06,47.02,47.055,25047
287,47.02,47.035,47.005,47.03,5180
288,47.02,47.04,47.01,47.02,6200
289,47.01,47.02,47,47.02,8111
290,47.045,47.05,47.01,47.015,13206
291,47.055,47.06,47.03,47.05,14102
292,47.03,47.06,47.02,47.055,12636
293,47.07,47.07,47.03,47.03,8856
294,47.075,47.08,47.06,47.061,7122
295,47.05,47.08,47.045,47.07,11570
296,47.055,47.06,47.05,47.05,11664
297,47.1,47.1,47.05,47.055,15304
298,47.14,47.16,47.105,47.105,15918
299,47.115,47.15,47.115,47.14,9147
300,47.08,47.12,47.08,47.115,11804
301,47.06,47.08,47.05,47.08,7484
302,47.05,47.07,47.05,47.05,11565
303,47.05,47.05,47.03,47.04,13552
304,47.075,47.075,47.0401,47.045,17225
305,47.1,47.11,47.0707,47.071,14767
306,47.09,47.105,47.09,47.09,11700
307,47.065,47.095,47.065,47.09,12903
308,47.095,47.1,47.065,47.07,8342
309,47.11,47.12,47.095,47.1,7991
310,47.105,47.115,47.1,47.11,7488
311,47.09,47.105,47.08,47.105,14258
312,47.06,47.1,47.06,47.1,9589
313,47.06,47.08,47.055,47.06,9150
314,47.035,47.06,47.035,47.06,4519
315,47.05,47.07,47.03,47.03,10666
316,47.045,47.05,47.04,47.05,3865
317,47.0062,47.04,47.0062,47.04,4398
318,46.98,47.005,46.9701,47.005,11300
319,46.975,46.99,46.97,46.98,8700
320,46.97,46.98,46.96,46.98,6340
321,46.95,46.97,46.94,46.96,9593
322,46.93,46.96,46.92,46.94,6930
323,46.91,46.93,46.9,46.93,10751
324,46.9,46.93,46.9,46.92,8000
325,46.92,46.92,46.9,46.91,11337
326,46.925,46.93,46.92,46.92,2650
327,46.945,46.95,46.92,46.92,6969
328,46.945,46.95,46.94,46.945,4600
329,46.945,46.95,46.93,46.95,13849
330,46.93,46.94,46.92,46.94,9615
331,46.96,46.97,46.93,46.93,27094
332,47.01,47.01,46.95,46.95,12710
333,47.02,47.04,47.01,47.01,8615
334,47,47.02,47,47.02,8720
335,46.977,47,46.977,47,14903
336,46.965,46.98,46.96,46.975,8494
337,46.935,46.965,46.93,46.965,11763
338,46.955,46.955,46.935,46.935,8563
339,47,47.02,46.95,46.95,25441
340,46.985,47,46.98,46.99,6310
341,46.99,46.997,46.98,46.98,9320
342,47.02,47.02,46.98,46.98,13222
343,47.02,47.03,47.01,47.015,9449
344,47.02,47.02,47.005,47.015,10137
345,46.995,47.03,46.995,47.02,20734
346,46.99,46.99,46.971,46.99,25161
347,46.99,46.995,46.98,46.9901,6005
348,47.02,47.02,46.9831,46.985,15264
349,47.03,47.04,47.015,47.02,4500
350,47.05,47.05,47.01,47.035,25842
351,47.03,47.05,47.03,47.045,13445
352,46.99,47.035,46.985,47.03,13882
353,47,47.01,46.9885,46.9885,16282
354,46.99,47,46.98,47,8786
355,46.9636,46.99,46.9636,46.99,10686
356,46.985,46.985,46.96,46.97,11776
357,46.96,46.99,46.955,46.98,18497
358,46.96,46.96,46.94,46.96,15936
359,46.955,46.96,46.95,46.955,6600
360,46.9,46.955,46.89,46.955,20956
361,46.8543,46.9,46.83,46.9,43533
362,46.835,46.85,46.82,46.85,13219
363,46.86,46.87,46.8238,46.83,17001
364,46.88,46.89,46.845,46.855,16547
365,46.91,46.94,46.89,46.89,11805
366,46.915,46.92,46.9,46.91,14873
367,46.915,46.945,46.91,46.92,19032
368,46.9,46.92,46.89,46.92,28363
369,46.925,46.925,46.89,46.9,9620
370,46.91,46.93,46.91,46.92,18696
371,46.89,46.92,46.88,46.91,28416
372,46.9,46.9,46.87,46.88,22486
373,46.905,46.97,46.89,46.9,56622
374,46.915,46.93,46.9,46.9046,21842
375,46.905,46.92,46.9,46.915,15591
376,46.915,46.93,46.91,46.9107,23105
377,46.96,46.96,46.915,46.92,28165
378,46.94,46.97,46.94,46.96,49989
379,46.97,46.97,46.93,46.94,25792
380,47.005,47.01,46.965,46.965,19822
381,46.95,47.005,46.95,47.005,48277
382,46.965,46.965,46.95,46.955,27430
383,46.985,46.99,46.96,46.965,38425
384,46.965,46.98,46.96,46.97,44161
385,47.01,47.02,46.96,46.97,41351
386,47.01,47.03,46.99,47.02,71757
387,46.99,47.01,46.985,47.01,79639
388,46.95,46.985,46.95,46.985,78423
389,46.91,46.955,46.91,46.95,102302
390,46.93,46.94,46.9,46.91,307498
