DFS,Discover Financial Services,Financials,4,Consumer Finance,24942011146,2095194
a1492608600,65.38,65.38,65.38,65.38,12631
1,65.26,65.4496,65.235,65.38,2500
2,65.47,65.5,65.35,65.37,4500
3,65.36,65.47,65.36,65.47,1590
4,65.45,65.45,65.45,65.45,100
5,65.385,65.5,65.315,65.49,4702
6,65.43,65.47,65.33,65.385,2700
7,65.38,65.42,65.38,65.4,1230
8,65.41,65.41,65.32,65.39,2499
9,65.37,65.41,65.37,65.39,2100
10,65.37,65.39,65.32,65.36,3631
11,65.37,65.37,65.315,65.33,1300
12,65.29,65.37,65.265,65.37,3500
13,65.31,65.31,65.275,65.29,2317
14,65.32,65.37,65.29,65.31,4904
15,65.36,65.36,65.32,65.32,2800
16,65.28,65.33,65.28,65.325,3116
17,65.35,65.35,65.2701,65.285,1600
18,65.38,65.4,65.32,65.34,3438
19,65.39,65.415,65.38,65.38,2022
20,65.415,65.45,65.39,65.42,5200
21,65.43,65.45,65.42,65.42,1250
22,65.45,65.49,65.43,65.43,2626
23,65.42,65.45,65.41,65.45,808
24,65.435,65.44,65.41,65.41,2200
25,65.48,65.5,65.41,65.43,4458
26,65.51,65.55,65.5,65.5,9064
27,65.55,65.565,65.51,65.53,12226
28,65.54,65.57,65.535,65.565,4020
29,65.55,65.56,65.55,65.56,1446
30,65.51,65.57,65.5,65.55,5200
31,65.46,65.5,65.46,65.5,9525
32,65.47,65.47,65.41,65.44,7842
33,65.47,65.475,65.46,65.475,1900
34,65.455,65.47,65.45,65.47,1137
35,65.44,65.455,65.44,65.455,1164
36,65.39,65.42,65.38,65.42,5613
37,65.4,65.43,65.39,65.39,1968
38,65.41,65.42,65.39,65.39,2411
39,65.45,65.45,65.39,65.41,2650
40,65.45,65.49,65.45,65.465,950
41,65.4714,65.495,65.455,65.455,5179
42,65.495,65.495,65.46,65.47,3251
43,65.505,65.505,65.49,65.495,2200
44,65.52,65.52,65.51,65.51,1291
45,65.46,65.51,65.45,65.51,7086
46,65.44,65.49,65.43,65.48,2101
47,65.46,65.46,65.42,65.44,2309
48,65.43,65.46,65.42,65.46,1600
49,65.44,65.44,65.4,65.42,3900
50,65.4,65.43,65.4,65.43,1738
51,65.41,65.41,65.39,65.4,2100
52,65.375,65.43,65.37,65.43,3815
53,65.34,65.37,65.34,65.37,3524
54,65.35,65.36,65.3391,65.345,4300
55,65.38,65.39,65.35,65.35,1150
56,65.4,65.46,65.39,65.45,2800
57,65.3601,65.41,65.3601,65.4,1200
58,65.37,65.37,65.36,65.36,1200
59,65.33,65.36,65.33,65.36,8199
60,65.4,65.41,65.34,65.34,5500
61,65.38,65.41,65.38,65.395,1606
62,65.32,65.36,65.32,65.36,3703
63,65.29,65.36,65.29,65.33,12366
64,65.34,65.34,65.3,65.3,2200
65,65.36,65.39,65.34,65.34,2209
66,65.32,65.37,65.32,65.37,28318
67,65.36,65.36,65.325,65.33,2358
68,65.31,65.35,65.31,65.35,4034
69,65.35,65.38,65.33,65.33,2346
70,65.36,65.37,65.32,65.33,3054
71,65.33,65.35,65.32,65.345,4123
72,65.32,65.32,65.3,65.32,900
73,65.34,65.34,65.31,65.31,3600
74,65.38,65.38,65.34,65.34,1600
75,65.34,65.3796,65.34,65.3796,2814
76,65.345,65.345,65.33,65.34,2351
77,65.3,65.35,65.3,65.35,3220
78,65.29,65.31,65.29,65.3,1700
79,65.29,65.29,65.28,65.28,900
80,65.22,65.31,65.2,65.28,5840
81,65.235,65.25,65.21,65.24,2207
82,65.29,65.29,65.26,65.26,500
83,65.3,65.31,65.3,65.3,2176
84,65.31,65.31,65.2892,65.2892,1755
85,65.29,65.31,65.27,65.31,4657
86,65.27,65.285,65.255,65.285,2163
87,65.31,65.32,65.26,65.27,23418
88,65.37,65.37,65.31,65.31,16626
89,65.4,65.4,65.36,65.38,2354
90,65.36,65.38,65.35,65.38,2400
91,65.4,65.4,65.36,65.36,5539
92,65.41,65.43,65.4,65.4,2700
93,65.41,65.42,65.4,65.41,4475
94,65.38,65.39,65.375,65.39,11872
95,65.3601,65.39,65.36,65.39,3665
96,65.34,65.37,65.34,65.37,6860
97,65.36,65.37,65.34,65.345,8186
98,65.37,65.37,65.35,65.36,3279
99,65.35,65.38,65.35,65.38,3447
100,65.32,65.3407,65.32,65.3407,1002
101,65.26,65.31,65.26,65.31,3165
102,65.29,65.29,65.245,65.25,2640
103,65.31,65.31,65.3,65.3,500
104,65.33,65.34,65.3129,65.3129,4916
105,65.33,65.35,65.33,65.34,1200
106,65.31,65.33,65.3,65.33,3847
107,65.29,65.3,65.27,65.3,4501
108,65.29,65.3,65.27,65.27,2100
109,65.28,65.3,65.25,65.29,12128
110,65.265,65.285,65.26,65.28,5300
111,65.315,65.32,65.26,65.27,21000
112,65.315,65.33,65.2944,65.315,4895
113,65.32,65.33,65.3,65.33,2900
114,65.325,65.33,65.32,65.325,6500
115,65.37,65.37,65.33,65.33,11906
116,65.34,65.37,65.34,65.37,2500
117,65.35,65.37,65.34,65.35,2100
118,65.3,65.345,65.3,65.345,2806
119,65.315,65.315,65.29,65.3,4856
120,65.355,65.36,65.3,65.32,6280
121,65.325,65.37,65.3,65.36,7363
122,65.29,65.32,65.29,65.32,2300
123,65.32,65.32,65.29,65.3,5800
124,65.33,65.35,65.33,65.33,800
125,65.32,65.33,65.32,65.32,900
126,65.3,65.32,65.3,65.3,3415
127,65.32,65.32,65.29,65.31,4087
128,65.31,65.36,65.31,65.325,2397
129,65.31,65.32,65.3,65.31,2118
130,65.295,65.31,65.295,65.3,5652
131,65.29,65.3001,65.29,65.3,3166
132,65.29,65.31,65.29,65.3,3900
133,65.28,65.3,65.28,65.29,3926
134,65.295,65.3,65.28,65.29,4457
135,65.3,65.325,65.3,65.3,14231
136,65.29,65.3,65.29,65.3,2222
138,65.265,65.29,65.26,65.29,6398
139,65.245,65.26,65.245,65.26,5056
140,65.245,65.25,65.235,65.24,2225
141,65.24,65.26,65.24,65.24,2800
142,65.24,65.24,65.23,65.24,2719
143,65.19,65.23,65.18,65.23,4443
144,65.16,65.19,65.16,65.19,1600
145,65.19,65.2,65.16,65.16,2801
146,65.17,65.184,65.17,65.184,1559
147,65.15,65.17,65.15,65.16,1840
148,65.22,65.22,65.145,65.15,4000
149,65.18,65.21,65.18,65.21,2001
150,65.2,65.2,65.17,65.18,2700
151,65.16,65.2,65.16,65.19,9105
152,65.15,65.16,65.15,65.16,1828
153,65.16,65.17,65.16,65.16,1300
154,65.12,65.17,65.12,65.17,3360
155,65.085,65.12,65.07,65.12,3409
156,65.04,65.08,65.03,65.0701,4466
157,65.05,65.06,65.04,65.04,2521
158,65.1,65.1,65.08,65.08,1271
159,65.1,65.1,65.09,65.09,699
160,65.06,65.1,65.06,65.1,2263
161,65.02,65.05,65.02,65.05,3706
162,65.03,65.04,65.03,65.04,1000
163,65.07,65.07,65.05,65.05,1830
164,65.12,65.13,65.08,65.08,6600
165,65.08,65.1,65.08,65.1,1700
166,65.1,65.11,65.08,65.08,2201
167,65.0891,65.13,65.0891,65.1,8981
168,65.1,65.11,65.1,65.1,1100
169,65.1,65.14,65.1,65.13,3505
170,65.07,65.115,65.06,65.11,2213
171,65.09,65.09,65.07,65.07,1949
172,65.13,65.14,65.07,65.07,2700
173,65.15,65.15,65.14,65.15,750
174,65.14,65.16,65.14,65.16,1700
175,65.16,65.177,65.15,65.177,1343
176,65.13,65.18,65.13,65.17,1800
177,65.17,65.17,65.17,65.17,100
178,65.18,65.21,65.17,65.18,1701
179,65.13,65.18,65.13,65.18,1502
180,65.14,65.16,65.14,65.15,1800
181,65.17,65.17,65.15,65.15,1000
182,65.15,65.18,65.15,65.18,1700
183,65.16,65.16,65.16,65.16,100
184,65.17,65.19,65.17,65.18,1005
185,65.2,65.2,65.18,65.18,600
186,65.21,65.25,65.2,65.21,7414
187,65.16,65.23,65.16,65.22,6076
188,65.16,65.19,65.15,65.16,1900
190,65.185,65.19,65.17,65.17,1950
191,65.19,65.19,65.175,65.18,1300
192,65.21,65.22,65.2,65.2,2101
193,65.21,65.21,65.18,65.21,3500
194,65.2,65.2,65.2,65.2,100
195,65.21,65.22,65.1902,65.1902,4461
196,65.23,65.23,65.2,65.2,1475
197,65.24,65.2518,65.24,65.25,1400
198,65.31,65.31,65.24,65.24,40535
199,65.295,65.31,65.28,65.305,14300
200,65.297,65.3,65.29,65.3,1021
201,65.285,65.29,65.27,65.29,2800
202,65.29,65.3,65.285,65.29,2301
203,65.29,65.29,65.29,65.29,700
204,65.305,65.305,65.29,65.3,900
205,65.305,65.31,65.3,65.31,1000
206,65.315,65.32,65.3,65.3,3600
207,65.31,65.315,65.31,65.31,1209
208,65.29,65.31,65.29,65.31,2723
209,65.32,65.32,65.28,65.3,7591
210,65.31,65.3101,65.31,65.3101,1122
211,65.29,65.315,65.29,65.31,2326
212,65.3,65.3,65.3,65.3,500
213,65.24,65.3,65.22,65.3,2855
214,65.22,65.24,65.17,65.24,1914
215,65.19,65.21,65.19,65.2,1000
216,65.19,65.19,65.18,65.18,1423
217,65.16,65.2,65.155,65.19,3886
218,65.17,65.18,65.13,65.17,2054
219,65.16,65.18,65.16,65.18,1500
220,65.14,65.16,65.14,65.16,2044
221,65.13,65.16,65.12,65.13,3002
222,65.12,65.16,65.12,65.14,3900
223,65.125,65.13,65.11,65.13,4337
224,65.14,65.14,65.12,65.12,400
225,65.16,65.18,65.15,65.16,1100
226,65.2,65.2,65.14,65.15,2300
227,65.18,65.19,65.18,65.19,1600
228,65.2,65.22,65.2,65.22,1335
229,65.21,65.21,65.18,65.19,1823
230,65.19,65.2,65.18,65.2,2564
231,65.23,65.23,65.19,65.19,1300
232,65.24,65.24,65.24,65.24,100
233,65.29,65.295,65.255,65.26,2970
234,65.29,65.3,65.28,65.29,1600
235,65.28,65.29,65.28,65.29,900
236,65.3,65.3,65.255,65.28,7815
237,65.2615,65.29,65.2615,65.29,523
238,65.26,65.26,65.26,65.26,200
239,65.28,65.28,65.27,65.28,700
240,65.22,65.28,65.21,65.2717,15673
241,65.195,65.21,65.195,65.21,1301
242,65.25,65.25,65.19,65.2,4788
243,65.25,65.26,65.25,65.26,800
244,65.25,65.25,65.24,65.24,2200
245,65.255,65.26,65.25,65.25,1000
246,65.22,65.24,65.22,65.24,500
247,65.22,65.25,65.22,65.22,1700
248,65.21,65.21,65.1901,65.205,1600
249,65.19,65.21,65.19,65.2,3780
250,65.16,65.19,65.15,65.19,3600
251,65.16,65.18,65.15,65.15,6163
252,65.215,65.215,65.16,65.17,2300
253,65.19,65.2,65.19,65.2,1400
254,65.23,65.23,65.21,65.21,300
255,65.22,65.24,65.22,65.22,1600
256,65.2349,65.2349,65.2,65.22,1704
257,65.24,65.24,65.24,65.24,700
258,65.27,65.275,65.24,65.25,3346
259,65.305,65.305,65.27,65.27,1100
260,65.26,65.279,65.26,65.279,2054
261,65.26,65.28,65.26,65.26,2383
262,65.27,65.28,65.26,65.27,1595
263,65.26,65.28,65.25,65.28,1300
264,65.23,65.2583,65.22,65.24,970
265,65.22,65.23,65.22,65.2278,600
266,65.2,65.245,65.2,65.23,5413
267,65.23,65.23,65.18,65.19,2800
268,65.235,65.235,65.23,65.235,1704
269,65.25,65.26,65.225,65.225,1422
270,65.24,65.25,65.23,65.25,1865
271,65.27,65.2771,65.25,65.25,1100
272,65.29,65.3,65.27,65.275,2400
273,65.29,65.3,65.29,65.3,1901
274,65.26,65.3,65.255,65.285,4213
275,65.25,65.275,65.25,65.275,400
276,65.22,65.24,65.2,65.24,1407
277,65.21,65.23,65.19,65.22,2000
278,65.24,65.255,65.22,65.23,4539
279,65.2294,65.23,65.22,65.22,984
280,65.2388,65.2399,65.23,65.23,1059
281,65.2716,65.2716,65.23,65.23,2369
282,65.27,65.27,65.26,65.27,2600
283,65.25,65.27,65.25,65.26,1379
284,65.25,65.26,65.25,65.26,400
285,65.225,65.26,65.225,65.26,3300
286,65.16,65.2,65.14,65.2,7059
287,65.14,65.15,65.13,65.13,1156
288,65.17,65.18,65.14,65.14,6764
289,65.1744,65.19,65.1744,65.19,1113
290,65.195,65.195,65.17,65.17,2772
291,65.18,65.189,65.17,65.18,1962
292,65.15,65.17,65.15,65.17,2404
293,65.195,65.195,65.15,65.15,2347
294,65.18,65.19,65.18,65.19,520
295,65.13,65.18,65.13,65.17,1500
296,65.15,65.165,65.14,65.14,4527
297,65.18,65.2,65.155,65.155,1535
298,65.21,65.22,65.17,65.17,4666
299,65.21,65.22,65.2,65.22,1700
300,65.2,65.22,65.2,65.2,1000
301,65.205,65.22,65.2,65.2,1730
302,65.205,65.23,65.205,65.22,3250
303,65.21,65.22,65.195,65.21,6308
304,65.17,65.2,65.17,65.2,4107
305,65.2,65.21,65.18,65.18,1981
306,65.195,65.21,65.195,65.21,1789
307,65.2,65.22,65.2,65.22,3400
308,65.21,65.21,65.195,65.2,7347
309,65.2,65.23,65.2,65.22,2512
310,65.21,65.22,65.19,65.195,3500
311,65.21,65.22,65.205,65.21,3346
312,65.2,65.205,65.195,65.2,2425
313,65.17,65.2,65.17,65.19,2400
314,65.16,65.175,65.16,65.175,1898
315,65.165,65.19,65.155,65.155,6204
316,65.17,65.19,65.165,65.17,3336
317,65.1734,65.19,65.16,65.18,2741
318,65.14,65.185,65.13,65.17,4502
319,65.13,65.16,65.12,65.14,2600
320,65.11,65.13,65.095,65.13,4000
321,65.07,65.1,65.06,65.1,1925
322,65.05,65.08,65.04,65.07,3215
323,64.99,65.06,64.98,65.045,4917
324,65.01,65.01,64.99,65,2062
325,65.03,65.05,65,65.01,4087
326,65.02,65.035,65.02,65.03,7337
327,65.02,65.04,65.02,65.02,15260
328,65.05,65.05,65,65.025,10238
329,65.05,65.06,65.04,65.04,1169
330,65.03,65.04,65.02,65.04,1740
331,65,65.03,65,65.03,8343
332,65.05,65.07,64.99,64.99,4277
333,65.07,65.08,65.07,65.07,1900
334,65.07,65.07,65.05,65.06,1100
335,65.06,65.07,65.06,65.07,1701
336,65.065,65.07,65.05,65.065,2403
337,65.02,65.07,65.02,65.07,5146
338,65.04,65.04,65.02,65.02,1462
339,65.06,65.07,65.04,65.04,4284
340,65.055,65.06,65.04,65.06,5000
341,65.07,65.095,65.05,65.05,8666
342,65.08,65.09,65.06,65.07,2526
343,65.09,65.1046,65.08,65.08,2934
344,65.11,65.11,65.1,65.1,1600
345,65.09,65.13,65.09,65.12,4406
346,65.1,65.1,65.07,65.09,1913
347,65.07,65.1,65.065,65.09,4699
348,65.08,65.09,65.07,65.07,1343
349,65.075,65.09,65.075,65.09,4253
350,65.11,65.12,65.075,65.08,3600
351,65.12,65.13,65.12,65.12,2901
352,65.075,65.11,65.075,65.11,4938
353,65.075,65.08,65.07,65.08,1100
354,65.08,65.08,65.065,65.08,3064
355,65.07,65.09,65.07,65.08,1105
356,65.075,65.09,65.065,65.07,6512
357,65.01,65.07,65.01,65.07,13043
358,64.99,65.01,64.975,65.01,4000
359,64.965,65,64.96,64.99,5163
360,64.9,64.95,64.9,64.95,8299
361,64.89,64.92,64.88,64.91,6857
362,64.87,64.89,64.86,64.88,3869
363,64.92,64.93,64.86,64.87,6763
364,64.935,64.94,64.91,64.91,5732
365,64.93,64.94,64.92,64.94,3765
366,64.94,64.95,64.925,64.93,6663
367,64.97,64.98,64.94,64.94,4089
368,64.98,64.995,64.97,64.98,5668
369,65,65,64.98,64.98,6382
370,65.01,65.01,64.99,64.99,6445
371,64.98,65.01,64.98,65,7107
372,64.98,64.98,64.96,64.98,5301
373,64.89,64.98,64.88,64.975,13799
374,64.885,64.91,64.88,64.9,8200
375,64.89,64.93,64.89,64.9,11164
376,64.89,64.91,64.88,64.89,8204
377,64.935,64.95,64.89,64.89,10257
378,64.95,64.98,64.95,64.95,8019
379,64.95,64.97,64.935,64.94,9607
380,64.945,64.95,64.925,64.94,8711
381,64.91,64.945,64.9,64.94,10817
382,64.9,64.92,64.9,64.91,7054
383,64.9,64.91,64.9,64.9,4130
384,64.91,64.94,64.9,64.91,12711
385,64.95,64.9664,64.895,64.905,15841
386,64.965,64.97,64.94,64.95,14295
387,64.955,64.99,64.95,64.97,18616
388,64.99,64.99,64.955,64.96,12716
389,65,65.02,64.985,64.99,24272
390,64.98,65.02,64.97,65.005,68673
