EXPE,Expedia Inc.,Consumer Discretionary,1,Internet & Direct Marketing Retail,19636973845,1857634
a1492608600,131,131,131,131,6411
1,130.93,130.93,130.93,130.93,100
2,131.2,131.2,131,131,3944
3,131.03,131.1,130.88,131.1,2600
4,131,131.18,131,131.18,462
5,130.98,131.015,130.98,131,600
6,130.92,131.01,130.92,130.95,3945
7,130.87,130.91,130.87,130.91,1700
8,130.88,130.93,130.8,130.86,7000
9,130.83,130.91,130.83,130.9,2790
10,130.9,130.95,130.88,130.88,3544
11,130.9,130.96,130.87,130.87,3307
12,130.88,131,130.88,130.96,3600
13,130.99,131.02,130.92,130.96,14244
14,131,131,130.96,130.98,6954
15,131.21,131.22,131.06,131.06,1950
16,131.19,131.295,131.15,131.295,2776
17,131.09,131.09,131.08,131.09,1000
18,131.07,131.1,131.07,131.1,300
19,131.08,131.1,131.08,131.1,200
20,130.86,130.93,130.86,130.93,1133
21,130.9,130.9,130.76,130.86,1706
22,130.91,130.93,130.91,130.93,300
23,130.95,130.95,130.93,130.93,700
24,130.99,131.06,130.99,131.06,500
25,131,131,130.9734,130.9734,200
26,131.21,131.21,131.01,131.01,700
28,131.19,131.23,131.18,131.23,628
29,131.13,131.13,131.13,131.13,104
31,131.04,131.12,131.04,131.12,1289
32,131.15,131.16,131.11,131.13,1639
33,131.2,131.23,131.2,131.23,500
34,131.155,131.19,131.155,131.16,700
35,131.1936,131.23,131.17,131.17,900
36,131.2088,131.2088,131.2088,131.2088,561
37,131.17,131.2025,131.16,131.2025,927
38,131.09,131.14,131.09,131.14,200
39,131.07,131.12,131.06,131.06,900
40,131.12,131.15,131.12,131.14,1000
41,131.09,131.11,131.09,131.11,600
42,131.05,131.09,131.03,131.09,1600
43,131.06,131.07,131.06,131.07,300
44,131.02,131.06,131,131.05,1200
45,131.05,131.05,131.03,131.03,500
46,131.03,131.04,131.01,131.04,800
47,131.1,131.1,131.04,131.04,900
48,131.08,131.11,131.08,131.11,800
49,131.19,131.19,131.09,131.09,1414
50,131.12,131.19,131.12,131.19,700
51,131.14,131.24,131.14,131.16,1600
53,131.21,131.21,131.18,131.18,400
54,131.2711,131.2711,131.21,131.23,718
55,131.3,131.3,131.3,131.3,200
56,131.41,131.44,131.32,131.33,7554
57,131.5392,131.54,131.43,131.43,4393
58,131.57,131.5999,131.52,131.52,2664
59,131.6,131.6,131.58,131.58,300
60,131.64,131.64,131.6,131.6,500
61,131.68,131.69,131.63,131.65,4327
62,131.64,131.7,131.64,131.69,2300
63,131.63,131.64,131.56,131.62,4000
64,131.69,131.69,131.64,131.64,2600
65,131.73,131.74,131.67,131.68,1400
66,131.65,131.76,131.65,131.74,3306
67,131.6,131.74,131.59,131.66,6478
68,131.57,131.58,131.52,131.57,5493
69,131.63,131.63,131.58,131.59,1750
70,131.54,131.59,131.54,131.59,300
71,131.55,131.56,131.545,131.545,900
72,131.61,131.65,131.55,131.55,8578
73,131.68,131.68,131.62,131.62,800
74,131.75,131.76,131.68,131.68,3550
75,131.72,131.73,131.65,131.73,1900
76,131.73,131.73,131.6815,131.7,1510
77,131.7045,131.73,131.7,131.7,3300
78,131.68,131.719,131.68,131.719,1200
79,131.6415,131.67,131.6415,131.67,509
80,131.535,131.66,131.535,131.65,2100
81,131.5,131.55,131.5,131.55,1400
82,131.54,131.54,131.52,131.53,1800
83,131.58,131.6,131.55,131.55,1600
84,131.57,131.57,131.55,131.55,1200
85,131.59,131.59,131.59,131.59,344
86,131.61,131.68,131.58,131.58,2400
87,131.6,131.61,131.6,131.61,600
88,131.6,131.63,131.6,131.62,1300
89,131.7,131.75,131.6,131.6,4400
90,131.66,131.69,131.62,131.69,1400
91,131.76,131.76,131.67,131.67,2700
92,131.76,131.76,131.72,131.75,2175
93,131.72,131.74,131.72,131.74,700
94,131.6899,131.69,131.62,131.69,1170
95,131.68,131.7,131.6602,131.6602,1169
96,131.65,131.65,131.64,131.64,400
97,131.7,131.7,131.6536,131.66,6400
98,131.67,131.67,131.67,131.67,100
99,131.66,131.7,131.66,131.67,2300
100,131.61,131.65,131.61,131.63,1407
101,131.57,131.61,131.55,131.6,2312
102,131.58,131.63,131.54,131.55,2897
103,131.64,131.64,131.59,131.59,3374
104,131.66,131.68,131.62,131.63,1950
105,131.68,131.68,131.64,131.66,1800
106,131.715,131.77,131.66,131.66,5324
107,131.77,131.77,131.72,131.72,1356
108,131.84,131.84,131.81,131.81,300
109,131.782,131.815,131.782,131.8,700
110,131.76,131.7936,131.76,131.79,7000
111,131.66,131.765,131.66,131.76,3400
112,131.67,131.74,131.66,131.68,6200
113,131.72,131.72,131.68,131.68,1400
114,131.78,131.78,131.74,131.74,1113
115,131.8,131.8,131.76,131.79,1900
116,131.85,131.86,131.83,131.83,2700
117,131.9,131.9,131.85,131.88,3300
118,131.84,131.88,131.84,131.88,2567
119,131.86,131.87,131.83,131.83,3080
120,131.91,131.91,131.87,131.87,854
121,131.9,131.93,131.9,131.92,1807
122,131.95,131.95,131.8875,131.89,1500
123,131.98,131.99,131.95,131.95,2174
124,131.9399,131.97,131.905,131.96,2388
125,131.9201,131.95,131.88,131.92,3895
126,131.9,131.92,131.87,131.92,1800
127,131.95,131.97,131.9168,131.9168,565
128,131.97,131.98,131.97,131.98,600
129,131.94,131.94,131.92,131.93,300
130,131.955,131.955,131.94,131.95,1100
132,132.03,132.03,131.95,131.97,22353
133,132.07,132.07,132.05,132.05,400
134,132.1,132.1,132.03,132.05,2960
135,132.1,132.1,132.085,132.1,300
136,132.11,132.11,132.08,132.08,502
137,132.11,132.13,132.09,132.13,2852
138,132.13,132.14,132.12,132.12,2917
139,132.135,132.135,132.125,132.13,900
140,132.11,132.1397,132.1,132.135,7357
141,132.11,132.11,132.11,132.11,100
142,132.15,132.15,132.12,132.12,600
143,132.15,132.15,132.15,132.15,100
144,132.11,132.19,132.11,132.15,2600
145,132,132.09,132,132.09,732
146,131.96,131.96,131.96,131.96,200
147,131.88,131.95,131.88,131.95,3201
148,131.87,131.87,131.865,131.865,900
149,131.84,131.87,131.82,131.87,2000
150,131.83,131.83,131.8,131.8025,3200
151,131.81,131.85,131.78,131.84,6450
152,131.86,131.86,131.805,131.81,1600
153,131.88,131.88,131.852,131.852,1052
154,131.93,131.93,131.89,131.89,1419
155,131.905,131.94,131.9,131.94,2975
156,131.83,131.92,131.82,131.92,8455
157,131.85,131.86,131.8046,131.86,1900
158,131.8,131.85,131.8,131.84,1200
159,131.87,131.87,131.8,131.81,900
160,131.84,131.9,131.84,131.88,2100
161,131.78,131.79,131.76,131.79,1500
162,131.77,131.79,131.753,131.78,1547
163,131.79,131.82,131.79,131.79,1959
164,131.79,131.82,131.79,131.79,3800
165,131.67,131.77,131.67,131.77,2550
166,131.6,131.67,131.6,131.67,2400
167,131.54,131.65,131.54,131.62,7425
168,131.57,131.61,131.53,131.54,4937
169,131.58,131.62,131.58,131.59,1900
170,131.6,131.61,131.6,131.61,300
171,131.65,131.67,131.61,131.61,2917
172,131.63,131.6801,131.61,131.64,12679
173,131.55,131.64,131.49,131.64,18990
174,131.575,131.6,131.57,131.6,2300
175,131.5892,131.5892,131.575,131.575,400
176,131.53,131.6,131.53,131.6,1300
177,131.53,131.53,131.51,131.51,1300
179,131.475,131.52,131.475,131.52,600
180,131.48,131.49,131.48,131.49,400
181,131.55,131.55,131.495,131.495,1800
182,131.56,131.56,131.56,131.56,300
183,131.61,131.62,131.61,131.62,600
184,131.59,131.6,131.58,131.6,1400
185,131.62,131.635,131.6,131.635,2701
186,131.55,131.61,131.55,131.59,1800
187,131.49,131.53,131.49,131.52,1200
188,131.45,131.51,131.44,131.495,4144
189,131.41,131.445,131.39,131.44,3050
190,131.41,131.42,131.4,131.42,600
191,131.48,131.49,131.4,131.44,3656
192,131.43,131.43,131.43,131.43,200
193,131.425,131.44,131.425,131.44,400
194,131.41,131.41,131.41,131.41,300
195,131.38,131.41,131.38,131.41,500
196,131.39,131.39,131.34,131.35,1300
197,131.39,131.39,131.3539,131.3539,1042
198,131.32,131.39,131.32,131.39,1200
199,131.36,131.36,131.36,131.36,100
200,131.39,131.39,131.36,131.36,700
201,131.29,131.38,131.29,131.38,986
202,131.34,131.35,131.32,131.32,1000
203,131.3425,131.35,131.3425,131.35,500
204,131.38,131.38,131.31,131.33,1900
206,131.45,131.45,131.37,131.38,1700
207,131.42,131.43,131.42,131.43,500
208,131.39,131.418,131.39,131.418,650
209,131.43,131.43,131.39,131.39,2740
210,131.38,131.425,131.38,131.41,1300
211,131.4,131.4,131.38,131.39,2100
212,131.41,131.42,131.41,131.42,400
213,131.34,131.41,131.34,131.41,2500
214,131.33,131.36,131.27,131.36,3100
215,131.31,131.34,131.31,131.31,1000
216,131.3,131.3,131.28,131.28,400
217,131.28,131.2813,131.256,131.256,2554
218,131.28,131.28,131.23,131.28,1700
219,131.31,131.31,131.27,131.27,1300
220,131.2581,131.3,131.2581,131.28,1300
221,131.23,131.23,131.23,131.23,400
222,131.26,131.28,131.22,131.24,2500
223,131.13,131.23,131.13,131.22,1800
224,131.15,131.16,131.1152,131.1152,1300
225,131.2,131.2,131.17,131.17,800
226,131.26,131.28,131.183,131.183,2463
227,131.32,131.32,131.27,131.28,900
228,131.29,131.33,131.29,131.315,800
229,131.34,131.36,131.31,131.31,947
230,131.38,131.38,131.31,131.33,2259
231,131.4,131.4,131.39,131.39,300
232,131.44,131.44,131.39,131.39,500
233,131.42,131.48,131.41,131.43,7480
234,131.43,131.43,131.4,131.4,400
235,131.44,131.44,131.43,131.43,300
236,131.42,131.42,131.4,131.4,600
238,131.41,131.425,131.41,131.425,1200
239,131.4,131.41,131.4,131.41,400
241,131.39,131.39,131.39,131.39,300
242,131.38,131.39,131.37,131.37,1860
243,131.3558,131.3663,131.35,131.35,1052
244,131.42,131.47,131.38,131.38,3190
245,131.39,131.41,131.39,131.41,200
247,131.38,131.4,131.38,131.4,200
248,131.43,131.43,131.395,131.395,900
249,131.4457,131.45,131.43,131.43,1700
250,131.43,131.46,131.43,131.45,1100
251,131.41,131.45,131.38,131.44,2800
252,131.46,131.46,131.4,131.4087,1557
253,131.45,131.45,131.45,131.45,200
254,131.39,131.44,131.39,131.44,1900
255,131.44,131.44,131.404,131.404,422
256,131.46,131.46,131.42,131.42,900
257,131.44,131.47,131.44,131.47,800
258,131.45,131.47,131.44,131.45,1600
259,131.48,131.48,131.46,131.47,1514
260,131.49,131.52,131.4768,131.49,1201
261,131.48,131.48,131.48,131.48,400
262,131.52,131.53,131.49,131.49,2100
263,131.53,131.57,131.52,131.5399,1719
264,131.55,131.55,131.55,131.55,200
265,131.561,131.561,131.5484,131.56,1444
266,131.46,131.56,131.46,131.56,3451
267,131.43,131.45,131.42,131.45,1600
268,131.4,131.43,131.4,131.43,400
269,131.43,131.44,131.4,131.42,2400
270,131.38,131.41,131.38,131.41,501
271,131.405,131.43,131.4,131.4,800
272,131.42,131.48,131.41,131.41,3010
273,131.44,131.44,131.41,131.41,200
274,131.4,131.45,131.39,131.45,2400
276,131.33,131.39,131.33,131.39,2315
277,131.32,131.37,131.32,131.37,700
278,131.37,131.37,131.34,131.34,300
280,131.36,131.37,131.35,131.37,1100
281,131.37,131.37,131.3573,131.3573,900
282,131.34,131.36,131.33,131.36,1100
283,131.31,131.34,131.31,131.34,400
284,131.3103,131.3103,131.3103,131.3103,100
285,131.315,131.35,131.31,131.34,1370
286,131.18,131.3,131.18,131.3,1500
287,131.1001,131.18,131.1001,131.18,1220
288,131.16,131.185,131.13,131.13,1400
289,131.21,131.22,131.2,131.2,600
290,131.18,131.18,131.16,131.18,929
291,131.2,131.21,131.2,131.206,1156
292,131.15,131.175,131.15,131.16,500
293,131.26,131.26,131.17,131.17,3151
294,131.31,131.31,131.26,131.27,400
295,131.24,131.3,131.23,131.3,1977
296,131.26,131.26,131.23,131.23,500
297,131.25,131.3,131.25,131.3,800
298,131.32,131.34,131.29,131.29,2000
299,131.35,131.39,131.35,131.38,1104
300,131.38,131.38,131.38,131.38,100
301,131.27,131.36,131.27,131.36,1400
302,131.37,131.37,131.3,131.3,900
303,131.37,131.37,131.33,131.34,800
304,131.31,131.35,131.29,131.34,3219
305,131.35,131.35,131.33,131.33,600
306,131.33,131.34,131.33,131.34,990
307,131.32,131.39,131.32,131.34,1625
308,131.33,131.33,131.33,131.33,100
309,131.35,131.38,131.33,131.38,800
310,131.32,131.32,131.32,131.32,100
311,131.39,131.39,131.35,131.35,1200
312,131.35,131.38,131.35,131.38,2100
313,131.35,131.38,131.3,131.31,2300
314,131.32,131.35,131.32,131.35,300
315,131.34,131.39,131.34,131.34,2500
316,131.35,131.35,131.35,131.35,300
317,131.33,131.38,131.33,131.37,600
318,131.23,131.33,131.23,131.33,1016
319,131.23,131.25,131.21,131.23,1500
320,131.18,131.18,131.16,131.18,500
321,131.1,131.17,131.08,131.16,2000
322,131.09,131.14,131.09,131.13,800
323,131.068,131.11,131.0675,131.11,700
324,131.05,131.06,131.05,131.05,500
325,131.15,131.15,131.04,131.04,2500
326,131.18,131.18,131.17,131.17,204
327,131.2,131.22,131.1548,131.2,1500
328,131.19,131.19,131.19,131.19,300
329,131.2,131.2012,131.1864,131.2012,1025
330,131.2,131.21,131.2,131.2,300
331,131.19,131.25,131.18,131.22,2174
332,131.24,131.24,131.18,131.1892,1850
333,131.26,131.26,131.24,131.24,1000
334,131.261,131.261,131.25,131.25,800
335,131.24,131.26,131.24,131.26,1512
336,131.24,131.25,131.21,131.23,1900
337,131.16,131.23,131.16,131.23,3222
338,131.18,131.21,131.16,131.16,2902
339,131.18,131.18,131.18,131.18,1200
340,131.21,131.21,131.18,131.18,759
341,131.22,131.22,131.19,131.2,900
342,131.22,131.22,131.18,131.19,500
343,131.21,131.22,131.2,131.22,1065
344,131.19,131.19,131.18,131.19,1117
345,131.15,131.19,131.15,131.19,800
346,131.19,131.19,131.13,131.1392,2300
347,131.18,131.18,131.17,131.17,200
348,131.18,131.18,131.15,131.15,1100
349,131.18,131.18,131.18,131.18,100
350,131.24,131.24,131.19,131.19,1381
351,131.24,131.24,131.22,131.225,2796
352,131.19,131.24,131.19,131.23,781
353,131.2,131.21,131.2,131.2,1200
354,131.19,131.21,131.19,131.21,2800
355,131.23,131.23,131.2,131.2,2300
356,131.22,131.22,131.19,131.22,800
357,131.16,131.2,131.16,131.2,2300
358,131.16,131.16,131.14,131.14,1700
359,131.16,131.16,131.16,131.16,600
360,131.08,131.11,131.07,131.11,1100
361,131.06,131.1,131.04,131.09,2994
362,131.04,131.06,131.01,131.06,6609
363,131.02,131.08,131.01,131.04,4600
364,131.04,131.04,131.02,131.03,2300
365,130.96,131.04,130.96,131.04,6702
366,130.97,130.98,130.95,130.96,900
367,130.92,130.97,130.92,130.96,5000
368,130.92,130.92,130.91,130.92,7502
369,130.91,130.93,130.88,130.93,4101
370,130.99,130.99,130.92,130.92,1700
371,130.97,131.02,130.97,130.97,3357
372,131.04,131.04,130.97,130.97,5346
373,130.89,131.03,130.88,131.03,5401
374,130.88,130.91,130.83,130.88,18531
375,130.88,130.93,130.87,130.89,4900
376,130.85,130.89,130.84,130.88,2683
377,130.87,130.88,130.86,130.86,2800
378,130.79,130.89,130.79,130.89,4663
379,130.82,130.8389,130.79,130.79,3017
380,130.78,130.805,130.76,130.8,8400
381,130.8,130.82,130.78,130.81,9165
382,130.79,130.81,130.7697,130.805,7412
383,130.78,130.8,130.77,130.8,3057
384,130.78,130.8,130.78,130.78,5093
385,130.85,130.87,130.78,130.78,11187
386,130.91,130.91,130.84,130.85,8505
387,130.91,130.97,130.9,130.92,11829
388,130.94,130.95,130.91,130.91,9919
389,130.9,130.96,130.89,130.95,9502
390,130.95,130.99,130.9,130.9,50892
