HBAN,Huntington Bancshares,Financials,4,Regional Banks,13725362665,11893416
a1492608600,12.55,12.56,12.55,12.55,65713
1,12.72,12.74,12.55,12.55,50262
2,12.71,12.75,12.69,12.74,59500
3,12.69,12.73,12.67,12.71,157454
4,12.7,12.71,12.68,12.69,194432
5,12.72,12.73,12.69,12.695,178900
6,12.75,12.78,12.71,12.7159,338627
7,12.72,12.745,12.72,12.74,210641
8,12.68,12.72,12.67,12.72,239599
9,12.67,12.69,12.65,12.685,72546
10,12.67,12.69,12.645,12.67,88118
11,12.68,12.69,12.65,12.675,389193
12,12.68,12.715,12.6701,12.68,204772
13,12.685,12.705,12.68,12.69,253344
14,12.62,12.69,12.6,12.68,432298
15,12.66,12.68,12.619,12.619,179798
16,12.675,12.71,12.66,12.66,116563
17,12.69,12.695,12.66,12.67,56839
18,12.69,12.71,12.68,12.69,114676
19,12.695,12.71,12.68,12.69,166060
20,12.7,12.7,12.685,12.69,166732
21,12.68,12.71,12.67,12.7,230943
22,12.6799,12.69,12.675,12.68,30079
23,12.66,12.68,12.655,12.68,189737
24,12.655,12.67,12.64,12.66,118042
25,12.7,12.7,12.65,12.65,126438
26,12.685,12.71,12.68,12.695,211573
27,12.6667,12.69,12.66,12.685,150899
28,12.7,12.705,12.66,12.66,250529
29,12.695,12.72,12.69,12.7,106474
30,12.71,12.72,12.6948,12.699,54269
31,12.705,12.715,12.7,12.71,18536
32,12.7,12.71,12.69,12.705,130754
33,12.69,12.715,12.68,12.7,274135
34,12.685,12.7,12.67,12.695,87336
35,12.68,12.685,12.6701,12.685,49305
36,12.6699,12.68,12.66,12.68,76202
37,12.68,12.69,12.67,12.67,44029
38,12.675,12.68,12.67,12.68,19450
39,12.68,12.685,12.67,12.675,100310
40,12.675,12.685,12.67,12.685,65497
41,12.685,12.69,12.6739,12.675,14334
42,12.69,12.69,12.68,12.68,10491
43,12.695,12.695,12.68,12.685,21109
44,12.675,12.695,12.675,12.695,142243
45,12.68,12.69,12.66,12.675,339391
46,12.675,12.68,12.67,12.675,23944
47,12.69,12.7,12.67,12.67,56911
48,12.68,12.6901,12.68,12.69,49869
49,12.695,12.71,12.68,12.68,50676
50,12.685,12.7,12.68,12.695,31000
51,12.69,12.69,12.68,12.69,12843
52,12.68,12.695,12.67,12.695,28915
53,12.675,12.68,12.67,12.67,41297
54,12.68,12.68,12.67,12.675,8343
55,12.69,12.695,12.675,12.675,54814
56,12.68,12.7,12.68,12.695,29405
57,12.68,12.69,12.68,12.68,7700
58,12.67,12.68,12.67,12.68,11702
59,12.66,12.675,12.66,12.67,33550
60,12.66,12.665,12.65,12.665,117535
61,12.65,12.66,12.64,12.66,93651
62,12.635,12.65,12.635,12.645,252722
63,12.62,12.64,12.62,12.64,139607
64,12.635,12.635,12.61,12.62,26617
65,12.635,12.64,12.63,12.635,54766
66,12.61,12.635,12.61,12.63,17195
67,12.62,12.625,12.61,12.62,69974
68,12.58,12.62,12.575,12.62,158299
69,12.59,12.6,12.58,12.58,97294
70,12.6,12.6056,12.58,12.595,182794
71,12.595,12.605,12.59,12.6,77717
72,12.605,12.61,12.59,12.595,57687
73,12.61,12.61,12.6,12.6,24599
74,12.62,12.62,12.61,12.61,16186
75,12.62,12.625,12.6143,12.62,64859
76,12.62,12.62,12.61,12.62,5400
77,12.6,12.615,12.59,12.615,79178
78,12.595,12.6,12.59,12.595,8300
79,12.59,12.6,12.59,12.6,1800
80,12.58,12.6,12.575,12.595,59962
81,12.585,12.59,12.57,12.575,45759
82,12.58,12.585,12.58,12.5801,2600
83,12.6,12.61,12.58,12.58,26734
84,12.6,12.61,12.6,12.6,15500
85,12.6,12.605,12.6,12.6,4352
86,12.595,12.61,12.59,12.6,34965
87,12.58,12.595,12.58,12.59,71890
88,12.585,12.59,12.58,12.585,118464
89,12.585,12.585,12.57,12.585,279423
90,12.58,12.585,12.575,12.58,68800
91,12.6,12.6,12.58,12.58,22613
92,12.61,12.61,12.5939,12.6,8186
93,12.605,12.615,12.6,12.61,114375
94,12.595,12.6,12.59,12.6,18929
95,12.6,12.605,12.59,12.59,32679
96,12.6,12.6,12.59,12.59,5100
97,12.605,12.605,12.59,12.59,12242
98,12.595,12.605,12.595,12.6,31045
99,12.6,12.605,12.59,12.6,19391
100,12.58,12.6,12.58,12.6,19436
101,12.569,12.58,12.56,12.58,15141
102,12.57,12.57,12.56,12.57,8757
103,12.57,12.58,12.57,12.57,5814
104,12.58,12.59,12.57,12.57,342529
105,12.585,12.59,12.575,12.58,11743
106,12.58,12.585,12.575,12.58,15913
107,12.575,12.58,12.57,12.575,1200
108,12.5885,12.5885,12.57,12.579,8690
109,12.575,12.59,12.575,12.585,26278
110,12.575,12.58,12.57,12.575,2650
111,12.58,12.58,12.57,12.575,12212
112,12.59,12.59,12.575,12.575,8115
113,12.59,12.5966,12.585,12.585,43184
114,12.58,12.59,12.58,12.59,3997
115,12.595,12.6,12.59,12.59,15270
116,12.6,12.6,12.595,12.6,10300
117,12.6,12.61,12.59,12.595,70174
118,12.585,12.6,12.58,12.6,35248
119,12.59,12.59,12.58,12.58,7035
120,12.615,12.615,12.585,12.59,181820
121,12.6,12.615,12.6,12.615,47577
122,12.59,12.6,12.59,12.6,11688
123,12.59,12.6057,12.58,12.6,166649
124,12.6,12.61,12.59,12.595,33055
125,12.6,12.6069,12.595,12.6,32953
126,12.61,12.61,12.595,12.6,64290
127,12.6066,12.61,12.6,12.61,33602
128,12.62,12.625,12.61,12.61,12658
129,12.605,12.61,12.6,12.61,20594
130,12.62,12.62,12.61,12.61,7495
131,12.62,12.64,12.62,12.63,33152
132,12.62,12.64,12.62,12.63,20444
133,12.61,12.625,12.61,12.62,9263
134,12.619,12.62,12.61,12.61,10125
135,12.615,12.62,12.613,12.62,20231
136,12.615,12.62,12.615,12.62,10614
137,12.62,12.62,12.61,12.615,1300
138,12.6,12.62,12.59,12.61,161621
139,12.59,12.591,12.59,12.59,4146
140,12.59,12.595,12.585,12.59,46071
141,12.58,12.6,12.58,12.59,44795
142,12.5801,12.59,12.58,12.585,1468
143,12.58,12.59,12.575,12.58,39276
144,12.59,12.59,12.58,12.58,12880
145,12.595,12.595,12.585,12.59,10590
146,12.585,12.595,12.58,12.59,131092
147,12.58,12.59,12.58,12.5849,25957
148,12.595,12.595,12.58,12.585,46081
149,12.58,12.59,12.56,12.59,137072
150,12.58,12.58,12.575,12.575,6783
151,12.58,12.585,12.575,12.58,277069
152,12.585,12.585,12.58,12.58,10600
153,12.5846,12.59,12.58,12.58,887
154,12.58,12.59,12.575,12.59,90710
155,12.56,12.585,12.56,12.58,67919
156,12.565,12.57,12.56,12.5665,167225
157,12.55,12.57,12.55,12.56,23665
158,12.55,12.56,12.55,12.56,3887
159,12.55,12.56,12.5399,12.55,223705
160,12.54,12.55,12.54,12.54,9879
161,12.52,12.541,12.52,12.54,13729
162,12.54,12.54,12.52,12.52,39599
163,12.55,12.55,12.535,12.54,6200
164,12.5632,12.57,12.55,12.55,23706
165,12.555,12.57,12.55,12.569,36453
166,12.555,12.5591,12.55,12.555,18958
167,12.5667,12.5667,12.55,12.55,26371
168,12.575,12.575,12.565,12.565,6021
169,12.5799,12.585,12.575,12.58,25800
170,12.56,12.575,12.56,12.575,32927
171,12.565,12.57,12.56,12.56,1100
172,12.57,12.575,12.56,12.56,10671
173,12.585,12.585,12.575,12.575,2950
174,12.58,12.585,12.575,12.58,26731
175,12.58,12.58,12.58,12.58,2000
176,12.575,12.585,12.57,12.58,12074
177,12.585,12.59,12.58,12.58,9090
178,12.59,12.59,12.585,12.585,8809
179,12.58,12.59,12.57,12.59,29015
180,12.5764,12.58,12.5764,12.58,7050
181,12.59,12.59,12.575,12.58,19246
182,12.585,12.59,12.585,12.59,15066
183,12.59,12.59,12.585,12.59,4800
184,12.59,12.59,12.59,12.59,6400
185,12.589,12.6,12.58,12.59,49573
186,12.59,12.59,12.585,12.59,7516
187,12.59,12.6,12.585,12.59,61859
188,12.5856,12.5897,12.58,12.5897,6808
189,12.59,12.59,12.58,12.59,1800
190,12.585,12.585,12.585,12.585,800
191,12.595,12.6,12.585,12.59,37849
192,12.595,12.6,12.59,12.5901,68421
193,12.59,12.595,12.58,12.591,134679
194,12.585,12.585,12.585,12.585,3500
195,12.585,12.595,12.585,12.59,20872
196,12.595,12.595,12.585,12.585,4800
197,12.585,12.595,12.585,12.59,5669
198,12.58,12.585,12.57,12.58,50926
199,12.58,12.58,12.57,12.575,7800
200,12.575,12.58,12.575,12.58,13125
201,12.57,12.58,12.57,12.5715,7911
202,12.58,12.58,12.5746,12.58,3613
203,12.58,12.58,12.57,12.58,3900
204,12.58,12.58,12.57,12.57,7000
205,12.58,12.58,12.57,12.58,13925
206,12.58,12.58,12.575,12.58,21777
207,12.58,12.58,12.5733,12.58,14800
208,12.58,12.58,12.57,12.575,2600
209,12.59,12.59,12.58,12.58,24141
210,12.585,12.6,12.58,12.59,40673
211,12.585,12.59,12.58,12.58,12400
212,12.585,12.59,12.58,12.58,7712
213,12.575,12.59,12.57,12.58,47967
214,12.58,12.58,12.57,12.575,9100
215,12.575,12.58,12.57,12.575,21527
216,12.575,12.58,12.57,12.575,1100
217,12.565,12.58,12.56,12.575,55639
218,12.56,12.565,12.55,12.565,46104
219,12.555,12.56,12.55,12.555,2800
220,12.555,12.56,12.55,12.56,19081
221,12.565,12.565,12.55,12.55,265848
222,12.56,12.57,12.56,12.565,36011
223,12.57,12.57,12.56,12.565,48106
224,12.57,12.57,12.56,12.57,11266
225,12.575,12.575,12.565,12.565,35100
226,12.585,12.585,12.57,12.575,13943
227,12.58,12.59,12.58,12.59,14079
228,12.57,12.59,12.57,12.585,33578
229,12.575,12.585,12.57,12.585,6856
230,12.575,12.5768,12.57,12.57,7569
231,12.575,12.58,12.57,12.575,8800
232,12.58,12.58,12.57,12.575,16263
233,12.584,12.585,12.5734,12.575,38858
234,12.59,12.59,12.58,12.585,14502
235,12.585,12.59,12.571,12.58,67022
236,12.585,12.59,12.58,12.585,2300
237,12.585,12.59,12.58,12.58,3900
238,12.58,12.585,12.58,12.58,1700
239,12.58,12.585,12.58,12.585,1599
240,12.585,12.59,12.58,12.58,6943
241,12.585,12.59,12.58,12.585,1600
242,12.595,12.6,12.58,12.585,43243
243,12.595,12.6,12.595,12.595,21462
244,12.595,12.6,12.59,12.595,16352
245,12.6,12.6,12.59,12.595,9100
246,12.59,12.6,12.58,12.595,176299
247,12.595,12.6,12.59,12.595,1700
248,12.595,12.6,12.59,12.595,6500
249,12.59,12.6,12.59,12.595,2800
250,12.595,12.6,12.59,12.595,151663
251,12.59,12.6,12.59,12.59,6690
252,12.595,12.605,12.59,12.595,64074
253,12.6,12.6,12.59,12.5905,6077
254,12.59,12.6,12.59,12.59,1750
255,12.59,12.6,12.59,12.59,6700
256,12.5875,12.595,12.58,12.595,25230
257,12.585,12.585,12.58,12.585,8900
258,12.585,12.595,12.58,12.59,37704
259,12.595,12.595,12.585,12.59,9600
260,12.59,12.595,12.59,12.59,1700
261,12.59,12.6,12.59,12.595,7000
262,12.595,12.595,12.59,12.595,5420
263,12.58,12.597,12.58,12.597,44068
264,12.58,12.585,12.58,12.585,7448
265,12.57,12.58,12.57,12.58,21993
266,12.575,12.58,12.57,12.575,11110
267,12.57,12.57,12.56,12.57,46844
268,12.565,12.57,12.56,12.565,7600
269,12.575,12.575,12.56,12.56,34120
270,12.57,12.58,12.57,12.575,2800
271,12.57,12.58,12.57,12.575,13707
272,12.58,12.59,12.57,12.58,61899
273,12.59,12.59,12.58,12.585,13746
274,12.575,12.59,12.57,12.585,47102
275,12.57,12.575,12.57,12.575,400
276,12.575,12.575,12.56,12.57,84171
277,12.575,12.58,12.57,12.575,5299
278,12.585,12.585,12.57,12.57,23721
279,12.585,12.585,12.58,12.58,49721
280,12.585,12.59,12.58,12.58,4320
281,12.59,12.59,12.58,12.58,25670
282,12.59,12.59,12.585,12.59,17758
283,12.58,12.59,12.58,12.585,53720
284,12.58,12.59,12.58,12.585,15400
285,12.58,12.59,12.58,12.585,3089
286,12.58,12.585,12.575,12.58,94760
287,12.585,12.585,12.58,12.58,21935
288,12.589,12.59,12.58,12.58,18734
289,12.59,12.59,12.58,12.58,13600
290,12.58,12.59,12.58,12.59,4900
291,12.585,12.59,12.58,12.58,16199
292,12.58,12.59,12.58,12.58,20751
293,12.58,12.59,12.58,12.58,10095
294,12.585,12.59,12.58,12.58,7252
295,12.57,12.587,12.57,12.58,64578
296,12.57,12.58,12.57,12.57,12422
297,12.585,12.59,12.57,12.57,41600
298,12.61,12.62,12.585,12.585,119582
299,12.615,12.62,12.61,12.61,65422
300,12.625,12.63,12.61,12.615,48500
301,12.62,12.63,12.62,12.625,14331
302,12.6303,12.64,12.62,12.625,80194
303,12.625,12.635,12.62,12.63,26179
304,12.615,12.625,12.61,12.62,34133
305,12.62,12.62,12.61,12.62,10000
306,12.615,12.615,12.61,12.615,1600
307,12.61,12.62,12.61,12.61,4400
308,12.625,12.63,12.61,12.61,36357
309,12.625,12.63,12.625,12.625,4422
310,12.625,12.63,12.62,12.6224,14987
311,12.63,12.63,12.62,12.625,2700
312,12.62,12.63,12.62,12.625,28884
313,12.62,12.63,12.62,12.62,16200
314,12.62,12.63,12.62,12.62,12305
315,12.63,12.63,12.62,12.625,13001
316,12.625,12.63,12.62,12.62,14099
317,12.625,12.63,12.62,12.62,19880
318,12.62,12.63,12.61,12.62,145789
319,12.62,12.63,12.615,12.615,86538
320,12.62,12.63,12.62,12.625,23731
321,12.61,12.625,12.61,12.62,27789
322,12.605,12.62,12.6,12.61,28297
323,12.585,12.61,12.58,12.6,42235
324,12.585,12.59,12.58,12.585,33535
325,12.585,12.5875,12.58,12.585,38300
326,12.585,12.59,12.58,12.585,138200
327,12.605,12.605,12.58,12.585,122220
328,12.605,12.61,12.6,12.61,17800
329,12.6,12.61,12.6,12.6,20703
330,12.59,12.6,12.59,12.6,40736
331,12.585,12.5953,12.58,12.595,65910
332,12.605,12.605,12.58,12.585,55892
333,12.605,12.61,12.6,12.605,22894
334,12.605,12.61,12.6,12.605,13526
335,12.6,12.6075,12.6,12.6,9737
336,12.61,12.61,12.6,12.6,6700
337,12.595,12.61,12.59,12.605,59855
338,12.595,12.6,12.59,12.59,15515
339,12.595,12.6,12.59,12.59,37568
340,12.595,12.6,12.59,12.595,11800
341,12.6086,12.61,12.59,12.595,48013
342,12.605,12.61,12.6,12.61,15918
343,12.605,12.61,12.6,12.6,3279
344,12.605,12.61,12.6,12.605,16806
345,12.605,12.61,12.6,12.6032,18115
346,12.61,12.61,12.6,12.6,16300
347,12.595,12.61,12.59,12.6,58891
348,12.59,12.6,12.59,12.59,17018
349,12.595,12.6,12.59,12.59,26631
350,12.605,12.605,12.59,12.5975,50252
351,12.62,12.62,12.605,12.605,30038
352,12.605,12.62,12.605,12.615,55203
353,12.595,12.61,12.59,12.605,136839
354,12.59,12.6,12.59,12.59,9140
355,12.59,12.5958,12.59,12.59,4200
356,12.59,12.599,12.59,12.595,26934
357,12.585,12.595,12.58,12.59,98034
358,12.58,12.585,12.58,12.58,28268
359,12.585,12.5856,12.58,12.58,31095
360,12.565,12.585,12.56,12.58,117267
361,12.565,12.565,12.56,12.565,40299
362,12.54,12.565,12.54,12.56,95614
363,12.555,12.555,12.54,12.54,99779
364,12.555,12.56,12.55,12.555,11757
365,12.555,12.56,12.55,12.555,27850
366,12.55,12.56,12.55,12.55,31907
367,12.55,12.56,12.55,12.555,74030
368,12.55,12.56,12.55,12.555,134251
369,12.55,12.56,12.55,12.555,33295
370,12.555,12.56,12.55,12.555,42125
371,12.555,12.56,12.55,12.555,53420
372,12.555,12.56,12.55,12.555,84821
373,12.54,12.56,12.54,12.555,201432
374,12.54,12.55,12.54,12.545,37563
375,12.54,12.55,12.54,12.545,40151
376,12.54,12.55,12.54,12.55,18106
377,12.57,12.57,12.54,12.54,180384
378,12.565,12.57,12.565,12.57,41520
379,12.565,12.57,12.5613,12.57,78647
380,12.565,12.57,12.56,12.565,99632
381,12.56,12.57,12.56,12.565,35043
382,12.56,12.57,12.56,12.57,52867
383,12.56,12.57,12.56,12.56,54239
384,12.56,12.57,12.56,12.56,56913
385,12.57,12.57,12.56,12.56,128509
386,12.57,12.57,12.56,12.57,97691
387,12.565,12.57,12.56,12.57,108507
388,12.565,12.57,12.56,12.565,149393
389,12.58,12.58,12.56,12.57,322212
390,12.58,12.59,12.57,12.575,794216
