ILMN,Illumina Inc,Health Care,5,Life Sciences Tools & Services,26175707281,917544
a1492608600,175.82,175.82,175.82,175.82,12226
1,175.66,175.83,175.605,175.71,2000
2,175.84,175.86,175.62,175.86,1000
3,175.4,175.69,175.4,175.69,1000
4,175.56,175.56,175.34,175.45,1100
5,175.83,175.83,175.42,175.42,200
6,175.48,175.85,175.44,175.85,300
7,175.67,175.67,175.44,175.44,200
8,175.45,175.65,175.42,175.45,1300
9,175.63,175.63,175.47,175.5,900
11,176.2299,176.2299,175.545,175.63,2383
12,176.1076,176.1076,176.1076,176.1076,115
13,176.63,176.63,176.16,176.16,3400
14,176.39,176.4,176.3,176.36,700
16,176.14,176.33,176.14,176.15,600
17,176.12,176.14,176.12,176.14,600
18,175.64,175.99,175.64,175.949,1450
19,175.67,175.67,175.67,175.67,100
20,175.73,175.73,175.58,175.73,2431
21,176.31,176.32,175.83,175.83,1500
22,176.3975,176.3975,176.3975,176.3975,100
23,176.27,176.44,176.21,176.3,1035
25,176.13,176.13,176.09,176.09,200
26,176.33,176.36,176.25,176.25,600
27,176.5,176.5,176.3252,176.3252,2235
28,176.5,176.5,176.5,176.5,200
29,176.76,176.76,176.4875,176.49,1719
30,176.76,176.76,176.65,176.65,200
31,176.84,176.89,176.58,176.68,5223
32,176.97,176.98,176.84,176.92,900
33,177.315,177.315,176.945,176.945,1300
34,177.32,177.32,177.31,177.31,200
35,177.35,177.39,177.3,177.36,1600
36,177.49,177.49,177.36,177.37,900
37,177.62,177.62,177.53,177.53,1862
38,177.396,177.605,177.29,177.56,1500
39,177.1,177.41,177.01,177.3,7400
40,177.115,177.22,177.07,177.08,1800
41,177.175,177.36,177.11,177.21,13400
42,177.02,177.19,176.9601,177.19,1500
43,177.022,177.18,177.01,177.12,1350
44,177.07,177.07,176.94,177.0438,1400
45,176.96,176.96,176.89,176.91,600
46,177.42,177.42,176.98,176.98,2500
47,177.05,177.235,177.05,177.23,2192
48,177.04,177.23,177.04,177.23,450
49,177.11,177.15,176.915,177.11,11700
50,177.06,177.19,176.955,177.11,5300
51,177.175,177.22,177.175,177.22,400
52,177.2025,177.2025,177.2025,177.2025,100
53,177.12,177.2,177.12,177.2,1601
54,177.275,177.31,177.15,177.195,3012
55,177.22,177.315,177.22,177.28,791
56,177.51,177.51,177.27,177.27,1500
57,177.77,177.77,177.4493,177.4493,1400
58,177.7643,177.88,177.745,177.87,2614
59,177.78,177.78,177.7,177.7071,450
60,177.35,177.7175,177.35,177.61,1963
61,177.42,177.65,177.2982,177.35,3700
62,177.58,177.58,177.45,177.451,1200
63,177.445,177.47,177.345,177.47,1300
64,177.4723,177.49,177.44,177.44,500
65,177.82,177.82,177.5,177.5,1500
66,177.735,177.89,177.66,177.82,5350
67,177.77,177.97,177.705,177.705,7025
68,177.86,177.86,177.76,177.825,2501
69,177.86,177.86,177.86,177.86,100
70,177.91,177.91,177.84,177.88,900
71,177.9,178.01,177.89,177.96,2400
72,177.865,177.9,177.82,177.89,4234
73,177.89,177.92,177.78,177.845,2100
74,177.97,178.06,177.775,177.94,28605
75,177.9599,177.9599,177.7,177.835,464
76,177.98,177.98,177.85,177.85,2700
77,177.95,178,177.9333,178,800
78,178.02,178.02,177.95,177.95,700
79,178.02,178.11,178,178.02,8025
80,177.95,178.27,177.79,178.12,7125
81,177.84,177.85,177.8,177.85,800
82,178.09,178.09,177.84,177.84,2700
83,178.42,178.5,178.12,178.12,6000
84,178.08,178.39,178.015,178.36,2100
85,178,178.03,178,178,300
86,178.13,178.13,177.98,177.99,2124
87,178.01,178.16,178.01,178.16,236
88,178.24,178.47,178.17,178.17,2194
90,177.99,178.235,177.99,178.22,1600
91,178.199,178.34,178.03,178.1,3818
92,178.67,178.67,178.3365,178.3365,2625
93,178.32,178.67,178.32,178.6075,7000
94,178.31,178.31,178.235,178.235,200
95,178.3138,178.39,178.26,178.39,1245
96,178.42,178.45,178.36,178.39,4975
97,178.4,178.46,178.36,178.36,1100
99,178.56,178.56,178.52,178.55,612
100,178.43,178.54,178.43,178.54,1400
101,178.39,178.4,178.39,178.4,997
102,178.39,178.39,178.3801,178.39,400
103,178.38,178.395,178.355,178.39,2100
104,178.68,178.68,178.39,178.39,2100
105,178.613,178.75,178.58,178.75,340
106,178.52,178.71,178.52,178.62,800
107,178.5,178.52,178.48,178.52,1000
108,178.53,178.53,178.39,178.44,1886
109,178.6,178.6003,178.53,178.569,6250
110,178.53,178.535,178.5025,178.535,1100
111,178.513,178.57,178.513,178.525,1050
112,178.615,178.68,178.51,178.51,3800
113,178.51,178.57,178.39,178.57,2201
114,178.55,178.55,178.4,178.465,1400
115,178.75,178.75,178.475,178.475,4050
116,178.69,178.75,178.66,178.75,1200
117,178.51,178.63,178.5,178.63,2000
118,178.405,178.5,178.32,178.5,1198
119,178.17,178.3,178.17,178.3,700
120,178.14,178.215,178.14,178.215,300
121,178.22,178.23,178.13,178.13,700
122,178.41,178.41,178.23,178.23,1700
123,178.16,178.32,178.09,178.32,2328
124,178.2,178.2,178.16,178.16,600
125,178.27,178.27,178.27,178.27,100
126,178.0501,178.0501,178.0501,178.0501,1000
127,178.29,178.29,177.95,178.07,4199
128,178.36,178.36,178.31,178.31,1120
129,178.35,178.46,178.35,178.42,3713
130,178.15,178.33,178.15,178.28,3311
131,178.22,178.22,178.22,178.22,100
132,177.965,178.1401,177.9601,178.14,1200
133,177.89,178.02,177.89,177.96,600
134,178.29,178.29,178.005,178.005,2200
135,178.11,178.11,178.11,178.11,100
136,178.0998,178.0998,178.0998,178.0998,800
137,178.13,178.2,178.11,178.2,622
138,178.18,178.24,178.13,178.13,2600
139,178.245,178.245,178.245,178.245,100
140,178.17,178.17,178.17,178.17,100
142,178.01,178.2214,178.01,178.2214,1484
143,178.015,178.08,177.97,178,2076
144,178.08,178.12,178.08,178.09,500
146,177.98,178.04,177.98,178.04,700
147,177.82,178.02,177.82,178,2400
148,177.91,177.94,177.78,177.805,2400
149,177.81,177.95,177.81,177.9,2542
150,177.735,177.735,177.68,177.73,700
151,177.7154,177.7154,177.6926,177.7,1046
152,177.6001,177.74,177.6001,177.74,700
153,177.73,177.73,177.64,177.69,1300
154,177.78,177.78,177.76,177.78,400
155,177.76,177.78,177.71,177.78,700
156,177.59,177.69,177.51,177.66,1200
157,177.61,177.61,177.47,177.58,7329
158,177.76,177.76,177.67,177.67,1300
159,177.795,177.795,177.795,177.795,100
160,177.785,177.96,177.76,177.77,5090
161,177.9,177.9,177.9,177.9,100
162,177.72,177.8204,177.64,177.8204,1250
163,177.755,177.755,177.71,177.71,1400
164,177.77,177.92,177.76,177.76,1335
165,177.92,177.92,177.92,177.92,100
166,177.84,177.84,177.78,177.78,200
167,177.8,177.81,177.76,177.77,1200
168,177.73,177.73,177.73,177.73,100
169,177.75,177.8,177.75,177.8,200
171,177.805,177.84,177.745,177.745,800
172,177.9,178.07,177.76,177.87,4300
173,178.034,178.034,178.034,178.034,100
174,178.275,178.275,178.1,178.1,300
175,178.36,178.36,178.36,178.36,200
176,178.39,178.39,178.38,178.38,300
177,178.4,178.4,178.4,178.4,100
178,178.34,178.4,178.34,178.39,1900
179,178.42,178.42,178.42,178.42,100
180,178.33,178.42,178.33,178.42,200
181,178.235,178.29,178.2198,178.29,800
183,178.23,178.23,178.19,178.22,600
184,178.31,178.31,178.26,178.26,1400
185,178.33,178.3687,178.32,178.3687,499
186,178.44,178.5,178.36,178.36,800
187,178.49,178.5,178.43,178.43,2437
188,178.44,178.46,178.38,178.45,1800
189,178.46,178.46,178.46,178.46,100
190,178.42,178.51,178.41,178.49,1632
191,178.45,178.45,178.45,178.45,100
192,178.44,178.44,178.44,178.44,100
193,178.45,178.45,178.44,178.44,300
194,178.34,178.42,178.34,178.38,1100
195,178.4,178.4,178.31,178.375,1854
196,178.49,178.49,178.4,178.4,1000
197,178.53,178.53,178.48,178.48,600
198,178.44,178.51,178.41,178.51,800
199,178.45,178.47,178.45,178.47,300
200,178.553,178.66,178.47,178.47,1400
203,178.5,178.55,178.5,178.5,1300
205,178.5382,178.5382,178.44,178.44,200
206,178.59,178.59,178.44,178.44,700
207,178.49,178.5178,178.49,178.5,600
208,178.43,178.52,178.43,178.52,300
209,178.47,178.52,178.42,178.51,2617
210,178.5,178.5,178.45,178.49,300
211,178.465,178.51,178.465,178.51,200
212,178.51,178.51,178.51,178.51,300
213,178.47,178.52,178.47,178.52,300
214,178.405,178.505,178.36,178.48,1800
215,178.405,178.405,178.405,178.405,100
216,178.44,178.44,178.41,178.41,200
217,178.41,178.45,178.36,178.36,300
218,178.39,178.45,178.26,178.36,1995
219,178.46,178.46,178.46,178.46,100
220,178.39,178.39,178.39,178.39,100
221,178.37,178.39,178.37,178.39,200
222,178.385,178.385,178.385,178.385,100
223,178.32,178.43,178.32,178.375,1200
224,178.18,178.32,178.18,178.32,800
225,178.2201,178.24,178.2,178.2,1200
226,178.19,178.2,178.19,178.2,300
227,178.17,178.18,178.17,178.18,200
228,178.18,178.18,178.18,178.18,100
229,178.2,178.22,178.2,178.22,200
230,178.24,178.24,178.1,178.19,500
231,178.27,178.29,178.2,178.2,3100
232,178.24,178.29,178.2301,178.29,460
233,178.46,178.48,178.29,178.29,4902
234,178.8,178.8,178.5,178.5,2790
235,178.78,178.79,178.7256,178.79,500
236,178.75,178.75,178.75,178.75,200
237,178.71,178.77,178.68,178.71,1340
238,178.8,178.8,178.75,178.75,776
239,178.86,178.86,178.81,178.81,700
240,178.73,178.8,178.73,178.8,600
241,178.65,178.75,178.62,178.7,800
242,178.57,178.58,178.57,178.57,300
243,178.55,178.55,178.55,178.55,100
244,178.55,178.55,178.54,178.54,200
245,178.53,178.6,178.51,178.55,900
246,178.485,178.57,178.485,178.51,700
247,178.47,178.47,178.47,178.47,100
248,178.41,178.41,178.41,178.41,100
249,178.54,178.65,178.52,178.52,1806
250,178.45,178.54,178.45,178.54,700
251,178.4,178.45,178.4,178.45,500
252,178.5,178.51,178.39,178.39,1501
253,178.44,178.44,178.44,178.44,100
254,178.54,178.55,178.47,178.53,500
255,178.62,178.62,178.52,178.52,500
256,178.7896,178.7896,178.61,178.64,4811
257,178.6,178.79,178.6,178.767,1799
259,178.6809,178.6809,178.65,178.68,500
260,178.65,178.65,178.65,178.65,100
263,178.68,178.73,178.62,178.68,1300
264,178.59,178.65,178.59,178.65,600
265,178.56,178.56,178.56,178.56,100
266,178.51,178.57,178.51,178.57,400
267,178.54,178.54,178.51,178.51,600
269,178.81,178.81,178.59,178.59,2000
270,178.85,178.85,178.755,178.755,2000
271,178.81,178.86,178.8,178.86,400
272,179,179.08,178.81,178.81,6754
273,179.0559,179.0559,179,179.03,410
274,179.16,179.16,178.97,179,4300
275,179.22,179.22,179.09,179.09,958
276,179.07,179.22,179.07,179.18,1750
277,179.18,179.2,179.11,179.12,1700
278,179.31,179.31,179.18,179.18,6452
279,179.39,179.39,179.32,179.32,800
280,179.29,179.29,179.29,179.29,100
281,179.3,179.3599,179.3,179.31,600
282,179.295,179.295,179.295,179.295,100
283,179.38,179.38,179.26,179.295,3367
284,179.72,179.78,179.39,179.42,7743
285,179.63,179.75,179.6,179.62,2700
286,179.305,179.61,179.3,179.53,3700
287,179.29,179.3199,179.2,179.305,8700
288,179.34,179.34,179.22,179.29,3317
289,179.43,179.43,179.34,179.34,2900
290,179.57,179.57,179.42,179.43,1100
291,179.46,179.5056,179.46,179.5056,300
292,179.48,179.55,179.39,179.43,2148
293,179.57,179.57,179.47,179.48,1000
294,179.53,179.6399,179.51,179.52,500
295,179.66,179.66,179.5473,179.565,2450
296,179.59,179.59,179.52,179.56,1000
297,179.48,179.48,179.45,179.48,300
298,179.65,179.73,179.51,179.51,6390
299,179.73,179.73,179.59,179.59,600
300,179.92,179.98,179.6,179.72,15262
301,179.88,179.88,179.76,179.84,5102
302,179.88,179.88,179.82,179.82,200
303,179.83,179.8691,179.83,179.8691,200
304,179.94,179.94,179.82,179.89,400
305,179.89,179.9047,179.89,179.9047,400
306,179.9,180,179.9,179.96,5619
307,179.88,179.92,179.84,179.92,800
308,179.95,179.95,179.82,179.83,5100
309,179.89,179.9499,179.89,179.89,1300
310,179.893,179.893,179.878,179.878,350
311,179.885,179.93,179.885,179.89,300
312,179.93,179.93,179.885,179.885,700
313,179.88,179.885,179.88,179.885,200
314,180.44,180.62,179.86,179.86,28617
315,180.26,180.4,180.26,180.4,600
316,180.075,180.28,180.075,180.28,2469
317,180.13,180.14,180.11,180.13,600
318,180.04,180.11,180.04,180.05,1690
319,180.0327,180.08,180.0327,180.08,500
320,180.12,180.12,180.07,180.08,1000
321,179.92,180.1299,179.92,180.1,2500
322,179.84,179.87,179.77,179.87,800
323,179.61,179.7,179.55,179.69,1500
324,179.67,179.67,179.47,179.48,4350
325,179.66,179.71,179.66,179.71,300
326,179.62,179.81,179.62,179.78,1300
327,179.61,179.7,179.61,179.7,200
328,179.48,179.58,179.48,179.58,1300
329,179.64,179.64,179.36,179.4699,3200
330,179.445,179.64,179.445,179.62,2000
331,179.42,179.5999,179.42,179.49,5188
332,179.66,179.66,179.35,179.35,3100
333,179.73,179.73,179.62,179.62,1200
334,179.55,179.675,179.55,179.64,1700
335,179.65,179.65,179.51,179.52,400
336,179.5,179.52,179.5,179.52,880
337,179.26,179.49,179.26,179.48,900
338,179.11,179.23,179.11,179.2,950
339,179.11,179.2,178.96,179.03,10331
340,179.22,179.22,179.09,179.11,8042
341,179.07,179.18,179.07,179.1711,7000
342,179,179.12,179,179.12,1700
343,178.97,179.01,178.92,178.94,3100
344,178.95,179.01,178.92,178.99,3700
345,179.13,179.17,178.98,178.98,4600
346,178.96,179.08,178.94,179.08,1050
347,178.92,178.95,178.92,178.95,900
348,178.95,179.01,178.86,178.86,5500
349,179.02,179.02,178.95,178.95,200
350,179.17,179.18,179.01,179.01,4900
351,179.04,179.2075,179,179.2,1541
352,178.99,179,178.99,179,300
353,178.82,178.98,178.81,178.98,2413
354,178.79,178.885,178.79,178.885,1600
355,178.85,178.85,178.79,178.79,200
356,178.8,178.85,178.8,178.85,628
357,178.66,178.88,178.64,178.83,4715
358,178.519,178.64,178.519,178.59,2085
359,178.57,178.62,178.53,178.62,1000
360,178.47,178.6,178.39,178.6,1900
361,178.47,178.52,178.45,178.48,3872
362,178.32,178.41,178.3,178.41,800
363,178.41,178.5,178.3515,178.41,3214
364,178.505,178.52,178.37,178.48,2300
365,178.33,178.53,178.33,178.5,2000
366,178.36,178.42,178.33,178.42,700
367,178.47,178.535,178.42,178.42,3285
368,178.45,178.48,178.43,178.48,800
369,178.42,178.51,178.42,178.51,1900
370,178.63,178.63,178.48,178.48,3000
371,178.5729,178.63,178.55,178.6,2590
372,178.605,178.63,178.575,178.575,775
373,178.4,178.62,178.4,178.62,3362
374,178.42,178.43,178.36,178.37,1900
375,178.505,178.53,178.42,178.43,3100
376,178.515,178.6,178.48,178.59,2231
377,178.525,178.57,178.52,178.54,2400
378,178.495,178.51,178.47,178.5,1400
379,178.47,178.52,178.47,178.5,3209
380,178.18,178.47,177.66,178.47,16904
381,178,178.23,177.97,178.1,8585
382,178.11,178.19,178,178.01,7537
383,178.02,178.2,178.02,178.145,6444
384,178,178.11,178,178.02,5014
385,178.08,178.09,177.99,178.0325,7300
386,178.13,178.21,178.03,178.03,10199
387,177.93,178.12,177.88,178.12,10216
388,178.03,178.03,177.93,177.94,11446
389,178.03,178.1,177.99,178.01,12369
390,178.03,178.12,178,178.03,96878
