KSU,Kansas City Southern,Industrials,6,Railroads,9449950434,1308462
a1492608600,90.1,90.1,90.1,90.1,4670
1,90.16,90.16,90.035,90.04,400
2,90.01,90.18,89.99,90.18,500
3,90.19,90.23,89.98,90.085,3299
4,90.13,90.23,90.08,90.185,11450
5,90.15,90.15,90.13,90.13,800
6,90.07,90.2,90.07,90.15,3977
7,90.085,90.2,90.02,90.16,8850
8,90.0539,90.0539,90.0539,90.0539,500
9,90.03,90.05,89.98,90.05,3000
10,90.04,90.125,89.99,90.03,1848
11,89.98,89.98,89.93,89.96,740
12,89.91,90.04,89.91,90.04,1000
13,90.01,90.01,90,90,1179
14,89.93,89.98,89.93,89.98,600
15,89.96,89.97,89.91,89.91,700
16,90.01,90.02,89.94,90.01,1399
17,90,90,89.83,89.93,2100
18,90.02,90.03,89.98,89.98,25574
19,90,90.03,89.93,90,1500
20,89.99,90.02,89.99,90.02,851
21,90,90.02,89.91,89.96,1799
22,90.09,90.1,90.04,90.08,1100
23,90.11,90.15,90.1,90.1,4588
25,90.17,90.21,90.12,90.12,10814
26,90.09,90.2,90.09,90.2,584
27,90.14,90.15,90.12,90.15,600
28,90.19,90.2,90.11,90.14,2700
29,90.34,90.35,90.23,90.23,3776
30,90.27,90.31,90.26,90.31,1850
31,90.31,90.37,90.27,90.28,2200
32,90.26,90.265,90.25,90.254,2200
33,90.24,90.27,90.22,90.26,3883
34,90.18,90.24,90.13,90.22,2500
35,90.12,90.19,90.12,90.17,900
36,90.08,90.13,90.08,90.13,763
37,90.13,90.13,90.05,90.05,1300
38,90.14,90.14,90.09,90.09,400
39,90.14,90.14,90.13,90.13,500
41,90.13,90.13,90.1,90.1,400
42,90.16,90.16,90.095,90.11,1800
43,90.2,90.2,90.16,90.16,1509
44,90.22,90.22,90.22,90.22,300
45,90.19,90.216,90.165,90.2,1995
46,90.12,90.16,90.12,90.16,1200
47,90.06,90.09,90.06,90.09,600
48,90.11,90.11,90.075,90.09,700
49,90.16,90.19,90.14,90.14,900
50,90.13,90.17,90.12,90.17,1800
51,90.13,90.13,90.12,90.13,500
52,90.11,90.15,90.11,90.15,2128
53,90,90.09,90,90.09,1300
55,90.07,90.07,89.96,90,2500
56,90.0923,90.11,90.0681,90.0681,1450
57,90.14,90.14,90.14,90.14,100
58,90.17,90.17,90.1304,90.141,1800
60,90.14,90.14,90.11,90.12,1682
61,90.13,90.13,90.13,90.13,300
62,90.04,90.095,90.04,90.09,800
63,89.95,90,89.95,90,909
64,90,90,89.94,89.94,2500
65,90.04,90.08,90.02,90.02,1300
66,90.06,90.06,90,90.02,2000
67,90.05,90.05,90.03,90.05,1300
68,89.99,90.06,89.98,90.06,1600
69,90.06,90.07,90,90,2400
70,90.07,90.08,90.03,90.03,1200
71,90.11,90.11,90.11,90.11,100
72,90.09,90.11,90.07,90.11,900
73,90.09,90.09,90.075,90.09,1700
74,90.06,90.09,90.05,90.09,5722
75,90,90.05,90,90.04,900
76,89.97,89.99,89.95,89.99,2699
77,89.9,89.95,89.9,89.95,1159
78,89.91,89.93,89.89,89.92,3400
79,89.92,89.93,89.88,89.93,1948
80,89.76,89.92,89.76,89.92,5669
81,89.82,89.83,89.78,89.78,1923
82,89.855,89.855,89.84,89.84,300
83,89.76,89.84,89.76,89.84,1216
84,89.78,89.78,89.76,89.76,200
85,89.78,89.78,89.75,89.78,6107
86,89.74,89.8,89.72,89.8,2136
87,89.77,89.77,89.73,89.73,1900
88,89.82,89.82,89.77,89.78,500
89,89.91,89.945,89.84,89.84,2738
91,89.9,89.9,89.86,89.87,950
92,89.88,89.88,89.86,89.87,1600
93,89.82,89.86,89.82,89.86,1525
94,89.8,89.83,89.8,89.82,2800
95,89.8,89.8,89.79,89.79,300
96,89.82,89.83,89.8,89.8,2300
97,89.84,89.85,89.81,89.82,2500
98,89.84,89.88,89.82,89.87,1300
99,89.83,89.84,89.83,89.84,500
100,89.84,89.85,89.835,89.85,1400
101,89.82,89.85,89.82,89.85,1615
102,89.84,89.84,89.84,89.84,400
103,89.76,89.84,89.76,89.84,1961
104,89.86,89.86,89.81,89.81,1900
105,89.88,89.88,89.88,89.88,100
106,89.88,89.88,89.83,89.85,2300
107,89.9,89.9,89.88,89.88,600
108,89.87,89.91,89.87,89.9,1800
109,89.88,89.9,89.88,89.88,1500
110,89.87,89.89,89.85,89.87,3800
111,89.91,89.93,89.87,89.87,3418
112,89.9,89.94,89.9,89.92,1100
113,89.89,89.89,89.89,89.89,300
114,89.8887,89.9,89.8887,89.89,1500
115,89.885,89.9,89.885,89.89,2100
116,89.85,89.9,89.85,89.9,1350
117,89.77,89.83,89.76,89.83,3612
118,89.72,89.77,89.72,89.77,2000
120,89.85,89.85,89.72,89.72,2100
121,89.84,89.87,89.84,89.87,942
122,89.81,89.85,89.8,89.84,1300
123,89.838,89.84,89.81,89.84,1700
124,89.83,89.85,89.83,89.84,1100
125,89.8,89.84,89.8,89.82,1200
126,89.82,89.84,89.81,89.81,800
127,89.76,89.81,89.76,89.81,1900
128,89.72,89.76,89.72,89.76,800
129,89.74,89.74,89.74,89.74,1300
130,89.8,89.81,89.72,89.72,4250
131,89.78,89.82,89.78,89.82,1206
132,89.77,89.8,89.77,89.8,600
133,89.8,89.8,89.8,89.8,500
134,89.78,89.8,89.78,89.8,700
135,89.75,89.81,89.74,89.79,3800
136,89.75,89.76,89.75,89.76,900
137,89.71,89.74,89.7,89.74,2600
138,89.7,89.74,89.69,89.74,2000
139,89.68,89.69,89.66,89.69,600
140,89.66,89.66,89.64,89.66,1400
141,89.68,89.69,89.66,89.66,1500
142,89.67,89.72,89.67,89.72,1300
143,89.61,89.65,89.6,89.65,4216
144,89.61,89.65,89.61,89.63,1600
145,89.67,89.68,89.62,89.62,1200
146,89.66,89.68,89.66,89.67,1500
147,89.66,89.67,89.65,89.65,4281
148,89.68,89.685,89.66,89.67,3900
149,89.64,89.705,89.64,89.705,1200
150,89.62,89.655,89.62,89.655,1120
151,89.65,89.655,89.6,89.63,5997
152,89.64,89.65,89.63,89.65,1000
153,89.616,89.6201,89.61,89.62,900
154,89.6,89.64,89.6,89.64,4743
155,89.6,89.6153,89.56,89.6,8401
156,89.52,89.59,89.51,89.57,3200
157,89.52,89.54,89.52,89.54,500
158,89.5,89.54,89.5,89.54,900
159,89.56,89.56,89.52,89.52,1400
160,89.57,89.61,89.57,89.61,1500
161,89.54,89.58,89.5,89.56,1118
162,89.55,89.55,89.491,89.515,1000
163,89.59,89.59,89.53,89.53,1000
164,89.63,89.63,89.585,89.585,3500
165,89.615,89.65,89.6,89.6339,1700
167,89.58,89.63,89.58,89.62,2796
168,89.61,89.61,89.59,89.59,1000
169,89.625,89.64,89.6,89.61,1500
170,89.61,89.625,89.61,89.625,700
171,89.59,89.61,89.59,89.61,800
172,89.66,89.66,89.585,89.6,1500
175,89.59,89.655,89.59,89.64,1936
176,89.6,89.61,89.6,89.6,900
177,89.6,89.6,89.6,89.6,400
178,89.635,89.64,89.62,89.62,1200
179,89.57,89.62,89.57,89.62,1911
180,89.61,89.61,89.59,89.59,500
181,89.59,89.62,89.59,89.61,2000
182,89.59,89.59,89.59,89.59,100
183,89.57,89.57,89.57,89.57,300
184,89.61,89.61,89.56,89.58,3000
185,89.62,89.63,89.62,89.62,400
186,89.63,89.64,89.6,89.64,3400
187,89.65,89.69,89.65,89.67,1314
188,89.65,89.67,89.65,89.66,800
190,89.62,89.64,89.62,89.64,500
191,89.65,89.66,89.625,89.6379,2487
192,89.63,89.65,89.62,89.65,1400
193,89.65,89.65,89.61,89.63,2520
194,89.65,89.66,89.64,89.66,1100
195,89.62,89.64,89.62,89.64,200
196,89.65,89.65,89.61,89.61,700
197,89.675,89.68,89.66,89.67,1500
198,89.61,89.66,89.61,89.66,1300
199,89.64,89.64,89.61,89.61,400
200,89.63,89.63,89.63,89.63,400
201,89.6,89.61,89.6,89.61,300
202,89.635,89.64,89.62,89.62,1200
203,89.635,89.635,89.635,89.635,100
204,89.67,89.67,89.62,89.62,2200
205,89.68,89.68,89.68,89.68,300
206,89.74,89.74,89.7,89.7,2600
207,89.72,89.74,89.72,89.73,2490
208,89.71,89.72,89.71,89.72,900
209,89.725,89.725,89.71,89.72,1000
210,89.71,89.74,89.71,89.74,400
211,89.69,89.725,89.69,89.725,1400
213,89.67,89.7,89.67,89.69,1900
214,89.61,89.68,89.61,89.67,950
215,89.6,89.6,89.59,89.59,300
216,89.61,89.62,89.61,89.62,200
217,89.62,89.62,89.61,89.61,3111
218,89.585,89.615,89.57,89.61,2606
219,89.59,89.6,89.57,89.58,2000
220,89.54,89.57,89.54,89.57,300
221,89.57,89.58,89.56,89.57,1000
222,89.56,89.57,89.56,89.56,800
223,89.5,89.55,89.5,89.55,1300
224,89.49,89.5,89.46,89.5,500
225,89.485,89.5,89.485,89.5,1400
226,89.52,89.52,89.47,89.47,1700
227,89.47,89.52,89.47,89.52,1000
228,89.45,89.47,89.44,89.46,865
229,89.46,89.46,89.43,89.43,900
230,89.43,89.45,89.43,89.45,600
231,89.49,89.49,89.44,89.45,1900
232,89.49,89.5,89.49,89.49,1153
233,89.51,89.52,89.49,89.49,2000
234,89.52,89.54,89.51,89.54,1300
235,89.5,89.52,89.5,89.52,200
236,89.49,89.5,89.48,89.5,1000
237,89.47,89.49,89.47,89.49,900
238,89.47,89.48,89.45,89.48,2600
239,89.48,89.49,89.47,89.48,900
240,89.47,89.48,89.47,89.48,600
241,89.48,89.48,89.46,89.48,600
242,89.5,89.5,89.44,89.47,3500
243,89.525,89.525,89.52,89.52,200
244,89.53,89.55,89.53,89.53,2750
245,89.54,89.54,89.54,89.54,100
246,89.48,89.55,89.48,89.54,1400
247,89.49,89.49,89.47,89.47,300
248,89.51,89.52,89.5,89.5,800
249,89.51,89.51,89.48,89.495,2700
250,89.52,89.52,89.52,89.52,100
251,89.51,89.53,89.51,89.53,600
252,89.58,89.58,89.53,89.53,1800
253,89.58,89.58,89.58,89.58,100
254,89.6,89.6,89.6,89.6,400
255,89.63,89.65,89.61,89.61,3750
256,89.66,89.665,89.645,89.66,900
257,89.63,89.66,89.63,89.66,1800
258,89.66,89.67,89.64,89.65,3261
259,89.73,89.73,89.68,89.68,1700
260,89.7,89.715,89.7,89.71,700
262,89.72,89.72,89.7,89.7001,488
263,89.76,89.76,89.724,89.724,200
264,89.73,89.73,89.73,89.73,100
265,89.77,89.77,89.72,89.72,1300
266,89.695,89.74,89.695,89.74,2138
267,89.68,89.7,89.65,89.7,400
268,89.65,89.66,89.65,89.66,300
269,89.71,89.71,89.66,89.66,1301
270,89.692,89.71,89.692,89.71,300
271,89.68,89.69,89.66,89.69,700
272,89.63,89.71,89.63,89.67,3801
273,89.643,89.66,89.63,89.63,2451
274,89.62,89.64,89.59,89.64,1300
276,89.56,89.5933,89.525,89.59,2000
277,89.53,89.58,89.53,89.58,900
278,89.53,89.53,89.49,89.49,600
279,89.52,89.52,89.51,89.51,200
280,89.49,89.52,89.49,89.5,300
281,89.55,89.55,89.49,89.49,860
282,89.52,89.54,89.52,89.54,200
283,89.48,89.52,89.48,89.52,900
284,89.45,89.47,89.45,89.47,400
285,89.4,89.47,89.3866,89.45,6713
286,89.39,89.45,89.38,89.42,6767
287,89.36,89.4015,89.36,89.4015,1100
288,89.41,89.41,89.38,89.4,1623
289,89.38,89.42,89.38,89.405,769
290,89.42,89.42,89.37,89.391,2150
291,89.43,89.45,89.43,89.43,1300
292,89.42,89.47,89.42,89.46,1700
293,89.47,89.49,89.42,89.42,1400
294,89.4401,89.4767,89.44,89.4767,600
295,89.39,89.44,89.39,89.44,700
296,89.39,89.39,89.35,89.36,2100
297,89.44,89.44,89.4,89.4,750
298,89.49,89.5,89.47,89.47,400
299,89.475,89.5,89.475,89.5,1000
300,89.48,89.48,89.47,89.47,600
301,89.43,89.46,89.43,89.46,645
302,89.46,89.47,89.44,89.44,1066
303,89.48,89.48,89.47,89.47,500
304,89.46,89.48,89.46,89.47,1200
305,89.45,89.48,89.45,89.45,537
306,89.46,89.47,89.45,89.46,8704
307,89.445,89.46,89.4401,89.46,1000
308,89.48,89.48,89.41,89.42,2598
309,89.45,89.489,89.45,89.47,1000
310,89.45,89.45,89.44,89.44,400
311,89.48,89.49,89.44,89.45,3187
312,89.419,89.47,89.41,89.47,500
313,89.38,89.41,89.38,89.4,300
314,89.35,89.36,89.31,89.36,1734
315,89.35,89.37,89.33,89.34,1600
316,89.34,89.35,89.34,89.35,400
317,89.32,89.35,89.32,89.33,800
318,89.279,89.31,89.25,89.31,2898
319,89.26,89.26,89.23,89.26,600
320,89.219,89.27,89.21,89.24,1310
321,89.21,89.225,89.21,89.21,400
322,89.19,89.2,89.18,89.18,1390
323,89.13,89.18,89.13,89.18,1300
324,89.17,89.17,89.1,89.14,3247
325,89.19,89.2,89.16,89.16,2650
327,89.24,89.24,89.2,89.21,700
328,89.22,89.22,89.2,89.22,2777
329,89.22,89.2293,89.2,89.22,2200
330,89.2,89.22,89.2,89.22,1800
331,89.22,89.24,89.21,89.21,2635
332,89.3,89.3,89.22,89.22,3000
333,89.27,89.3,89.27,89.3,1300
334,89.27,89.28,89.27,89.28,300
335,89.24,89.28,89.24,89.27,3140
336,89.24,89.25,89.24,89.25,1246
337,89.21,89.23,89.2,89.23,2220
338,89.23,89.25,89.21,89.22,1200
339,89.25,89.29,89.24,89.25,2823
340,89.25,89.25,89.24,89.24,700
341,89.244,89.26,89.244,89.25,1855
342,89.263,89.27,89.25,89.25,2200
343,89.26,89.29,89.26,89.29,2014
344,89.28,89.28,89.255,89.26,2000
345,89.23,89.28,89.23,89.28,2300
346,89.245,89.245,89.22,89.22,2309
347,89.21,89.24,89.2,89.24,1501
348,89.24,89.24,89.2,89.21,1800
349,89.22,89.23,89.22,89.23,600
350,89.21,89.23,89.2,89.22,4748
351,89.17,89.22,89.17,89.21,5177
352,89.13,89.17,89.12,89.17,5893
353,89.13,89.17,89.13,89.14,3001
354,89.13,89.14,89.12,89.13,1600
355,89.14,89.15,89.11,89.11,2895
356,89.14,89.1425,89.1201,89.13,1900
357,89.1,89.135,89.1,89.135,2500
358,89.1185,89.1185,89.08,89.09,835
359,89.1,89.1,89.08,89.1,1100
360,89.04,89.09,89.04,89.09,6125
361,89.01,89.05,89.005,89.03,1050
362,88.95,89,88.93,89,5216
363,88.96,88.98,88.93,88.94,4350
364,88.97,88.97,88.95,88.96,1800
365,88.99,88.99,88.96,88.97,3572
366,89,89.01,88.97,88.99,3598
367,89.03,89.03,88.98,88.99,3629
368,89.03,89.06,89.02,89.03,1900
369,89.02,89.03,88.99,89.03,2100
370,89.03,89.04,89.02,89.02,1600
371,88.99,89.02,88.99,89.01,3580
372,88.985,88.99,88.97,88.99,2782
373,88.91,88.98,88.87,88.98,4650
374,88.92,88.93,88.91,88.91,3847
375,88.88,88.95,88.88,88.92,4656
376,88.93,88.94,88.89,88.89,3600
377,88.98,88.98,88.93,88.93,2000
378,88.94,88.98,88.94,88.97,4271
379,88.95,88.96,88.9275,88.94,6300
380,88.96,88.96,88.94,88.96,1597
381,88.94,88.97,88.94,88.955,10164
382,88.9503,88.97,88.95,88.95,3105
383,88.97,88.97,88.95,88.955,5650
384,89,89,88.96,88.96,5619
385,89.01,89.035,88.98,88.99,6566
386,89.07,89.07,89.02,89.02,7985
387,89.05,89.079,89.05,89.06,5116
388,89.07,89.08,89.04,89.04,7184
389,89.07,89.089,89.045,89.065,10785
390,89.055,89.1,89.05,89.08,10841
