NRG,NRG Energy,Utilities,11,Independent Power Producers & Energy Traders,5648457447,5213235
a1492608660,18.62,18.62,18.44,18.47,41057
1,18.62,18.63,18.6,18.61,1600
2,18.535,18.62,18.53,18.6,6099
3,18.51,18.53,18.5,18.53,4746
4,18.44,18.53,18.44,18.51,6100
5,18.41,18.44,18.4,18.42,11536
6,18.43,18.43,18.41,18.41,14013
7,18.435,18.445,18.43,18.435,5105
8,18.44,18.45,18.435,18.44,3500
9,18.445,18.455,18.435,18.44,11415
10,18.435,18.445,18.43,18.445,2900
11,18.46,18.48,18.44,18.44,7635
12,18.445,18.48,18.435,18.46,11905
13,18.43,18.445,18.42,18.44,6805
14,18.45,18.46,18.43,18.43,6135
15,18.43,18.45,18.415,18.45,7193
16,18.41,18.44,18.41,18.43,10139
17,18.41,18.42,18.41,18.415,4034
18,18.435,18.435,18.4,18.41,2248
19,18.43,18.43,18.42,18.43,3810
20,18.465,18.465,18.43,18.43,7563
21,18.47,18.48,18.46,18.46,4400
22,18.465,18.47,18.465,18.47,300
23,18.465,18.47,18.46,18.47,2500
24,18.52,18.52,18.47,18.47,4100
25,18.52,18.52,18.51,18.51,3300
26,18.535,18.535,18.51,18.515,7700
27,18.535,18.535,18.535,18.535,100
28,18.55,18.55,18.52,18.54,7800
29,18.58,18.58,18.545,18.545,5100
30,18.58,18.585,18.57,18.585,4600
31,18.58,18.58,18.575,18.58,1224
32,18.58,18.58,18.575,18.58,700
33,18.59,18.59,18.57,18.575,6700
34,18.59,18.605,18.59,18.59,6694
35,18.61,18.61,18.59,18.595,6993
36,18.63,18.65,18.605,18.61,20347
37,18.63,18.64,18.62,18.635,6529
38,18.621,18.63,18.621,18.63,2065
39,18.595,18.635,18.59,18.63,35670
40,18.585,18.6,18.585,18.595,9400
41,18.59,18.6,18.59,18.595,3630
42,18.59,18.59,18.585,18.59,906
43,18.58,18.59,18.58,18.585,700
44,18.57,18.59,18.56,18.585,10017
45,18.59,18.59,18.565,18.565,3200
46,18.59,18.59,18.583,18.59,2610
47,18.6,18.6,18.58,18.58,2300
48,18.595,18.595,18.595,18.595,100
49,18.6,18.6,18.59,18.59,3900
50,18.6,18.6,18.5999,18.6,2600
51,18.62,18.62,18.6,18.6,2000
52,18.6,18.615,18.59,18.615,12000
53,18.6,18.6,18.595,18.595,400
54,18.6,18.6,18.59,18.59,200
55,18.57,18.6,18.57,18.6,8299
56,18.57,18.585,18.57,18.57,3700
57,18.58,18.58,18.57,18.575,1000
58,18.58,18.58,18.57,18.57,6286
59,18.58,18.58,18.58,18.58,100
60,18.59,18.595,18.58,18.58,9100
61,18.59,18.6,18.585,18.59,5801
62,18.58,18.59,18.57,18.59,6771
63,18.58,18.58,18.555,18.575,6349
64,18.58,18.59,18.57,18.58,5300
65,18.58,18.58,18.575,18.58,800
66,18.57,18.58,18.565,18.58,3133
67,18.56,18.565,18.5489,18.565,7800
68,18.56,18.56,18.555,18.555,1000
69,18.55,18.56,18.545,18.555,4911
70,18.54,18.545,18.535,18.5425,2900
71,18.51,18.535,18.51,18.535,7358
72,18.505,18.51,18.5,18.51,18652
73,18.525,18.525,18.505,18.51,17717
74,18.51,18.525,18.51,18.52,2700
75,18.54,18.54,18.5,18.51,11990
76,18.55,18.56,18.54,18.54,6019
77,18.555,18.565,18.545,18.545,5964
78,18.55,18.55,18.545,18.55,2100
79,18.52,18.55,18.52,18.545,4813
80,18.5,18.53,18.5,18.525,2300
81,18.5,18.51,18.5,18.51,1400
82,18.5,18.51,18.5,18.505,800
83,18.53,18.53,18.5,18.5,8667
84,18.525,18.53,18.52,18.53,1500
85,18.52,18.54,18.52,18.53,5485
86,18.52,18.525,18.515,18.525,2339
87,18.515,18.52,18.515,18.515,400
88,18.51,18.52,18.505,18.515,8297
89,18.505,18.51,18.505,18.51,3882
90,18.505,18.51,18.5,18.505,2200
91,18.51,18.51,18.5,18.505,1700
92,18.51,18.51,18.51,18.51,300
93,18.5,18.525,18.48,18.51,67431
94,18.495,18.5,18.495,18.5,6600
95,18.485,18.495,18.48,18.49,8440
96,18.475,18.485,18.45,18.48,22414
97,18.48,18.48,18.47,18.48,2800
98,18.475,18.48,18.47,18.475,2501
99,18.49,18.49,18.475,18.475,4625
100,18.48,18.485,18.47,18.485,5500
101,18.49,18.49,18.48,18.48,7914
102,18.49,18.49,18.49,18.49,2000
103,18.47,18.49,18.47,18.49,9004
104,18.48,18.49,18.47,18.475,6414
105,18.48,18.48,18.47,18.475,1200
106,18.46,18.48,18.46,18.48,8532
107,18.46,18.46,18.445,18.45,3800
108,18.45,18.46,18.45,18.45,3826
109,18.44,18.45,18.435,18.45,3100
110,18.435,18.44,18.43,18.44,1400
111,18.435,18.44,18.43,18.44,600
112,18.415,18.44,18.41,18.44,8531
113,18.415,18.425,18.41,18.42,14615
114,18.44,18.44,18.405,18.415,12083
115,18.44,18.445,18.435,18.44,7496
116,18.45,18.46,18.44,18.44,4996
117,18.47,18.47,18.45,18.45,15990
118,18.47,18.47,18.465,18.47,3252
119,18.465,18.47,18.46,18.46,5903
120,18.465,18.47,18.4525,18.46,6155
121,18.47,18.47,18.46,18.47,1200
122,18.485,18.495,18.47,18.47,13179
123,18.475,18.49,18.475,18.48,10600
124,18.48,18.48,18.47,18.475,3163
125,18.48,18.48,18.47,18.47,1204
126,18.47,18.47,18.465,18.47,4815
127,18.46,18.47,18.46,18.47,2300
128,18.4553,18.465,18.45,18.465,1600
129,18.445,18.45,18.44,18.45,2000
130,18.435,18.445,18.435,18.445,5300
131,18.43,18.44,18.43,18.435,2400
132,18.42,18.43,18.42,18.43,5294
133,18.43,18.43,18.41,18.41,9800
134,18.43,18.43,18.43,18.43,1500
135,18.415,18.43,18.41,18.43,5322
136,18.405,18.42,18.4,18.42,2431
137,18.42,18.42,18.4,18.41,13963
138,18.42,18.42,18.41,18.42,2290
139,18.4,18.415,18.4,18.415,2600
140,18.44,18.445,18.405,18.405,17707
141,18.44,18.445,18.44,18.44,5000
142,18.42,18.44,18.42,18.44,6842
143,18.43,18.43,18.425,18.43,1500
144,18.425,18.425,18.42,18.42,700
145,18.42,18.425,18.42,18.42,1700
146,18.41,18.425,18.405,18.42,4768
147,18.395,18.41,18.395,18.405,4710
148,18.395,18.4,18.395,18.395,8690
149,18.39,18.4,18.39,18.4,4431
150,18.39,18.39,18.385,18.39,2262
151,18.38,18.39,18.37,18.39,4189
152,18.38,18.38,18.38,18.38,1000
153,18.415,18.415,18.38,18.38,13813
154,18.41,18.42,18.405,18.415,10864
155,18.41,18.422,18.41,18.41,7924
156,18.42,18.42,18.405,18.41,4236
157,18.405,18.425,18.4,18.42,8463
158,18.4,18.4,18.4,18.4,900
159,18.365,18.4,18.36,18.4,11602
160,18.35,18.365,18.35,18.365,1200
161,18.34,18.35,18.33,18.35,12076
162,18.36,18.36,18.335,18.34,6541
163,18.36,18.37,18.3401,18.36,14348
164,18.325,18.36,18.32,18.355,10615
165,18.305,18.325,18.3,18.325,19869
166,18.31,18.32,18.305,18.31,14636
167,18.305,18.31,18.3,18.3,3900
168,18.315,18.32,18.295,18.3,24509
169,18.31,18.32,18.31,18.315,3525
170,18.31,18.31,18.305,18.31,800
171,18.325,18.325,18.305,18.31,21934
172,18.3,18.325,18.3,18.325,6698
173,18.3,18.3,18.295,18.3,1478
174,18.29,18.295,18.29,18.29,3552
175,18.305,18.31,18.28,18.295,11836
176,18.3,18.31,18.295,18.31,1900
177,18.2957,18.3,18.2957,18.3,1500
178,18.275,18.3,18.27,18.3,8239
179,18.28,18.3,18.275,18.28,7611
180,18.275,18.285,18.275,18.285,5867
181,18.29,18.29,18.27,18.275,47163
182,18.3,18.3,18.29,18.29,1510
183,18.29,18.3,18.29,18.3,2800
184,18.29,18.29,18.29,18.29,500
185,18.3,18.305,18.29,18.29,9149
186,18.3,18.3,18.295,18.3,3200
187,18.29,18.3,18.285,18.29,13804
188,18.285,18.295,18.28,18.29,3593
189,18.29,18.295,18.28,18.28,2400
190,18.285,18.285,18.28,18.28,2217
191,18.28,18.285,18.28,18.285,1800
192,18.29,18.295,18.28,18.285,8595
193,18.2839,18.29,18.2839,18.29,800
194,18.235,18.28,18.235,18.28,15645
195,18.235,18.235,18.225,18.23,2957
196,18.215,18.23,18.21,18.23,11815
197,18.19,18.215,18.19,18.21,11374
198,18.19,18.195,18.185,18.19,6500
199,18.185,18.19,18.18,18.19,7900
200,18.18,18.19,18.1744,18.185,7074
201,18.185,18.195,18.18,18.185,11183
202,18.18,18.19,18.17,18.19,5090
203,18.195,18.2,18.18,18.18,6795
204,18.2,18.2,18.19,18.2,1600
205,18.21,18.21,18.195,18.2,6906
206,18.185,18.205,18.185,18.2,6058
207,18.19,18.19,18.19,18.19,900
208,18.2,18.205,18.185,18.185,6880
209,18.175,18.21,18.175,18.21,35463
210,18.19,18.19,18.175,18.18,14037
211,18.18,18.185,18.17,18.18,8453
212,18.155,18.175,18.15,18.17,8283
213,18.14,18.155,18.13,18.15,8800
214,18.125,18.1375,18.12,18.13,17152
215,18.125,18.13,18.12,18.12,3300
216,18.12,18.13,18.11,18.125,16264
217,18.115,18.12,18.1144,18.12,11800
218,18.085,18.12,18.08,18.115,55061
219,18.09,18.095,18.065,18.09,28561
220,18.09,18.09,18.07,18.08,33544
221,18.095,18.1,18.0864,18.09,10977
222,18.1,18.1,18.09,18.095,1700
223,18.08,18.0999,18.075,18.095,24845
224,18.09,18.09,18.08,18.08,4536
225,18.08,18.085,18.08,18.0844,800
226,18.09,18.095,18.075,18.08,17178
227,18.09,18.095,18.09,18.095,3135
228,18.1,18.1,18.085,18.09,8948
229,18.0964,18.0964,18.09,18.095,2701
230,18.095,18.1,18.09,18.09,7738
231,18.1,18.1,18.09,18.09,1300
232,18.13,18.13,18.09,18.09,25469
233,18.125,18.14,18.125,18.13,6888
234,18.11,18.125,18.11,18.125,15500
235,18.115,18.115,18.11,18.1146,1000
236,18.11,18.115,18.11,18.11,700
237,18.115,18.115,18.11,18.11,5620
238,18.115,18.12,18.11,18.115,3936
239,18.11,18.13,18.11,18.11,59913
240,18.095,18.115,18.09,18.115,72233
241,18.09,18.095,18.09,18.09,2038
242,18.09,18.1,18.08,18.09,23427
243,18.095,18.0957,18.09,18.09,8837
244,18.075,18.1,18.07,18.09,74296
245,18.07,18.075,18.065,18.07,23170
246,18.075,18.075,18.07,18.07,3600
247,18.075,18.077,18.07,18.07,1650
248,18.07,18.075,18.07,18.07,14846
249,18.07,18.075,18.07,18.07,2700
250,18.07,18.075,18.065,18.075,20184
251,18.075,18.08,18.07,18.07,6704
252,18.075,18.08,18.07,18.075,7389
253,18.08,18.08,18.07,18.08,15500
254,18.08,18.08,18.07,18.075,38400
255,18.08,18.08,18.07,18.075,6596
256,18.075,18.08,18.07,18.07,1811
257,18.035,18.075,18.035,18.075,27696
258,18.03,18.035,18.03,18.035,3726
259,18.02,18.025,18.02,18.02,5748
260,18.025,18.03,18.02,18.025,13857
261,18.02,18.03,18.02,18.03,10100
262,18.03,18.035,18.02,18.03,25534
263,18.03,18.03,18.02,18.03,3520
264,18.03,18.03,18.025,18.03,2000
265,18.03,18.05,18.03,18.03,20899
266,17.99,18.025,17.98,18.025,42085
267,17.99,17.99,17.98,17.99,6500
268,18,18,17.98,17.99,19400
269,17.995,18,17.99,18,11712
270,17.99,18,17.99,18,44428
271,18,18,17.98,17.99,12457
272,17.985,18,17.98,18,5200
273,17.97,17.985,17.97,17.985,16222
274,17.975,17.98,17.965,17.97,10100
275,17.99,18,17.975,17.98,9524
276,17.99,18,17.98,18,8751
277,18,18.01,17.99,17.99,12210
278,18,18,17.99,18,1165
279,18.01,18.01,18,18,3805
280,18.03,18.03,18.01,18.01,5300
281,18.025,18.03,18.015,18.03,12934
282,18.025,18.025,18.02,18.02,1344
283,18.05,18.05,18.025,18.03,6600
284,18.04,18.05,18.04,18.05,3789
285,18,18.035,18,18.03,15078
286,17.995,18,17.995,18,755
287,18,18.01,18,18,4739
288,18.02,18.02,18.005,18.005,4868
289,18.02,18.02,18.01,18.02,7753
290,17.995,18.02,17.99,18.02,20655
291,17.99,18,17.99,17.9937,3004
292,17.9943,18,17.99,17.995,3366
293,18,18,17.99,17.99,1200
294,17.99,18,17.99,17.9957,5964
295,18,18,17.99,17.99,3453
296,18.02,18.02,17.9925,18,12055
297,18.02,18.02,18.01,18.02,8655
298,18.02,18.02,18.015,18.02,2400
299,18.015,18.02,18.0125,18.02,4080
300,18.005,18.02,18,18.01,19395
301,18,18.01,18,18.005,2600
302,18,18.01,18,18,10564
303,17.96,18.005,17.95,18.005,20149
304,17.985,17.985,17.96,17.96,11093
305,18,18,17.98,17.98,10669
306,17.985,18,17.985,17.995,6600
307,18.005,18.01,17.98,17.98,21152
308,17.98,18.01,17.98,18.01,8000
309,17.98,17.985,17.98,17.985,200
310,17.975,17.985,17.975,17.98,4802
311,17.97,17.975,17.955,17.97,10361
312,17.98,17.98,17.97,17.97,1400
313,17.98,17.98,17.97,17.97,2200
314,17.96,17.98,17.96,17.975,22391
315,17.965,17.97,17.96,17.96,3200
316,17.97,17.97,17.965,17.965,800
317,17.96,17.97,17.96,17.97,17872
318,17.96,17.965,17.95,17.96,15966
319,17.95,17.97,17.95,17.966,9596
320,17.92,17.945,17.92,17.94,9686
321,17.94,17.94,17.92,17.92,5646
322,17.95,17.955,17.935,17.94,16692
323,17.955,17.96,17.945,17.95,6859
324,17.96,17.96,17.95,17.95,1700
325,17.95,17.9599,17.95,17.9599,1267
326,17.955,17.96,17.95,17.955,1200
327,17.95,17.96,17.95,17.96,1200
328,17.945,17.96,17.94,17.96,12459
329,17.94,17.9495,17.94,17.945,6141
330,17.925,17.94,17.92,17.94,10180
331,17.925,17.94,17.92,17.92,19027
332,17.925,17.93,17.92,17.93,13337
333,17.925,17.925,17.92,17.9215,900
334,17.925,17.93,17.92,17.925,3606
335,17.905,17.925,17.9,17.921,37842
336,17.9,17.905,17.9,17.905,3688
337,17.915,17.915,17.9,17.9,27309
338,17.91,17.92,17.91,17.915,7929
339,17.915,17.92,17.91,17.92,5105
340,17.955,17.96,17.915,17.915,22661
341,17.955,17.955,17.95,17.95,2344
342,17.95,17.96,17.95,17.955,1500
343,17.951,17.96,17.95,17.955,4150
344,17.95,17.955,17.95,17.955,8161
345,17.96,17.96,17.945,17.945,17986
346,17.955,17.96,17.95,17.955,3540
347,17.955,17.96,17.95,17.955,5466
348,17.955,17.955,17.95,17.95,5100
349,17.945,17.955,17.94,17.955,11077
350,17.96,17.96,17.94,17.945,20071
351,17.965,17.965,17.955,17.96,14238
352,17.97,17.97,17.965,17.965,4857
353,17.99,17.99,17.965,17.965,18221
354,17.985,17.99,17.9825,17.99,800
355,17.99,17.99,17.98,17.98,3200
356,17.99,17.99,17.98,17.98,3711
357,17.975,17.985,17.97,17.985,36193
358,17.965,17.975,17.96,17.975,14608
359,17.95,17.965,17.95,17.9625,13116
360,17.94,17.95,17.94,17.95,20969
361,17.935,17.94,17.93,17.94,11874
362,17.945,17.95,17.93,17.935,33962
363,17.945,17.945,17.94,17.945,800
364,17.945,17.95,17.94,17.94,4700
365,17.95,17.95,17.93,17.945,23552
366,17.965,17.97,17.945,17.95,36590
367,17.965,17.97,17.96,17.965,17920
368,17.955,17.96,17.95,17.96,19582
369,17.93,17.955,17.93,17.955,19887
370,17.905,17.93,17.9,17.93,28817
371,17.92,17.92,17.9,17.9,24017
372,17.91,17.92,17.91,17.92,11794
373,17.905,17.915,17.905,17.91,10607
374,17.8911,17.91,17.89,17.905,26564
375,17.88,17.9,17.88,17.895,30973
376,17.9,17.91,17.88,17.88,35578
377,17.88,17.895,17.88,17.89,11830
378,17.875,17.89,17.875,17.885,24455
379,17.865,17.88,17.86,17.875,28003
380,17.865,17.87,17.86,17.87,27220
381,17.865,17.87,17.86,17.86,53225
382,17.885,17.89,17.86,17.86,86401
383,17.89,17.89,17.88,17.885,30740
384,17.88,17.89,17.88,17.885,42490
385,17.885,17.89,17.87,17.88,115595
386,17.88,17.89,17.87,17.88,76107
387,17.875,17.88,17.87,17.88,74927
388,17.875,17.88,17.87,17.875,57486
389,17.88,17.89,17.87,17.875,140648
