UHS,Universal Health Services Inc.,Health Care,5,Health Care Facilities,11329359186,727860
a1492608600,120.33,120.33,120.33,120.33,2288
2,120.4,120.4,120.4,120.4,100
3,120.38,120.38,120.38,120.38,100
5,120.32,120.32,120.32,120.32,100
6,120.31,120.31,120.25,120.25,600
7,120.37,120.37,120.21,120.21,800
8,120.31,120.41,120.31,120.41,200
9,120.39,120.39,120.32,120.32,300
11,120.44,120.44,120.34,120.34,700
12,120.39,120.485,120.36,120.41,1000
13,120.32,120.33,120.32,120.33,300
14,120.225,120.285,120.19,120.22,1500
16,120.33,120.33,120.2,120.2,900
17,120.57,120.57,120.39,120.39,1200
18,120.57,120.57,120.4,120.48,953
19,120.37,120.49,120.37,120.49,1411
20,120.2,120.2,120.2,120.2,100
21,120.44,120.44,120.27,120.27,1100
22,120.39,120.49,120.39,120.49,605
23,120.19,120.2833,120.19,120.2833,299
24,120.2,120.27,120.2,120.27,800
25,120.26,120.34,120.24,120.27,2500
26,120.26,120.4,120.26,120.36,800
27,120.395,120.395,120.27,120.27,600
28,120.29,120.29,120.25,120.27,500
29,120.25,120.25,120.24,120.25,2000
30,120.28,120.28,120.28,120.28,300
31,120.41,120.41,120.41,120.41,200
32,120.33,120.37,120.32,120.33,600
33,120.24,120.3,120.24,120.25,500
34,120.24,120.29,120.24,120.25,1030
35,120.38,120.38,120.28,120.28,1300
36,120.49,120.49,120.4,120.41,900
37,120.49,120.5,120.49,120.5,600
38,120.43,120.45,120.43,120.45,400
40,120.49,120.49,120.49,120.49,200
42,120.48,120.48,120.48,120.48,200
43,120.58,120.58,120.52,120.53,900
45,120.64,120.64,120.59,120.59,300
46,120.72,120.72,120.63,120.66,1237
47,120.8,120.8,120.72,120.72,500
48,120.88,120.88,120.76,120.86,1834
49,120.9,120.9,120.8,120.8,500
50,120.97,120.97,120.97,120.97,100
52,120.97,120.97,120.97,120.97,1000
53,120.99,120.99,120.96,120.96,800
54,120.89,120.92,120.89,120.92,1149
55,120.94,120.94,120.94,120.94,100
56,120.93,120.99,120.93,120.989,1100
58,120.78,120.9,120.78,120.86,900
59,120.805,120.805,120.805,120.805,100
60,120.84,120.85,120.7,120.82,1900
61,120.88,120.88,120.85,120.85,300
62,120.88,120.88,120.82,120.84,983
63,120.78,120.85,120.78,120.8,700
64,120.65,120.76,120.59,120.76,2000
65,120.67,120.69,120.65,120.65,500
66,120.68,120.68,120.58,120.58,700
67,120.6,120.6,120.6,120.6,300
68,120.57,120.57,120.5,120.5,900
69,120.62,120.62,120.62,120.62,100
70,120.46,120.55,120.45,120.55,700
72,120.36,120.49,120.36,120.49,892
73,120.52,120.52,120.47,120.47,500
74,120.47,120.47,120.47,120.47,100
75,120.44,120.45,120.44,120.45,400
76,120.38,120.39,120.38,120.39,200
77,120.36,120.43,120.36,120.42,700
78,120.3,120.3,120.3,120.3,100
79,120.27,120.28,120.27,120.28,600
80,120.37,120.43,120.29,120.34,2000
82,120.32,120.32,120.31,120.31,400
83,120.42,120.42,120.29,120.33,600
85,120.47,120.47,120.39,120.4,400
86,120.47,120.47,120.46,120.46,200
87,120.48,120.56,120.46,120.46,1400
88,120.47,120.57,120.47,120.56,1200
89,120.4,120.43,120.39,120.43,500
90,120.3,120.3,120.3,120.3,100
91,120.46,120.46,120.325,120.36,400
92,120.54,120.54,120.4,120.41,1500
93,120.5,120.5,120.47,120.48,300
94,120.37,120.43,120.37,120.43,600
95,120.42,120.42,120.42,120.42,300
96,120.53,120.54,120.44,120.44,1500
97,120.52,120.54,120.43,120.53,2300
98,120.45,120.59,120.43,120.55,1200
99,120.52,120.56,120.445,120.445,1300
101,120.53,120.53,120.48,120.48,600
102,120.44,120.48,120.44,120.48,500
103,120.5,120.5,120.45,120.4775,500
104,120.55,120.55,120.51,120.51,600
105,120.53,120.62,120.53,120.56,1100
106,120.46,120.53,120.46,120.53,400
107,120.425,120.46,120.425,120.46,200
109,120.41,120.49,120.34,120.44,1700
110,120.35,120.35,120.35,120.35,100
111,120.39,120.39,120.34,120.39,900
113,120.24,120.31,120.24,120.31,800
114,120.16,120.25,120.16,120.25,600
115,120.2,120.22,120.175,120.175,700
116,120.18,120.23,120.18,120.23,200
117,120.12,120.12,120.12,120.12,100
118,120.23,120.245,120.04,120.1,3815
119,120.28,120.28,120.23,120.23,1100
120,120.45,120.45,120.28,120.28,500
121,120.45,120.49,120.45,120.49,200
122,120.23,120.42,120.23,120.42,1300
123,120.535,120.62,120.31,120.31,3700
125,120.45,120.55,120.45,120.55,1462
126,120.44,120.46,120.44,120.46,1094
127,120.5,120.54,120.44,120.48,1300
128,120.6301,120.6301,120.59,120.59,400
130,120.65,120.76,120.65,120.65,1200
131,120.52,120.65,120.52,120.65,1600
132,120.46,120.46,120.46,120.46,100
133,120.5,120.56,120.47,120.47,1200
135,120.39,120.44,120.39,120.44,500
136,120.4,120.4,120.33,120.35,800
137,120.4,120.47,120.4,120.47,300
138,120.56,120.56,120.425,120.425,1000
139,120.61,120.61,120.61,120.61,100
141,120.55,120.61,120.55,120.61,300
142,120.5,120.54,120.5,120.53,500
145,120.57,120.63,120.55,120.58,700
147,120.48,120.51,120.48,120.5,300
148,120.47,120.47,120.47,120.47,300
149,120.41,120.46,120.41,120.46,400
150,120.4,120.4,120.4,120.4,100
151,120.48,120.48,120.33,120.33,1812
152,120.445,120.445,120.445,120.445,100
154,120.42,120.5,120.42,120.46,1000
156,120.3,120.36,120.3,120.36,800
157,120.202,120.202,120.202,120.202,301
158,120.53,120.53,120.255,120.29,2400
159,120.43,120.43,120.43,120.43,300
160,120.4,120.4,120.4,120.4,200
161,120.24,120.24,120.24,120.24,100
162,120.3475,120.38,120.28,120.3,1900
163,120.38,120.38,120.38,120.38,100
167,120.415,120.44,120.38,120.44,1600
168,120.35,120.35,120.32,120.34,900
169,120.33,120.33,120.33,120.33,100
170,120.32,120.32,120.32,120.32,100
171,120.365,120.42,120.28,120.28,2400
172,120.5,120.5,120.42,120.42,200
173,120.4,120.43,120.4,120.43,701
175,120.44,120.44,120.43,120.43,200
177,120.49,120.49,120.49,120.49,100
178,120.41,120.41,120.41,120.41,100
179,120.37,120.39,120.37,120.39,300
181,120.44,120.44,120.37,120.38,700
182,120.34,120.34,120.34,120.34,200
183,120.31,120.31,120.31,120.31,100
184,120.26,120.26,120.26,120.26,100
185,120.39,120.39,120.285,120.31,1246
186,120.39,120.46,120.39,120.4,500
187,120.46,120.46,120.38,120.43,800
188,120.38,120.38,120.36,120.36,800
189,120.44,120.44,120.44,120.44,100
190,120.38,120.44,120.38,120.43,500
191,120.45,120.45,120.37,120.41,601
192,120.39,120.42,120.39,120.42,200
193,120.42,120.43,120.42,120.43,400
194,120.38,120.43,120.38,120.43,400
195,120.41,120.41,120.32,120.36,900
196,120.31,120.35,120.27,120.3,2090
197,120.37,120.37,120.34,120.37,400
198,120.28,120.38,120.28,120.38,4600
199,120.26,120.295,120.25,120.26,2200
200,120.25,120.31,120.25,120.3,3040
201,120.13,120.24,120.13,120.24,2000
202,120.18,120.23,120.17,120.17,1600
203,120.045,120.2,120.045,120.2,1950
204,120.18,120.22,120.1025,120.13,1300
205,120.23,120.23,120.23,120.23,100
206,120.3,120.3,120.23,120.26,900
208,120.23,120.23,120.23,120.23,200
212,120.32,120.38,120.28,120.28,1500
213,120.29,120.32,120.29,120.32,2200
214,120.24,120.3,120.24,120.29,1800
215,120.2,120.33,120.2,120.28,1600
216,120.24,120.25,120.19,120.19,1000
217,120.37,120.37,120.29,120.3,1925
218,120.3,120.33,120.21,120.33,1700
220,120.3,120.31,120.3,120.31,328
222,120.18,120.26,120.18,120.26,500
223,120.28,120.28,120.2,120.21,1800
224,120.355,120.36,120.275,120.275,900
225,120.36,120.39,120.36,120.39,799
226,120.38,120.38,120.31,120.33,400
227,120.39,120.45,120.39,120.45,300
228,120.32,120.32,120.32,120.32,100
229,120.2789,120.29,120.22,120.24,1300
230,120.31,120.31,120.31,120.31,100
232,120.205,120.345,120.205,120.33,1000
234,120.2,120.27,120.2,120.27,1000
235,120.19,120.19,120.19,120.19,100
236,120.17,120.18,120.17,120.17,300
237,120.11,120.11,120.1,120.11,300
238,120.07,120.11,120.07,120.08,400
239,120.13,120.13,120.11,120.12,400
240,120.15,120.15,120.15,120.15,100
242,120.25,120.25,120.2,120.2,400
245,120.17,120.25,120.17,120.25,992
246,120.16,120.16,120.15,120.15,500
247,120.22,120.22,120.22,120.22,200
250,120.22,120.26,120.22,120.26,200
251,120.16,120.22,120.16,120.22,400
252,120.19,120.25,120.17,120.17,600
254,120.2,120.2,120.17,120.17,200
255,120.2,120.2,120.2,120.2,200
256,120.32,120.32,120.27,120.27,600
258,120.37,120.37,120.31,120.31,400
259,120.42,120.42,120.37,120.37,300
261,120.39,120.39,120.36,120.36,230
262,120.49,120.49,120.36,120.36,800
265,120.445,120.475,120.43,120.45,2641
266,120.38,120.44,120.38,120.44,2051
267,120.34,120.38,120.32,120.34,2400
269,120.51,120.51,120.43,120.46,900
270,120.4,120.46,120.36,120.46,1812
271,120.43,120.44,120.43,120.44,401
272,120.51,120.51,120.47,120.48,900
274,120.38,120.48,120.38,120.48,1300
275,120.38,120.4,120.35,120.35,700
276,120.32,120.37,120.32,120.37,1072
277,120.4,120.42,120.32,120.32,1500
278,120.4,120.4,120.39,120.39,200
279,120.37,120.43,120.37,120.43,300
280,120.41,120.46,120.41,120.42,700
281,120.46,120.46,120.46,120.46,200
284,120.4472,120.4472,120.4472,120.4472,160
286,120.2889,120.42,120.27,120.42,629
287,120.34,120.34,120.2775,120.29,605
288,120.45,120.46,120.405,120.41,818
289,120.41,120.47,120.41,120.47,800
290,120.39,120.39,120.39,120.39,100
291,120.38,120.4,120.34,120.4,600
292,120.3,120.3,120.3,120.3,300
293,120.36,120.36,120.3,120.3,300
294,120.4,120.4,120.39,120.39,200
295,120.32,120.39,120.32,120.39,624
296,120.32,120.32,120.275,120.31,400
298,120.48,120.48,120.33,120.38,500
300,120.44,120.495,120.44,120.49,1100
301,120.35,120.5,120.35,120.5,500
303,120.34,120.4,120.34,120.4,304
304,120.36,120.36,120.34,120.34,300
305,120.4,120.41,120.36,120.37,1100
306,120.39,120.4,120.39,120.39,400
307,120.4,120.4,120.4,120.4,100
308,120.49,120.49,120.41,120.41,1700
309,120.44,120.45,120.42,120.45,900
310,120.49,120.49,120.47,120.47,400
311,120.514,120.514,120.512,120.512,200
312,120.48,120.52,120.48,120.52,600
313,120.47,120.495,120.46,120.46,500
314,120.46,120.46,120.46,120.46,100
315,120.42,120.42,120.39,120.39,200
316,120.46,120.46,120.45,120.45,400
317,120.483,120.483,120.483,120.483,100
318,120.42,120.42,120.42,120.42,100
322,120.36,120.46,120.36,120.46,200
323,120.32,120.32,120.32,120.32,100
325,120.3,120.3,120.3,120.3,200
326,120.25,120.31,120.25,120.285,462
327,120.395,120.4,120.285,120.33,2062
328,120.37,120.43,120.37,120.4,1200
329,120.34,120.35,120.33,120.33,310
330,120.32,120.32,120.32,120.32,200
331,120.28,120.32,120.28,120.3,900
332,120.3,120.32,120.29,120.29,600
333,120.32,120.34,120.3075,120.33,876
334,120.37,120.38,120.29,120.3069,2200
336,120.41,120.41,120.37,120.37,900
337,120.34,120.35,120.34,120.34,400
339,120.365,120.39,120.34,120.36,900
340,120.37,120.4,120.37,120.4,200
341,120.4,120.44,120.33,120.36,1100
342,120.38,120.38,120.38,120.38,300
343,120.33,120.39,120.33,120.39,1200
344,120.33,120.33,120.33,120.33,200
345,120.28,120.28,120.28,120.28,100
346,120.31,120.31,120.24,120.27,1100
347,120.34,120.35,120.3,120.32,700
348,120.47,120.47,120.38,120.38,400
349,120.45,120.492,120.45,120.492,200
350,120.5,120.5,120.5,120.5,100
351,120.54,120.57,120.533,120.533,400
352,120.44,120.53,120.44,120.53,1000
353,120.522,120.522,120.49,120.49,500
354,120.52,120.52,120.49,120.52,610
355,120.55,120.55,120.52,120.54,600
356,120.47,120.54,120.47,120.54,1400
357,120.45,120.504,120.44,120.504,700
358,120.46,120.465,120.43,120.43,500
359,120.53,120.53,120.46,120.46,800
360,120.43,120.48,120.43,120.48,2100
361,120.37,120.46,120.37,120.46,1416
362,120.36,120.36,120.35,120.36,300
363,120.36,120.41,120.31,120.36,4528
364,120.36,120.36,120.36,120.36,100
365,120.33,120.37,120.33,120.37,541
366,120.3,120.31,120.29,120.31,500
367,120.21,120.308,120.21,120.3,3700
368,120.21,120.22,120.18,120.19,1000
369,120.18,120.18,120.11,120.17,1100
370,120.23,120.23,120.19,120.21,800
371,120.14,120.21,120.14,120.21,2000
372,120.15,120.15,120.13,120.13,500
373,120.01,120.135,120.01,120.13,2100
374,120.03,120.03,120,120.03,711
375,119.99,120.12,119.99,120.06,2500
376,120,120.03,119.95,120.02,2100
377,120.075,120.08,119.99,120,2010
378,120.06,120.1,120.05,120.09,2327
379,120.13,120.13,120.07,120.07,600
380,120.16,120.16,120.06,120.13,3201
381,120.06,120.18,120.02,120.14,4461
382,120.12,120.12,120.04,120.07,1400
383,120.11,120.11,120.09,120.09,1967
384,120.03,120.1,120.03,120.1,2283
385,120.09,120.1,120.01,120.01,4574
386,120.075,120.1,120.02,120.09,7553
387,120.013,120.08,120,120.08,2151
388,120,120.01,119.97,120,4258
389,120.01,120.04,119.98,120.01,3494
390,120.09,120.11,119.98,120.01,11223
