UNH,United Health Group Inc.,Health Care,5,Managed Health Care,164597396709,3717895
a1492608600,169.83,169.83,169.59,169.59,5100
1,169.88,169.88,169.67,169.67,3669
2,169.82,169.84,169.51,169.51,138102
3,169.71,169.77,169.56,169.71,23224
4,169.88,169.88,169.75,169.8,51545
5,169.85,170,169.77,169.9,16443
6,169.905,169.93,169.77,169.8159,18094
7,169.98,170,169.89,169.93,15762
8,170.015,170.015,169.91,169.99,14894
9,170.01,170.05,169.86,169.995,15570
10,170.0901,170.1,170,170.0495,17808
11,170.298,170.298,170.05,170.1,9470
12,170.22,170.3,170.2,170.26,11198
13,170.21,170.25,170.17,170.25,43025
14,170.24,170.24,170.17,170.2,19799
15,170.29,170.31,170.18,170.24,15499
16,170.23,170.3,170.19,170.28,13822
17,170.59,170.59,170.22,170.24,14556
18,170.64,170.69,170.48,170.59,42462
19,170.72,170.74,170.61,170.64,17556
20,170.64,170.7461,170.57,170.72,35350
21,170.73,170.79,170.62,170.63,37025
22,170.72,170.77,170.65,170.73,64879
23,170.85,170.87,170.67,170.7,21043
24,170.89,170.89,170.82,170.88,19179
25,170.96,171,170.86,170.86,44799
26,170.95,171,170.93,170.93,17331
27,170.95,171.01,170.95,170.97,56581
28,171,171.01,170.96,170.97,49017
29,170.91,171.02,170.89,171,26126
30,171.065,171.07,170.91,170.91,26982
31,171.16,171.19,171.01,171.06,21476
32,171.05,171.18,171.05,171.17,5795
33,170.81,171.06,170.76,171.03,33408
34,170.63,170.81,170.6,170.81,15849
35,170.64,170.68,170.53,170.63,16477
36,170.49,170.67,170.48,170.63,10205
37,170.33,170.52,170.33,170.5,17209
38,170.22,170.31,170.15,170.31,5949
39,170.43,170.49,170.2,170.2,40217
40,170.39,170.49,170.38,170.44,4718
41,170.59,170.59,170.39,170.39,24098
42,170.68,170.68,170.535,170.57,15430
43,170.63,170.74,170.63,170.69,13777
44,170.75,170.78,170.62,170.63,17231
45,170.95,170.95,170.74,170.79,30450
46,170.81,170.95,170.81,170.93,21560
47,170.62,170.8,170.59,170.8,4396
48,170.57,170.64,170.57,170.625,11704
49,170.52,170.57,170.49,170.55,20079
50,170.525,170.62,170.49,170.53,8445
51,170.7,170.72,170.535,170.535,9205
52,170.68,170.69,170.64,170.69,4226
53,170.66,170.7,170.62,170.67,23367
54,170.465,170.69,170.45,170.64,26197
55,170.66,170.67,170.465,170.48,13010
56,170.62,170.67,170.6,170.67,4297
57,170.65,170.68,170.6,170.61,10814
58,170.675,170.7,170.64,170.65,10389
59,170.55,170.6811,170.44,170.67,16062
60,170.56,170.68,170.54,170.55,15129
61,170.63,170.63,170.52,170.56,27093
62,170.43,170.6361,170.4001,170.62,12962
63,170.39,170.48,170.37,170.44,13478
64,170.2126,170.41,170.2126,170.38,10735
65,170.1764,170.27,170.15,170.202,28312
66,170.35,170.41,170.17,170.22,18514
67,170.36,170.39,170.33,170.37,7026
68,170.29,170.34,170.23,170.34,14174
69,170.19,170.29,170.19,170.28,7084
70,170.125,170.19,170.11,170.17,14556
71,170.12,170.14,170.08,170.125,51457
72,170.05,170.14,170.05,170.11,10116
73,170.12,170.12,170.06,170.06,12939
74,170.14,170.16,170.09,170.115,8039
75,170.1364,170.17,170.1001,170.12,11025
76,170.12,170.17,170.12,170.14,9368
77,170.1,170.14,170.1,170.12,11537
78,170.14,170.15,170.1,170.115,10017
79,170.13,170.1435,170.12,170.125,2500
80,170.1,170.15,170.08,170.13,16939
81,170.095,170.17,170.085,170.085,9226
82,170.1,170.18,170.07,170.12,26472
83,170.09,170.12,170.08,170.09,2329
84,169.9645,170.08,169.96,170.08,8184
85,169.9501,170.01,169.865,169.975,22079
86,169.95,169.98,169.94,169.97,3932
87,169.965,169.97,169.895,169.94,5800
88,169.98,170.0308,169.97,169.97,6089
89,169.95,170,169.94,169.97,8385
90,169.93,169.98,169.87,169.98,4818
91,170.17,170.175,169.895,169.91,23689
92,170.2,170.24,170.11,170.15,7385
93,170.18,170.26,170.18,170.205,25975
94,170.08,170.24,170.08,170.17,52600
95,170.0627,170.105,170.06,170.07,9626
96,170.11,170.11,170.02,170.06,6020
97,170.13,170.13,170.08,170.1068,5526
98,170.1167,170.13,170.08,170.13,7482
99,170.19,170.2392,170.11,170.11,7664
100,170.28,170.29,170.2,170.21,17978
101,170.33,170.375,170.28,170.28,10385
102,170.27,170.32,170.23,170.3,7130
103,170.31,170.31,170.26,170.28,3575
104,170.3,170.32,170.26,170.31,5800
105,170.27,170.3,170.25,170.3,2266
106,170.16,170.255,170.14,170.255,5966
107,170.1902,170.21,170.155,170.155,5306
108,170.19,170.28,170.17,170.19,8556
109,170.34,170.34,170.1936,170.1936,6872
110,170.41,170.45,170.34,170.34,8946
111,170.41,170.45,170.36,170.41,8854
112,170.35,170.385,170.33,170.385,4068
113,170.24,170.35,170.24,170.35,4550
114,170.12,170.26,170.12,170.26,6356
115,170.03,170.12,170.03,170.11,5643
116,169.925,170.04,169.925,170.04,6185
117,169.94,169.96,169.9,169.91,7947
118,169.87,169.91,169.87,169.91,3642
119,169.95,169.95,169.85,169.88,5216
120,169.97,170.01,169.95,169.97,5835
121,169.96,170.015,169.96,170,4812
122,169.86,169.945,169.86,169.945,2617
123,169.87,169.928,169.86,169.86,6318
124,169.97,169.985,169.88,169.88,2450
125,169.98,169.995,169.96,169.97,2865
126,170.09,170.11,170,170,5080
127,170.2,170.22,170.08,170.1,9294
128,170.129,170.21,170.12,170.2,8812
129,170.055,170.125,170.055,170.12,3824
130,169.98,170.058,169.98,170.058,4800
131,170,170.05,169.98,169.99,11321
132,169.91,169.95,169.89,169.95,2301
133,169.95,169.97,169.935,169.935,2720
134,169.91,169.95,169.88,169.9412,3793
135,169.91,169.93,169.89,169.9156,5903
136,169.87,169.94,169.86,169.91,5886
137,169.59,169.86,169.53,169.86,28711
138,169.7,169.7,169.59,169.61,2800
139,169.64,169.7137,169.62,169.7137,3758
140,169.64,169.64,169.6,169.63,2325
141,169.69,169.69,169.625,169.625,5840
142,169.78,169.78,169.6892,169.6892,2924
143,169.7,169.83,169.68,169.8,6936
144,169.73,169.75,169.72,169.72,4700
145,169.65,169.77,169.65,169.74,5084
146,169.705,169.74,169.66,169.66,10150
147,169.6582,169.72,169.65,169.71,9011
148,169.67,169.68,169.645,169.645,3064
149,169.52,169.69,169.52,169.69,6650
150,169.6,169.61,169.54,169.54,9433
151,169.56,169.63,169.56,169.62,5776
152,169.4813,169.55,169.48,169.5476,7205
153,169.475,169.53,169.47,169.4874,6849
154,169.39,169.48,169.39,169.475,3970
155,169.29,169.415,169.29,169.4099,6068
156,169.15,169.3,169.14,169.29,9767
157,169.16,169.17,169.1,169.11,7270
158,169.19,169.2197,169.16,169.17,3124
159,169.14,169.205,169.11,169.205,8682
160,169.0605,169.15,169.0605,169.15,9346
161,169.03,169.09,169,169.09,14827
162,169.17,169.17,169.0201,169.0201,9100
163,169.2,169.25,169.197,169.2,6320
164,169.1,169.2,169.1,169.2,4351
165,169.0775,169.09,169.0676,169.07,1957
166,169.04,169.11,169.04,169.0777,12198
167,168.95,169.03,168.95,169.02,4650
168,168.85,168.931,168.78,168.931,12141
169,168.81,168.87,168.81,168.83,8475
170,168.71,168.81,168.71,168.81,9057
171,168.78,168.8,168.7,168.7,9797
172,168.86,168.9,168.77,168.79,13918
173,168.99,168.99,168.82,168.89,6300
174,168.88,169.01,168.875,168.99,6495
175,168.845,168.9,168.82,168.8797,2700
176,168.86,168.87,168.85,168.86,4142
177,168.825,168.89,168.81,168.87,3680
178,168.815,168.86,168.81,168.84,1500
179,168.82,168.84,168.815,168.83,5548
180,168.85,168.85,168.83,168.83,2200
181,168.8,168.84,168.79,168.84,5832
182,168.73,168.82,168.72,168.82,5100
183,168.78,168.79,168.6901,168.73,4700
184,168.87,168.87,168.79,168.79,3900
185,168.915,168.915,168.87,168.87,1200
186,168.9286,168.97,168.91,168.93,7813
187,168.87,168.95,168.86,168.92,6896
188,168.88,168.91,168.85,168.85,4400
189,168.93,168.95,168.89,168.89,3950
190,168.89,168.91,168.88,168.91,3300
191,168.975,168.99,168.89,168.89,4643
192,169.03,169.08,168.94,168.96,13087
193,169.17,169.24,169.04,169.04,12463
194,169.1438,169.2,169.14,169.18,7189
195,169.16,169.2,169.07,169.13,5986
196,169.11,169.14,169.11,169.1301,2926
197,169.1146,169.135,169.09,169.13,6742
198,168.96,169.115,168.96,169.115,2830
199,169.0861,169.0861,169,169,4300
200,169.06,169.11,169.06,169.1,1930
201,169.12,169.14,169.02,169.05,7300
202,169.2297,169.2297,169.13,169.13,6700
203,169.18,169.23,169.17,169.2278,4349
204,169.29,169.29,169.19,169.19,2630
205,169.32,169.32,169.24,169.29,3405
206,169.32,169.36,169.32,169.34,3300
207,169.2748,169.31,169.25,169.31,1685
208,169.28,169.29,169.25,169.275,4900
209,169.23,169.25,169.21,169.25,3468
210,169.165,169.23,169.16,169.23,3103
211,169.18,169.2384,169.16,169.16,14416
212,169.15,169.16,169.14,169.15,2618
213,169.06,169.13,169.03,169.13,3100
214,168.95,169.05,168.94,169.05,9681
215,168.94,169.02,168.94,168.99,3572
216,169.03,169.04,168.92,168.92,4957
217,169.015,169.0386,169.01,169.03,1734
218,169.035,169.035,168.99,169.01,4640
219,169.07,169.09,169.04,169.05,5800
220,169.07,169.08,168.985,169.0775,4900
221,169.1,169.16,169.04,169.06,8895
222,169.095,169.105,169.07,169.1,7690
223,169.1,169.11,169.05,169.1,3700
224,169.1799,169.1799,169.07,169.08,5622
225,169.09,169.27,169.09,169.17,14100
226,169.06,169.07,168.99,169.06,4540
227,169.12,169.12,169.05,169.06,3922
228,169.14,169.14,169.125,169.125,1700
229,169.153,169.18,169.11,169.13,4854
230,169.12,169.16,169.12,169.13,3732
231,169.08,169.11,169.06,169.11,3565
232,169.04,169.08,169.03,169.08,5000
233,168.97,169.05,168.96,169.04,6200
234,169.01,169.01,168.98,169,2200
235,168.95,169,168.95,169,1500
236,168.93,168.96,168.93,168.96,1038
237,168.884,168.95,168.88,168.95,3939
238,168.89,168.9,168.84,168.885,3900
239,168.92,168.92,168.89,168.89,1800
240,168.83,168.92,168.83,168.92,5382
241,168.9,168.94,168.835,168.835,11270
242,168.9,168.92,168.85,168.88,6110
243,168.98,168.99,168.93,168.93,7197
244,168.99,169.03,168.97,168.99,5027
245,169.03,169.03,169,169,1395
246,168.92,169.02,168.92,169.01,3041
247,169.01,169.035,168.93,168.93,3028
248,168.961,169.02,168.961,169.02,1841
249,169.07,169.11,168.97,168.98,19711
250,169.09,169.11,169.08,169.09,2707
251,169.028,169.11,169.02,169.11,3841
252,169.16,169.16,169.04,169.04,2700
253,169.19,169.19,169.1576,169.19,6213
254,169.22,169.29,169.2,169.22,3999
255,169.23,169.28,169.2,169.2,23144
256,169.26,169.33,169.22,169.22,4185
257,169.25,169.27,169.22,169.27,2481
258,169.22,169.27,169.21,169.26,4421
259,169.23,169.29,169.22,169.22,5670
260,169.2,169.23,169.19,169.23,2471
261,169.24,169.25,169.19,169.19,6729
262,169.23,169.24,169.19,169.225,4639
263,169.2,169.24,169.2,169.24,4663
264,169.09,169.23,169.06,169.21,26170
265,169.06,169.14,169.06,169.1,6824
266,169.02,169.0845,169,169.0845,4021
267,169.04,169.08,168.98,169.01,12428
268,169.05,169.05,169.01,169.02,3884
269,169.24,169.27,169.045,169.05,5595
270,169.24,169.26,169.2,169.24,4175
271,169.31,169.33,169.265,169.265,5777
272,169.36,169.36,169.31,169.31,3998
273,169.37,169.41,169.36,169.375,4454
274,169.3,169.42,169.3,169.37,7522
275,169.36,169.36,169.3,169.33,5000
276,169.26,169.35,169.21,169.34,5555
277,169.26,169.3,169.24,169.29,3400
278,169.39,169.39,169.28,169.28,2720
279,169.37,169.38,169.34,169.38,6199
280,169.4,169.4,169.325,169.39,5872
281,169.4771,169.4771,169.39,169.39,1932
282,169.47,169.49,169.46,169.49,2500
283,169.48,169.49,169.46,169.46,5497
284,169.489,169.489,169.45,169.47,3095
285,169.44,169.5,169.44,169.49,8986
286,169.37,169.44,169.315,169.44,14194
287,169.32,169.375,169.3,169.35,4737
288,169.38,169.39,169.33,169.34,4827
289,169.43,169.43,169.41,169.41,1000
290,169.47,169.49,169.43,169.46,6060
291,169.47,169.49,169.45,169.4662,2205
292,169.35,169.49,169.35,169.48,7437
293,169.45,169.46,169.3831,169.3831,1812
294,169.44,169.47,169.44,169.47,5195
295,169.332,169.4438,169.3,169.44,5326
296,169.37,169.37,169.33,169.33,1199
297,169.38,169.38,169.34,169.34,1282
298,169.4,169.48,169.4,169.4,6419
299,169.4,169.45,169.39,169.42,4160
300,169.46,169.46,169.43,169.43,800
301,169.42,169.47,169.42,169.45,6482
302,169.45,169.47,169.42,169.42,4958
303,169.5,169.5,169.46,169.46,8305
304,169.4,169.47,169.39,169.47,5473
305,169.46,169.47,169.4,169.4,4103
306,169.47,169.505,169.44,169.46,13023
307,169.49,169.49,169.46,169.47,1662
308,169.53,169.54,169.48,169.48,1830
309,169.51,169.56,169.5,169.55,5075
310,169.53,169.54,169.49,169.5,3814
311,169.53,169.55,169.52,169.54,3612
312,169.5,169.55,169.5,169.54,3200
313,169.52,169.525,169.5,169.5,2503
314,169.48,169.51,169.4754,169.51,3916
315,169.51,169.51,169.48,169.49,1300
316,169.46,169.52,169.46,169.5,1912
317,169.48,169.48,169.46,169.46,1000
318,169.39,169.47,169.35,169.47,7405
319,169.41,169.45,169.4,169.4,4697
320,169.3883,169.4,169.37,169.375,2515
321,169.18,169.38,169.18,169.38,4406
322,169.2899,169.31,169.1987,169.1987,7519
323,169.22,169.31,169.22,169.29,3993
324,169.22,169.3,169.22,169.23,3854
325,169.26,169.3,169.21,169.21,4265
326,169.34,169.34,169.29,169.29,2550
327,169.39,169.4,169.35,169.35,3986
328,169.375,169.42,169.375,169.4,1712
329,169.43,169.45,169.38,169.39,3669
330,169.38,169.42,169.35,169.42,5500
331,169.25,169.395,169.25,169.39,5479
332,169.41,169.43,169.27,169.28,4000
333,169.465,169.465,169.4,169.44,4458
334,169.45,169.52,169.45,169.47,5988
335,169.34,169.45,169.31,169.45,6847
336,169.4,169.41,169.34,169.35,6174
337,169.345,169.39,169.33,169.39,4634
338,169.4,169.41,169.38,169.38,1240
339,169.45,169.47,169.41,169.41,4245
340,169.47,169.47,169.42,169.44,3901
341,169.49,169.53,169.46,169.46,8479
342,169.45,169.49,169.36,169.47,6612
343,169.508,169.51,169.47,169.4776,3111
344,169.47,169.501,169.46,169.5,6691
345,169.29,169.485,169.29,169.47,8155
346,169.34,169.34,169.27,169.27,4076
347,169.31,169.325,169.25,169.32,3731
348,169.4,169.4,169.31,169.33,3920
349,169.41,169.43,169.37,169.4,7453
350,169.47,169.5,169.3801,169.3801,4522
351,169.39,169.5,169.39,169.475,7185
352,169.31,169.38,169.31,169.38,3700
353,169.37,169.37,169.3097,169.3097,2644
354,169.38,169.41,169.36,169.368,5801
355,169.33,169.39,169.33,169.39,4326
356,169.31,169.36,169.31,169.322,5892
357,169.315,169.35,169.3,169.32,4245
358,169.37,169.39,169.32,169.32,5282
359,169.37,169.43,169.34,169.39,10401
360,169.3768,169.3768,169.31,169.36,5713
361,169.25,169.39,169.25,169.39,8452
362,169.215,169.24,169.18,169.24,6807
363,169.27,169.29,169.19,169.22,7032
364,169.33,169.33,169.255,169.255,3701
365,169.23,169.33,169.23,169.33,8274
366,169.25,169.25,169.185,169.23,11299
367,169.29,169.31,169.25,169.25,8345
368,169.27,169.32,169.26,169.31,5203
369,169.36,169.4,169.27,169.27,15604
370,169.404,169.404,169.35,169.3631,7675
371,169.3657,169.4,169.36,169.39,9909
372,169.405,169.42,169.355,169.365,11902
373,169.21,169.41,169.21,169.41,15903
374,169.245,169.27,169.2,169.22,10641
375,169.17,169.29,169.17,169.24,11383
376,169.22,169.26,169.15,169.16,12222
377,169.28,169.28,169.2,169.225,10824
378,169.27,169.32,169.26,169.285,10959
379,169.3,169.33,169.265,169.265,14317
380,169.19,169.29,169.19,169.29,13783
381,169.2,169.2,169.155,169.19,12527
382,169.24,169.27,169.205,169.21,14075
383,169.19,169.25,169.19,169.245,13697
384,169.26,169.28,169.185,169.19,19384
385,169.36,169.38,169.26,169.26,27579
386,169.37,169.37,169.305,169.36,24122
387,169.35,169.39,169.31,169.38,19105
388,169.39,169.4,169.35,169.35,28250
389,169.36,169.41,169.33,169.39,25161
390,169.25,169.365,169.2,169.34,82396
