UNM,Unum Group,Financials,4,Life & Health Insurance,10151444288,1204870
a1492608600,45.64,45.64,45.41,45.41,13506
1,45.29,45.29,45.29,45.29,100
2,45.62,45.62,45.52,45.52,1400
3,45.6,45.62,45.6,45.62,300
4,45.53,45.6,45.53,45.57,1556
6,45.52,45.55,45.51,45.53,1100
8,45.48,45.57,45.48,45.56,1190
10,45.46,45.53,45.46,45.52,2200
11,45.47,45.47,45.44,45.45,800
12,45.49,45.49,45.44,45.44,200
13,45.39,45.44,45.39,45.44,500
15,45.44,45.44,45.39,45.39,850
16,45.38,45.43,45.38,45.4,1250
17,45.39,45.43,45.37,45.37,1400
18,45.44,45.44,45.44,45.44,300
20,45.43,45.47,45.43,45.47,1000
21,45.43,45.49,45.43,45.4317,3245
22,45.43,45.47,45.43,45.45,1428
23,45.42,45.43,45.42,45.42,700
24,45.44,45.44,45.425,45.43,600
25,45.51,45.51,45.4296,45.44,624
26,45.52,45.53,45.48,45.48,545
27,45.575,45.575,45.51,45.52,1200
28,45.56,45.59,45.53,45.59,737
30,45.54,45.56,45.54,45.56,510
31,45.5,45.51,45.5,45.51,500
32,45.52,45.52,45.48,45.48,1401
33,45.52,45.52,45.5,45.5,400
34,45.48,45.5,45.48,45.5,849
35,45.47,45.47,45.47,45.47,400
36,45.43,45.45,45.43,45.45,1200
37,45.42,45.44,45.42,45.43,705
38,45.42,45.42,45.4,45.42,1735
39,45.46,45.46,45.41,45.42,1500
40,45.41,45.44,45.41,45.44,1316
41,45.45,45.45,45.4,45.4,2536
42,45.47,45.47,45.43,45.44,1700
43,45.4601,45.47,45.46,45.47,2748
44,45.47,45.47,45.47,45.47,1100
45,45.42,45.47,45.39,45.47,5803
46,45.3501,45.425,45.3501,45.425,3118
47,45.35,45.37,45.34,45.35,2127
48,45.33,45.36,45.3,45.36,2623
49,45.36,45.37,45.31,45.34,3700
50,45.32,45.37,45.3,45.34,6366
51,45.33,45.34,45.32,45.32,1320
52,45.28,45.34,45.28,45.34,2013
53,45.26,45.2965,45.26,45.28,2130
54,45.25,45.26,45.24,45.24,1500
55,45.29,45.29,45.25,45.26,1560
56,45.32,45.33,45.3,45.3,1000
57,45.32,45.32,45.3199,45.32,400
58,45.335,45.335,45.31,45.31,1200
60,45.31,45.32,45.31,45.32,500
61,45.3,45.34,45.3,45.32,1501
62,45.25,45.25,45.23,45.24,500
63,45.21,45.23,45.21,45.23,800
64,45.3,45.3,45.22,45.22,600
65,45.32,45.34,45.315,45.33,1200
66,45.28,45.34,45.275,45.33,3102
67,45.29,45.3,45.29,45.29,900
68,45.25,45.27,45.24,45.27,2200
69,45.27,45.289,45.2301,45.2301,800
70,45.27,45.27,45.25,45.27,1500
71,45.26,45.27,45.26,45.27,300
72,45.23,45.26,45.23,45.25,1300
73,45.24,45.24,45.23,45.23,400
74,45.245,45.26,45.24,45.2403,882
75,45.23,45.24,45.22,45.24,500
76,45.24,45.24,45.23,45.23,600
77,45.21,45.23,45.21,45.23,300
78,45.2,45.2,45.2,45.2,100
79,45.18,45.18,45.18,45.18,100
80,45.15,45.23,45.12,45.19,4001
81,45.13,45.15,45.13,45.14,400
82,45.12,45.12,45.12,45.12,200
83,45.13,45.15,45.13,45.14,600
84,45.14,45.14,45.115,45.12,1400
85,45.12,45.14,45.11,45.14,800
86,45.1,45.11,45.1,45.11,300
87,45.1,45.1,45.1,45.1,100
88,45.11,45.12,45.1,45.1,1200
89,45.16,45.16,45.13,45.13,1400
90,45.15,45.16,45.145,45.16,600
91,45.19,45.2,45.12,45.15,8733
92,45.21,45.21,45.165,45.18,1600
93,45.2,45.23,45.2,45.23,1193
94,45.19,45.2,45.18,45.2,1304
95,45.19,45.19,45.185,45.185,500
96,45.19,45.19,45.19,45.19,600
97,45.24,45.24,45.2,45.2,2290
98,45.23,45.24,45.23,45.24,600
99,45.22,45.23,45.22,45.23,500
100,45.19,45.21,45.19,45.21,768
101,45.17,45.18,45.17,45.18,500
102,45.18,45.18,45.17,45.17,600
103,45.19,45.19,45.18,45.18,648
104,45.22,45.23,45.2,45.2,1300
106,45.2,45.22,45.2,45.22,800
107,45.2,45.2,45.19,45.19,400
108,45.22,45.22,45.2,45.2,750
109,45.24,45.24,45.24,45.24,400
110,45.23,45.23,45.23,45.23,300
112,45.24,45.26,45.24,45.25,800
113,45.26,45.26,45.24,45.24,1302
114,45.26,45.27,45.26,45.27,1100
115,45.29,45.29,45.26,45.26,1600
116,45.26,45.29,45.26,45.28,3000
117,45.27,45.28,45.27,45.27,664
118,45.25,45.27,45.25,45.27,600
119,45.26,45.26,45.25,45.25,400
120,45.33,45.33,45.28,45.28,800
121,45.27,45.32,45.27,45.32,1000
122,45.25,45.26,45.25,45.26,829
123,45.28,45.28,45.26,45.26,700
125,45.27,45.27,45.27,45.27,600
126,45.26,45.28,45.26,45.26,1801
127,45.28,45.28,45.24,45.26,1800
128,45.27,45.31,45.27,45.29,1600
129,45.28,45.28,45.27,45.28,2000
130,45.305,45.305,45.29,45.29,900
131,45.31,45.32,45.305,45.32,1100
132,45.3,45.31,45.3,45.31,900
133,45.3,45.32,45.3,45.32,800
134,45.3,45.3,45.29,45.29,900
135,45.31,45.32,45.3,45.31,1000
136,45.3,45.3,45.3,45.3,100
137,45.31,45.31,45.31,45.31,200
138,45.2732,45.3,45.2732,45.3,827
139,45.26,45.26,45.26,45.26,300
140,45.26,45.26,45.245,45.26,1800
141,45.28,45.28,45.26,45.26,1031
143,45.25,45.26,45.25,45.26,921
144,45.23,45.23,45.23,45.23,300
145,45.24,45.24,45.23,45.24,845
146,45.22,45.23,45.22,45.23,300
147,45.21,45.21,45.21,45.21,200
148,45.25,45.25,45.21,45.22,1200
149,45.22,45.23,45.22,45.23,200
150,45.205,45.21,45.205,45.21,367
152,45.21,45.21,45.2,45.21,500
153,45.22,45.22,45.22,45.22,200
154,45.22,45.23,45.22,45.22,405
155,45.17,45.21,45.17,45.21,1205
156,45.13,45.16,45.13,45.16,1200
157,45.14,45.14,45.13,45.14,500
158,45.15,45.16,45.15,45.15,1000
159,45.15,45.15,45.15,45.15,100
160,45.14,45.14,45.14,45.14,400
161,45.09,45.13,45.08,45.13,1400
162,45.12,45.12,45.1,45.1,700
163,45.14,45.14,45.13,45.13,200
164,45.15,45.18,45.15,45.16,800
165,45.15,45.17,45.15,45.17,4194
167,45.15,45.16,45.15,45.15,400
168,45.16,45.16,45.15,45.15,200
169,45.16,45.16,45.16,45.16,100
170,45.18,45.18,45.17,45.18,3376
171,45.18,45.18,45.18,45.18,2200
172,45.23,45.24,45.17,45.17,1700
173,45.25,45.25,45.225,45.23,1838
174,45.25,45.26,45.25,45.26,400
175,45.24,45.24,45.24,45.24,100
176,45.19,45.23,45.19,45.23,901
177,45.22,45.22,45.21,45.21,500
178,45.24,45.24,45.23,45.23,400
179,45.2,45.21,45.2,45.21,400
180,45.2,45.21,45.19,45.2,4630
181,45.22,45.22,45.21,45.21,600
182,45.2,45.23,45.2,45.23,200
184,45.24,45.25,45.23,45.23,1000
185,45.24,45.25,45.22,45.25,4048
186,45.23,45.24,45.225,45.23,3000
187,45.2,45.24,45.2,45.24,2800
188,45.16,45.195,45.16,45.195,3000
189,45.19,45.19,45.17,45.17,585
190,45.2,45.2,45.19,45.19,500
191,45.21,45.21,45.21,45.21,200
192,45.22,45.225,45.215,45.22,1380
193,45.19,45.22,45.19,45.22,800
194,45.2,45.2,45.2,45.2,300
195,45.21,45.22,45.2,45.2,800
196,45.2101,45.2101,45.19,45.2,795
197,45.22,45.23,45.22,45.23,700
198,45.21,45.23,45.21,45.23,600
199,45.22,45.22,45.22,45.22,400
200,45.21,45.22,45.21,45.22,400
201,45.21,45.21,45.21,45.21,400
202,45.22,45.23,45.21,45.21,1282
203,45.23,45.23,45.23,45.23,200
204,45.24,45.24,45.23,45.23,1700
205,45.26,45.26,45.25,45.25,1481
206,45.27,45.27,45.27,45.27,200
207,45.27,45.27,45.27,45.27,400
208,45.27,45.27,45.26,45.26,700
209,45.28,45.29,45.27,45.27,700
210,45.27,45.27,45.27,45.27,300
211,45.27,45.27,45.27,45.27,400
212,45.27,45.27,45.27,45.27,200
213,45.255,45.27,45.25,45.27,1700
214,45.23,45.25,45.22,45.25,3025
215,45.23,45.24,45.23,45.23,1200
217,45.21,45.21,45.21,45.21,200
218,45.17,45.19,45.165,45.19,1100
219,45.19,45.19,45.19,45.19,100
220,45.18,45.2,45.18,45.2,200
221,45.15,45.19,45.15,45.19,1200
222,45.14,45.17,45.14,45.16,1101
223,45.12,45.14,45.11,45.14,1423
225,45.13,45.15,45.13,45.15,400
226,45.16,45.16,45.11,45.12,1100
227,45.17,45.18,45.16,45.16,1900
228,45.16,45.17,45.16,45.17,500
229,45.19,45.19,45.17,45.17,1502
230,45.16,45.18,45.16,45.18,600
231,45.2,45.21,45.2,45.2,600
232,45.21,45.21,45.21,45.21,100
233,45.23,45.23,45.22,45.22,1672
234,45.21,45.22,45.21,45.22,500
235,45.22,45.2201,45.22,45.22,500
236,45.22,45.22,45.22,45.22,100
237,45.21,45.21,45.21,45.21,200
238,45.22,45.22,45.21,45.22,800
239,45.24,45.24,45.22,45.22,300
240,45.22,45.25,45.22,45.25,700
241,45.22,45.22,45.22,45.22,300
242,45.23,45.23,45.2,45.23,1537
243,45.21,45.24,45.21,45.24,995
244,45.24,45.24,45.23,45.23,600
245,45.24,45.24,45.235,45.24,300
246,45.2,45.23,45.2,45.23,1500
247,45.21,45.21,45.21,45.21,500
248,45.2,45.2,45.2,45.2,500
249,45.22,45.22,45.205,45.21,1000
250,45.21,45.22,45.205,45.22,3200
251,45.18,45.2,45.18,45.2,600
252,45.19,45.19,45.18,45.18,600
253,45.19,45.21,45.19,45.21,1135
254,45.17,45.2,45.17,45.19,1230
255,45.18,45.18,45.18,45.18,400
256,45.17,45.18,45.16,45.18,900
257,45.1725,45.1725,45.16,45.17,1700
258,45.19,45.19,45.18,45.18,853
259,45.22,45.22,45.2,45.2,1000
260,45.22,45.22,45.22,45.22,200
261,45.24,45.24,45.23,45.23,600
262,45.25,45.25,45.24,45.24,300
263,45.22,45.25,45.22,45.25,1100
264,45.2,45.22,45.2,45.22,700
265,45.2,45.21,45.19,45.19,900
266,45.2,45.2,45.2,45.2,200
267,45.18,45.189,45.16,45.17,1495
268,45.17,45.17,45.17,45.17,400
269,45.21,45.21,45.17,45.17,1300
270,45.2,45.21,45.2,45.21,500
271,45.23,45.23,45.2,45.2,900
272,45.24,45.24,45.22,45.22,300
273,45.23,45.24,45.23,45.24,1100
274,45.21,45.23,45.2,45.23,2273
275,45.2,45.2,45.19,45.19,900
276,45.18,45.2,45.175,45.2,1093
277,45.17,45.17,45.17,45.17,310
278,45.21,45.21,45.18,45.18,1701
279,45.2,45.2046,45.19,45.2,1600
280,45.2,45.21,45.2,45.21,200
281,45.22,45.23,45.205,45.205,2160
282,45.23,45.24,45.23,45.23,500
283,45.19,45.23,45.19,45.23,1000
284,45.19,45.2,45.185,45.19,1700
285,45.155,45.18,45.155,45.18,7500
286,45.13,45.155,45.11,45.15,4049
287,45.11,45.13,45.11,45.13,1715
288,45.14,45.1401,45.13,45.13,4037
290,45.155,45.16,45.15,45.15,1893
291,45.15,45.17,45.15,45.16,1300
292,45.11,45.14,45.1,45.14,1300
293,45.14,45.14,45.12,45.12,1200
294,45.15,45.15,45.14,45.14,800
295,45.12,45.155,45.12,45.155,1204
296,45.11,45.12,45.1,45.11,1300
297,45.12,45.12,45.11,45.11,2500
298,45.14,45.16,45.13,45.13,2819
299,45.15,45.16,45.15,45.16,1314
300,45.1601,45.17,45.1601,45.17,200
301,45.15,45.16,45.15,45.16,652
302,45.15,45.16,45.1432,45.1432,4949
303,45.17,45.17,45.1501,45.1501,2246
304,45.17,45.17,45.17,45.17,401
305,45.18,45.18,45.17,45.18,3200
306,45.18,45.18,45.18,45.18,200
307,45.175,45.18,45.175,45.18,200
308,45.2,45.21,45.17,45.18,1971
309,45.19,45.21,45.19,45.19,1043
310,45.17,45.19,45.17,45.18,1600
311,45.17,45.18,45.17,45.1704,503
312,45.16,45.19,45.16,45.19,1000
313,45.15,45.16,45.15,45.16,500
314,45.15,45.15,45.14,45.15,300
315,45.15,45.16,45.13,45.14,3996
316,45.15,45.15,45.14,45.14,814
317,45.13,45.15,45.13,45.15,900
318,45.09,45.13,45.09,45.13,2374
319,45.09,45.11,45.09,45.1,1300
320,45.05,45.1,45.05,45.1,6093
321,45.04,45.07,45.04,45.07,2709
322,45.02,45.05,45.02,45.04,1600
323,45,45.03,45,45.03,2918
324,44.99,45,44.99,45,2900
325,45.04,45.04,44.98,44.98,2196
326,45.03,45.03,45.01,45.02,1444
327,45.04,45.05,45.025,45.03,1302
328,45.04,45.04,45.03,45.04,702
329,45.04,45.04,45.04,45.04,200
330,45.01,45.03,45.01,45.03,1900
331,44.99,45.015,44.99,45.01,1200
332,45.05,45.06,44.9801,44.995,5110
333,45.07,45.07,45.04,45.04,700
334,45.07,45.08,45.06,45.07,2085
335,45.07,45.07,45.07,45.07,544
336,45.07,45.08,45.07,45.08,801
337,45.05,45.07,45.05,45.07,700
338,45.06,45.06,45.05,45.05,1000
339,45.08,45.08,45.06,45.06,2652
340,45.08,45.09,45.065,45.09,1700
341,45.09,45.09,45.08,45.08,3001
342,45.1,45.12,45.09,45.09,46944
343,45.11,45.11,45.1,45.1,1300
344,45.11,45.11,45.08,45.1,5973
345,45.09,45.11,45.09,45.11,1300
346,45.11,45.11,45.08,45.085,2500
347,45.06,45.11,45.05,45.105,39938
348,45.11,45.11,45.065,45.065,3500
349,45.1,45.1,45.09,45.1,1500
350,45.14,45.14,45.095,45.095,2959
351,45.12,45.14,45.12,45.13,1490
352,45.09,45.11,45.085,45.11,2863
353,45.1,45.1,45.1,45.1,2000
354,45.1,45.1,45.09,45.1,6595
355,45.11,45.11,45.1,45.1,1000
356,45.105,45.11,45.105,45.105,1243
357,45.075,45.1,45.07,45.1,7691
358,45.07,45.08,45.07,45.08,2600
359,45.08,45.085,45.075,45.08,9847
360,45.04,45.08,45.03,45.08,19407
361,45,45.02,44.995,45.02,5840
362,44.97,44.99,44.955,44.99,4400
363,44.97,45.015,44.965,44.98,10458
364,44.98,44.98,44.97,44.97,1000
365,44.97,44.98,44.955,44.98,6385
366,44.97,44.98,44.97,44.97,1981
367,44.99,45,44.97,44.97,4894
368,45,45,44.985,44.99,1946
369,45.01,45.01,44.995,45,3955
370,45.0134,45.0134,45.0101,45.0101,637
371,44.985,45.01,44.985,45.01,6575
372,44.99,44.99,44.97,44.98,3681
373,44.93,44.99,44.93,44.99,6299
374,44.92,44.93,44.91,44.91,4190
375,44.95,44.97,44.93,44.93,9608
376,44.94,44.97,44.94,44.96,5304
377,44.99,44.99,44.945,44.95,2500
378,44.99,45,44.99,44.99,3202
379,45.015,45.015,44.98,44.98,3734
380,45.01,45.01,45,45.01,2462
381,44.97,45.01,44.965,45.01,9387
382,44.98,44.985,44.97,44.9754,2600
383,44.98,44.98,44.97,44.98,1200
384,44.98,45.005,44.98,44.98,5988
385,45.01,45.02,44.97,44.98,4821
386,45.04,45.045,45.015,45.02,8803
387,45.02,45.065,45.02,45.04,10554
388,45.05,45.05,45.015,45.02,11260
389,45.035,45.06,45.035,45.06,14319
390,45.03,45.055,45.03,45.04,22955
