XLNX,Xilinx Inc,Information Technology,7,Semiconductors,14268574045,2333385
a1492608600,56.66,56.92,56.66,56.92,25181
1,57.11,57.3,56.92,56.97,19764
2,57.28,57.28,57.082,57.082,3861
3,57.55,57.55,57.29,57.29,15312
4,57.39,57.55,57.39,57.5,9842
5,57.24,57.39,57.24,57.38,6797
6,57.18,57.27,57.14,57.2,9290
7,57.26,57.29,57.155,57.155,29574
8,57.21,57.26,57.19,57.225,15928
9,57.09,57.22,57.0301,57.19,18147
10,57.08,57.1,57.02,57.07,6501
11,57.26,57.28,57.07,57.07,15240
12,57.01,57.27,57.01,57.25,8728
13,57.05,57.09,56.97,57.05,6872
14,56.95,57.04,56.94,57.04,12258
15,57.08,57.11,56.94,56.98,5100
16,57.1,57.12,57.05,57.07,5817
17,57.13,57.15,57.1,57.11,3490
18,57.125,57.14,57.1,57.11,1600
19,57.09,57.12,57.07,57.11,12752
20,57.04,57.12,57.04,57.09,6225
21,57.09,57.09,57.04,57.04,3725
22,57.1,57.14,57.1,57.14,844
23,57.08,57.11,57.08,57.1,8043
24,57.08,57.1,57.06,57.07,4367
25,57.17,57.2,57.11,57.11,5000
26,57.21,57.23,57.17,57.17,22829
27,57.235,57.24,57.2,57.205,18182
28,57.21,57.225,57.21,57.22,7160
29,57.27,57.29,57.18,57.22,16713
30,57.23,57.26,57.21,57.25,6356
31,57.16,57.245,57.16,57.23,36067
32,57.08,57.17,57.08,57.16,14431
33,57.05,57.1,57.04,57.08,8100
34,57.05,57.07,57.03,57.04,6515
35,56.98,57.04,56.98,57.04,9427
36,56.93,56.98,56.93,56.97,6593
37,56.91,56.945,56.91,56.92,9444
38,56.96,56.9666,56.91,56.91,7681
39,56.97,56.98,56.94,56.95,7900
40,57.01,57.02,56.95,56.97,6235
41,57.05,57.065,57,57.01,8172
42,57.03,57.05,57.02,57.05,4234
43,57.08,57.08,57.03,57.03,3681
44,57.18,57.18,57.1,57.11,3803
45,57.11,57.165,57.09,57.15,11828
46,57.05,57.12,57.04,57.12,3583
47,57.05,57.06,57.03,57.04,6870
48,57.07,57.08,57.045,57.06,3860
49,57.1,57.12,57.07,57.07,3738
50,57.12,57.1207,57.09,57.095,3284
51,57.11,57.12,57.11,57.12,700
52,57.12,57.15,57.1,57.13,5200
53,57.12,57.13,57.09,57.12,4038
54,57.13,57.13,57.11,57.128,3679
55,57.14,57.14,57.11,57.12,5588
56,57.115,57.17,57.115,57.16,9735
57,57.05,57.1124,57.05,57.1124,2423
58,57.08,57.09,57.045,57.05,8160
59,57.08,57.08,57.07,57.08,2095
60,57.09,57.09,57.07,57.0875,3800
61,57.05,57.11,57.0475,57.1,4701
62,57.04,57.06,57.03,57.04,3980
63,57.04,57.05,57.03,57.04,2479
64,57.095,57.095,57.05,57.05,3900
65,57.12,57.12,57.085,57.09,2600
66,57.09,57.135,57.09,57.12,6637
67,57.11,57.11,57.09,57.1,4405
68,57.11,57.11,57.09,57.1,6067
69,57.1455,57.16,57.11,57.11,4000
70,57.17,57.18,57.115,57.14,6400
71,57.155,57.16,57.15,57.16,1100
72,57.14,57.19,57.14,57.16,8295
73,57.13,57.13,57.125,57.13,1900
74,57.13,57.17,57.13,57.14,4976
75,57.12,57.135,57.11,57.13,3578
76,57.15,57.16,57.12,57.12,9400
77,57.15,57.17,57.145,57.15,3065
78,57.16,57.16,57.145,57.15,1465
79,57.15,57.16,57.14,57.16,2827
80,57.16,57.175,57.15,57.155,7098
81,57.1,57.16,57.1,57.16,4649
82,57.09,57.11,57.075,57.11,4100
83,57.12,57.12,57.09,57.09,2900
84,57.145,57.145,57.115,57.13,3500
85,57.12,57.14,57.12,57.14,2300
86,57.11,57.14,57.11,57.12,3582
87,57.12,57.12,57.11,57.115,3599
88,57.13,57.15,57.13,57.13,5593
89,57.15,57.15,57.135,57.14,2546
90,57.13,57.145,57.13,57.145,3846
91,57.13,57.14,57.13,57.13,3141
92,57.14,57.15,57.13,57.13,3900
93,57.13,57.14,57.13,57.14,4400
94,57.11,57.14,57.11,57.13,3100
95,57.09,57.11,57.09,57.11,2100
96,57.1,57.1,57.09,57.1,4550
97,57.1,57.1,57.09,57.09,4089
98,57.09,57.095,57.09,57.095,1100
99,57.095,57.095,57.09,57.09,200
100,57.1,57.11,57.08,57.1,12843
101,57.1,57.1,57.08,57.09,3116
102,57.12,57.12,57.105,57.11,3400
103,57.135,57.135,57.1175,57.12,6084
104,57.18,57.18,57.14,57.14,5173
105,57.1584,57.185,57.145,57.18,7127
106,57.15,57.155,57.13,57.15,4476
107,57.18,57.18,57.155,57.155,2867
108,57.215,57.215,57.175,57.18,2998
109,57.2208,57.23,57.19,57.22,8523
110,57.24,57.24,57.215,57.22,2800
111,57.255,57.26,57.23,57.24,4900
112,57.24,57.26,57.24,57.25,4700
113,57.22,57.23,57.2,57.23,11418
114,57.255,57.27,57.225,57.23,7751
115,57.27,57.27,57.245,57.26,5535
116,57.27,57.29,57.27,57.28,2265
117,57.265,57.265,57.245,57.26,10298
118,57.255,57.27,57.25,57.27,2300
119,57.27,57.28,57.25,57.255,3875
120,57.33,57.33,57.27,57.27,3308
121,57.245,57.32,57.245,57.32,6627
122,57.245,57.245,57.235,57.245,4500
123,57.245,57.27,57.235,57.245,5002
124,57.24,57.25,57.22,57.24,4729
125,57.23,57.245,57.23,57.24,900
126,57.305,57.31,57.235,57.24,5618
127,57.29,57.3,57.28,57.3,1200
128,57.26,57.28,57.26,57.28,3400
129,57.22,57.25,57.22,57.25,800
130,57.18,57.23,57.165,57.225,11730
131,57.1866,57.19,57.18,57.18,1900
132,57.18,57.2,57.18,57.19,2000
133,57.17,57.19,57.17,57.19,1808
134,57.15,57.165,57.15,57.16,600
135,57.15,57.15,57.125,57.15,5655
136,57.145,57.145,57.135,57.14,1100
137,57.15,57.15,57.134,57.14,3960
138,57.115,57.15,57.115,57.15,2300
139,57.105,57.115,57.1,57.11,1700
140,57.13,57.13,57.1,57.1,4400
141,57.145,57.15,57.135,57.14,1922
142,57.14,57.16,57.14,57.15,3089
143,57.095,57.13,57.09,57.13,3300
144,57.095,57.1,57.095,57.1,500
145,57.08,57.1,57.075,57.09,3205
146,57.09,57.09,57.08,57.085,942
147,57.09,57.1,57.08,57.08,1400
148,57.14,57.145,57.095,57.1,6333
149,57.075,57.13,57.075,57.13,5900
150,57.09,57.09,57.055,57.07,2200
151,57.12,57.12,57.0858,57.0858,950
152,57.11,57.12,57.1,57.12,2500
153,57.12,57.13,57.12,57.12,700
154,57.12,57.14,57.12,57.13,2300
155,57.1,57.11,57.1,57.11,1300
156,57.06,57.09,57.03,57.09,4434
157,57.05,57.075,57.035,57.065,2700
158,57.0455,57.05,57.0455,57.05,1024
159,57.07,57.08,57.05,57.05,2984
160,57.05,57.08,57.05,57.06,3995
161,57.02,57.05,57.02,57.05,1400
162,57.05,57.055,57.01,57.03,5633
163,57.07,57.07,57.05,57.05,1343
164,57.08,57.08,57.065,57.07,1800
165,57.06,57.085,57.05,57.08,4800
166,57.05,57.07,57.05,57.07,900
167,57.05,57.05,57.05,57.05,900
168,57.08,57.08,57.05,57.05,2700
169,57.105,57.11,57.0874,57.0874,11875
170,57.09,57.105,57.09,57.1,2400
171,57.095,57.1,57.09,57.1,300
172,57.15,57.17,57.0901,57.0901,10995
173,57.16,57.17,57.15,57.17,1800
174,57.13,57.17,57.13,57.17,5361
175,57.12,57.125,57.12,57.12,3280
176,57.14,57.14,57.13,57.13,2738
177,57.13,57.145,57.13,57.14,1507
178,57.12,57.12,57.12,57.12,700
179,57.1,57.12,57.1,57.12,700
180,57.1,57.1,57.1,57.1,1115
181,57.12,57.13,57.09,57.09,2146
182,57.1099,57.12,57.1099,57.12,1652
184,57.125,57.13,57.11,57.11,1363
185,57.12,57.12,57.11,57.12,1000
186,57.09,57.105,57.07,57.1,4672
187,57.09,57.1,57.09,57.09,1628
188,57.08,57.08,57.08,57.08,200
189,57.0844,57.09,57.08,57.0868,780
191,57.11,57.11,57.09,57.09,2400
192,57.13,57.13,57.12,57.12,1400
193,57.09,57.135,57.09,57.13,4483
194,57.095,57.095,57.095,57.095,100
195,57.07,57.11,57.07,57.1,2600
196,57.09,57.09,57.06,57.06,2500
197,57.08,57.09,57.08,57.09,1500
198,57.07,57.08,57.065,57.07,1400
199,57.05,57.065,57.05,57.06,1100
200,57.015,57.055,57.01,57.05,8592
201,57.005,57.01,56.99,57.01,4700
202,57.04,57.05,57.01,57.01,6849
203,57.03,57.0534,57.03,57.04,2800
204,57.05,57.055,57.025,57.03,3055
205,57.06,57.06,57.05,57.06,1000
206,57.05,57.05,57.05,57.05,700
207,57.03,57.05,57.03,57.05,1200
208,57.03,57.03,57.02,57.02,300
209,57.05,57.06,57.02,57.02,2002
210,57.03,57.05,57.03,57.05,1900
211,57.035,57.04,57.03,57.03,1000
212,57.04,57.055,57.04,57.05,1022
213,57.02,57.045,57.02,57.04,3800
214,57.01,57.02,56.99,57.02,5449
215,57.01,57.015,57.01,57.01,900
216,57.01,57.01,57.01,57.01,1000
217,57,57.01,57,57.01,1400
218,56.98,57,56.97,57,10576
219,56.96,56.9601,56.96,56.96,700
220,56.96,56.97,56.96,56.97,3023
221,56.9,56.96,56.9,56.96,38774
222,56.89,56.91,56.88,56.91,1825
223,56.85,56.89,56.85,56.89,2312
224,56.84,56.84,56.81,56.83,2088
225,56.86,56.88,56.85,56.85,2300
226,56.88,56.88,56.86,56.86,2100
227,56.885,56.89,56.885,56.885,600
228,56.88,56.9,56.88,56.89,2095
229,56.875,56.88,56.855,56.88,2235
230,56.86,56.87,56.85,56.87,1302
231,56.87,56.87,56.86,56.86,600
232,56.87,56.87,56.87,56.87,200
233,56.92,56.93,56.875,56.875,3333
234,56.92,56.9299,56.91,56.91,1485
235,56.88,56.9,56.875,56.9,4295
236,56.88,56.9,56.88,56.88,2100
237,56.87,56.87,56.87,56.87,200
238,56.83,56.87,56.82,56.87,2100
239,56.83,56.83,56.82,56.82,243
240,56.82,56.825,56.82,56.82,300
241,56.83,56.84,56.82,56.82,3743
242,56.83,56.83,56.82,56.825,1300
243,56.8275,56.83,56.82,56.83,7093
244,56.81,56.83,56.81,56.83,5930
245,56.78,56.81,56.78,56.81,6699
246,56.74,56.7828,56.74,56.7828,2993
247,56.755,56.755,56.74,56.74,2250
248,56.75,56.76,56.75,56.755,1100
249,56.765,56.765,56.755,56.76,1000
250,56.765,56.765,56.765,56.765,100
251,56.73,56.765,56.71,56.765,14807
252,56.76,56.76,56.72,56.73,6728
253,56.755,56.77,56.755,56.765,500
254,56.75,56.75,56.725,56.75,4305
255,56.75,56.755,56.75,56.75,900
256,56.75,56.76,56.73,56.76,6950
257,56.75,56.75,56.75,56.75,600
258,56.77,56.79,56.755,56.755,4444
259,56.78,56.78,56.775,56.775,1100
260,56.79,56.795,56.775,56.775,1553
261,56.785,56.79,56.785,56.785,853
262,56.8047,56.805,56.79,56.805,1601
263,56.78,56.83,56.78,56.805,2300
264,56.79,56.79,56.79,56.79,200
265,56.8,56.81,56.79,56.79,2300
266,56.77,56.8,56.77,56.8,1378
267,56.78,56.78,56.765,56.7653,1800
268,56.78,56.7898,56.7753,56.7753,1457
269,56.81,56.81,56.78,56.78,1200
270,56.78,56.8,56.78,56.8,1699
271,56.8,56.8,56.79,56.79,1400
272,56.8,56.8,56.78,56.79,3181
273,56.8,56.82,56.795,56.795,3096
274,56.8,56.81,56.7926,56.805,1800
275,56.78,56.79,56.77,56.79,1728
276,56.78,56.79,56.76,56.78,4100
277,56.795,56.8,56.785,56.785,1950
278,56.78,56.8,56.78,56.785,4156
279,56.76,56.77,56.76,56.77,900
280,56.75,56.76,56.745,56.76,1135
281,56.78,56.79,56.75,56.75,3668
282,56.78,56.78,56.78,56.78,100
283,56.74,56.78,56.74,56.78,2200
284,56.755,56.755,56.735,56.735,1600
285,56.73,56.76,56.73,56.755,4600
286,56.7,56.73,56.69,56.73,3000
287,56.7,56.7,56.7,56.7,100
288,56.7,56.73,56.68,56.7,10200
289,56.69,56.715,56.69,56.69,2400
290,56.7,56.71,56.69,56.7,1000
291,56.705,56.71,56.7032,56.71,1420
292,56.7,56.7,56.7,56.7,700
293,56.705,56.725,56.705,56.71,4493
294,56.71,56.72,56.7,56.7,14159
295,56.7,56.715,56.7,56.715,3500
296,56.72,56.72,56.695,56.695,1500
297,56.7,56.72,56.7,56.72,138235
298,56.75,56.76,56.71,56.71,5495
299,56.74,56.77,56.74,56.75,1800
300,56.75,56.7568,56.75,56.75,2798
301,56.75,56.76,56.7427,56.75,2742
302,56.7688,56.78,56.755,56.76,5327
303,56.76,56.775,56.76,56.76,1834
304,56.79,56.79,56.76,56.76,3414
305,56.83,56.83,56.79,56.79,2000
306,56.84,56.845,56.83,56.83,2648
307,56.85,56.855,56.85,56.85,1355
308,56.88,56.885,56.86,56.86,4000
309,56.917,56.917,56.89,56.89,2000
310,56.91,56.91,56.91,56.91,100
311,56.93,56.95,56.91,56.92,10804
312,56.91,56.94,56.91,56.94,4100
313,56.905,56.92,56.905,56.91,2467
314,56.91,56.91,56.9,56.9052,594
315,56.91,56.92,56.91,56.91,3900
316,56.89,56.905,56.89,56.9,1777
317,56.885,56.885,56.88,56.88,1100
318,56.865,56.88,56.84,56.88,6917
319,56.85,56.86,56.85,56.86,300
320,56.855,56.88,56.855,56.86,4510
321,56.84,56.87,56.84,56.87,1700
322,56.835,56.855,56.8299,56.83,2725
323,56.82,56.84,56.82,56.84,2000
324,56.82,56.83,56.82,56.82,1000
325,56.83,56.84,56.825,56.825,1905
326,56.835,56.835,56.83,56.83,200
327,56.845,56.845,56.84,56.84,1200
328,56.84,56.875,56.84,56.85,5388
329,56.84,56.84,56.84,56.84,800
330,56.83,56.84,56.83,56.84,725
331,56.8,56.83,56.8,56.83,1900
332,56.85,56.85,56.81,56.81,2723
333,56.855,56.855,56.85,56.85,1900
334,56.8668,56.87,56.86,56.86,1503
335,56.86,56.8625,56.86,56.86,1900
336,56.85,56.855,56.835,56.855,1600
337,56.81,56.84,56.81,56.84,2900
338,56.82,56.82,56.805,56.815,2555
339,56.85,56.85,56.825,56.83,3000
340,56.87,56.87,56.86,56.87,5364
341,56.88,56.89,56.88,56.88,1905
342,56.88,56.885,56.88,56.88,600
343,56.87,56.88,56.86,56.875,4800
344,56.87,56.8763,56.87,56.87,1523
345,56.86,56.87,56.86,56.87,2700
346,56.88,56.88,56.87,56.87,1000
347,56.87,56.885,56.87,56.885,2793
348,56.88,56.88,56.865,56.87,1300
349,56.88,56.88,56.87,56.87,700
350,56.9,56.9,56.88,56.88,1800
351,56.89,56.9,56.88,56.9,3257
352,56.87,56.885,56.87,56.88,1996
353,56.87,56.88,56.87,56.87,900
354,56.86,56.875,56.86,56.87,2385
355,56.885,56.89,56.865,56.87,5370
356,56.905,56.905,56.885,56.89,2722
357,56.83,56.91,56.83,56.91,5237
358,56.825,56.84,56.82,56.83,2318
359,56.835,56.84,56.83,56.84,1608
360,56.78,56.83,56.78,56.83,4168
361,56.745,56.79,56.745,56.79,6694
362,56.73,56.74,56.73,56.74,2020
363,56.74,56.75,56.73,56.73,4900
364,56.76,56.761,56.735,56.74,5800
365,56.73,56.76,56.73,56.76,4100
366,56.74,56.74,56.73,56.73,3493
367,56.76,56.76,56.74,56.74,5031
368,56.765,56.78,56.75,56.76,4594
369,56.765,56.775,56.76,56.77,1800
370,56.78,56.78,56.77,56.77,1310
371,56.76,56.78,56.76,56.78,10234
372,56.7599,56.76,56.74,56.7575,3342
373,56.71,56.76,56.71,56.76,8200
374,56.72,56.73,56.71,56.71,3477
375,56.735,56.75,56.73,56.73,9339
376,56.73,56.76,56.73,56.755,3172
377,56.75,56.755,56.735,56.74,3100
378,56.725,56.76,56.72,56.755,11543
379,56.74,56.74,56.72,56.72,3718
380,56.72,56.74,56.71,56.74,10344
381,56.725,56.735,56.705,56.71,17161
382,56.705,56.73,56.69,56.725,51819
383,56.695,56.705,56.69,56.705,6415
384,56.7,56.7099,56.685,56.69,25362
385,56.71,56.72,56.69,56.69,27922
386,56.735,56.74,56.705,56.71,25812
387,56.7,56.74,56.7,56.735,24226
388,56.725,56.725,56.7,56.705,16913
389,56.705,56.73,56.7,56.725,28582
390,56.73,56.755,56.7,56.7,269719
