AJG,Arthur J. Gallagher & Co.,Financials,4,Insurance Brokers,10443462168,908439
a149961780025,57.2200,57.2250,57.2100,57.2250,1711
326,57.2150,57.2500,57.2150,57.2500,1112
327,57.2600,57.2700,57.2600,57.2700,600
329,57.2800,57.2800,57.2600,57.2600,200
330,57.2700,57.2750,57.2700,57.2700,1730
331,57.2700,57.2700,57.2600,57.2600,900
332,57.2700,57.2900,57.2700,57.2900,2944
333,57.3000,57.3000,57.2800,57.2900,2635
334,57.2900,57.3100,57.2800,57.3100,1823
335,57.3200,57.3200,57.3000,57.3200,800
336,57.3000,57.3000,57.2900,57.2900,2244
337,57.2900,57.2900,57.2800,57.2900,700
338,57.2900,57.2900,57.2800,57.2900,865
339,57.2900,57.3150,57.2900,57.3100,1600
341,57.3200,57.3200,57.2900,57.2950,4744
342,57.2900,57.2900,57.2850,57.2900,700
343,57.2900,57.3100,57.2900,57.3100,2616
344,57.3150,57.3200,57.3000,57.3000,1400
345,57.3000,57.3000,57.2800,57.2900,2600
346,57.3000,57.3100,57.3000,57.3000,2290
347,57.3100,57.3100,57.3050,57.3100,1200
348,57.3200,57.3300,57.3000,57.3000,4400
349,57.2900,57.2900,57.2800,57.2900,1979
350,57.3000,57.3000,57.2950,57.2950,307
351,57.3000,57.3000,57.2800,57.2800,1469
352,57.2800,57.2800,57.2700,57.2800,2522
353,57.2800,57.2900,57.2800,57.2900,1294
354,57.2950,57.3100,57.2950,57.3000,400
355,57.3100,57.3200,57.3000,57.3200,2000
356,57.3300,57.3400,57.3300,57.3400,1400
357,57.3300,57.3300,57.3050,57.3200,3756
359,57.3200,57.3200,57.3150,57.3150,700
360,57.3300,57.3300,57.3250,57.3250,334
361,57.3300,57.3300,57.2900,57.2900,3175
362,57.2900,57.3000,57.2800,57.3000,2474
363,57.2954,57.3300,57.2950,57.3300,3712
364,57.3400,57.3400,57.3400,57.3400,400
365,57.3400,57.3400,57.3350,57.3350,723
366,57.3400,57.3600,57.3400,57.3600,1509
367,57.3600,57.3600,57.3400,57.3600,3732
368,57.3500,57.3700,57.3400,57.3700,3167
369,57.3700,57.3900,57.3700,57.3900,1577
370,57.3900,57.4000,57.3783,57.3783,2174
371,57.3800,57.4100,57.3800,57.4000,11086
372,57.4000,57.4000,57.4000,57.4000,3712
373,57.4000,57.4000,57.4000,57.4000,1500
374,57.4000,57.4050,57.3900,57.3950,2133
375,57.3900,57.3900,57.3500,57.3500,4258
376,57.3500,57.3700,57.3400,57.3700,5649
377,57.3700,57.3950,57.3700,57.3800,4106
378,57.3900,57.3900,57.3800,57.3900,400
379,57.3900,57.4200,57.3900,57.4200,11954
380,57.4200,57.4300,57.4000,57.4100,6468
381,57.4100,57.4400,57.4100,57.4400,4849
382,57.4400,57.4400,57.4300,57.4300,1500
383,57.4375,57.4375,57.4200,57.4200,2366
384,57.4200,57.4400,57.4200,57.4400,5202
385,57.4400,57.4400,57.4200,57.4200,5445
386,57.4200,57.4200,57.3900,57.4000,9559
387,57.3900,57.4000,57.3900,57.3900,6855
388,57.3900,57.4000,57.3850,57.3850,8544
389,57.3800,57.4300,57.3800,57.4300,18457
390,57.4300,57.4400,57.4000,57.4100,22069
1,57.5000,57.5000,57.2300,57.2300,5167
2,57.2700,57.2700,57.2700,57.2700,100
4,57.2700,57.4300,57.2700,57.4300,300
6,57.3600,57.4700,57.3600,57.4700,500
7,57.5000,57.5400,57.5000,57.5100,4533
9,57.5300,57.5300,57.5300,57.5300,200
12,57.5200,57.5500,57.5200,57.5400,435
13,57.5500,57.5500,57.5500,57.5500,100
14,57.5500,57.5500,57.5500,57.5500,208
15,57.5500,57.5550,57.5300,57.5300,1004
16,57.5500,57.5600,57.5500,57.5600,300
17,57.5600,57.6300,57.5600,57.6000,3444
18,57.6200,57.6200,57.6200,57.6200,100
19,57.5900,57.5900,57.5900,57.5900,900
20,57.6200,57.6200,57.6000,57.6000,739
21,57.6300,57.6500,57.6300,57.6500,800
22,57.6600,57.6700,57.6600,57.6700,401
23,57.6900,57.7000,57.6900,57.7000,200
24,57.7400,57.7500,57.7400,57.7400,1157
25,57.7700,57.7800,57.7600,57.7800,1300
26,57.7700,57.8000,57.7700,57.7872,1907
27,57.8000,57.8700,57.8000,57.8700,1522
28,57.8700,57.8700,57.8700,57.8700,201
29,57.8700,57.8700,57.8500,57.8500,959
30,57.8400,57.8400,57.8000,57.8100,4984
31,57.7700,57.7746,57.7700,57.7746,300
33,57.7100,57.7300,57.6800,57.6800,1500
34,57.7200,57.7700,57.7100,57.7700,1571
35,57.7600,57.7800,57.7600,57.7800,200
36,57.7800,57.7800,57.7400,57.7400,900
37,57.7500,57.7800,57.7200,57.7500,2447
38,57.7500,57.7900,57.7500,57.7900,2200
39,57.7900,57.7900,57.7500,57.7600,3100
40,57.7650,57.7650,57.7300,57.7500,1491
41,57.7700,57.7700,57.7700,57.7700,165
42,57.7900,57.7900,57.7600,57.7800,889
44,57.7100,57.7100,57.7100,57.7100,400
46,57.7100,57.7100,57.7100,57.7100,100
47,57.7300,57.7300,57.7150,57.7150,300
48,57.6900,57.7300,57.6900,57.7300,200
50,57.6900,57.6900,57.6500,57.6500,900
51,57.6800,57.6800,57.6800,57.6800,300
52,57.7000,57.7000,57.7000,57.7000,477
53,57.6900,57.7000,57.6900,57.7000,200
54,57.7200,57.7200,57.7000,57.7000,800
55,57.6900,57.7300,57.6900,57.7100,981
56,57.7300,57.7300,57.7200,57.7200,400
58,57.7300,57.7700,57.7300,57.7700,1829
59,57.7700,57.8000,57.7700,57.8000,701
61,57.7700,57.8000,57.7700,57.7800,1064
62,57.7933,57.8300,57.7900,57.8300,1488
63,57.8700,57.8700,57.8700,57.8700,200
64,57.8600,57.8600,57.8600,57.8600,100
65,57.8600,57.8600,57.8100,57.8200,1200
66,57.8100,57.8200,57.8100,57.8200,964
68,57.8200,57.8300,57.8200,57.8300,400
69,57.8395,57.8395,57.8200,57.8200,605
71,57.7850,57.8000,57.7850,57.8000,204
73,57.8000,57.8000,57.8000,57.8000,100
74,57.7900,57.7900,57.7900,57.7900,100
75,57.7900,57.7900,57.7700,57.7900,1000
76,57.8000,57.8000,57.8000,57.8000,300
77,57.8100,57.8172,57.8100,57.8172,858
78,57.8200,57.8200,57.8100,57.8100,200
79,57.8200,57.8200,57.8100,57.8200,300
80,57.8200,57.8200,57.8000,57.8000,609
81,57.8100,57.8200,57.8000,57.8000,531
82,57.7900,57.7900,57.7900,57.7900,100
83,57.7500,57.7500,57.7500,57.7500,100
84,57.7600,57.7600,57.7400,57.7400,600
85,57.7350,57.7350,57.7350,57.7350,100
86,57.7200,57.7200,57.6900,57.6900,600
88,57.7200,57.7500,57.7050,57.7500,1015
89,57.7200,57.7200,57.7200,57.7200,400
90,57.7400,57.7400,57.7000,57.7000,400
91,57.7000,57.7000,57.7000,57.7000,100
92,57.7300,57.7300,57.7200,57.7200,900
93,57.7200,57.7200,57.7100,57.7200,1242
94,57.7300,57.7600,57.7300,57.7500,1800
95,57.7500,57.7500,57.7500,57.7500,200
100,57.7600,57.7700,57.7200,57.7600,5100
101,57.7700,57.7700,57.7400,57.7400,1100
102,57.7500,57.7600,57.7300,57.7300,1000
103,57.7400,57.7400,57.6800,57.6800,15700
104,57.6900,57.7400,57.6900,57.7200,3008
105,57.7400,57.7400,57.7400,57.7400,100
107,57.7400,57.7400,57.7400,57.7400,900
108,57.7500,57.7500,57.7500,57.7500,500
109,57.7500,57.7500,57.7300,57.7400,800
111,57.7398,57.7400,57.7398,57.7400,959
112,57.7400,57.7400,57.7400,57.7400,100
113,57.7200,57.7200,57.7200,57.7200,836
114,57.7300,57.7458,57.7203,57.7458,2334
115,57.7500,57.7500,57.7300,57.7300,200
116,57.7200,57.7200,57.7200,57.7200,200
117,57.7400,57.7400,57.7400,57.7400,100
118,57.7400,57.7500,57.7400,57.7500,1052
119,57.7500,57.7500,57.7500,57.7500,100
120,57.7700,57.7700,57.7700,57.7700,100
121,57.7700,57.7700,57.7700,57.7700,200
123,57.7600,57.7600,57.7600,57.7600,501
124,57.7600,57.7700,57.7500,57.7700,11600
125,57.7600,57.7700,57.7500,57.7500,1000
126,57.7453,57.7500,57.7300,57.7300,691
127,57.7300,57.7300,57.7000,57.7000,700
128,57.7400,57.7500,57.7300,57.7400,25004
129,57.7300,57.7500,57.7250,57.7400,24200
130,57.7300,57.7400,57.7200,57.7300,2300
132,57.7200,57.7200,57.7200,57.7200,100
133,57.7400,57.7400,57.7100,57.7100,509
135,57.7000,57.7000,57.6900,57.7000,1500
136,57.6800,57.6900,57.6800,57.6900,300
137,57.6800,57.6899,57.6700,57.6700,2250
138,57.6900,57.7000,57.6850,57.7000,1501
139,57.7000,57.7000,57.6850,57.6850,200
140,57.6890,57.6890,57.6700,57.6700,1400
141,57.6800,57.7000,57.6800,57.7000,1374
142,57.7000,57.7000,57.6800,57.6800,200
143,57.6700,57.6700,57.6450,57.6500,1100
144,57.6600,57.6600,57.6500,57.6600,1100
145,57.6700,57.6700,57.6700,57.6700,100
146,57.6501,57.6600,57.6501,57.6600,200
147,57.6700,57.6999,57.6600,57.6999,800
148,57.6700,57.6700,57.6700,57.6700,100
149,57.6700,57.6700,57.6700,57.6700,100
150,57.6750,57.6900,57.6400,57.6600,1100
151,57.6600,57.6600,57.6599,57.6600,300
152,57.6500,57.6600,57.6500,57.6600,1300
154,57.6600,57.7000,57.6600,57.7000,400
156,57.6801,57.7000,57.6801,57.7000,200
157,57.7100,57.7400,57.7100,57.7400,904
158,57.7500,57.7699,57.7400,57.7699,464
159,57.7700,57.8000,57.7700,57.7900,4938
160,57.7900,57.8000,57.7900,57.8000,200
162,57.8000,57.8100,57.8000,57.8100,400
163,57.8200,57.8300,57.8100,57.8100,900
164,57.8200,57.8299,57.8100,57.8186,1692
165,57.8200,57.8300,57.8200,57.8300,360
166,57.8300,57.8400,57.8300,57.8300,800
167,57.8400,57.8500,57.8000,57.8350,5483
168,57.8350,57.8599,57.8350,57.8599,1125
169,57.8400,57.8400,57.8200,57.8200,300
170,57.8300,57.8300,57.8300,57.8300,500
171,57.8250,57.8250,57.8250,57.8250,100
172,57.8100,57.8200,57.8100,57.8200,400
173,57.8200,57.8300,57.8200,57.8300,200
174,57.8300,57.8300,57.8000,57.8000,600
175,57.8200,57.8200,57.7900,57.7900,200
176,57.7800,57.7900,57.7700,57.7700,500
177,57.7600,57.7700,57.7500,57.7699,500
178,57.7700,57.7700,57.7700,57.7700,100
179,57.7900,57.7900,57.7800,57.7800,200
180,57.7900,57.8100,57.7900,57.8100,600
181,57.8100,57.8200,57.8100,57.8200,301
183,57.8200,57.8300,57.8200,57.8300,827
184,57.8200,57.8200,57.8000,57.8100,1000
185,57.7900,57.7900,57.7800,57.7800,500
187,57.7600,57.7700,57.7600,57.7600,1033
188,57.7500,57.7500,57.7300,57.7300,400
189,57.7400,57.7600,57.7400,57.7600,600
190,57.7700,57.7700,57.7700,57.7700,100
191,57.7600,57.7600,57.7600,57.7600,100
192,57.7400,57.7400,57.7400,57.7400,100
194,57.7400,57.7400,57.7400,57.7400,200
195,57.7300,57.7400,57.7300,57.7399,575
196,57.7310,57.7500,57.7310,57.7500,3661
197,57.7400,57.7600,57.7400,57.7600,273
198,57.7700,57.7700,57.7500,57.7700,500
199,57.7700,57.7800,57.7700,57.7800,400
200,57.7800,57.7800,57.7800,57.7800,100
201,57.7500,57.7799,57.7500,57.7700,1200
204,57.7600,57.7600,57.7600,57.7600,100
205,57.7800,57.7800,57.7600,57.7600,200
207,57.7600,57.7800,57.7600,57.7800,200
208,57.7700,57.7700,57.7600,57.7600,500
209,57.7600,57.7600,57.7500,57.7500,400
210,57.7200,57.7200,57.7200,57.7200,100
212,57.7400,57.7800,57.7300,57.7700,1568
213,57.7800,57.7899,57.7700,57.7899,600
214,57.7700,57.7700,57.7600,57.7600,500
216,57.7574,57.7574,57.7500,57.7500,495
218,57.7500,57.7500,57.7400,57.7400,200
219,57.7400,57.7400,57.7400,57.7400,100
220,57.7400,57.7400,57.7400,57.7400,388
222,57.7300,57.7300,57.7200,57.7200,200
223,57.7300,57.7300,57.7000,57.7000,200
224,57.7150,57.7150,57.7150,57.7150,100
225,57.6800,57.7200,57.6800,57.7050,2114
226,57.7300,57.7300,57.7200,57.7200,200
227,57.7500,57.7500,57.7499,57.7500,1000
228,57.7528,57.7528,57.7400,57.7400,600
229,57.7600,57.7600,57.7200,57.7200,200
230,57.7460,57.7460,57.7460,57.7460,215
231,57.7500,57.7500,57.7500,57.7500,100
232,57.7500,57.7600,57.7500,57.7600,900
233,57.7600,57.7799,57.7600,57.7700,410
235,57.7800,57.8000,57.7800,57.8000,601
236,57.8000,57.8100,57.8000,57.8100,200
237,57.7900,57.7982,57.7900,57.7900,900
239,57.8018,57.8018,57.7901,57.7901,281
240,57.7900,57.8000,57.7900,57.8000,1100
241,57.7900,57.8000,57.7900,57.8000,200
242,57.7911,57.7911,57.7800,57.7800,450
243,57.7900,57.8400,57.7800,57.8400,1117
244,57.8600,57.8600,57.8600,57.8600,100
245,57.8450,57.8800,57.8450,57.8800,800
246,57.8659,57.8800,57.8600,57.8700,1300
248,57.8800,57.9000,57.8800,57.9000,1192
249,57.8900,57.8900,57.8700,57.8700,1500
250,57.8700,57.8900,57.8700,57.8900,1539
252,57.8550,57.8550,57.8550,57.8550,100
254,57.8300,57.8500,57.8300,57.8500,200
255,57.8401,57.8700,57.8401,57.8700,570
256,57.8800,57.8950,57.8800,57.8900,2300
257,57.8900,57.8900,57.8900,57.8900,800
258,57.9000,57.9200,57.9000,57.9100,1832
259,57.9000,57.9100,57.9000,57.9100,500
260,57.8900,57.9000,57.8200,57.8200,1589
261,57.8100,57.8100,57.7400,57.7400,2100
262,57.7700,57.7700,57.7700,57.7700,300
263,57.7400,57.7600,57.7400,57.7550,1000
264,57.7550,57.7550,57.7150,57.7150,844
265,57.7000,57.7000,57.7000,57.7000,100
266,57.6900,57.7150,57.6900,57.7000,1100
267,57.7100,57.7100,57.7000,57.7000,811
268,57.6801,57.6801,57.6710,57.6720,1300
269,57.6800,57.7000,57.6700,57.7000,1130
270,57.6800,57.6800,57.6700,57.6700,400
271,57.6800,57.7173,57.6800,57.7100,1817
272,57.7100,57.7135,57.7100,57.7135,202
273,57.7200,57.7400,57.7000,57.7400,1200
274,57.7400,57.7600,57.7400,57.7400,723
275,57.7501,57.7700,57.7501,57.7700,200
276,57.7500,57.7800,57.7500,57.7800,200
277,57.7600,57.7600,57.7600,57.7600,100
278,57.7601,57.7800,57.7500,57.7800,500
279,57.7800,57.7900,57.7800,57.7850,1200
281,57.7500,57.7600,57.7500,57.7600,200
282,57.7700,57.7850,57.7700,57.7800,400
283,57.7900,57.8000,57.7900,57.7900,3392
284,57.7800,57.7800,57.7500,57.7500,300
285,57.7500,57.7700,57.7500,57.7700,1843
286,57.7800,57.7850,57.7700,57.7700,600
287,57.7800,57.7900,57.7700,57.7750,1200
289,57.7701,57.7800,57.7700,57.7700,300
290,57.7400,57.7600,57.7400,57.7500,400
291,57.7200,57.7200,57.7200,57.7200,200
292,57.7200,57.7400,57.7200,57.7400,400
293,57.7500,57.7700,57.7400,57.7600,2808
294,57.7300,57.7300,57.7300,57.7300,100
296,57.7400,57.7600,57.7400,57.7600,1000
297,57.7400,57.7600,57.7400,57.7450,300
298,57.7200,57.7600,57.7200,57.7600,300
299,57.7599,57.7699,57.7599,57.7699,700
300,57.7700,57.7700,57.7401,57.7401,700
301,57.7500,57.7600,57.7500,57.7500,300
302,57.7400,57.7700,57.7400,57.7700,600
303,57.7700,57.7700,57.7500,57.7600,600
304,57.7500,57.7500,57.7100,57.7300,606
305,57.7499,57.7499,57.7200,57.7400,700
306,57.7499,57.7499,57.7163,57.7163,446
307,57.7200,57.7300,57.7200,57.7300,1249
308,57.7200,57.7200,57.7000,57.7000,1100
309,57.6600,57.6700,57.6400,57.6400,700
310,57.6700,57.6700,57.6500,57.6500,257
311,57.6400,57.6400,57.6400,57.6400,396
312,57.6457,57.6600,57.6300,57.6600,983
314,57.6301,57.6500,57.6300,57.6300,1190
315,57.6100,57.6100,57.5825,57.5825,700
316,57.5800,57.5986,57.5701,57.5800,2100
317,57.5900,57.6000,57.5900,57.6000,800
318,57.6300,57.6500,57.6300,57.6300,700
319,57.6200,57.6500,57.6200,57.6500,936
320,57.6400,57.6600,57.6200,57.6450,2100
321,57.6600,57.6999,57.6500,57.6700,4021
322,57.6500,57.6600,57.6300,57.6300,300
323,57.6200,57.6300,57.6200,57.6200,1501
324,57.6100,57.6500,57.6100,57.6500,1100
325,57.6600,57.6800,57.6400,57.6600,2000
326,57.6600,57.6800,57.6400,57.6600,2710
327,57.6699,57.6699,57.6400,57.6500,800
328,57.6550,57.6700,57.6550,57.6700,600
330,57.6799,57.7000,57.6600,57.6600,1219
331,57.6700,57.6700,57.6501,57.6600,1197
332,57.6700,57.7100,57.6700,57.7100,1981
333,57.6900,57.7600,57.6900,57.7300,1400
334,57.7300,57.7700,57.7300,57.7500,600
335,57.7500,57.7500,57.7200,57.7200,1692
336,57.7300,57.7400,57.7200,57.7350,2190
337,57.7300,57.7300,57.6800,57.6900,1400
338,57.7000,57.7199,57.7000,57.7199,766
339,57.7200,57.7400,57.7000,57.7300,615
340,57.7400,57.7400,57.7250,57.7350,300
341,57.7500,57.8200,57.7500,57.7900,1900
342,57.7900,57.7900,57.7700,57.7700,300
343,57.7800,57.7900,57.7800,57.7900,900
344,57.7800,57.7800,57.7450,57.7450,1341
345,57.7300,57.7500,57.7300,57.7499,943
346,57.7500,57.7600,57.7450,57.7500,2735
347,57.7600,57.7650,57.7400,57.7600,1300
348,57.7500,57.7500,57.6800,57.6800,1100
349,57.6900,57.7300,57.6800,57.7300,1200
350,57.7300,57.7600,57.7300,57.7600,1100
351,57.7600,57.7600,57.7499,57.7499,600
352,57.7500,57.7500,57.7300,57.7300,2510
353,57.7300,57.7499,57.7300,57.7499,977
354,57.7400,57.7500,57.7300,57.7500,774
355,57.7500,57.7700,57.7499,57.7700,1000
356,57.7900,57.7900,57.7300,57.7500,1400
357,57.7700,57.7700,57.7500,57.7500,2211
358,57.7500,57.7500,57.7300,57.7300,1600
359,57.7400,57.7799,57.7400,57.7600,1009
360,57.7700,57.7700,57.7700,57.7700,100
361,57.8000,57.8000,57.7600,57.7600,858
362,57.7700,57.7700,57.7400,57.7400,500
363,57.7400,57.7400,57.7100,57.7100,941
364,57.6800,57.6900,57.6700,57.6700,500
365,57.6900,57.7100,57.6900,57.7100,562
366,57.7200,57.7300,57.7200,57.7200,1026
367,57.7000,57.7100,57.7000,57.7100,600
368,57.7000,57.7000,57.6800,57.6800,1322
369,57.6900,57.7100,57.6900,57.7100,800
370,57.7200,57.7200,57.7000,57.7000,600
371,57.7000,57.7000,57.6900,57.7000,500
372,57.7100,57.7200,57.7100,57.7200,809
373,57.7200,57.7200,57.6900,57.7100,800
374,57.7200,57.7300,57.6900,57.7000,837