AVB,AvalonBay Communities Inc.,Real Estate,9,Residential REITs,26720955845,748346
a149961780095,193.0400,193.0700,193.0400,193.0700,300
296,193.0300,193.0300,193.0000,193.0150,400
297,193.0700,193.0700,193.0250,193.0250,400
298,193.0500,193.0500,193.0500,193.0500,100
299,193.0100,193.0500,193.0000,193.0150,1189
300,193.0600,193.0600,192.9500,193.0000,3000
301,193.0000,193.0000,193.0000,193.0000,900
302,193.0000,193.0000,193.0000,193.0000,200
303,193.0000,193.0500,193.0000,193.0500,500
304,193.0550,193.0600,193.0550,193.0600,300
305,193.0800,193.1300,193.0800,193.1300,300
306,193.1300,193.1500,193.1300,193.1300,400
307,193.1450,193.2100,193.1450,193.1700,300
308,193.1500,193.2700,193.1500,193.2350,1100
309,193.2350,193.2900,193.2350,193.2700,900
310,193.2650,193.2650,193.2650,193.2650,100
311,193.2650,193.2650,193.2650,193.2650,100
312,193.3100,193.3300,193.3100,193.3300,900
313,193.3600,193.3600,193.3500,193.3500,200
315,193.3400,193.3750,193.3400,193.3750,700
316,193.3700,193.3700,193.2200,193.2500,2522
317,193.2500,193.2500,193.1500,193.1850,2108
318,193.1500,193.1900,193.1200,193.1200,3718
319,193.0700,193.1200,192.9400,193.1000,3660
320,193.1400,193.1700,193.1400,193.1700,800
321,193.1750,193.2300,193.1750,193.1800,500
322,193.1300,193.1850,193.1300,193.1700,1000
323,193.1800,193.1800,193.1800,193.1800,1000
324,193.1400,193.1600,193.1400,193.1600,500
325,193.1600,193.1600,192.9700,193.0000,900
326,193.0000,193.0400,193.0000,193.0400,1000
327,193.0400,193.0400,193.0400,193.0400,100
328,193.0300,193.0400,192.9600,193.0400,898
329,193.0700,193.0800,193.0250,193.0250,605
330,193.0250,193.0750,193.0250,193.0750,300
331,193.0200,193.0200,192.9600,192.9600,200
332,193.0250,193.0900,193.0250,193.0400,1500
333,193.0000,193.1000,193.0000,193.0800,600
334,193.0800,193.1200,193.0300,193.1200,1100
335,193.1300,193.1900,193.0700,193.1900,2000
336,193.1900,193.2600,193.1900,193.2600,600
337,193.2600,193.2800,193.2500,193.2500,400
338,193.3100,193.3600,193.2400,193.2400,2600
339,193.2500,193.2500,193.2500,193.2500,100
340,193.2500,193.2550,193.2300,193.2300,300
341,193.2550,193.2550,193.2200,193.2550,700
342,193.2700,193.3200,193.2400,193.3200,2513
343,193.2700,193.3100,193.2500,193.3100,1017
344,193.2500,193.2500,193.1700,193.2050,1000
345,193.2600,193.3200,193.2300,193.2400,2000
346,193.2500,193.4000,193.2500,193.4000,1000
347,193.4200,193.5200,193.4200,193.5200,1000
349,193.4900,193.5600,193.4500,193.5600,1200
351,193.5700,193.6000,193.5700,193.6000,1000
352,193.6000,193.6000,193.6000,193.6000,100
353,193.6200,193.6700,193.6200,193.6700,738
354,193.6600,193.6600,193.6100,193.6450,1700
355,193.6500,193.7200,193.6500,193.7200,1700
356,193.6900,193.6900,193.6900,193.6900,100
358,193.7300,193.7400,193.6800,193.7300,1733
359,193.7100,193.7100,193.6500,193.7000,845
360,193.6700,193.6900,193.6200,193.6300,1900
361,193.6200,193.6200,193.5900,193.5950,1600
362,193.5800,193.6100,193.5500,193.6100,2100
363,193.6300,193.6300,193.6000,193.6000,400
364,193.6400,193.6800,193.6100,193.6400,2700
365,193.6400,193.7700,193.6400,193.7700,1217
366,193.7800,193.8300,193.7800,193.8300,1792
367,193.8400,193.8700,193.8100,193.8200,1100
368,193.8200,193.9200,193.8100,193.9200,1300
369,193.8900,193.8900,193.8900,193.8900,100
370,193.9200,193.9700,193.9200,193.9500,500
371,193.9600,194.0000,193.9600,194.0000,500
372,194.0000,194.0000,193.9400,193.9800,1100
373,193.9700,193.9725,193.9000,193.9000,2104
374,193.9200,193.9200,193.8800,193.9000,1100
375,193.8600,193.8600,193.7700,193.8200,6040
376,193.8200,193.9000,193.8200,193.9000,4400
377,193.9100,193.9700,193.9100,193.9600,1100
378,193.9500,193.9600,193.9500,193.9600,200
379,193.9300,194.0100,193.9000,193.9700,5400
380,193.9800,194.0200,193.9700,194.0200,1700
381,194.0100,194.0500,194.0000,194.0300,2325
382,194.0500,194.0600,193.7401,193.9600,15656
383,193.9600,193.9800,193.9350,193.9800,1780
384,193.9800,193.9800,193.9300,193.9700,1566
385,193.9800,193.9800,193.9400,193.9500,1300
386,193.9600,194.0100,193.9600,194.0100,2300
387,194.0350,194.1100,194.0100,194.1100,3900
388,194.1400,194.1900,194.1100,194.1700,3434
389,194.1700,194.2400,194.1700,194.2400,6481
390,194.2200,194.3000,194.2100,194.2400,9275
1,194.0000,194.2000,193.8450,193.8450,4536
3,193.9000,193.9450,193.7300,193.7300,1348
4,193.5900,193.8100,193.5900,193.8100,200
6,193.5000,193.5700,193.3300,193.5700,2000
7,193.6100,193.6500,193.4400,193.5100,700
8,193.5800,193.5800,193.5800,193.5800,300
9,193.6300,194.0700,193.6300,194.0700,1600
10,194.0400,194.0400,193.9800,193.9800,300
11,194.0800,194.2000,194.0600,194.0600,1324
12,194.1900,194.3500,194.1900,194.3500,3255
13,194.2400,194.3600,194.1200,194.1200,800
14,194.2000,194.3100,194.1350,194.3100,1200
15,194.1800,194.2025,194.1800,194.2025,200
16,194.1000,194.1550,194.0300,194.0900,1400
17,193.9500,193.9500,193.9500,193.9500,100
18,194.0150,194.0150,194.0150,194.0150,100
19,193.9600,194.0700,193.9200,193.9700,1100
20,194.0700,194.1600,194.0700,194.1600,1900
21,194.1850,194.4600,194.1850,194.4600,300
22,194.3400,194.4300,194.2400,194.3100,2800
23,194.2300,194.6200,194.2300,194.6000,4350
24,194.5100,194.6300,194.3600,194.4600,4691
25,194.3300,194.3300,194.1200,194.1200,1900
26,194.0700,194.1800,194.0700,194.1000,300
27,194.0000,194.1000,193.9700,194.0900,2100
28,194.0100,194.0900,193.9200,193.9200,1500
29,194.0400,194.0800,193.9700,194.0100,4735
30,193.9800,193.9800,193.9800,193.9800,100
32,194.1200,194.2000,194.1200,194.1700,600
33,194.2000,194.2100,194.1600,194.2000,1300
34,194.2000,194.2600,194.1300,194.2000,4396
35,194.1900,194.1900,194.1300,194.1300,300
36,194.1800,194.2200,194.1400,194.1600,700
38,194.2100,194.3500,194.2100,194.3500,500
39,194.3900,194.3900,194.2000,194.2000,500
41,194.0500,194.0500,194.0400,194.0400,400
44,194.0300,194.0500,193.9300,194.0300,2000
45,194.0900,194.0900,193.9700,194.0100,6900
46,194.0100,194.1000,194.0100,194.0200,1346
47,194.1100,194.1400,194.1100,194.1400,200
48,194.1200,194.1400,194.1200,194.1400,400
50,194.1900,194.4100,194.1900,194.4100,400
51,194.3850,194.3850,194.3850,194.3850,300
52,194.3600,194.7600,194.3600,194.5400,6596
53,194.4000,194.4700,194.3900,194.4700,500
54,194.3100,194.3300,194.2800,194.2800,1800
55,194.3800,194.5000,194.3800,194.3900,2300
56,194.3900,194.4000,194.3900,194.4000,200
57,194.1500,194.2300,194.1500,194.1800,1600
58,194.1100,194.3200,194.1100,194.2100,2800
59,194.2500,194.3800,194.1100,194.2800,4876
60,194.1700,194.1700,194.1700,194.1700,100
61,194.1700,194.1800,194.1600,194.1800,400
62,194.1700,194.1700,194.1700,194.1700,100
64,194.3300,194.3300,194.3300,194.3300,100
66,194.2000,194.2000,193.9700,194.1200,1700
67,194.0400,194.0400,193.9900,194.0300,1300
68,194.0400,194.1700,193.8900,193.9800,5400
69,193.9800,194.0000,193.9500,194.0000,1100
70,194.0400,194.0400,194.0400,194.0400,100
71,194.1300,194.1300,194.1300,194.1300,100
72,193.9710,193.9710,193.9600,193.9600,325
73,194.0100,194.0600,194.0100,194.0600,330
76,194.1300,194.1300,194.0500,194.0500,200
77,193.9500,194.0800,193.9400,194.0800,569
78,193.9200,194.0100,193.9200,194.0100,200
79,193.9925,194.0700,193.8600,193.8600,900
80,194.0200,194.0200,194.0200,194.0200,100
81,194.0100,194.0400,193.8200,193.8700,3400
83,193.7300,194.1000,193.7300,194.1000,2800
84,193.9800,194.1000,193.9400,193.9400,1400
85,193.9800,193.9900,193.9500,193.9500,2200
86,194.0700,194.0800,194.0700,194.0800,408
87,194.1150,194.1800,194.1100,194.1400,400
89,194.0800,194.0800,194.0800,194.0800,100
90,194.1150,194.1150,194.1150,194.1150,100
91,194.0200,194.0200,193.8700,193.8700,600
92,193.9700,193.9700,193.9700,193.9700,100
93,194.0200,194.0700,194.0100,194.0700,600
95,194.1900,194.2200,194.1900,194.2200,500
96,194.1800,194.1800,194.1800,194.1800,200
97,194.1700,194.1700,194.1300,194.1300,300
98,194.1900,194.2600,194.1700,194.2500,600
99,194.3000,194.3000,194.2400,194.2400,300
100,194.1800,194.1800,194.1700,194.1700,300
103,194.1300,194.2900,194.1100,194.2800,6134
104,194.3250,194.3250,194.2000,194.2000,400
106,194.1800,194.1800,194.1800,194.1800,100
108,194.1600,194.1700,194.1600,194.1600,700
109,194.1362,194.1362,194.1362,194.1362,150
111,194.2200,194.2500,194.2200,194.2200,400
113,194.2300,194.2300,194.2300,194.2300,100
114,194.3200,194.3400,194.1600,194.3400,500
116,194.2450,194.2450,194.2450,194.2450,100
117,194.2600,194.3700,194.2600,194.3700,200
118,194.2850,194.2900,194.2850,194.2900,200
119,194.3100,194.4900,194.3100,194.4900,400
120,194.3900,194.3900,194.3900,194.3900,200
122,194.4600,194.4600,194.3600,194.3600,4008
123,194.3500,194.3500,194.3200,194.3200,679
125,194.3100,194.3100,194.3100,194.3100,300
128,194.4000,194.4400,194.3900,194.4400,400
129,194.4500,194.4600,194.4400,194.4400,1100
130,194.4600,194.4600,194.4200,194.4200,300
131,194.3800,194.3800,194.3300,194.3300,500
132,194.3300,194.3300,194.2800,194.3300,500
133,194.3200,194.3200,194.3200,194.3200,100
138,194.1900,194.1900,194.1900,194.1900,200
141,194.2000,194.2000,194.1300,194.1300,200
142,194.2900,194.3000,194.2900,194.3000,200
143,194.3000,194.3000,194.2150,194.2150,200
146,194.2500,194.2500,194.2300,194.2400,500
147,194.2400,194.2400,194.2400,194.2400,200
152,194.1100,194.1100,194.1100,194.1100,200
153,194.2000,194.2100,194.1800,194.1800,1771
154,194.2100,194.2100,194.1000,194.1000,500
156,194.1599,194.1600,194.1599,194.1600,800
158,194.1350,194.1600,194.1350,194.1600,1323
160,194.1600,194.1600,194.1350,194.1350,300
161,194.1600,194.1600,194.1100,194.1600,4712
162,194.1600,194.1600,194.1100,194.1100,2400
163,194.1250,194.1250,194.0900,194.0900,500
165,194.0900,194.1200,194.0400,194.1200,412
166,194.1100,194.1100,194.0800,194.0800,900
167,194.0850,194.1600,194.0850,194.1000,4572
172,194.1200,194.1600,194.1200,194.1600,200
173,194.1682,194.1682,194.1682,194.1682,225
175,194.1700,194.2700,194.1700,194.2700,500
177,194.1600,194.1600,194.1500,194.1500,400
178,194.1700,194.1700,194.1700,194.1700,100
180,194.1500,194.1500,194.1500,194.1500,100
181,194.1050,194.1050,194.1050,194.1050,100
184,194.0100,194.0100,194.0100,194.0100,100
185,194.0100,194.0300,193.9500,194.0000,2000
186,194.0600,194.1600,194.0600,194.1600,1400
187,194.1400,194.1600,194.0100,194.0100,3911
188,194.0300,194.0300,194.0050,194.0200,1800
189,194.0300,194.0300,194.0300,194.0300,1000
191,194.0200,194.0800,194.0200,194.0600,1700
194,194.1000,194.1200,194.0500,194.0500,400
199,193.9800,193.9800,193.9800,193.9800,100
203,194.0100,194.0500,194.0100,194.0500,200
204,193.9700,193.9700,193.9700,193.9700,100
205,193.9800,193.9800,193.9100,193.9300,3500
206,193.9300,193.9700,193.9300,193.9700,700
207,193.8900,193.9700,193.8900,193.9400,300
208,193.9700,193.9700,193.9000,193.9700,9800
209,193.9700,193.9700,193.9400,193.9700,4029
210,193.9700,193.9800,193.9700,193.9800,200
212,193.9700,193.9900,193.9500,193.9700,700
213,193.9400,193.9700,193.9150,193.9700,1700
214,193.9700,193.9700,193.9400,193.9500,800
215,193.9700,193.9700,193.8950,193.9700,5600
216,193.9600,193.9600,193.8300,193.9400,1824
217,193.8900,193.8900,193.8400,193.8750,1103
218,193.8800,193.8900,193.8300,193.8600,2045
219,193.8600,193.9500,193.8600,193.9500,900
222,193.8900,193.9400,193.8800,193.8800,1300
223,193.9100,193.9700,193.9100,193.9600,499
224,193.9800,193.9800,193.8700,193.9800,800
225,193.9800,193.9800,193.9100,193.9100,1700
226,193.9700,193.9700,193.9700,193.9700,100
228,193.9500,193.9800,193.9500,193.9800,300
229,193.9800,193.9800,193.9700,193.9700,500
230,193.9500,193.9500,193.9500,193.9500,2000
231,193.9050,193.9050,193.8300,193.8300,200
232,193.9600,193.9600,193.9600,193.9600,100
233,193.9700,193.9800,193.9600,193.9600,400
234,193.9155,193.9800,193.9155,193.9800,900
235,193.9200,193.9200,193.9200,193.9200,500
236,193.8800,193.8800,193.8700,193.8700,600
237,193.8800,193.8800,193.7900,193.8700,4700
239,193.8800,193.8800,193.8386,193.8700,580
240,193.8700,193.8800,193.8500,193.8800,4685
241,193.8500,193.8500,193.8200,193.8500,5300
242,193.8400,193.8500,193.8200,193.8500,3400
243,193.8500,193.8500,193.8100,193.8500,5882
244,193.8300,193.8500,193.8200,193.8500,1500
245,193.8500,193.8800,193.8300,193.8800,4715
246,193.8800,193.9000,193.8800,193.9000,800
247,193.9200,193.9200,193.9000,193.9200,400
248,193.8900,193.9600,193.8400,193.9600,2600
249,193.9700,194.1100,193.9700,194.1100,1000
252,194.1100,194.1100,194.1100,194.1100,200
253,194.1650,194.1650,194.1100,194.1100,200
255,194.1600,194.3800,194.1200,194.3700,2300
256,194.3700,194.3700,194.3000,194.3100,1000
259,194.1600,194.1800,194.1600,194.1700,500
260,194.1600,194.1600,194.0124,194.0400,962
261,194.0600,194.0600,194.0400,194.0400,600
262,194.1700,194.1700,194.0100,194.0900,900
263,194.1500,194.1800,194.1500,194.1700,700
264,194.1700,194.1700,194.0800,194.1600,300
265,194.1900,194.2100,194.1900,194.2000,300
266,194.2300,194.3100,194.1600,194.2200,3300
267,194.2800,194.2800,194.2800,194.2800,100
268,194.3300,194.3300,194.3300,194.3300,100
269,194.3100,194.3100,194.3100,194.3100,100
270,194.3500,194.3500,194.3500,194.3500,200
271,194.4100,194.4500,194.4100,194.4500,900
273,194.5200,194.6600,194.5200,194.6600,500
274,194.6400,194.7000,194.6100,194.6993,2666
275,194.6900,194.7900,194.6900,194.7900,1600
276,194.7200,194.8350,194.6800,194.8300,700
277,194.8800,195.0600,194.8800,195.0600,1958
278,195.0750,195.0750,194.9600,194.9600,400
279,194.9600,194.9600,194.9500,194.9600,1300
280,194.9150,194.9150,194.9150,194.9150,100
281,194.9200,194.9800,194.9200,194.9800,400
283,194.9950,194.9950,194.9500,194.9500,400
284,194.9000,194.9500,194.8500,194.9050,600
285,194.9050,194.9600,194.9050,194.9600,600
286,194.9500,194.9600,194.9500,194.9600,600
287,195.0000,195.0400,195.0000,195.0000,700
288,195.0500,195.1200,195.0500,195.1200,400
289,195.0500,195.1300,195.0300,195.1300,1408
290,195.1400,195.1400,195.1300,195.1300,200
291,195.0800,195.1500,195.0800,195.1200,538
292,195.1500,195.1900,195.1200,195.1900,817
293,195.2300,195.2300,195.1400,195.1400,300
294,195.1000,195.1000,194.9800,194.9800,600
295,194.9000,194.9000,194.9000,194.9000,200
296,194.8600,194.8600,194.8600,194.8600,100
297,194.8500,194.9400,194.8500,194.9400,200
298,194.8600,194.8600,194.8600,194.8600,100
299,194.8500,194.9400,194.8000,194.8100,8600
300,194.8700,194.9400,194.7700,194.9400,2300
301,194.8200,194.9200,194.7800,194.8600,1300
302,194.8300,194.9100,194.8300,194.9100,1200
303,194.7900,194.7900,194.7900,194.7900,100
304,194.7700,194.8700,194.6800,194.7400,4864
305,194.7800,194.8300,194.7800,194.8200,1492
306,194.8100,194.8600,194.7975,194.7975,1700
307,194.8400,194.8400,194.6900,194.6900,2000
308,194.7950,194.8150,194.7100,194.8150,1800
309,194.7900,194.9000,194.7900,194.9000,1700
311,194.9400,194.9400,194.9400,194.9400,100
312,194.8100,194.8100,194.8100,194.8100,100
313,194.7400,194.8600,194.7400,194.8600,200
315,194.8500,194.8500,194.7300,194.8200,1200
316,194.7300,194.8100,194.6950,194.8050,3100
317,194.8000,194.8500,194.8000,194.8450,1102
318,194.8900,194.8900,194.8300,194.8300,400
319,194.8900,194.8900,194.8800,194.8800,600
320,194.8700,194.9200,194.7300,194.8300,1693
321,194.8200,194.8900,194.6900,194.7200,2400
322,194.7800,194.8500,194.7300,194.8200,1400
323,194.7000,194.8500,194.6900,194.8100,1800
324,194.8300,195.0300,194.8300,195.0300,1600
325,194.9800,194.9800,194.8800,194.8800,2285
326,195.0200,195.0200,194.9200,194.9200,300
327,194.9400,194.9400,194.8800,194.8800,500
328,194.9400,194.9400,194.9400,194.9400,100
329,194.9200,194.9700,194.9200,194.9700,200
330,194.9700,194.9800,194.9000,194.9700,1000
331,194.9600,194.9600,194.7900,194.7900,1545
333,194.8450,194.9600,194.8450,194.9100,2691
334,194.9100,194.9650,194.7700,194.7900,3501
335,194.8500,194.8600,194.7700,194.7700,1275
336,194.8500,194.9200,194.8500,194.9200,872
337,194.8550,194.9200,194.7500,194.8700,5970
338,194.8650,194.9100,194.7700,194.9000,4300
339,194.8800,194.8900,194.8700,194.8900,500
340,194.9600,194.9600,194.8601,194.8601,731
341,194.9050,194.9050,194.7800,194.8200,1700
342,194.8100,194.8200,194.7750,194.8000,1400
343,194.7850,194.7850,194.7850,194.7850,100
344,194.7500,194.7825,194.7000,194.7400,1400
345,194.7350,194.7350,194.7200,194.7200,200
346,194.7500,194.8000,194.7200,194.7200,2098
347,194.7000,194.7000,194.6100,194.6100,1000
348,194.6200,194.6200,194.5400,194.5550,800
349,194.5700,194.5900,194.5100,194.5100,2427
350,194.4400,194.5300,194.4400,194.4900,3100
351,194.4900,194.4900,194.4500,194.4500,800
352,194.4800,194.4800,194.3400,194.3600,3500
353,194.4000,194.4000,194.3750,194.3750,800
354,194.3900,194.4200,194.3400,194.3500,1800
355,194.3500,194.4200,194.3500,194.4200,1700
356,194.4250,194.4250,194.3500,194.3500,300
357,194.3800,194.4500,194.3400,194.4500,5509
358,194.4200,194.5200,194.4200,194.5000,1400
359,194.5600,194.6000,194.5400,194.5400,800
360,194.5000,194.6100,194.5000,194.6000,400
361,194.6300,194.6300,194.6300,194.6300,100
362,194.6400,194.6400,194.6000,194.6000,300
363,194.6100,194.6200,194.5600,194.5700,1100
364,194.5600,194.6300,194.5600,194.5900,600
365,194.6000,194.6000,194.6000,194.6000,100
366,194.5400,194.5400,194.4500,194.4800,800
367,194.4600,194.4600,194.4000,194.4000,580
368,194.3900,194.4500,194.3200,194.4500,1100
369,194.4800,194.5200,194.4600,194.4600,1000
370,194.5500,194.6000,194.5500,194.6000,400
371,194.5900,194.5900,194.5700,194.5700,600
372,194.6300,194.6300,194.6100,194.6100,200
373,194.6000,194.6000,194.5600,194.5900,600
374,194.6000,194.6000,194.6000,194.6000,100