CBG,CBRE Group,Real Estate,9,Real Estate Services,11773215194,1931777
a149961780077,34.5700,34.5800,34.5700,34.5750,2100
378,34.5800,34.5800,34.5750,34.5750,500
379,34.5700,34.5800,34.5700,34.5800,3196
380,34.5750,34.5900,34.5750,34.5850,8744
381,34.5900,34.6100,34.5850,34.6050,17708
382,34.6050,34.6150,34.6000,34.6100,6581
383,34.6000,34.6100,34.6000,34.6100,2300
384,34.6000,34.6200,34.6000,34.6200,17394
385,34.6150,34.6150,34.6100,34.6100,5048
386,34.6100,34.6175,34.5900,34.6100,17389
387,34.6100,34.6150,34.5950,34.6000,60267
388,34.5900,34.6000,34.5900,34.5950,4250
389,34.6000,34.6100,34.5900,34.6000,29682
390,34.6050,34.6100,34.5900,34.6000,58953
1,34.8700,34.8900,34.7950,34.7950,15263
2,34.8500,34.8600,34.7650,34.8250,1975
3,34.8550,34.8550,34.8030,34.8030,600
4,34.8550,34.8550,34.7580,34.7580,2180
5,34.8300,34.8300,34.7660,34.8300,400
6,34.8500,34.8500,34.7600,34.7600,800
7,34.7600,34.7950,34.7600,34.7950,200
8,34.7950,34.7950,34.7400,34.7420,4482
9,34.7500,34.7900,34.7500,34.7898,23521
10,34.7500,34.7500,34.6900,34.6900,24446
11,34.6900,34.7100,34.6900,34.6900,3400
12,34.7000,34.7100,34.7000,34.7100,1200
13,34.7200,34.7950,34.6400,34.6500,21172
14,34.7000,34.7600,34.7000,34.7400,2960
15,34.7400,34.7800,34.7400,34.7800,4582
16,34.7750,34.7750,34.7700,34.7700,2466
17,34.7750,34.7900,34.7550,34.7600,2326
18,34.7600,34.7700,34.7400,34.7600,1755
19,34.7500,34.7600,34.7500,34.7600,3132
20,34.7650,34.8000,34.7599,34.7900,6643
21,34.7900,34.8010,34.7800,34.7800,7640
22,34.7750,34.7750,34.7100,34.7100,3425
23,34.7100,34.7500,34.7000,34.7500,5100
24,34.7400,34.7700,34.7350,34.7700,2735
25,34.7700,34.7950,34.7700,34.7900,1474
26,34.8000,34.8100,34.7400,34.7600,24113
27,34.7650,34.7950,34.7550,34.7845,2201
28,34.7900,34.8000,34.7750,34.7750,2500
29,34.7800,34.7800,34.7600,34.7600,1300
30,34.7900,34.8000,34.7500,34.7500,28646
31,34.7400,34.7400,34.7200,34.7300,4116
32,34.7300,34.7500,34.7300,34.7400,1898
33,34.7410,34.7410,34.7200,34.7200,1300
34,34.7300,34.7500,34.7300,34.7500,1646
35,34.7500,34.7600,34.7500,34.7600,644
36,34.7700,34.7900,34.7700,34.7900,2824
37,34.7800,34.8000,34.7800,34.8000,3532
38,34.8000,34.8050,34.7900,34.8000,5787
39,34.8000,34.8050,34.7900,34.7900,3400
40,34.7900,34.8000,34.7800,34.7800,3889
41,34.7800,34.8100,34.7800,34.8100,16750
42,34.8100,34.8300,34.7800,34.7900,18174
43,34.7800,34.7800,34.7700,34.7700,1917
44,34.7750,34.8100,34.7700,34.8100,5678
45,34.8000,34.8000,34.7800,34.7800,2210
46,34.7850,34.7900,34.7850,34.7900,453
47,34.7900,34.8000,34.7820,34.7900,900
48,34.7900,34.8100,34.7900,34.8100,4505
49,34.8050,34.8200,34.8050,34.8100,4200
50,34.8100,34.8100,34.7900,34.7950,2772
51,34.7950,34.8200,34.7900,34.8150,14244
52,34.8150,34.8200,34.8000,34.8200,3004
53,34.8100,34.8139,34.8100,34.8110,819
54,34.8100,34.8200,34.8000,34.8150,2009
55,34.8150,34.8250,34.8150,34.8200,5405
56,34.8200,34.8499,34.8200,34.8400,7054
57,34.8350,34.8400,34.8300,34.8300,4678
58,34.8300,34.8400,34.8300,34.8400,2966
59,34.8500,34.8900,34.8500,34.8900,1888
60,34.8850,34.8850,34.8700,34.8750,2344
61,34.8800,34.9000,34.8700,34.9000,7658
62,34.8900,34.9100,34.8900,34.8900,8960
63,34.8800,34.9000,34.8650,34.9000,5044
64,34.8950,34.9000,34.8800,34.8800,2900
65,34.8700,34.8700,34.8250,34.8300,7346
66,34.8300,34.8300,34.8250,34.8250,500
67,34.8250,34.8300,34.8200,34.8250,1740
68,34.8300,34.8750,34.8300,34.8700,5703
69,34.8800,34.8800,34.8600,34.8700,19200
70,34.8700,34.8700,34.8650,34.8700,500
71,34.8700,34.8900,34.8450,34.8900,29156
72,34.8900,34.9000,34.8900,34.8900,6010
73,34.9000,34.9300,34.9000,34.9200,5386
74,34.9300,34.9300,34.9200,34.9200,1696
75,34.9300,34.9400,34.9284,34.9400,3000
76,34.9500,34.9900,34.9400,34.9766,6067
77,34.9700,35.0000,34.9600,34.9900,2350
78,34.9900,34.9950,34.9700,34.9900,4600
79,34.9900,35.0100,34.9900,35.0100,17473
80,35.0000,35.0200,34.9900,35.0200,3477
81,35.0100,35.0100,34.9900,35.0000,6327
82,34.9910,35.0400,34.9910,35.0250,5370
83,35.0300,35.0300,35.0100,35.0200,2446
84,35.0400,35.0400,35.0100,35.0100,3400
85,35.0200,35.0300,35.0100,35.0200,1600
86,35.0200,35.0250,35.0200,35.0200,4400
87,35.0200,35.0500,35.0200,35.0400,5532
88,35.0300,35.0400,35.0100,35.0200,7095
89,35.0100,35.0200,35.0050,35.0200,2912
90,35.0100,35.0200,35.0100,35.0200,3070
91,35.0200,35.0300,35.0200,35.0300,2716
92,35.0300,35.0300,35.0300,35.0300,700
93,35.0300,35.0400,35.0250,35.0400,2900
94,35.0500,35.0600,35.0500,35.0500,800
95,35.0550,35.0600,35.0550,35.0600,1379
96,35.0600,35.0700,35.0600,35.0700,2762
97,35.0800,35.0800,35.0700,35.0700,2870
98,35.0700,35.0800,35.0700,35.0750,4654
99,35.0750,35.0750,35.0750,35.0750,400
100,35.0800,35.0900,35.0750,35.0900,6364
101,35.1000,35.1100,35.0500,35.0500,14588
102,35.0600,35.0600,35.0500,35.0500,4119
103,35.0500,35.0750,35.0500,35.0700,11594
104,35.0800,35.0800,35.0400,35.0600,12337
105,35.0600,35.0600,35.0200,35.0400,15259
106,35.0410,35.0800,35.0410,35.0600,37900
107,35.0600,35.0700,35.0500,35.0700,12144
108,35.0600,35.0710,35.0600,35.0600,7920
109,35.0500,35.0500,35.0300,35.0300,1700
110,35.0300,35.0400,35.0100,35.0100,4439
111,35.0200,35.0400,35.0200,35.0200,4316
112,35.0250,35.0250,34.9900,34.9900,1200
113,34.9900,35.0200,34.9900,35.0200,3100
114,35.0200,35.0500,35.0100,35.0450,3700
115,35.0500,35.0550,35.0400,35.0550,3300
116,35.0550,35.0600,35.0450,35.0450,1300
117,35.0500,35.0700,35.0450,35.0600,4495
118,35.0700,35.1000,35.0650,35.0950,14578
119,35.0900,35.1000,35.0900,35.1000,3147
120,35.1000,35.1000,35.0850,35.0900,2000
121,35.0900,35.1000,35.0800,35.0800,4959
122,35.0800,35.0900,35.0800,35.0900,3900
123,35.0900,35.1100,35.0900,35.1000,3487
124,35.1050,35.1100,35.1000,35.1000,28000
125,35.1000,35.1000,35.0900,35.0900,3867
126,35.0900,35.1000,35.0842,35.1000,6021
127,35.0900,35.1000,35.0900,35.1000,3984
128,35.1000,35.1000,35.0900,35.1000,3350
129,35.0900,35.1000,35.0900,35.1000,1300
130,35.0950,35.1000,35.0900,35.0900,700
131,35.0900,35.0900,35.0850,35.0850,1913
132,35.0900,35.1000,35.0850,35.0950,2814
133,35.1000,35.1300,35.1000,35.1300,4853
134,35.1200,35.1250,35.0900,35.0950,7641
135,35.0900,35.1000,35.0900,35.0950,400
136,35.1000,35.1000,35.0900,35.0950,2300
137,35.1000,35.1000,35.0950,35.0950,2654
138,35.1000,35.1100,35.0950,35.1100,4000
139,35.1000,35.1100,35.1000,35.1050,2300
140,35.1100,35.1100,35.1000,35.1100,5915
141,35.1100,35.1300,35.1100,35.1200,2350
142,35.1250,35.1250,35.1200,35.1250,600
143,35.1200,35.1200,35.1100,35.1100,2561
144,35.1000,35.1129,35.1000,35.1050,2750
145,35.1050,35.1050,35.1000,35.1000,600
146,35.0900,35.1100,35.0900,35.1100,3722
147,35.1100,35.1200,35.1050,35.1200,4100
148,35.1100,35.1100,35.1100,35.1100,1000
149,35.1000,35.1000,35.1000,35.1000,400
150,35.1000,35.1000,35.0800,35.0900,2000
151,35.0800,35.0800,35.0800,35.0800,1345
152,35.0700,35.0700,35.0600,35.0600,1300
153,35.0600,35.0700,35.0550,35.0550,6316
154,35.0600,35.0600,35.0550,35.0550,3700
156,35.0550,35.0650,35.0550,35.0650,3600
157,35.0600,35.0650,35.0600,35.0600,1300
158,35.0700,35.0750,35.0700,35.0750,1255
159,35.0700,35.0700,35.0600,35.0650,2204
160,35.0700,35.0800,35.0700,35.0800,945
161,35.0700,35.0800,35.0665,35.0700,6049
162,35.0800,35.0875,35.0750,35.0875,2880
163,35.0800,35.0850,35.0800,35.0800,1500
164,35.0700,35.0800,35.0665,35.0800,4061
165,35.0800,35.0900,35.0700,35.0700,5600
166,35.0600,35.0700,35.0500,35.0500,7900
167,35.0600,35.0600,35.0599,35.0599,4792
168,35.0500,35.0600,35.0500,35.0600,3200
169,35.0500,35.0550,35.0500,35.0500,8640
170,35.0500,35.0600,35.0500,35.0500,56756
171,35.0500,35.0500,35.0400,35.0400,1400
172,35.0400,35.0550,35.0400,35.0500,2400
173,35.0500,35.0500,35.0500,35.0500,1000
174,35.0400,35.0400,35.0300,35.0300,900
175,35.0300,35.0300,35.0100,35.0100,1200
176,35.0100,35.0200,35.0100,35.0100,1701
177,35.0000,35.0100,34.9800,34.9800,1600
179,34.9800,34.9800,34.9600,34.9600,3101
180,34.9500,34.9700,34.9500,34.9700,2153
181,34.9693,34.9700,34.9600,34.9700,2117
182,34.9800,34.9800,34.9800,34.9800,1100
183,34.9900,35.0050,34.9900,35.0000,2485
184,35.0000,35.0000,34.9900,34.9900,400
185,34.9900,34.9900,34.9800,34.9800,1800
186,34.9700,34.9700,34.9500,34.9600,3125
187,34.9600,34.9600,34.9600,34.9600,110
188,34.9600,34.9600,34.9400,34.9600,1400
189,34.9600,34.9600,34.9600,34.9600,600
190,34.9600,34.9600,34.9600,34.9600,297
191,34.9600,34.9700,34.9600,34.9700,800
193,34.9700,34.9700,34.9600,34.9700,1000
194,34.9700,34.9700,34.9400,34.9500,2995
195,34.9500,34.9850,34.9500,34.9800,4571
196,34.9700,34.9800,34.9700,34.9800,1004
197,34.9900,35.0000,34.9900,35.0000,1000
198,35.0100,35.0100,35.0100,35.0100,500
199,35.0100,35.0100,35.0100,35.0100,300
200,35.0000,35.0000,34.9900,34.9900,700
201,35.0000,35.0100,34.9973,35.0100,1904
202,35.0100,35.0200,35.0100,35.0200,1000
203,35.0300,35.0300,35.0300,35.0300,393
204,35.0350,35.0350,35.0300,35.0300,500
205,35.0300,35.0300,35.0300,35.0300,100
206,35.0250,35.0400,35.0250,35.0400,500
207,35.0400,35.0400,35.0400,35.0400,100
208,35.0300,35.0400,35.0300,35.0400,2500
209,35.0400,35.0400,35.0400,35.0400,400
210,35.0350,35.0500,35.0350,35.0500,8005
211,35.0400,35.0410,35.0400,35.0410,200
212,35.0500,35.0550,35.0410,35.0499,3410
213,35.0490,35.0490,35.0400,35.0400,416
214,35.0310,35.0400,35.0300,35.0400,1700
215,35.0300,35.0400,35.0300,35.0400,1136
216,35.0400,35.0470,35.0300,35.0470,2614
217,35.0500,35.0500,35.0500,35.0500,400
218,35.0600,35.0600,35.0500,35.0500,400
219,35.0400,35.0600,35.0400,35.0500,3900
220,35.0510,35.0510,35.0500,35.0500,500
221,35.0454,35.0600,35.0454,35.0500,1699
222,35.0400,35.0500,35.0400,35.0400,1841
223,35.0400,35.0400,35.0200,35.0300,3675
224,35.0300,35.0300,35.0300,35.0300,500
225,35.0200,35.0500,35.0200,35.0500,1100
226,35.0400,35.0400,35.0300,35.0400,2149
227,35.0400,35.0600,35.0400,35.0600,1494
228,35.0600,35.0600,35.0400,35.0425,11775
229,35.0400,35.0525,35.0400,35.0525,5400
230,35.0600,35.0600,35.0500,35.0500,2190
231,35.0400,35.0500,35.0400,35.0500,2700
232,35.0500,35.0500,35.0300,35.0400,2918
233,35.0500,35.0500,35.0500,35.0500,300
234,35.0400,35.0500,35.0400,35.0500,1620
235,35.0450,35.0750,35.0450,35.0600,10901
236,35.0500,35.0654,35.0500,35.0600,30097
237,35.0600,35.0600,35.0500,35.0550,1000
238,35.0600,35.0600,35.0500,35.0500,200
239,35.0500,35.0562,35.0500,35.0562,2179
240,35.0600,35.0600,35.0400,35.0400,2296
241,35.0400,35.0450,35.0300,35.0300,1001
242,35.0300,35.0350,35.0200,35.0200,1286
243,35.0200,35.0200,35.0100,35.0158,3152
244,35.0200,35.0200,35.0200,35.0200,800
245,35.0200,35.0400,35.0200,35.0400,1729
246,35.0300,35.0300,35.0300,35.0300,300
247,35.0300,35.0500,35.0300,35.0500,747
248,35.0500,35.0500,35.0300,35.0300,2071
249,35.0200,35.0400,35.0200,35.0300,2890
250,35.0300,35.0400,35.0300,35.0400,3100
251,35.0400,35.0400,35.0400,35.0400,400
252,35.0400,35.0400,35.0300,35.0300,1699
253,35.0200,35.0200,35.0100,35.0138,900
254,35.0200,35.0200,35.0200,35.0200,700
255,35.0200,35.0400,35.0100,35.0300,2300
256,35.0300,35.0300,35.0300,35.0300,700
257,35.0250,35.0350,35.0250,35.0325,2161
258,35.0250,35.0250,35.0250,35.0250,100
259,35.0200,35.0350,35.0200,35.0250,2500
260,35.0200,35.0300,35.0100,35.0100,4120
261,35.0050,35.0250,35.0050,35.0150,5137
262,35.0100,35.0125,35.0050,35.0050,500
263,35.0050,35.0250,35.0050,35.0100,2012
264,35.0100,35.0100,34.9900,34.9900,1100
265,34.9850,34.9850,34.9800,34.9800,1100
266,34.9800,35.0000,34.9750,34.9800,4314
267,34.9900,34.9950,34.9850,34.9950,1100
268,34.9900,34.9900,34.9750,34.9800,2141
269,34.9900,35.0000,34.9850,34.9850,2084
270,34.9900,34.9900,34.9900,34.9900,1054
271,34.9900,35.0050,34.9900,35.0050,4738
272,35.0000,35.0050,34.9900,34.9900,806
273,35.0000,35.0200,35.0000,35.0200,3004
274,35.0200,35.0400,35.0200,35.0400,4339
275,35.0400,35.0500,35.0300,35.0400,2946
276,35.0500,35.0500,35.0500,35.0500,1512
277,35.0450,35.0500,35.0450,35.0450,2934
278,35.0400,35.0450,35.0400,35.0400,3200
279,35.0500,35.0500,35.0400,35.0450,3926
280,35.0500,35.0500,35.0200,35.0200,3176
281,35.0300,35.0300,35.0200,35.0200,1800
282,35.0300,35.0400,35.0300,35.0400,3000
283,35.0410,35.0410,35.0350,35.0400,1482
284,35.0300,35.0350,35.0200,35.0300,4668
285,35.0300,35.0400,35.0250,35.0300,1060
286,35.0400,35.0500,35.0400,35.0450,1500
287,35.0400,35.0550,35.0400,35.0550,3800
288,35.0600,35.0600,35.0500,35.0500,4338
289,35.0500,35.0500,35.0100,35.0200,2700
290,35.0100,35.0100,34.9900,34.9900,2800
291,35.0000,35.0100,35.0000,35.0000,600
292,35.0000,35.0200,35.0000,35.0200,2062
293,35.0300,35.0500,35.0200,35.0300,6809
294,35.0400,35.0400,35.0400,35.0400,1000
295,35.0400,35.0400,35.0100,35.0200,4300
296,35.0100,35.0150,35.0000,35.0100,2700
297,35.0100,35.0100,34.9900,34.9900,900
298,34.9900,34.9900,34.9800,34.9900,1801
299,34.9800,34.9800,34.9800,34.9800,200
300,34.9800,34.9900,34.9700,34.9700,749
301,34.9800,34.9800,34.9700,34.9800,3201
302,34.9900,35.0000,34.9750,34.9800,5785
303,34.9900,35.0000,34.9900,34.9950,7299
304,34.9900,34.9900,34.9650,34.9700,2584
305,34.9600,34.9600,34.9200,34.9200,7898
306,34.9300,34.9350,34.9100,34.9300,3800
307,34.9400,34.9400,34.9050,34.9050,3500
308,34.9000,34.9100,34.8900,34.9000,1501
309,34.9000,34.9300,34.9000,34.9200,3487
310,34.9100,34.9300,34.9100,34.9300,1296
311,34.9200,34.9400,34.9100,34.9400,1325
312,34.9500,34.9500,34.9100,34.9100,2101
313,34.9150,34.9250,34.8950,34.9000,2300
314,34.9000,34.9000,34.8900,34.8900,200
315,34.8900,34.8900,34.8700,34.8750,1924
316,34.8700,34.8750,34.8600,34.8750,2799
317,34.8750,34.9150,34.8650,34.9100,6760
318,34.9000,34.9000,34.8700,34.8800,4600
319,34.8800,34.9400,34.8800,34.9100,5300
320,34.9100,34.9300,34.8800,34.9000,13157
321,34.8950,34.9350,34.8550,34.8650,24472
322,34.8700,34.8700,34.8150,34.8150,5100
323,34.8200,34.8350,34.8200,34.8200,2400
324,34.8200,34.8300,34.8050,34.8300,2100
325,34.8350,34.8500,34.8300,34.8500,3024
326,34.8400,34.8550,34.8250,34.8450,2295
327,34.8400,34.8500,34.8300,34.8500,1431
328,34.8350,34.8500,34.8350,34.8500,1800
329,34.8450,34.8450,34.8300,34.8350,2100
330,34.8400,34.8650,34.8300,34.8450,2835
331,34.8450,34.8500,34.8400,34.8400,2200
332,34.8450,34.8950,34.8450,34.8850,5832
333,34.8800,34.8950,34.8750,34.8800,5079
334,34.8750,34.8850,34.8550,34.8600,3816
335,34.8500,34.8500,34.8250,34.8300,17690
336,34.8248,34.8500,34.8200,34.8250,4468
337,34.8200,34.8200,34.7800,34.7950,15528
338,34.7900,34.7900,34.7750,34.7800,6981
339,34.7800,34.8100,34.7700,34.8100,6669
340,34.8150,34.8400,34.8150,34.8300,7563
341,34.8300,34.8700,34.8250,34.8600,3321
342,34.8550,34.8800,34.8550,34.8750,7400
343,34.8800,34.8800,34.8650,34.8650,4091
344,34.8650,34.8650,34.8500,34.8500,2594
345,34.8600,34.8750,34.8600,34.8650,3003
346,34.8700,34.9200,34.8700,34.9000,3000
347,34.9056,34.9056,34.8800,34.8800,2778
348,34.8750,34.8750,34.8400,34.8400,2100
349,34.8400,34.8800,34.8400,34.8800,2411
350,34.8950,34.9100,34.8950,34.9000,3303
351,34.9050,34.9050,34.8800,34.8950,1900
352,34.9000,34.9000,34.8700,34.8700,3707
353,34.8700,34.8900,34.8700,34.8800,1500
354,34.8800,34.8900,34.8750,34.8850,1700
355,34.8850,34.9150,34.8850,34.9150,2821
356,34.9110,34.9110,34.8850,34.8950,4631
357,34.8950,34.9000,34.8950,34.8950,1300
358,34.8950,34.9000,34.8900,34.8910,1000
359,34.8950,34.9000,34.8450,34.8500,49319
360,34.8550,34.8650,34.8500,34.8650,8299
361,34.8650,34.8650,34.8300,34.8350,5926
362,34.8400,34.8400,34.8300,34.8400,2200
363,34.8350,34.8450,34.8100,34.8100,7045
364,34.8100,34.8200,34.8010,34.8200,4702
365,34.8150,34.8400,34.8150,34.8400,3394
366,34.8400,34.8450,34.8000,34.8000,6821
367,34.7950,34.8050,34.7950,34.8050,700
368,34.8000,34.8000,34.7900,34.7950,1049
369,34.8000,34.8050,34.7950,34.8000,1817
370,34.8000,34.8000,34.8000,34.8000,797
371,34.8000,34.8050,34.8000,34.8050,1332
372,34.8000,34.8050,34.7850,34.7850,8560
373,34.7850,34.8000,34.7850,34.8000,800
374,34.8000,34.8100,34.7950,34.8000,2345
375,34.7950,34.8150,34.7850,34.8050,13156
376,34.8100,34.8400,34.8050,34.8400,7900
377,34.8500,34.8800,34.8400,34.8800,3340
378,34.8750,34.8750,34.8550,34.8600,5497
379,34.8550,34.8550,34.8100,34.8300,13659