DFS,Discover Financial Services,Financials,4,Consumer Finance,23131447556,3849629
a149961780084,59.7750,59.7900,59.7600,59.7900,26721
385,59.7800,59.7900,59.7450,59.7500,23930
386,59.7500,59.7550,59.6800,59.7050,44746
387,59.7050,59.7200,59.7000,59.7150,20124
388,59.7150,59.7200,59.6800,59.7000,25760
389,59.7100,59.7400,59.7100,59.7400,21945
390,59.7400,59.7750,59.7300,59.7400,66077
1,60.1600,60.3850,59.9800,60.3850,29039
2,60.3400,60.4200,60.3300,60.3700,4200
3,60.3500,60.4800,60.3500,60.4800,2207
4,60.4550,60.5150,60.4301,60.5100,5833
5,60.4802,60.5100,60.4400,60.5000,1600
6,60.4700,60.4900,60.3600,60.4500,5300
7,60.4250,60.5700,60.4000,60.5499,8940
8,60.5000,60.5300,60.4900,60.5000,14834
9,60.5100,60.6700,60.4500,60.6700,34942
10,60.6300,60.6610,60.5700,60.5700,14540
11,60.5700,60.5700,60.5100,60.5400,4660
12,60.5000,60.5400,60.4800,60.5200,6379
13,60.5400,60.5500,60.5000,60.5000,10529
14,60.5000,60.5300,60.4500,60.5300,4312
15,60.5200,60.5400,60.4800,60.5300,1600
16,60.5300,60.5300,60.4500,60.4600,7471
17,60.4500,60.4550,60.3700,60.3800,13100
18,60.3600,60.3800,60.3300,60.3300,3764
19,60.3350,60.3800,60.3100,60.3800,9500
20,60.3800,60.3900,60.3150,60.3150,6419
21,60.3300,60.3300,60.3100,60.3100,3200
22,60.3100,60.3200,60.2800,60.2800,4900
23,60.2701,60.3700,60.2701,60.3700,6296
24,60.4100,60.5150,60.4100,60.5000,3930
25,60.5000,60.5099,60.4401,60.4800,7011
26,60.5000,60.6299,60.5000,60.6150,9529
27,60.6000,60.6300,60.5700,60.5850,6384
28,60.5850,60.5900,60.5000,60.5125,10731
29,60.5300,60.5400,60.4600,60.4600,5894
30,60.4700,60.4900,60.4500,60.4800,3007
31,60.5000,60.5900,60.4800,60.5000,28242
32,60.4918,60.5399,60.4700,60.5150,5144
33,60.5250,60.5500,60.5050,60.5500,4607
34,60.5401,60.5800,60.5300,60.5400,20703
35,60.5300,60.5600,60.5300,60.5500,7720
36,60.5600,60.5600,60.4900,60.5200,48914
37,60.5000,60.5200,60.4800,60.5200,2801
38,60.5100,60.5400,60.5000,60.5218,3926
39,60.5400,60.5400,60.5000,60.5050,5920
40,60.5100,60.5200,60.4600,60.4600,5500
41,60.4600,60.4600,60.4200,60.4200,6224
42,60.4200,60.4200,60.3300,60.3300,4719
43,60.3300,60.3700,60.3200,60.3600,3296
44,60.3600,60.3700,60.3400,60.3700,1850
45,60.3800,60.3900,60.3400,60.3400,900
46,60.3500,60.3601,60.3500,60.3500,1834
47,60.3400,60.3700,60.3400,60.3700,3450
48,60.3700,60.3700,60.3300,60.3300,1600
49,60.3300,60.3300,60.3100,60.3100,2221
50,60.3000,60.3000,60.2700,60.2700,2823
51,60.2700,60.3100,60.2500,60.3100,4996
52,60.3100,60.3300,60.3000,60.3300,3800
53,60.3150,60.3150,60.2800,60.2900,2695
54,60.2900,60.3100,60.2900,60.3000,5361
55,60.3000,60.3200,60.3000,60.3200,5933
56,60.3400,60.3500,60.3200,60.3400,3104
57,60.3400,60.3600,60.3300,60.3518,7038
58,60.3700,60.4100,60.3650,60.4100,8515
59,60.4100,60.4200,60.4076,60.4076,1040
60,60.4000,60.4000,60.3700,60.3800,4582
61,60.3800,60.4200,60.3800,60.4200,2062
62,60.4200,60.5000,60.4200,60.4800,5950
63,60.4790,60.5000,60.4700,60.4900,7191
64,60.4900,60.5000,60.4600,60.4900,3210
65,60.4800,60.4800,60.4200,60.4200,23300
66,60.4200,60.4200,60.3900,60.4200,6300
67,60.4300,60.4300,60.4000,60.4100,2639
68,60.4200,60.4850,60.4200,60.4850,3512
69,60.4800,60.4800,60.4600,60.4600,2600
70,60.4500,60.4500,60.3950,60.3950,2837
71,60.3900,60.3900,60.3600,60.3800,3968
72,60.3800,60.3800,60.3200,60.3300,5491
73,60.3300,60.3800,60.3200,60.3700,4009
74,60.3778,60.3910,60.3700,60.3700,2613
75,60.3700,60.3900,60.3600,60.3900,4392
76,60.3900,60.3970,60.3700,60.3700,3550
77,60.3800,60.4000,60.3700,60.3905,7086
78,60.3960,60.4000,60.3800,60.3900,5600
79,60.3900,60.4100,60.3900,60.4100,3611
80,60.4000,60.4050,60.3900,60.3950,4340
81,60.3900,60.3900,60.3350,60.3350,5100
82,60.3300,60.3300,60.3200,60.3200,1225
83,60.3200,60.3200,60.2800,60.3000,4418
84,60.3050,60.3100,60.2700,60.2850,2610
85,60.2800,60.2800,60.2500,60.2500,4232
86,60.2500,60.2500,60.2200,60.2400,3150
87,60.2400,60.2500,60.2250,60.2500,5377
88,60.2600,60.2900,60.2514,60.2800,2963
89,60.2900,60.3100,60.2800,60.3100,2900
90,60.3100,60.3100,60.2950,60.3100,4200
91,60.3130,60.3130,60.2900,60.2900,5880
92,60.2800,60.2900,60.2800,60.2850,1600
93,60.3000,60.3600,60.2900,60.3500,7154
94,60.3600,60.4000,60.3600,60.4000,2880
95,60.4000,60.4000,60.3950,60.3950,1800
96,60.3900,60.4100,60.3800,60.4000,3960
97,60.3900,60.4100,60.3900,60.4000,3616
98,60.4000,60.4000,60.3950,60.3999,500
99,60.4000,60.4000,60.4000,60.4000,2101
100,60.4100,60.4625,60.4100,60.4600,5664
101,60.4700,60.5000,60.4700,60.4750,4692
102,60.4753,60.4753,60.4500,60.4500,2346
103,60.4500,60.4500,60.4200,60.4200,2120
104,60.4300,60.4600,60.4300,60.4600,8544
105,60.4600,60.4800,60.4500,60.4500,4502
106,60.4500,60.4800,60.4500,60.4700,3612
107,60.4700,60.5000,60.4600,60.4900,5367
108,60.5000,60.5000,60.4700,60.4700,14200
109,60.4600,60.4600,60.4300,60.4300,2600
110,60.4300,60.4300,60.4000,60.4000,5319
111,60.4100,60.4300,60.4100,60.4100,1700
112,60.4000,60.4300,60.4000,60.4200,1801
113,60.4200,60.4400,60.4200,60.4300,3450
114,60.4400,60.4850,60.4300,60.4800,4500
115,60.4800,60.4900,60.4600,60.4800,5073
116,60.4750,60.4750,60.4600,60.4600,900
117,60.4600,60.4600,60.4300,60.4300,7550
118,60.4400,60.4800,60.4400,60.4700,4100
119,60.4800,60.4800,60.4800,60.4800,300
120,60.4900,60.4900,60.4800,60.4800,1290
121,60.4900,60.5000,60.4700,60.4700,5385
122,60.4700,60.5100,60.4700,60.5000,3889
123,60.4900,60.4900,60.4600,60.4800,3200
124,60.4800,60.5100,60.4600,60.4800,8410
125,60.4700,60.4900,60.4400,60.4700,8200
126,60.4600,60.4710,60.4400,60.4500,2950
127,60.4500,60.4600,60.4500,60.4600,1800
128,60.4700,60.5000,60.4700,60.4800,2726
129,60.4900,60.5144,60.4750,60.5100,2766
130,60.5100,60.5100,60.4700,60.4700,3650
131,60.4700,60.4700,60.4600,60.4700,1370
132,60.4800,60.4800,60.4700,60.4700,3266
133,60.4750,60.4750,60.4600,60.4600,1144
134,60.4600,60.5000,60.4600,60.5000,2682
135,60.5000,60.5250,60.5000,60.5100,5703
136,60.5200,60.5250,60.5100,60.5200,4500
137,60.5100,60.5150,60.4900,60.5114,9424
138,60.5200,60.5700,60.5200,60.5700,4438
139,60.5600,60.5600,60.5200,60.5350,3806
140,60.5400,60.5500,60.5100,60.5100,4513
141,60.5200,60.5500,60.5200,60.5300,5120
142,60.5359,60.5359,60.5100,60.5100,3850
143,60.4900,60.4900,60.4700,60.4700,2600
144,60.4700,60.5000,60.4700,60.4800,6073
145,60.4826,60.4900,60.4826,60.4900,700
146,60.5000,60.5024,60.5000,60.5000,2538
147,60.5000,60.5375,60.5000,60.5000,7681
148,60.5096,60.5100,60.5000,60.5050,3383
149,60.5000,60.5000,60.4800,60.4900,4200
150,60.4900,60.5000,60.4500,60.4700,2867
151,60.4800,60.4900,60.4800,60.4900,1298
152,60.4850,60.5000,60.4600,60.4900,8611
153,60.4900,60.5000,60.4900,60.4900,1500
154,60.5000,60.5500,60.5000,60.5400,9260
155,60.5425,60.5750,60.5425,60.5700,5309
156,60.5600,60.6000,60.5600,60.6000,2562
157,60.5900,60.6000,60.5600,60.5700,6440
158,60.5600,60.5800,60.5550,60.5800,3618
159,60.5700,60.5800,60.5600,60.5700,3110
160,60.5800,60.5914,60.5800,60.5850,3615
161,60.5800,60.5900,60.5750,60.5850,3200
162,60.5900,60.6000,60.5900,60.6000,1400
163,60.5953,60.5953,60.5500,60.5650,7535
164,60.5600,60.6000,60.5600,60.5900,5300
165,60.5850,60.6200,60.5850,60.6100,3537
166,60.6174,60.6599,60.6174,60.6300,8623
167,60.6300,60.6500,60.6300,60.6500,4674
168,60.6500,60.6600,60.6500,60.6500,6268
169,60.6400,60.6500,60.6200,60.6200,4441
170,60.6200,60.6300,60.6100,60.6150,4209
171,60.6140,60.6140,60.5350,60.5350,7478
172,60.5400,60.5400,60.5001,60.5400,8532
173,60.5400,60.5400,60.5000,60.5000,1833
174,60.4900,60.4900,60.4500,60.4500,2306
175,60.4492,60.4500,60.4100,60.4100,6065
176,60.4200,60.4400,60.3900,60.4000,4990
177,60.4000,60.4300,60.4000,60.4100,1500
178,60.4100,60.4300,60.4100,60.4300,2813
179,60.4300,60.4350,60.4200,60.4300,1995
180,60.4200,60.4800,60.4200,60.4800,4737
181,60.4800,60.5100,60.4700,60.4700,4720
182,60.4700,60.4800,60.4600,60.4700,4160
183,60.4600,60.4900,60.4600,60.4800,3725
184,60.4900,60.4900,60.4500,60.4500,2000
185,60.4400,60.4600,60.4200,60.4400,9453
186,60.4350,60.4350,60.3900,60.4200,3079
187,60.4300,60.4300,60.4200,60.4300,650
188,60.4200,60.4400,60.4000,60.4400,5822
189,60.4400,60.5000,60.4400,60.4900,6924
190,60.4900,60.5100,60.4800,60.4800,3500
191,60.4900,60.5000,60.4800,60.5000,1705
192,60.4900,60.5100,60.4900,60.5000,5300
193,60.5000,60.5000,60.4700,60.4700,3326
194,60.4700,60.4700,60.4100,60.4675,7339
195,60.4700,60.5050,60.4500,60.5050,3544
196,60.5100,60.5600,60.5100,60.5600,6758
197,60.5500,60.5900,60.5500,60.5900,8034
198,60.5900,60.6200,60.5750,60.5900,12877
199,60.5900,60.6100,60.5600,60.5600,16251
200,60.5700,60.5721,60.5500,60.5650,1600
201,60.5500,60.5700,60.5400,60.5700,2805
202,60.5700,60.5900,60.5700,60.5900,1400
203,60.5900,60.6000,60.5900,60.6000,1838
204,60.6200,60.6200,60.6100,60.6100,220
205,60.6271,60.6300,60.5900,60.6000,3520
206,60.6000,60.6200,60.6000,60.6000,2002
207,60.5900,60.6050,60.5900,60.6000,3805
208,60.5900,60.5900,60.5800,60.5888,2300
209,60.5800,60.5800,60.5600,60.5600,1677
210,60.5700,60.6100,60.5700,60.6050,3896
211,60.6100,60.6300,60.6100,60.6200,1799
212,60.6300,60.6600,60.6300,60.6500,2007
213,60.6600,60.6700,60.6300,60.6300,2850
214,60.6300,60.6400,60.6200,60.6300,2437
215,60.6201,60.6350,60.6100,60.6200,5688
216,60.6200,60.6300,60.5900,60.6300,4906
217,60.6200,60.6400,60.6100,60.6400,1797
218,60.6450,60.6890,60.6400,60.6600,13679
219,60.6700,60.6900,60.6700,60.6700,4424
220,60.6800,60.7150,60.6800,60.7000,4801
221,60.7000,60.7000,60.6800,60.6800,2800
222,60.6800,60.6900,60.6600,60.6700,4648
223,60.6600,60.6600,60.6200,60.6300,2243
224,60.6400,60.6500,60.5900,60.6100,5165
225,60.6000,60.6475,60.5800,60.6450,2400
226,60.6500,60.6500,60.6300,60.6300,2187
227,60.6500,60.6700,60.6500,60.6600,2362
228,60.6500,60.6500,60.6200,60.6500,2800
229,60.6320,60.6600,60.6301,60.6600,2008
230,60.6500,60.6600,60.6100,60.6100,6500
231,60.6000,60.6200,60.5900,60.5975,3865
232,60.5900,60.6000,60.5800,60.5900,3000
233,60.5900,60.5938,60.5700,60.5700,2600
234,60.5800,60.5800,60.5700,60.5700,1000
235,60.5700,60.5800,60.5500,60.5600,8817
236,60.5500,60.5600,60.5300,60.5300,4137
237,60.5270,60.5500,60.5200,60.5400,4957
238,60.5310,60.5450,60.5310,60.5450,717
239,60.5500,60.5700,60.5500,60.5700,4627
240,60.5700,60.5800,60.5700,60.5700,1135
241,60.5700,60.5700,60.5600,60.5700,1500
242,60.5500,60.5500,60.5200,60.5200,2500
243,60.5300,60.6000,60.5300,60.6000,3939
244,60.6200,60.6200,60.5776,60.5776,4200
245,60.5800,60.5900,60.5600,60.5800,3214
246,60.5700,60.5800,60.5600,60.5800,3025
247,60.5800,60.6200,60.5800,60.6200,3500
248,60.6300,60.6600,60.6300,60.6400,3600
249,60.6300,60.6500,60.6100,60.6424,5010
250,60.6300,60.6500,60.6200,60.6500,3320
251,60.6400,60.6400,60.6200,60.6200,825
252,60.6000,60.6000,60.5650,60.5700,1900
253,60.5800,60.5800,60.5500,60.5500,1500
254,60.5500,60.5700,60.5500,60.5600,3379
255,60.5600,60.5800,60.5350,60.5800,2183
256,60.5850,60.5850,60.5700,60.5700,2221
257,60.5700,60.5700,60.5400,60.5400,1400
258,60.5382,60.5550,60.5382,60.5500,1589
259,60.5400,60.6000,60.5400,60.5800,4939
260,60.5800,60.6000,60.4800,60.4800,17512
261,60.4600,60.4800,60.4200,60.4400,9110
262,60.4400,60.4450,60.4290,60.4300,1750
263,60.4300,60.4599,60.4300,60.4599,1416
264,60.4500,60.4500,60.4100,60.4300,1991
265,60.4300,60.4400,60.3550,60.3900,4489
266,60.3900,60.4100,60.3900,60.4000,2350
267,60.4000,60.4292,60.4000,60.4000,2512
268,60.4000,60.4000,60.4000,60.4000,500
269,60.4000,60.4200,60.4000,60.4000,2872
270,60.3850,60.4000,60.3700,60.3750,4000
271,60.3900,60.4500,60.3900,60.4200,6950
272,60.4200,60.4200,60.3900,60.4100,7076
273,60.4100,60.4300,60.4100,60.4274,3039
274,60.4400,60.4500,60.4200,60.4300,4145
275,60.4500,60.4600,60.4300,60.4400,3177
276,60.4600,60.4700,60.4250,60.4300,4400
277,60.4200,60.4500,60.4200,60.4300,3650
278,60.4400,60.4400,60.4200,60.4200,2400
279,60.4300,60.4700,60.4300,60.4400,6263
280,60.4500,60.4600,60.4500,60.4500,2150
281,60.4500,60.4700,60.4400,60.4700,3841
282,60.4800,60.5150,60.4800,60.5150,3700
283,60.5100,60.5300,60.4900,60.4900,3607
284,60.4900,60.5100,60.4600,60.4900,4835
285,60.4800,60.5100,60.4800,60.5000,6912
286,60.5200,60.5300,60.5000,60.5200,3896
287,60.4942,60.5200,60.4700,60.5100,5860
288,60.5200,60.5400,60.5100,60.5100,3932
289,60.5100,60.5100,60.4500,60.4600,3037
290,60.4550,60.4700,60.4550,60.4600,2650
291,60.4400,60.4800,60.4400,60.4700,2600
292,60.4600,60.4700,60.4400,60.4700,2501
293,60.4800,60.5000,60.4600,60.4700,5300
294,60.4900,60.5000,60.4900,60.4900,2197
295,60.4800,60.4800,60.4200,60.4300,5600
296,60.4300,60.4600,60.4250,60.4400,4090
297,60.4600,60.4600,60.4400,60.4400,1235
298,60.4500,60.4550,60.4500,60.4500,1685
299,60.4500,60.4700,60.4500,60.4550,2534
300,60.4600,60.4800,60.4600,60.4800,5309
301,60.4700,60.4700,60.4500,60.4500,6114
302,60.4600,60.5100,60.4600,60.4800,3800
303,60.4800,60.4900,60.4750,60.4800,2866
304,60.4700,60.4700,60.4400,60.4500,5525
305,60.4450,60.4450,60.3900,60.4200,3459
306,60.4100,60.4400,60.3900,60.4400,6139
307,60.4300,60.4300,60.3900,60.3900,5707
308,60.3950,60.4000,60.3401,60.3600,2422
309,60.3500,60.3600,60.2800,60.3100,4535
310,60.3300,60.3600,60.3300,60.3500,3150
311,60.3400,60.3400,60.3200,60.3300,2777
312,60.3300,60.3350,60.3000,60.3100,2978
313,60.3100,60.3200,60.2900,60.2900,5539
314,60.3100,60.3100,60.2900,60.2900,2917
315,60.2800,60.2900,60.2300,60.2500,4488
316,60.2500,60.2500,60.2100,60.2100,2296
317,60.2100,60.2800,60.1900,60.2800,8411
318,60.2800,60.2900,60.2700,60.2700,3250
319,60.2600,60.3300,60.2550,60.3300,5000
320,60.3300,60.3300,60.2500,60.3000,8650
321,60.3000,60.3500,60.2300,60.2300,11249
322,60.2300,60.2300,60.1400,60.1500,5924
323,60.1500,60.1500,60.0900,60.1200,4374
324,60.1200,60.1400,60.0800,60.1400,3585
325,60.1500,60.1900,60.1200,60.1900,3650
326,60.2200,60.2400,60.1200,60.1500,7990
327,60.1700,60.1800,60.1100,60.1600,2817
328,60.1600,60.1800,60.1500,60.1500,3745
329,60.1500,60.1500,60.1100,60.1100,2809
330,60.1000,60.1750,60.1000,60.1400,8466
331,60.1600,60.2000,60.1500,60.1901,3386
332,60.2000,60.2700,60.1950,60.2600,9302
333,60.2600,60.3100,60.2400,60.3000,8586
334,60.2900,60.3300,60.2800,60.2900,8977
335,60.2800,60.2900,60.2300,60.2500,6205
336,60.2500,60.2700,60.2430,60.2700,4600
337,60.2500,60.2600,60.1900,60.2300,6749
338,60.2200,60.2200,60.1888,60.2100,6566
339,60.2000,60.2600,60.1950,60.2500,3581
340,60.2600,60.2800,60.2400,60.2700,2600
341,60.2700,60.3400,60.2700,60.3300,10562
342,60.3300,60.3600,60.3300,60.3400,3533
343,60.3400,60.3600,60.3400,60.3400,6687
344,60.3300,60.3300,60.2700,60.2800,5442
345,60.2701,60.3000,60.2700,60.2800,5979
346,60.2900,60.3400,60.2900,60.3300,7651
347,60.3300,60.3500,60.3300,60.3300,6308
348,60.3200,60.3200,60.2300,60.2300,4750
349,60.2500,60.3000,60.2450,60.3000,7304
350,60.3200,60.3400,60.3200,60.3300,4753
351,60.3400,60.3400,60.3200,60.3200,2562
352,60.3100,60.3500,60.3100,60.3100,7701
353,60.3100,60.3500,60.3100,60.3300,3794
354,60.3200,60.3650,60.3100,60.3500,5457
355,60.3600,60.3900,60.3500,60.3900,7267
356,60.4000,60.4000,60.3700,60.3750,3188
357,60.3700,60.3800,60.3600,60.3800,4700
358,60.3900,60.3950,60.3850,60.3900,6414
359,60.3900,60.4300,60.3850,60.4300,3409
360,60.4300,60.4600,60.4200,60.4600,9066
361,60.4500,60.4500,60.3800,60.3900,10554
362,60.3900,60.4000,60.3400,60.3450,6327
363,60.3500,60.3600,60.3250,60.3300,12096
364,60.3300,60.3400,60.3000,60.3300,9205
365,60.3300,60.3700,60.3300,60.3400,8826
366,60.3500,60.3600,60.3300,60.3300,7570
367,60.3350,60.3400,60.3150,60.3150,5264
368,60.3200,60.3300,60.2900,60.3300,11420
369,60.3300,60.3500,60.3300,60.3500,3300
370,60.3700,60.3700,60.3400,60.3400,1939
371,60.3300,60.3350,60.3200,60.3300,4139
372,60.3300,60.3800,60.3300,60.3800,6260
373,60.3700,60.3700,60.3400,60.3600,4400
374,60.3600,60.3700,60.3200,60.3200,3469
375,60.3250,60.3900,60.3000,60.3700,4571
376,60.3700,60.4600,60.3700,60.4600,6128
377,60.4500,60.4900,60.4500,60.4900,2389
378,60.4950,60.5000,60.4700,60.4950,4853
379,60.4900,60.4900,60.4700,60.4900,2600
380,60.5000,60.5100,60.4900,60.5100,10566
381,60.5100,60.6000,60.5000,60.5900,9608
382,60.5900,60.5900,60.5800,60.5900,1269
383,60.5800,60.5900,60.5550,60.5600,4643