EBAY,eBay Inc.,Information Technology,7,Internet Software & Services,38169792010,7711927
a149961780090,36.1350,36.1500,36.1200,36.1400,661535
0,36.2500,36.2900,36.1200,36.1200,73013
1,36.1200,36.2478,35.9400,36.0300,28422
2,36.0500,36.1900,36.0500,36.1700,10517
3,36.1600,36.2000,36.1300,36.1995,9146
4,36.1900,36.2220,36.1800,36.2220,5875
5,36.2200,36.2700,36.2200,36.2500,9361
6,36.1900,36.2050,36.1600,36.1600,1970
7,36.1900,36.2500,36.1876,36.1900,9481
8,36.1900,36.2100,36.1500,36.1500,10236
9,36.1500,36.1500,36.1300,36.1300,5278
10,36.1200,36.1200,36.0700,36.1045,7700
11,36.1100,36.1100,36.0900,36.0900,5136
12,36.0900,36.0900,36.0550,36.0700,3655
13,36.0700,36.0900,36.0300,36.0300,14241
14,36.0400,36.0900,36.0400,36.0900,2976
15,36.0900,36.1700,36.0900,36.1050,17887
16,36.1100,36.1700,36.0965,36.1600,41099
17,36.1600,36.2000,36.1500,36.1900,9300
18,36.1900,36.1900,36.1500,36.1500,13062
19,36.1600,36.1700,36.1400,36.1500,6704
20,36.1500,36.1700,36.1450,36.1700,7800
21,36.1600,36.1600,36.1550,36.1550,1300
22,36.1500,36.1600,36.1100,36.1300,10345
23,36.1200,36.1400,36.1100,36.1200,5934
24,36.1150,36.1300,36.1100,36.1300,1576
25,36.1400,36.1600,36.1300,36.1600,4100
26,36.1500,36.1800,36.1500,36.1500,15100
27,36.1492,36.1800,36.1350,36.1500,8008
28,36.1500,36.1541,36.1300,36.1500,5650
29,36.1500,36.1500,36.1100,36.1210,6200
30,36.1250,36.1400,36.1100,36.1200,3640
31,36.1200,36.1200,36.0800,36.0850,4200
32,36.0900,36.1300,36.0900,36.1300,6520
33,36.1300,36.1350,36.1100,36.1300,7356
34,36.1200,36.1500,36.1200,36.1450,5425
35,36.1400,36.1500,36.1300,36.1450,5700
36,36.1450,36.1550,36.1300,36.1400,4700
37,36.1400,36.1400,36.1200,36.1300,12995
38,36.1300,36.1300,36.1200,36.1200,3200
39,36.1300,36.1451,36.1200,36.1400,13894
40,36.1500,36.1900,36.1500,36.1800,9618
41,36.1850,36.2300,36.1850,36.2100,20423
42,36.2100,36.2500,36.2100,36.2300,9870
43,36.2300,36.2925,36.2300,36.2700,117112
44,36.2750,36.3200,36.2700,36.2900,22905
45,36.2950,36.3050,36.2950,36.3000,4292
46,36.3100,36.3300,36.2900,36.2950,22959
47,36.2900,36.3200,36.2900,36.3100,17078
48,36.3100,36.3200,36.3000,36.3100,8300
49,36.3100,36.3200,36.3100,36.3100,24853
50,36.3200,36.3200,36.2950,36.3200,21865
51,36.3200,36.3600,36.3200,36.3300,21878
52,36.3200,36.3200,36.3000,36.3200,18332
53,36.3300,36.3400,36.3300,36.3400,2923
54,36.3400,36.3500,36.3400,36.3500,3000
55,36.3600,36.3800,36.3400,36.3500,4810
56,36.3500,36.3600,36.3200,36.3300,7397
57,36.3300,36.3400,36.3200,36.3400,2355
58,36.3350,36.3599,36.3300,36.3315,16890
59,36.3350,36.3500,36.3300,36.3400,8042
60,36.3300,36.3599,36.3300,36.3550,7572
61,36.3550,36.3700,36.3550,36.3575,5700
62,36.3500,36.3700,36.3450,36.3600,8276
63,36.3700,36.3800,36.3700,36.3750,3014
64,36.3700,36.3750,36.3600,36.3700,4705
65,36.3700,36.3900,36.3699,36.3850,9425
66,36.3850,36.3900,36.3750,36.3800,10789
67,36.3800,36.3850,36.3650,36.3650,12481
68,36.3700,36.3800,36.3650,36.3800,6732
69,36.3900,36.3900,36.3800,36.3850,2900
70,36.3802,36.4210,36.3800,36.4150,14974
71,36.4200,36.4300,36.4000,36.4050,4987
72,36.4100,36.4200,36.4000,36.4200,15100
73,36.4200,36.4300,36.4100,36.4100,8138
74,36.4150,36.4150,36.4000,36.4000,5497
75,36.4000,36.4300,36.4000,36.4290,6290
76,36.4250,36.4500,36.4200,36.4450,9663
77,36.4490,36.4700,36.4490,36.4600,25679
78,36.4650,36.4650,36.4479,36.4600,23953
79,36.4700,36.4790,36.4600,36.4600,7947
80,36.4689,36.4700,36.4550,36.4600,8812
81,36.4600,36.4600,36.4400,36.4450,5289
82,36.4448,36.4500,36.4300,36.4300,11540
83,36.4300,36.4300,36.4200,36.4300,6724
84,36.4300,36.4438,36.4300,36.4400,5460
85,36.4400,36.4500,36.4300,36.4500,6200
86,36.4500,36.4600,36.4404,36.4500,5818
87,36.4406,36.4500,36.4300,36.4400,10354
88,36.4300,36.4350,36.4000,36.4200,10328
89,36.4200,36.4300,36.4100,36.4300,4900
90,36.4300,36.4500,36.4300,36.4500,9700
91,36.4400,36.4500,36.4300,36.4350,8400
92,36.4300,36.4400,36.4250,36.4300,16817
93,36.4400,36.4562,36.4350,36.4500,9047
94,36.4450,36.4600,36.4400,36.4500,10662
95,36.4500,36.4700,36.4500,36.4650,10185
96,36.4700,36.4900,36.4700,36.4800,2342
97,36.4800,36.4900,36.4786,36.4900,7309
98,36.4850,36.4900,36.4850,36.4900,832
99,36.4800,36.4850,36.4700,36.4700,4701
100,36.4700,36.5000,36.4700,36.4900,12175
101,36.4900,36.5000,36.4900,36.4900,6890
102,36.4900,36.4950,36.4850,36.4900,3272
103,36.4800,36.4900,36.4734,36.4800,13294
104,36.4750,36.4800,36.4600,36.4700,9059
105,36.4800,36.4850,36.4600,36.4600,11530
106,36.4700,36.4800,36.4700,36.4800,3881
107,36.4800,36.4900,36.4600,36.4700,11600
108,36.4700,36.4700,36.4600,36.4700,4600
109,36.4700,36.4700,36.4550,36.4600,10400
110,36.4600,36.4600,36.4400,36.4450,13185
111,36.4400,36.4500,36.4200,36.4300,10466
112,36.4300,36.4400,36.4300,36.4300,6125
113,36.4300,36.4300,36.4100,36.4100,5549
114,36.4050,36.4100,36.3800,36.4100,40716
115,36.4100,36.4100,36.4000,36.4000,6310
116,36.4000,36.4000,36.3850,36.3900,27150
117,36.3900,36.4300,36.3900,36.4300,20861
118,36.4300,36.4500,36.4200,36.4400,10979
119,36.4400,36.4400,36.4350,36.4400,5985
120,36.4400,36.4450,36.4350,36.4390,4398
121,36.4350,36.4400,36.4300,36.4350,15450
122,36.4400,36.4450,36.4400,36.4400,1700
123,36.4450,36.4500,36.4300,36.4400,9227
124,36.4400,36.4450,36.4300,36.4400,6382
125,36.4300,36.4500,36.4300,36.4300,2672
126,36.4300,36.4300,36.4000,36.4100,5750
127,36.4000,36.4050,36.3900,36.3950,6800
128,36.4000,36.4063,36.3900,36.3900,6100
129,36.3900,36.3900,36.3700,36.3850,25470
130,36.3800,36.4100,36.3800,36.4000,24438
131,36.4000,36.4000,36.3947,36.4000,1650
132,36.3950,36.4000,36.3947,36.4000,2200
133,36.4000,36.4000,36.3947,36.4000,600
134,36.3950,36.4000,36.3900,36.3950,1800
135,36.3950,36.4100,36.3900,36.4100,12145
136,36.4200,36.4300,36.4200,36.4200,15544
137,36.4200,36.4300,36.4200,36.4250,2800
138,36.4286,36.4296,36.4100,36.4100,3510
139,36.4150,36.4150,36.3900,36.4050,6300
140,36.4050,36.4150,36.4000,36.4100,11149
141,36.4100,36.4150,36.4000,36.4066,6400
142,36.4050,36.4100,36.4000,36.4050,7528
143,36.4058,36.4058,36.3700,36.3800,9990
144,36.3800,36.3850,36.3600,36.3600,7158
145,36.3600,36.3650,36.3500,36.3500,1100
146,36.3600,36.3700,36.3500,36.3600,9424
147,36.3700,36.3950,36.3700,36.3900,6220
148,36.3900,36.3900,36.3800,36.3800,2400
149,36.3850,36.3900,36.3600,36.3900,21590
150,36.3800,36.3800,36.3700,36.3800,8939
151,36.3800,36.3800,36.3600,36.3750,9880
152,36.3750,36.3800,36.3700,36.3700,13040
153,36.3700,36.3750,36.3600,36.3600,5475
154,36.3600,36.3700,36.3590,36.3600,16007
155,36.3600,36.3600,36.3500,36.3500,794
156,36.3550,36.3600,36.3400,36.3500,2740
157,36.3568,36.3600,36.3400,36.3500,3104
158,36.3550,36.3700,36.3500,36.3700,5810
159,36.3700,36.3700,36.3500,36.3500,7619
160,36.3500,36.3500,36.3500,36.3500,1800
161,36.3450,36.3500,36.3450,36.3500,3700
162,36.3450,36.3600,36.3400,36.3550,10043
163,36.3500,36.3550,36.3300,36.3400,10008
164,36.3300,36.3400,36.3200,36.3300,2000
165,36.3300,36.3400,36.3100,36.3300,25944
166,36.3300,36.3300,36.3000,36.3000,22123
167,36.3047,36.3100,36.2500,36.2500,24022
168,36.2500,36.2900,36.2350,36.2700,15750
169,36.2700,36.2700,36.2500,36.2600,12549
170,36.2600,36.2650,36.2400,36.2600,6179
171,36.2600,36.2650,36.2300,36.2500,6411
172,36.2400,36.2600,36.2400,36.2600,4844
173,36.2700,36.3000,36.2700,36.2900,18819
174,36.2800,36.2850,36.2600,36.2600,3800
175,36.2700,36.2700,36.2150,36.2175,6263
176,36.2300,36.2400,36.2100,36.2200,3285
177,36.2100,36.2100,36.1800,36.1800,9200
178,36.1800,36.2100,36.1800,36.2100,4260
179,36.2100,36.2129,36.1700,36.1701,4522
180,36.1733,36.2000,36.1700,36.2000,4900
181,36.2000,36.2000,36.1900,36.1900,9168
182,36.2000,36.2100,36.2000,36.2099,1300
183,36.2100,36.2300,36.2000,36.2300,66055
184,36.2300,36.2400,36.2100,36.2400,31942
185,36.2400,36.2450,36.2200,36.2200,24407
186,36.2200,36.2400,36.2150,36.2400,13280
187,36.2400,36.2500,36.2200,36.2200,4727
188,36.2200,36.2300,36.2100,36.2200,22436
189,36.2200,36.2400,36.2100,36.2300,22043
190,36.2400,36.2400,36.2200,36.2300,6400
191,36.2300,36.2393,36.2150,36.2200,47281
192,36.2200,36.2400,36.2150,36.2400,18556
193,36.2350,36.2350,36.2200,36.2300,17629
194,36.2400,36.2400,36.2050,36.2101,36858
195,36.2200,36.2400,36.2200,36.2300,16144
196,36.2200,36.2300,36.2000,36.2000,31606
197,36.1900,36.2150,36.1900,36.1900,20421
198,36.1900,36.2000,36.1650,36.1650,12469
199,36.1650,36.2000,36.1600,36.2000,4460
200,36.1900,36.1900,36.1700,36.1700,5355
201,36.1700,36.1750,36.1600,36.1700,3839
202,36.1800,36.2000,36.1700,36.2000,6400
203,36.2100,36.2100,36.2000,36.2100,5000
204,36.2100,36.2100,36.2000,36.2100,2266
205,36.2200,36.2550,36.2200,36.2550,9361
206,36.2500,36.2500,36.2300,36.2300,2331
207,36.2400,36.2600,36.2300,36.2600,3700
208,36.2500,36.2600,36.2500,36.2500,3400
209,36.2500,36.2500,36.2300,36.2300,2725
210,36.2200,36.2200,36.2100,36.2150,9709
211,36.2100,36.2200,36.2050,36.2150,7110
212,36.2100,36.2300,36.1900,36.1900,19492
213,36.1900,36.2000,36.1750,36.1800,16699
214,36.1800,36.1900,36.1700,36.1750,6647
215,36.1700,36.1700,36.1400,36.1500,6000
216,36.1400,36.1400,36.1100,36.1300,9271
217,36.1350,36.1350,36.1200,36.1200,1400
218,36.1200,36.1300,36.1100,36.1250,211350
219,36.1100,36.1100,36.0500,36.0600,11652
220,36.0600,36.0800,36.0501,36.0700,10300
221,36.0600,36.0650,35.9900,35.9900,16081
222,35.9900,35.9975,35.9600,35.9650,20569
223,35.9650,35.9650,35.9200,35.9250,13751
224,35.9300,35.9300,35.8600,35.8650,46604
225,35.8600,35.8700,35.8050,35.8450,45644
226,35.8450,35.8450,35.7900,35.8050,54364
227,35.8050,35.8300,35.7950,35.7960,19689
228,35.7900,35.7900,35.7350,35.7800,15115
229,35.7800,35.7800,35.7500,35.7630,13082
230,35.7700,35.8000,35.7500,35.7500,24675
231,35.7500,35.7500,35.7300,35.7300,19438
232,35.7200,35.7550,35.7100,35.7550,19835
233,35.7600,35.7950,35.7600,35.7750,21328
234,35.7800,35.7800,35.7500,35.7550,11921
235,35.7554,35.7900,35.7550,35.7850,22905
236,35.7800,35.7900,35.7800,35.7800,11316
237,35.7850,35.7850,35.7600,35.7600,19956
238,35.7650,35.7700,35.7200,35.7300,23260
239,35.7300,35.7300,35.7000,35.7300,28561
240,35.7300,35.7350,35.7000,35.7050,15628
241,35.7050,35.7200,35.6900,35.6900,28898
242,35.6900,35.6900,35.6500,35.6766,31907
243,35.6700,35.6875,35.6450,35.6500,23222
244,35.6400,35.6400,35.5650,35.5850,31084
245,35.5900,35.6100,35.5700,35.5750,18868
246,35.5700,35.5800,35.5500,35.5800,22508
247,35.5800,35.5800,35.5100,35.5450,35803
248,35.5500,35.5600,35.5400,35.5400,26300
249,35.5500,35.5600,35.4700,35.4700,28246
250,35.4700,35.4950,35.4250,35.4900,41911
251,35.5000,35.5500,35.5000,35.5250,27963
252,35.5300,35.5350,35.4900,35.5050,12901
253,35.5100,35.5700,35.5050,35.5300,26314
254,35.5200,35.5400,35.5100,35.5100,12572
255,35.5100,35.5200,35.4900,35.5200,21993
256,35.5200,35.5200,35.4700,35.4900,61859
257,35.5000,35.5300,35.5000,35.5000,10791
258,35.5010,35.5100,35.4300,35.4400,24666
259,35.4375,35.4650,35.3800,35.4100,29964
260,35.4200,35.4200,35.3600,35.3650,24134
261,35.3600,35.4200,35.3450,35.4100,21586
262,35.4144,35.4200,35.4000,35.4110,16230
263,35.4100,35.4400,35.4050,35.4300,19701
264,35.4300,35.4450,35.3900,35.4000,18845
265,35.4000,35.4300,35.3500,35.3650,21316
266,35.3650,35.3900,35.3400,35.3800,40384
267,35.3700,35.4000,35.3550,35.3700,24451
268,35.3700,35.3800,35.3100,35.3200,29797
269,35.3250,35.3700,35.3150,35.3300,20010
270,35.3300,35.3450,35.2700,35.2750,12164
271,35.2650,35.3400,35.2500,35.3350,27013
272,35.3350,35.3550,35.3300,35.3350,10326
273,35.3300,35.3750,35.3200,35.3650,14736
274,35.3698,35.3800,35.3300,35.3600,19158
275,35.3650,35.4000,35.3600,35.3750,13300
276,35.3842,35.4200,35.3800,35.4150,39837
277,35.4200,35.4550,35.4100,35.4500,11000
278,35.4450,35.4450,35.4300,35.4300,10516
279,35.4400,35.4500,35.4200,35.4200,14280
280,35.4200,35.4300,35.3700,35.3800,23198
281,35.3800,35.3900,35.3500,35.3500,13028
282,35.3550,35.4100,35.3500,35.4100,29404
283,35.4100,35.4300,35.3900,35.4000,15264
284,35.3900,35.4000,35.3475,35.3800,17591
285,35.3800,35.4000,35.3450,35.3900,19069
286,35.4000,35.4000,35.3600,35.3800,12204
287,35.3850,35.4050,35.3600,35.3950,15229
288,35.3900,35.4300,35.3900,35.4250,22455
289,35.4250,35.4600,35.4250,35.4450,12900
290,35.4400,35.4500,35.4300,35.4400,16019
291,35.4400,35.4800,35.4300,35.4750,29970
292,35.4700,35.4700,35.4500,35.4500,15900
293,35.4500,35.4800,35.4200,35.4250,23487
294,35.4300,35.4600,35.4200,35.4300,12858
295,35.4300,35.4315,35.3950,35.4000,15460
296,35.4000,35.4200,35.3900,35.3900,11411
297,35.4000,35.4100,35.3200,35.3250,36853
298,35.3300,35.3400,35.2600,35.2750,82588
299,35.2762,35.3200,35.2750,35.3000,24508
300,35.2900,35.2950,35.2200,35.2466,29762
301,35.2400,35.2800,35.2350,35.2550,22138
302,35.2600,35.3000,35.2550,35.2900,28992
303,35.2800,35.2800,35.2300,35.2400,18725
304,35.2300,35.2350,35.1750,35.1800,36564
305,35.1900,35.2150,35.1200,35.1800,30447
306,35.1900,35.2000,35.0800,35.1550,29677
307,35.1500,35.1750,35.0900,35.1500,29396
308,35.1550,35.1750,35.1300,35.1550,13595
309,35.1500,35.1650,35.1000,35.1500,26343
310,35.1500,35.1840,35.1400,35.1600,29088
311,35.1600,35.1700,35.0900,35.1050,25594
312,35.1150,35.1350,35.0800,35.0850,36867
313,35.0900,35.0950,35.0450,35.0750,34234
314,35.0800,35.0844,35.0000,35.0100,57073
315,35.0100,35.0100,34.9100,34.9875,97615
316,34.9800,35.0000,34.9600,34.9950,17673
317,35.0000,35.0100,34.9550,35.0100,56659
318,35.0100,35.0300,34.9450,34.9700,39850
319,34.9700,34.9700,34.8350,34.9001,51395
320,34.9050,34.9250,34.7200,34.7200,96137
321,34.7100,34.8710,34.6900,34.8400,72937
322,34.8400,34.8700,34.8000,34.8450,42278
323,34.8500,34.9100,34.8500,34.9050,28235
324,34.9000,34.9250,34.8600,34.8750,21437
325,34.8800,34.9300,34.8700,34.9200,18700
326,34.9300,34.9400,34.8850,34.9100,26191
327,34.9100,34.9400,34.8500,34.9400,56275
328,34.9500,34.9900,34.9300,34.9750,47971
329,34.9800,35.0000,34.9400,34.9400,19985
330,34.9300,34.9600,34.9200,34.9350,23185
331,34.9350,34.9700,34.9250,34.9550,23491
332,34.9550,35.0100,34.9500,35.0010,37261
333,35.0000,35.0600,34.9900,35.0550,42369
334,35.0550,35.1100,35.0500,35.0700,191525
335,35.0700,35.0850,35.0150,35.0150,25784
336,35.0200,35.0600,35.0000,35.0100,27063
337,35.0200,35.0300,34.9700,35.0000,21874
338,35.0050,35.0650,34.9700,35.0550,35207
339,35.0550,35.0750,35.0300,35.0750,13153
340,35.0700,35.0950,35.0500,35.0850,26132
341,35.0900,35.1100,35.0800,35.0850,25247
342,35.0850,35.1100,35.0675,35.0800,43852
343,35.0800,35.1001,35.0750,35.0850,85043
344,35.0900,35.0900,35.0550,35.0700,63504
345,35.0750,35.0900,35.0650,35.0650,51282
346,35.0647,35.1000,35.0647,35.0950,18513
347,35.1000,35.1100,35.0800,35.0800,68845
348,35.0800,35.0800,35.0100,35.0250,77206
349,35.0150,35.0300,34.9800,35.0150,31654
350,35.0200,35.0800,35.0150,35.0600,43936
351,35.0700,35.0750,35.0350,35.0500,34128
352,35.0450,35.0800,35.0250,35.0250,26915
353,35.0300,35.0650,35.0250,35.0500,16633
354,35.0500,35.0850,35.0300,35.0700,31128
355,35.0700,35.0950,35.0650,35.0800,119988
356,35.0800,35.0850,35.0300,35.0550,27890
357,35.0600,35.0600,35.0150,35.0150,24874
358,35.0150,35.0200,34.9800,34.9801,24227
359,34.9800,35.0000,34.9600,35.0000,29238
360,35.0000,35.0500,34.9900,35.0350,25145
361,35.0300,35.0350,34.9600,34.9700,49096
362,34.9800,34.9900,34.9700,34.9750,23912
363,34.9800,34.9800,34.8900,34.8900,79917
364,34.9000,34.9000,34.8500,34.8750,50360
365,34.8750,34.9100,34.8700,34.8950,65753
366,34.9000,34.9200,34.8950,34.8950,68477
367,34.9000,34.9200,34.8900,34.9000,45222
368,34.9050,34.9100,34.8700,34.8750,64329
369,34.8800,34.8800,34.8650,34.8650,30214
370,34.8700,34.8800,34.8400,34.8500,49572
371,34.8400,34.8400,34.8200,34.8300,56787
372,34.8300,34.8300,34.7800,34.8100,73053
373,34.8050,34.8050,34.7501,34.7650,65027
374,34.7700,34.7850,34.7650,34.7750,23500
375,34.7950,34.7950,34.7400,34.7550,35994
376,34.7600,34.8100,34.7550,34.8050,67341
377,34.8000,34.8050,34.7700,34.7900,33906
378,34.7850,34.8000,34.7650,34.7700,42312
379,34.7650,34.7800,34.7400,34.7400,29540
380,34.7450,34.7800,34.7300,34.7600,109701
381,34.7600,34.8500,34.7550,34.8350,107240
382,34.8300,34.8600,34.8200,34.8550,151952
383,34.8600,34.9100,34.8550,34.9100,42495
384,34.9100,34.9100,34.8800,34.9100,70535
385,34.9050,34.9250,34.9000,34.9250,40262
386,34.9250,34.9500,34.9000,34.9050,68984
387,34.9150,34.9200,34.8950,34.9000,69921
388,34.9000,34.9100,34.8900,34.9050,79411