EIX,Edison Int'l,Utilities,11,Electric Utilities,26349251249,1590546
a149961780076,81.2200,81.3000,81.2000,81.2700,13482
377,81.2700,81.3000,81.2700,81.3000,6101
378,81.2900,81.3100,81.2900,81.2950,4306
379,81.2900,81.3200,81.2900,81.3100,7752
380,81.3200,81.3600,81.3200,81.3600,10381
381,81.3600,81.3800,81.3300,81.3700,13254
382,81.3800,81.4200,81.3700,81.4000,6620
383,81.4100,81.4700,81.4100,81.4500,16878
384,81.4400,81.4500,81.4000,81.4300,13917
385,81.4300,81.4400,81.4100,81.4300,9773
386,81.4300,81.4300,81.3800,81.4000,12400
387,81.4100,81.4200,81.4000,81.4100,13228
388,81.4050,81.4200,81.4000,81.4200,9520
389,81.4100,81.4200,81.3900,81.4000,13085
390,81.4000,81.4500,81.3900,81.4300,27905
1,81.2000,81.3000,81.2000,81.3000,16530
2,81.3500,81.4400,81.3400,81.4200,1200
3,81.3700,81.3700,81.2300,81.2500,1640
4,81.2280,81.3800,81.2280,81.3800,4576
5,81.3800,81.3800,81.1600,81.1600,3596
6,81.1500,81.2200,81.1400,81.1400,3713
8,81.1200,81.1300,81.0100,81.1050,2300
9,81.1100,81.1600,81.0900,81.1600,800
10,81.2200,81.2500,81.2200,81.2500,1000
11,81.2800,81.3400,81.2600,81.3200,1900
12,81.3600,81.3700,81.2900,81.3500,2602
13,81.3700,81.3700,81.3100,81.3600,1780
14,81.3900,81.3900,81.3500,81.3600,1100
15,81.3700,81.3700,81.3400,81.3400,1780
16,81.3400,81.3400,81.3100,81.3100,400
17,81.3200,81.3600,81.3200,81.3400,600
18,81.3500,81.3900,81.3400,81.3600,800
19,81.3600,81.3600,81.2600,81.2600,3637
20,81.2700,81.2700,81.2100,81.2100,200
22,81.2800,81.3000,81.2400,81.2400,5906
23,81.2550,81.2700,81.2100,81.2100,813
24,81.1798,81.1840,81.1600,81.1700,2830
25,81.1700,81.1900,81.1000,81.1200,4362
26,81.1450,81.1600,81.1200,81.1300,5030
27,81.1600,81.1600,81.1400,81.1400,600
28,81.1700,81.1900,81.1300,81.1300,2700
29,81.1600,81.1700,81.1400,81.1600,1000
30,81.1400,81.1400,81.1200,81.1200,800
31,81.1200,81.1500,81.0930,81.1400,9365
32,81.1300,81.1700,81.1175,81.1600,5400
33,81.1700,81.2100,81.1600,81.2000,3285
34,81.2300,81.2400,81.2100,81.2100,2707
35,81.2100,81.2100,81.1600,81.1700,1408
36,81.1600,81.1700,81.1400,81.1472,910
37,81.1400,81.1500,81.0900,81.1100,4548
38,81.1100,81.1100,81.0100,81.0700,3879
39,81.0700,81.1000,81.0700,81.1000,1300
40,81.1400,81.1700,81.1400,81.1500,900
41,81.1600,81.1900,81.1500,81.1900,1100
43,81.1400,81.1400,81.1200,81.1200,300
44,81.1500,81.1600,81.1500,81.1600,400
45,81.1500,81.1500,81.1200,81.1200,600
46,81.1100,81.1100,81.0900,81.1000,800
47,81.1300,81.1600,81.1300,81.1322,1220
48,81.1400,81.1600,81.1400,81.1400,300
49,81.1100,81.1600,81.1100,81.1600,1873
50,81.1635,81.1800,81.1635,81.1800,570
51,81.1800,81.1800,81.1500,81.1500,1000
52,81.1600,81.1619,81.1400,81.1400,300
53,81.1200,81.1200,81.1100,81.1100,300
54,81.0700,81.0700,81.0700,81.0700,100
56,81.1000,81.1400,81.1000,81.1400,1274
57,81.1200,81.1300,81.1000,81.1300,1100
58,81.0800,81.0900,81.0800,81.0900,300
59,81.1100,81.1100,81.0800,81.0800,200
60,81.1100,81.1100,81.1100,81.1100,300
61,81.0900,81.0900,81.0300,81.0300,865
62,81.0600,81.0750,81.0500,81.0700,2121
63,81.0761,81.0761,81.0300,81.0300,1136
64,81.0500,81.0600,81.0300,81.0300,1900
65,81.0321,81.0330,81.0199,81.0200,3505
66,81.0100,81.0400,81.0100,81.0300,800
67,81.0200,81.0200,81.0100,81.0100,1101
68,81.0100,81.0100,80.9900,80.9950,2609
69,80.9800,81.0100,80.9800,80.9900,994
70,81.0200,81.0600,81.0200,81.0300,1100
71,81.0599,81.0599,81.0300,81.0300,323
72,81.0300,81.0300,80.9900,81.0000,5500
73,81.0000,81.0000,81.0000,81.0000,792
74,80.9900,81.0300,80.9900,81.0300,2952
75,81.0300,81.0600,81.0300,81.0600,700
76,81.0700,81.0750,81.0600,81.0650,3300
77,81.0600,81.0600,81.0400,81.0400,1003
79,81.0450,81.0500,81.0450,81.0500,290
80,81.0300,81.0300,81.0300,81.0300,306
81,81.0200,81.0200,80.9800,80.9800,612
82,81.0200,81.0200,81.0100,81.0100,1452
83,81.0400,81.0600,81.0100,81.0100,2050
85,81.0200,81.0200,81.0200,81.0200,100
86,81.0200,81.0200,81.0100,81.0100,897
87,81.0100,81.0100,81.0000,81.0000,501
88,80.9900,80.9900,80.9800,80.9800,600
89,80.9600,80.9600,80.9500,80.9500,500
90,80.9600,80.9600,80.9399,80.9400,2800
91,80.9300,80.9350,80.9100,80.9100,2016
92,80.9100,80.9500,80.9100,80.9300,2991
93,80.9400,80.9400,80.9300,80.9350,1309
94,80.9300,80.9500,80.9200,80.9300,2900
95,80.9200,80.9200,80.9100,80.9100,300
96,80.8953,80.9100,80.8953,80.9100,1000
97,80.9150,80.9150,80.9000,80.9100,744
98,80.9100,80.9100,80.8800,80.8800,1800
99,80.9100,80.9400,80.8900,80.9400,2400
100,80.9400,80.9400,80.9000,80.9000,2300
101,80.9105,80.9300,80.9100,80.9100,1752
102,80.9100,80.9100,80.9100,80.9100,300
103,80.9200,80.9300,80.9200,80.9200,1600
104,80.9200,80.9200,80.9000,80.9000,1664
105,80.9000,80.9000,80.9000,80.9000,293
106,80.9200,80.9200,80.9200,80.9200,500
107,80.9100,80.9100,80.8800,80.8900,3188
108,80.9000,80.9000,80.8700,80.8700,2836
109,80.8900,80.8900,80.8700,80.8764,1643
110,80.9000,80.9100,80.8700,80.9000,9173
111,80.9100,80.9200,80.9100,80.9200,2311
112,80.9200,80.9300,80.9100,80.9300,3609
113,80.9200,80.9500,80.9200,80.9500,5565
114,80.9500,80.9600,80.9400,80.9600,5671
115,80.9600,80.9600,80.9500,80.9500,1300
116,80.9500,81.0400,80.9500,81.0400,8000
117,81.0500,81.0700,81.0500,81.0700,1433
118,81.0403,81.0403,81.0403,81.0403,340
120,81.0400,81.0400,81.0400,81.0400,100
121,81.0700,81.0900,81.0700,81.0800,5076
122,81.0700,81.0700,81.0400,81.0500,1607
123,81.0600,81.0600,81.0500,81.0500,400
124,81.0400,81.0400,81.0300,81.0350,900
125,81.0300,81.0300,81.0200,81.0200,600
126,81.0000,81.0200,81.0000,81.0000,1700
127,81.0000,81.0000,80.9800,80.9800,2850
128,80.9800,80.9800,80.9600,80.9700,2622
129,80.9550,80.9600,80.9550,80.9600,876
131,80.9600,80.9600,80.9600,80.9600,100
132,80.9600,80.9600,80.9300,80.9300,2750
133,80.9500,80.9500,80.9400,80.9400,300
134,80.9300,80.9300,80.9300,80.9300,703
136,80.9200,80.9200,80.9050,80.9050,900
137,80.9050,80.9100,80.8900,80.8900,1800
138,80.8700,80.8800,80.8400,80.8400,6150
139,80.8500,80.8900,80.8500,80.8600,3817
140,80.8600,80.8700,80.8600,80.8700,3613
141,80.8650,80.8700,80.8650,80.8700,300
142,80.8700,80.8700,80.8700,80.8700,309
143,80.8800,80.8900,80.8514,80.8514,5324
144,80.8700,80.8700,80.8650,80.8650,1432
145,80.8700,80.8900,80.8600,80.8900,1100
146,80.8800,80.8800,80.8800,80.8800,900
147,80.8700,80.8700,80.8600,80.8700,900
148,80.8600,80.8800,80.8500,80.8800,1068
149,80.8800,80.8800,80.8750,80.8768,1390
150,80.8700,80.8800,80.8700,80.8800,1717
151,80.8800,80.8800,80.8730,80.8730,1156
152,80.8900,80.9500,80.8900,80.9400,3219
153,80.9400,80.9400,80.9150,80.9150,1222
154,80.9100,80.9200,80.9100,80.9200,2153
155,80.9400,80.9500,80.9400,80.9500,600
156,80.9701,80.9701,80.9701,80.9701,100
157,80.9800,81.0000,80.9750,81.0000,500
158,81.0000,81.0000,80.9800,80.9800,1292
159,80.9800,81.0100,80.9800,81.0100,563
160,81.0100,81.0100,80.9800,80.9800,1200
161,80.9600,80.9600,80.9100,80.9100,1100
162,80.9300,80.9500,80.9300,80.9400,1218
163,80.9400,80.9500,80.9200,80.9200,2100
164,80.9260,80.9260,80.9100,80.9200,800
165,80.9100,80.9100,80.9100,80.9100,100
166,80.9200,80.9400,80.9200,80.9400,1500
167,80.9500,80.9699,80.9500,80.9699,1026
168,80.9700,80.9800,80.9400,80.9400,1950
169,80.9400,80.9400,80.9400,80.9400,300
170,80.9300,80.9500,80.9300,80.9500,1300
171,80.9700,80.9900,80.9700,80.9801,701
172,80.9900,80.9900,80.9600,80.9600,923
173,80.9600,80.9800,80.9600,80.9800,500
174,80.9900,80.9900,80.9800,80.9800,767
175,80.9500,80.9600,80.9500,80.9500,600
176,80.9500,80.9600,80.9500,80.9600,390
177,80.9700,81.0000,80.9600,80.9600,20456
178,80.9550,80.9550,80.8800,80.8800,3200
179,80.8900,80.9000,80.8900,80.9000,648
180,80.8940,80.9014,80.8800,80.8900,1650
181,80.8900,80.8900,80.8700,80.8900,1000
182,80.8900,80.9000,80.8900,80.8900,1300
183,80.8800,80.9100,80.8800,80.8900,1950
184,80.9000,80.9000,80.8990,80.9000,600
185,80.8500,80.8500,80.8200,80.8200,1300
186,80.8300,80.8300,80.8000,80.8100,1500
187,80.8100,80.8100,80.7800,80.7800,900
188,80.7950,80.7950,80.7600,80.7700,1800
189,80.7700,80.7826,80.7650,80.7826,3913
190,80.7800,80.7800,80.7500,80.7600,2018
191,80.7500,80.7700,80.7500,80.7700,300
192,80.7600,80.7700,80.7600,80.7700,300
193,80.7800,80.8200,80.7659,80.8200,1421
194,80.8400,80.8400,80.8400,80.8400,100
195,80.8400,80.8400,80.8130,80.8130,1897
196,80.8200,80.8200,80.7900,80.7900,737
197,80.7900,80.8200,80.7900,80.8200,900
198,80.8300,80.8300,80.8139,80.8139,1575
199,80.8102,80.8102,80.7900,80.7900,1820
200,80.8100,80.8200,80.8000,80.8200,1210
201,80.8300,80.8300,80.8300,80.8300,100
202,80.8300,80.8300,80.8100,80.8100,1200
203,80.8100,80.8150,80.7700,80.7800,1124
204,80.7850,80.7850,80.7402,80.7700,2720
205,80.7800,80.7800,80.7401,80.7401,2680
206,80.7550,80.7700,80.7550,80.7600,715
207,80.7600,80.7600,80.7600,80.7600,100
208,80.7600,80.7600,80.7600,80.7600,527
209,80.7900,80.7900,80.7300,80.7300,3893
210,80.7300,80.7400,80.7300,80.7300,400
211,80.7300,80.7400,80.7300,80.7400,817
212,80.7400,80.7400,80.7000,80.7000,1800
213,80.7000,80.7200,80.6900,80.7000,1400
215,80.6900,80.6900,80.6500,80.6500,1516
216,80.6650,80.6650,80.6400,80.6400,1736
217,80.6600,80.6600,80.6100,80.6100,3004
218,80.6200,80.6200,80.6000,80.6000,1300
219,80.6100,80.6100,80.5900,80.6001,1808
220,80.6000,80.6100,80.5800,80.5800,689
221,80.5700,80.5800,80.5700,80.5732,1360
222,80.5900,80.6350,80.4800,80.5400,10231
223,80.5600,80.5600,80.5400,80.5400,1477
224,80.5500,80.5700,80.5400,80.5400,1868
225,80.5600,80.5700,80.5500,80.5600,1300
226,80.6000,80.6000,80.6000,80.6000,100
227,80.6200,80.6200,80.6100,80.6100,1347
228,80.6400,80.6700,80.6400,80.6700,1500
230,80.7100,80.7100,80.6700,80.6900,2990
231,80.6900,80.6900,80.6900,80.6900,100
232,80.6900,80.7100,80.6900,80.6900,500
233,80.7000,80.7000,80.6600,80.6600,800
234,80.6600,80.6700,80.6600,80.6700,603
235,80.6700,80.6700,80.6000,80.6200,16163
236,80.6300,80.6300,80.6200,80.6200,300
237,80.6300,80.6400,80.6300,80.6400,1000
238,80.6350,80.6500,80.6350,80.6500,2200
239,80.6500,80.6600,80.5900,80.6400,7374
240,80.6500,80.6500,80.6500,80.6500,100
241,80.6500,80.6543,80.6450,80.6543,1200
243,80.6650,80.6850,80.6650,80.6800,2000
244,80.6867,80.6900,80.6867,80.6900,885
245,80.6900,80.7000,80.6800,80.6800,1800
246,80.6800,80.6900,80.6790,80.6900,700
247,80.6800,80.6900,80.6500,80.6900,2800
248,80.6700,80.6700,80.6700,80.6700,260
249,80.6700,80.7100,80.6700,80.6700,2400
250,80.6700,80.7000,80.6700,80.6750,1100
251,80.6600,80.6600,80.6400,80.6400,900
252,80.6400,80.6400,80.5600,80.5700,2627
253,80.5800,80.6300,80.5800,80.6000,1210
254,80.6100,80.6100,80.5968,80.6000,3410
255,80.6100,80.6300,80.5900,80.6300,2000
256,80.6350,80.6400,80.6200,80.6400,1900
257,80.6350,80.6500,80.6300,80.6450,17700
258,80.6450,80.6915,80.6450,80.6800,4800
259,80.6800,80.6800,80.6400,80.6500,5500
260,80.6500,80.6600,80.6000,80.6400,5001
261,80.6600,80.6600,80.6100,80.6100,1700
262,80.6100,80.6400,80.6000,80.6300,2183
264,80.6200,80.6300,80.6150,80.6300,1933
265,80.6400,80.6700,80.6350,80.6650,54566
266,80.6700,80.7000,80.6700,80.6900,52839
267,80.6900,80.7100,80.6400,80.6400,6014
268,80.6800,80.7100,80.6650,80.7100,2500
269,80.7200,80.7600,80.7200,80.7400,3300
270,80.7500,80.7600,80.7500,80.7500,874
271,80.7600,80.8100,80.7600,80.7800,3061
272,80.8000,80.8098,80.8000,80.8098,314
273,80.7900,80.8100,80.7697,80.7697,2605
274,80.7610,80.7900,80.7600,80.7850,4500
275,80.7900,80.8200,80.7900,80.8200,900
276,80.8200,80.8200,80.7900,80.8100,2211
277,80.8300,80.8499,80.8250,80.8400,2100
278,80.8300,80.8300,80.8050,80.8100,2426
279,80.8100,80.8200,80.8069,80.8200,1000
280,80.8300,80.8400,80.8300,80.8400,1200
281,80.8200,80.8299,80.7800,80.7800,4546
282,80.7800,80.7850,80.7699,80.7800,1500
283,80.7800,80.8100,80.7800,80.8100,800
284,80.8100,80.8100,80.8100,80.8100,200
285,80.8200,80.8300,80.8200,80.8300,800
286,80.8500,80.8500,80.8400,80.8400,400
287,80.8500,80.8500,80.8300,80.8400,3300
288,80.8400,80.8550,80.8375,80.8525,4422
289,80.8550,80.8700,80.8400,80.8700,19883
290,80.8750,80.8800,80.8750,80.8800,500
291,80.8900,80.8950,80.8875,80.8950,2100
292,80.9000,80.9800,80.8950,80.9400,10900
293,80.9500,80.9600,80.8900,80.9150,4816
294,80.9100,80.9100,80.9100,80.9100,300
295,80.9100,80.9200,80.9050,80.9100,900
296,80.9200,80.9200,80.9100,80.9100,1100
297,80.9200,80.9200,80.9150,80.9200,1300
298,80.9200,80.9200,80.8900,80.9000,1895
299,80.9000,80.9100,80.9000,80.9000,1700
300,80.8929,80.9000,80.8600,80.8901,3645
301,80.8966,80.9200,80.8966,80.9200,1400
302,80.9000,80.9000,80.8900,80.8900,1600
303,80.8900,80.8900,80.8700,80.8700,900
304,80.8600,80.8600,80.8400,80.8400,1200
305,80.8400,80.8700,80.8400,80.8700,2907
306,80.8800,80.8800,80.8400,80.8550,1370
307,80.8800,80.9100,80.8600,80.8800,7123
308,80.8700,80.8900,80.8700,80.8800,1800
309,80.8800,80.9150,80.8800,80.9150,2399
310,80.9000,80.9000,80.8800,80.8800,3600
311,80.8800,80.9000,80.8700,80.9000,1569
312,80.9000,80.9200,80.9000,80.9100,1000
313,80.9100,80.9100,80.9000,80.9100,1800
314,80.9100,80.9100,80.8933,80.8933,3400
315,80.9000,80.9100,80.8600,80.8600,4063
316,80.8900,80.9000,80.8600,80.9000,8462
317,80.8900,80.9300,80.8700,80.9300,11119
318,80.9100,80.9500,80.9000,80.9101,2058
319,80.9200,80.9900,80.9200,80.9800,4324
320,81.0000,81.0300,80.9600,81.0300,3164
321,81.0600,81.1300,81.0600,81.0800,4722
322,81.0800,81.0899,81.0700,81.0800,1800
323,81.0900,81.1000,81.0700,81.1000,1100
324,81.1200,81.2400,81.1000,81.2400,4198
325,81.2600,81.2900,81.2200,81.2600,4918
326,81.2400,81.2700,81.2300,81.2700,1458
327,81.2500,81.2700,81.2500,81.2700,900
328,81.2400,81.2400,81.1700,81.1700,2035
329,81.1500,81.1600,81.0700,81.1400,20379
330,81.1400,81.2000,81.1400,81.1950,4100
331,81.2000,81.2200,81.1500,81.1500,12473
332,81.1500,81.2400,81.1500,81.2400,11163
333,81.2200,81.2400,81.1800,81.2000,21000
334,81.1900,81.2100,81.1600,81.1800,13723
335,81.1800,81.2000,81.1800,81.1800,6976
336,81.1800,81.2300,81.1700,81.2200,7597
337,81.2100,81.2200,81.1660,81.1660,3040
338,81.1600,81.1600,81.1100,81.1200,2300
339,81.1000,81.1400,81.0850,81.1400,3020
340,81.1300,81.1700,81.1300,81.1600,3431
341,81.1700,81.1700,81.1400,81.1412,1630
342,81.1400,81.1400,81.1100,81.1100,3800
343,81.1100,81.1100,81.0800,81.1000,3298
344,81.0800,81.0900,81.0400,81.0500,2300
345,81.0600,81.0700,81.0500,81.0500,2524
346,81.0500,81.0500,81.0200,81.0200,15325
347,81.0100,81.0200,80.9950,81.0000,3291
348,80.9900,80.9900,80.9700,80.9700,2493
349,80.9900,81.0400,80.9900,81.0300,4981
350,81.0200,81.0200,81.0000,81.0100,2300
351,81.0000,81.0000,80.9800,80.9800,300
352,80.9800,80.9800,80.9600,80.9600,2564
353,80.9500,80.9700,80.9500,80.9700,1600
354,80.9800,81.0050,80.9700,80.9800,2900
355,80.9676,80.9676,80.9676,80.9676,1000
356,80.9600,80.9600,80.9400,80.9450,8345
357,80.9700,80.9850,80.9700,80.9800,2967
358,80.9700,80.9700,80.9301,80.9500,4300
359,80.9500,80.9800,80.9500,80.9700,5000
360,80.9700,80.9900,80.9400,80.9900,11538
361,80.9800,80.9900,80.9600,80.9800,3162
362,80.9800,80.9800,80.9600,80.9700,6842
363,80.9800,81.0001,80.9700,80.9800,4700
364,80.9700,80.9900,80.9601,80.9800,4500
365,80.9900,80.9900,80.9700,80.9850,14816
366,80.9900,81.0100,80.9800,81.0000,8338
367,81.0000,81.0100,81.0000,81.0100,14308
368,81.0100,81.0550,81.0000,81.0550,5572
369,81.0600,81.0700,81.0400,81.0600,4959
370,81.0700,81.0900,81.0700,81.0800,3641
371,81.0700,81.1100,81.0650,81.1100,5525
372,81.1100,81.1400,81.1100,81.1200,7000
373,81.1200,81.1200,81.0801,81.1100,3006
374,81.1200,81.1200,81.1100,81.1100,1502
375,81.0900,81.1500,81.0800,81.1500,4302
376,81.1400,81.1700,81.1300,81.1400,1995
377,81.1500,81.1800,81.1400,81.1700,1603
378,81.1800,81.1900,81.1300,81.1800,4493
379,81.1700,81.1900,81.1500,81.1800,900
380,81.2000,81.2000,81.2000,81.2000,1385
381,81.2100,81.2500,81.2100,81.2400,4040
382,81.2400,81.2500,81.2400,81.2500,800
383,81.2500,81.2600,81.2500,81.2600,1745
384,81.2500,81.2700,81.2500,81.2600,1435
385,81.2600,81.2700,81.2600,81.2700,1887
386,81.2800,81.3500,81.2800,81.3100,11523
387,81.3100,81.3150,81.2850,81.2850,4577
388,81.2800,81.2950,81.2700,81.2950,3721