FMC,FMC Corporation,Materials,8,Fertilizers & Agricultural Chemicals,10276626781,1290081
a149961780053,76.3800,76.4100,76.3750,76.4100,4713
354,76.4193,76.4200,76.4100,76.4200,1207
355,76.4150,76.4150,76.4100,76.4100,500
356,76.4100,76.4300,76.4050,76.4300,2600
357,76.4300,76.4300,76.4000,76.4000,2237
358,76.3900,76.4100,76.3800,76.4100,300
359,76.3800,76.4100,76.3700,76.4100,6705
360,76.4100,76.4300,76.4100,76.4300,3186
361,76.4200,76.4200,76.3800,76.3800,1800
362,76.3800,76.3800,76.3600,76.3600,900
363,76.3600,76.4000,76.3550,76.3900,5437
364,76.3800,76.3800,76.3500,76.3600,2990
365,76.3500,76.3500,76.3150,76.3150,1381
366,76.3200,76.3250,76.3150,76.3200,2900
367,76.3100,76.3100,76.2600,76.2650,2449
368,76.2500,76.2500,76.2300,76.2450,3352
369,76.2400,76.3200,76.2400,76.3100,9046
370,76.3100,76.3100,76.3000,76.3000,3027
371,76.3100,76.3100,76.3000,76.3000,2406
372,76.2900,76.2900,76.2600,76.2600,400
373,76.2500,76.2600,76.2400,76.2600,4732
374,76.2500,76.2700,76.2400,76.2700,7797
375,76.2700,76.2700,76.2500,76.2500,6756
376,76.2500,76.3400,76.2500,76.3300,7300
377,76.3300,76.3500,76.3250,76.3300,4600
378,76.3300,76.3300,76.3050,76.3050,500
379,76.3000,76.3100,76.2800,76.2900,3438
380,76.2850,76.2900,76.2500,76.2900,7650
381,76.3000,76.3300,76.3000,76.3300,5376
382,76.3400,76.3400,76.2950,76.2950,3746
383,76.2900,76.2950,76.2750,76.2800,6186
384,76.2800,76.2850,76.2700,76.2800,6481
385,76.2800,76.2800,76.2400,76.2550,7533
386,76.2500,76.2700,76.2500,76.2700,7382
387,76.2600,76.2700,76.2500,76.2500,12846
388,76.2550,76.2600,76.2500,76.2500,9900
389,76.2500,76.2600,76.2400,76.2600,8908
390,76.2600,76.3200,76.2600,76.2700,14493
0,76.2600,76.2600,76.2600,76.2600,4002
1,76.4500,76.8600,76.4500,76.8500,6134
2,76.7573,76.8600,76.7538,76.7538,1425
3,76.8400,76.8500,76.8400,76.8500,300
4,76.8600,76.9000,76.8600,76.8800,1229
5,76.9400,76.9500,76.8800,76.8800,2291
6,76.8800,76.9000,76.8600,76.9000,1363
7,76.8452,76.8452,76.8452,76.8452,500
8,76.8550,76.8550,76.8550,76.8550,100
9,76.8500,76.8900,76.8500,76.8900,200
10,76.8300,76.8300,76.7600,76.7600,600
12,76.6800,76.6800,76.6600,76.6800,800
13,76.6500,76.6800,76.6000,76.6000,500
14,76.5920,76.5920,76.5920,76.5920,100
15,76.6700,76.7000,76.6600,76.6600,750
16,76.6228,76.6228,76.5450,76.5450,200
17,76.6000,76.6100,76.5400,76.5400,1125
18,76.5280,76.5280,76.5280,76.5280,379
19,76.5300,76.6600,76.5300,76.6600,1100
21,76.6490,76.6490,76.6490,76.6490,100
22,76.5500,76.5850,76.5200,76.5200,900
23,76.5416,76.5416,76.5100,76.5100,300
24,76.5700,76.5800,76.5700,76.5800,419
25,76.6300,76.6300,76.6100,76.6100,500
26,76.6000,76.6000,76.5500,76.5500,800
27,76.5799,76.6700,76.5799,76.6700,400
28,76.5900,76.5900,76.5300,76.5300,880
31,76.5300,76.5300,76.5000,76.5000,500
33,76.5300,76.5300,76.5300,76.5300,200
34,76.5288,76.5288,76.5288,76.5288,880
35,76.5800,76.6300,76.5800,76.6300,500
36,76.6300,76.6539,76.6000,76.6000,2000
37,76.5900,76.5900,76.5200,76.5330,900
38,76.4500,76.4500,76.4500,76.4500,100
39,76.5400,76.5500,76.5400,76.5400,400
40,76.5900,76.5900,76.5900,76.5900,100
41,76.5900,76.6050,76.5900,76.6050,900
42,76.5800,76.6200,76.5400,76.5500,800
43,76.5800,76.6300,76.5800,76.6300,900
45,76.6050,76.6050,76.6050,76.6050,100
47,76.5800,76.6000,76.5700,76.5900,1400
48,76.5800,76.5800,76.5800,76.5800,100
49,76.6100,76.6100,76.5800,76.6100,400
50,76.6095,76.6095,76.5900,76.5900,400
51,76.5700,76.5700,76.5700,76.5700,100
52,76.5900,76.5900,76.5800,76.5800,200
53,76.5800,76.5800,76.4800,76.4800,2000
54,76.5100,76.5100,76.5100,76.5100,347
55,76.5000,76.5000,76.5000,76.5000,100
57,76.5100,76.5484,76.5100,76.5484,400
58,76.5300,76.5400,76.5300,76.5400,200
59,76.6000,76.6450,76.6000,76.6000,500
61,76.6700,76.7200,76.6600,76.7200,6500
62,76.6800,76.7300,76.6800,76.7299,550
63,76.7100,76.7200,76.6800,76.7200,451
64,76.7200,76.7200,76.7200,76.7200,100
66,76.7000,76.7000,76.6400,76.6400,950
67,76.6491,76.6491,76.6491,76.6491,125
68,76.7000,76.7010,76.7000,76.7010,900
69,76.7200,76.7250,76.7100,76.7100,800
70,76.7400,76.7500,76.7100,76.7300,3205
72,76.7300,76.7800,76.7210,76.7550,5000
73,76.7301,76.8311,76.7301,76.8311,610
74,76.8001,76.8512,76.8001,76.8512,1322
75,76.8900,76.8900,76.8900,76.8900,300
76,76.8900,76.8900,76.8700,76.8900,1796
77,76.8600,76.8600,76.8600,76.8600,100
78,76.8800,76.8800,76.8600,76.8600,500
79,76.8700,76.8850,76.8300,76.8300,600
80,76.8800,76.8900,76.8300,76.8400,900
81,76.8631,76.8631,76.8631,76.8631,1000
82,76.8400,76.8400,76.7900,76.7900,1200
83,76.7900,76.7900,76.7900,76.7900,200
84,76.7850,76.7850,76.7850,76.7850,200
85,76.8100,76.8400,76.8100,76.8300,1205
86,76.8300,76.8300,76.8100,76.8200,500
87,76.8300,76.8300,76.8300,76.8300,400
88,76.8800,76.8800,76.8800,76.8800,100
89,76.8800,76.8800,76.8800,76.8800,100
90,76.8434,76.8794,76.8434,76.8794,290
91,76.8550,76.8800,76.8550,76.8800,800
93,76.9000,76.9000,76.8900,76.8900,327
94,76.9000,76.9400,76.9000,76.9400,1200
95,76.9400,76.9600,76.9400,76.9600,1521
96,76.9600,76.9900,76.9500,76.9900,4493
97,76.9800,77.0300,76.9800,77.0300,3570
98,77.0000,77.0226,77.0000,77.0226,1562
99,77.0225,77.0500,77.0200,77.0500,6406
100,77.0500,77.0700,77.0500,77.0700,559
101,77.0700,77.0800,77.0700,77.0800,300
102,77.0700,77.0900,77.0700,77.0900,800
103,77.0800,77.0800,77.0400,77.0400,1600
104,77.0400,77.0400,77.0000,77.0400,2608
105,77.0000,77.0000,76.9900,76.9900,300
106,76.9700,77.0000,76.9600,76.9800,800
107,77.0100,77.0300,77.0100,77.0294,585
108,77.0100,77.0100,77.0100,77.0100,100
109,76.9900,77.0100,76.9900,76.9900,900
110,77.0400,77.0600,77.0400,77.0600,200
111,77.0300,77.0300,77.0300,77.0300,100
113,76.9800,77.0000,76.9800,77.0000,300
114,76.9900,77.0200,76.9500,77.0200,1048
115,77.0200,77.0300,77.0200,77.0300,200
116,76.9900,77.0000,76.9500,76.9800,1400
117,76.9650,76.9650,76.9500,76.9600,500
119,77.0600,77.0600,77.0600,77.0600,393
120,77.0200,77.0200,77.0200,77.0200,100
121,77.0200,77.0700,76.9700,77.0100,3351
122,77.0228,77.0400,77.0000,77.0200,7536
123,77.0100,77.0100,76.9600,76.9600,6299
125,76.9400,76.9900,76.9200,76.9700,2300
126,76.9700,76.9700,76.9350,76.9350,729
127,76.9200,76.9300,76.8950,76.9000,1200
128,76.9000,76.9000,76.9000,76.9000,100
129,76.9000,76.9300,76.9000,76.9200,400
130,76.9100,76.9100,76.8200,76.8300,2000
132,76.8200,76.9000,76.8200,76.8932,1372
133,76.9000,76.9400,76.9000,76.9400,300
134,76.9700,76.9700,76.9700,76.9700,100
135,76.9900,77.0000,76.9900,77.0000,411
136,77.0200,77.0200,77.0200,77.0200,100
137,77.0200,77.0600,77.0200,77.0600,2331
138,77.0400,77.0600,77.0400,77.0600,300
140,77.1000,77.1000,77.0500,77.0600,4246
141,77.0600,77.1000,77.0600,77.1000,607
142,77.1000,77.1000,77.1000,77.1000,100
143,77.1100,77.1900,77.0900,77.1700,5800
144,77.1750,77.2000,77.1700,77.2000,2630
145,77.2200,77.2500,77.2200,77.2500,2962
146,77.2450,77.2700,77.2300,77.2700,1900
147,77.2650,77.3800,77.2650,77.3800,10344
148,77.3700,77.3700,77.3600,77.3600,300
149,77.3700,77.3700,77.3100,77.3200,1800
150,77.3100,77.3100,77.2500,77.2500,600
151,77.1900,77.2000,77.1000,77.1100,1400
152,77.0700,77.0700,77.0400,77.0600,1200
153,77.0800,77.0800,77.0100,77.0100,1300
154,77.0700,77.1300,77.0700,77.1300,300
156,77.1020,77.1020,77.1020,77.1020,175
157,77.1300,77.1300,77.0900,77.1200,900
159,77.0800,77.0800,77.0600,77.0600,200
161,77.0300,77.0300,77.0300,77.0300,100
162,77.0300,77.0600,77.0150,77.0600,1200
163,77.0200,77.0200,77.0200,77.0200,100
164,77.0300,77.0400,77.0300,77.0400,600
165,77.0390,77.0400,77.0300,77.0400,800
166,77.0300,77.0649,77.0300,77.0649,1709
167,77.0800,77.1400,77.0800,77.1200,900
168,77.1300,77.1400,77.1264,77.1264,960
169,77.1000,77.1600,77.1000,77.1600,1450
170,77.1400,77.1400,77.0800,77.0800,600
172,77.1100,77.1200,77.0900,77.1200,1300
173,77.1200,77.1200,77.1200,77.1200,200
174,77.1000,77.1000,77.0400,77.0700,750
175,77.0200,77.0200,77.0000,77.0200,840
176,77.0200,77.0200,76.9700,76.9700,900
177,76.9400,76.9400,76.9200,76.9299,900
178,76.9100,76.9500,76.9100,76.9500,1000
179,76.9600,76.9700,76.9600,76.9700,200
180,76.9700,76.9700,76.9700,76.9700,300
181,76.9500,76.9500,76.9500,76.9500,100
182,77.0000,77.0100,77.0000,77.0100,400
183,77.0200,77.0200,77.0000,77.0000,1100
184,76.9800,76.9800,76.9500,76.9500,500
185,76.9200,76.9400,76.9100,76.9400,700
186,76.9000,76.9000,76.8900,76.8900,500
187,76.9187,76.9200,76.9100,76.9100,1300
188,76.8800,76.8800,76.8500,76.8700,1305
191,76.8600,76.8800,76.8600,76.8783,450
192,76.8600,76.8600,76.8600,76.8600,200
194,76.8600,76.8600,76.8100,76.8100,700
196,76.7900,76.8300,76.7900,76.8200,1943
197,76.8300,76.8600,76.8300,76.8600,500
198,76.8800,76.8800,76.8800,76.8800,200
199,76.8700,76.9000,76.8600,76.8600,606
200,76.8600,76.8900,76.8500,76.8900,1100
201,76.8800,76.9200,76.8800,76.9200,400
203,76.8800,76.8800,76.8800,76.8800,200
204,76.8900,76.8900,76.8800,76.8800,400
205,76.9200,76.9700,76.9100,76.9700,755
206,76.9300,76.9300,76.9300,76.9300,100
207,76.9300,76.9300,76.9300,76.9300,100
208,76.9300,76.9400,76.9200,76.9350,1100
209,76.9400,76.9600,76.9300,76.9600,400
210,76.9300,76.9300,76.9200,76.9200,1300
211,76.9168,76.9168,76.9168,76.9168,450
212,76.9500,76.9600,76.9500,76.9500,601
214,76.9400,76.9700,76.9400,76.9600,500
215,76.9300,76.9400,76.9300,76.9400,200
216,76.9400,76.9400,76.9100,76.9100,500
219,76.9300,76.9300,76.9300,76.9300,200
220,76.9300,76.9400,76.9000,76.9000,1017
222,76.8700,76.8700,76.8600,76.8600,400
223,76.8890,76.8890,76.8400,76.8452,1350
224,76.8500,76.8500,76.8330,76.8330,700
225,76.8600,76.8600,76.8300,76.8600,500
226,76.8500,76.8700,76.8400,76.8600,1196
227,76.8400,76.8400,76.8400,76.8400,200
228,76.8200,76.8200,76.7200,76.7800,6542
229,76.7928,76.7928,76.7800,76.7800,250
230,76.7900,76.7900,76.7700,76.7874,1300
231,76.7900,76.7900,76.7900,76.7900,100
233,76.8200,76.8200,76.8200,76.8200,100
234,76.7800,76.7800,76.7500,76.7600,900
236,76.7900,76.7900,76.7800,76.7800,1300
238,76.8100,76.8300,76.8100,76.8300,400
240,76.8400,76.8600,76.8400,76.8500,1100
241,76.8500,76.8500,76.8200,76.8300,700
242,76.8175,76.8300,76.8100,76.8100,750
244,76.8300,76.8400,76.8200,76.8400,400
245,76.8500,76.8500,76.8100,76.8500,600
246,76.8600,76.8600,76.8100,76.8200,1080
247,76.8200,76.8500,76.7800,76.8500,700
248,76.8200,76.8400,76.8000,76.8200,800
249,76.8100,76.8100,76.7900,76.7900,890
250,76.8000,76.8000,76.7200,76.7200,1000
251,76.6900,76.6900,76.6900,76.6900,100
253,76.6500,76.7100,76.6500,76.7100,300
254,76.6800,76.6900,76.6600,76.6600,551
256,76.6500,76.6500,76.6500,76.6500,100
257,76.6700,76.6700,76.6500,76.6500,1500
258,76.6410,76.6410,76.6410,76.6410,225
259,76.6400,76.6700,76.6100,76.6500,3100
260,76.6400,76.6400,76.6000,76.6200,400
261,76.6000,76.6000,76.5897,76.5897,432
262,76.6000,76.6000,76.6000,76.6000,100
263,76.6400,76.6500,76.6100,76.6100,800
264,76.6300,76.6300,76.5900,76.5900,1200
265,76.5800,76.5899,76.5500,76.5899,526
266,76.5900,76.6000,76.5900,76.6000,600
267,76.5700,76.6000,76.5300,76.5300,850
268,76.5200,76.5200,76.5000,76.5000,500
269,76.5200,76.5400,76.5100,76.5200,1950
270,76.4700,76.4700,76.4700,76.4700,100
271,76.5300,76.5400,76.5100,76.5300,800
272,76.5100,76.5200,76.5000,76.5000,300
273,76.4800,76.5200,76.4800,76.5200,200
274,76.5055,76.5055,76.4950,76.4950,306
275,76.5100,76.5100,76.5100,76.5100,100
276,76.5200,76.5200,76.5200,76.5200,100
278,76.5000,76.5200,76.5000,76.5200,700
279,76.4900,76.5000,76.4900,76.5000,1000
280,76.5100,76.5200,76.5000,76.5000,1105
281,76.5000,76.5200,76.5000,76.5200,300
282,76.5200,76.5300,76.4800,76.4800,2220
283,76.4900,76.5100,76.4900,76.5100,851
284,76.4900,76.4900,76.4600,76.4800,1749
285,76.5000,76.5700,76.5000,76.5700,1300
286,76.5600,76.5800,76.5600,76.5800,500
287,76.5600,76.5600,76.5300,76.5300,1100
288,76.5700,76.5700,76.5700,76.5700,400
289,76.5650,76.5800,76.5500,76.5800,300
290,76.5700,76.5700,76.5697,76.5697,217
291,76.5400,76.6000,76.5400,76.5900,1200
292,76.5400,76.5900,76.5400,76.5900,200
293,76.6000,76.6100,76.5800,76.5800,2421
294,76.5931,76.5931,76.5931,76.5931,115
295,76.5980,76.5980,76.5400,76.5400,819
296,76.5500,76.5600,76.5100,76.5600,700
297,76.5300,76.5300,76.5200,76.5200,200
298,76.5154,76.5154,76.4800,76.4886,800
299,76.4800,76.4900,76.4400,76.4400,1705
300,76.4300,76.4300,76.4300,76.4300,100
301,76.4100,76.4100,76.4100,76.4100,100
302,76.4100,76.4200,76.4100,76.4200,300
303,76.4400,76.4400,76.4400,76.4400,700
304,76.4300,76.4300,76.3801,76.3900,3797
305,76.4100,76.4100,76.3800,76.3800,650
306,76.3500,76.3500,76.3300,76.3500,738
307,76.3799,76.3799,76.3400,76.3400,454
308,76.3600,76.3600,76.2800,76.2800,600
309,76.2700,76.2700,76.2450,76.2700,1502
310,76.2600,76.2600,76.2600,76.2600,493
311,76.2300,76.2600,76.2100,76.2600,2405
312,76.2400,76.2800,76.2300,76.2600,4300
313,76.2400,76.2800,76.2400,76.2800,2100
314,76.2900,76.2900,76.2500,76.2500,909
315,76.2300,76.2500,76.2200,76.2300,2090
316,76.2250,76.2400,76.1700,76.2100,5757
317,76.1800,76.2900,76.1600,76.2800,5938
318,76.2600,76.2900,76.2500,76.2800,1400
319,76.2800,76.3100,76.2500,76.3100,3004
320,76.3200,76.3200,76.2200,76.2300,4214
321,76.2350,76.2600,76.1700,76.1700,9252
322,76.2000,76.2000,76.1200,76.1200,6537
323,76.1100,76.1500,76.0900,76.0900,1100
324,76.0900,76.1100,76.0600,76.1100,4400
325,76.1400,76.2600,76.1400,76.2600,3508
326,76.2250,76.2300,76.2150,76.2300,1200
327,76.2500,76.2900,76.2500,76.2800,1799
328,76.2900,76.2900,76.2900,76.2900,200
329,76.2850,76.2850,76.2500,76.2500,4100
330,76.2900,76.2900,76.2600,76.2600,400
331,76.2800,76.3030,76.2700,76.2980,2112
332,76.2950,76.4300,76.2950,76.4300,3857
333,76.4300,76.4300,76.4000,76.4000,1100
334,76.4200,76.4800,76.4200,76.4400,3173
335,76.4300,76.4300,76.4000,76.4100,1700
336,76.4300,76.4300,76.3900,76.3900,1600
337,76.3800,76.3800,76.2750,76.2900,2400
338,76.2800,76.2900,76.2600,76.2600,800
339,76.2600,76.3100,76.2600,76.3100,2400
340,76.3400,76.3700,76.3300,76.3700,1210
341,76.3700,76.4000,76.3700,76.3900,2281
342,76.4200,76.4200,76.3900,76.3900,800
343,76.3900,76.4050,76.3700,76.3700,2600
344,76.3500,76.3500,76.2900,76.3100,2500
345,76.3300,76.3300,76.3000,76.3100,600
346,76.3100,76.3400,76.2900,76.3400,2500
347,76.3400,76.3800,76.3350,76.3500,1858
348,76.3300,76.3300,76.2700,76.2700,2100
349,76.2700,76.3100,76.2600,76.3100,1682
350,76.3400,76.4100,76.3100,76.4100,2711
351,76.4100,76.4100,76.3900,76.3900,1100
352,76.3800,76.4400,76.3800,76.4400,2100
354,76.4400,76.4400,76.4200,76.4300,2073
355,76.4400,76.4400,76.4100,76.4300,3316
356,76.4400,76.4400,76.3950,76.4100,1301
357,76.3950,76.3950,76.3700,76.3700,2452
358,76.3700,76.3700,76.3550,76.3700,2370
359,76.3700,76.3800,76.3600,76.3750,2600
360,76.3750,76.4600,76.3750,76.4600,3278
361,76.4400,76.4400,76.3500,76.3500,3400
362,76.3700,76.3700,76.3500,76.3500,2813
363,76.3400,76.3400,76.3100,76.3100,2804
364,76.3100,76.3300,76.2550,76.2600,3577
365,76.2700,76.3000,76.2600,76.2800,2100
366,76.2800,76.2800,76.2400,76.2500,5014
367,76.2600,76.2800,76.2600,76.2800,946
368,76.2850,76.2900,76.2600,76.2900,4062
369,76.3200,76.3500,76.3200,76.3500,1300
370,76.3800,76.3800,76.3200,76.3500,4243
371,76.3400,76.3600,76.3300,76.3300,2188
372,76.3400,76.3800,76.3400,76.3800,3900
373,76.3700,76.4000,76.3670,76.3800,1903
374,76.4100,76.4100,76.3800,76.4000,2400
375,76.3900,76.4300,76.3700,76.4300,4864
376,76.4600,76.5000,76.4600,76.5000,1907
377,76.5100,76.5200,76.5100,76.5200,1300
378,76.5300,76.5300,76.5100,76.5200,400
379,76.5200,76.5200,76.4900,76.4900,1100
380,76.5100,76.5400,76.5100,76.5300,1906
381,76.5300,76.6400,76.5300,76.6300,1750
382,76.6300,76.6400,76.6100,76.6200,1500
383,76.6300,76.6700,76.6300,76.6700,1186
384,76.6600,76.6600,76.6000,76.6300,1250
385,76.6300,76.6500,76.6000,76.6500,1748
386,76.6500,76.6700,76.6100,76.6100,2718
387,76.6000,76.6300,76.5900,76.6200,1999
388,76.6200,76.6400,76.6100,76.6400,2913
389,76.6500,76.6500,76.6200,76.6200,2762
390,76.6300,76.6300,76.6100,76.6100,13514