MUR,Murphy Oil,Energy,3,Integrated Oil & Gas,4340871272,2956913
a1499617800,24.1600,24.1600,24.1600,24.1600,16103
1,24.1500,24.2400,24.1400,24.2400,400
2,24.2100,24.3400,24.2000,24.3400,3835
3,24.3950,24.4000,24.3600,24.4000,1300
4,24.3800,24.3800,24.3500,24.3700,500
5,24.3900,24.4400,24.3900,24.4300,2401
6,24.4300,24.4300,24.3400,24.3500,2200
7,24.3500,24.3600,24.3500,24.3600,300
8,24.3300,24.3400,24.2900,24.3100,2200
9,24.3300,24.3800,24.3232,24.3800,3210
10,24.3600,24.3600,24.3400,24.3400,1542
11,24.3300,24.3300,24.2800,24.2800,2200
12,24.2700,24.2900,24.2700,24.2800,2218
13,24.2900,24.2900,24.1900,24.2100,5245
14,24.2250,24.2700,24.2250,24.2700,650
15,24.2500,24.2500,24.1800,24.2300,1285
16,24.2500,24.2500,24.2200,24.2200,1300
17,24.2000,24.2100,24.1380,24.1380,1836
18,24.1100,24.1500,24.1100,24.1500,2278
19,24.1500,24.2000,24.1500,24.2000,1117
20,24.2100,24.2100,24.2000,24.2000,2157
21,24.1900,24.1900,24.1700,24.1700,1379
22,24.1800,24.2000,24.1600,24.1600,1792
23,24.1500,24.1900,24.1500,24.1900,1700
24,24.1999,24.2500,24.1867,24.2500,11229
25,24.2500,24.2600,24.2500,24.2500,1636
26,24.2700,24.2700,24.2600,24.2600,1100
27,24.2700,24.2700,24.2000,24.2100,3600
28,24.2003,24.2003,24.1500,24.1600,4200
29,24.1800,24.1900,24.1800,24.1900,400
30,24.2066,24.2066,24.2066,24.2066,326
31,24.1800,24.1800,24.1600,24.1800,3594
32,24.1700,24.1700,24.1400,24.1442,1562
33,24.1500,24.1800,24.1500,24.1500,1965
34,24.1600,24.2000,24.1600,24.1900,4028
35,24.1800,24.1800,24.1700,24.1700,800
36,24.1900,24.2100,24.1900,24.2100,1302
37,24.2100,24.2100,24.1800,24.2000,3300
38,24.2035,24.2100,24.1700,24.1800,1723
39,24.1800,24.2000,24.1700,24.1800,1300
40,24.2100,24.2100,24.2100,24.2100,200
41,24.2200,24.2400,24.2200,24.2400,1500
42,24.2600,24.2600,24.2400,24.2500,1200
43,24.2400,24.2600,24.2300,24.2600,2243
44,24.2500,24.2700,24.2400,24.2600,2600
45,24.2600,24.2700,24.2200,24.2300,3967
46,24.2300,24.2600,24.2200,24.2499,4230
47,24.2500,24.2700,24.2500,24.2500,2820
48,24.2500,24.2600,24.2200,24.2200,3975
50,24.2500,24.2650,24.2450,24.2600,4000
51,24.2600,24.2800,24.2600,24.2800,2005
52,24.2700,24.2800,24.2600,24.2700,2214
53,24.2800,24.2900,24.2600,24.2600,3536
54,24.2600,24.2800,24.2600,24.2800,900
55,24.2800,24.2800,24.2700,24.2700,2476
56,24.2800,24.2800,24.2800,24.2800,700
57,24.2800,24.2800,24.2400,24.2700,4998
58,24.2600,24.2700,24.2600,24.2700,1090
59,24.2600,24.2700,24.2500,24.2500,1400
60,24.2700,24.3000,24.2700,24.2843,3700
61,24.2900,24.3300,24.2900,24.3100,5200
62,24.3100,24.3250,24.2900,24.2900,2500
63,24.2800,24.3100,24.2800,24.2800,1535
64,24.2700,24.2900,24.2650,24.2900,1700
65,24.2900,24.3000,24.2850,24.2850,3150
66,24.2900,24.2901,24.2800,24.2900,3136
67,24.2950,24.3100,24.2950,24.3000,3016
68,24.2900,24.2900,24.2800,24.2850,689
69,24.2700,24.2700,24.2400,24.2400,3700
70,24.2300,24.2400,24.2100,24.2200,10627
71,24.2100,24.2200,24.1800,24.1800,5297
72,24.1860,24.1950,24.1600,24.1800,6650
73,24.2000,24.2000,24.2000,24.2000,200
74,24.2100,24.2100,24.1800,24.1800,1750
75,24.1700,24.1900,24.1700,24.1900,1336
76,24.2000,24.2400,24.2000,24.2400,1323
77,24.2500,24.2500,24.2300,24.2400,1800
78,24.2500,24.2700,24.2400,24.2600,5367
79,24.2600,24.2600,24.2200,24.2300,3890
80,24.2300,24.2600,24.2000,24.2600,5053
81,24.2500,24.3000,24.2400,24.2900,6620
82,24.3100,24.3600,24.3100,24.3600,3126
83,24.3600,24.3600,24.3500,24.3500,2062
84,24.3501,24.3652,24.3501,24.3600,1153
85,24.3500,24.3600,24.3500,24.3600,1300
86,24.3600,24.3700,24.3599,24.3700,1181
87,24.3800,24.4400,24.3800,24.4400,8500
88,24.4500,24.4550,24.4100,24.4100,4270
89,24.3900,24.4100,24.3900,24.4100,800
90,24.4100,24.4400,24.4100,24.4400,1200
91,24.4500,24.4800,24.4500,24.4700,5375
92,24.4700,24.5200,24.4700,24.5200,5917
93,24.5100,24.5500,24.5100,24.5300,2250
94,24.5400,24.5400,24.5101,24.5298,3100
95,24.5300,24.5500,24.5300,24.5500,3016
96,24.5600,24.5700,24.5300,24.5600,4949
97,24.5800,24.5800,24.5700,24.5700,781
98,24.5800,24.5972,24.5800,24.5900,2114
99,24.5900,24.6400,24.5900,24.6400,2601
100,24.6500,24.6500,24.5900,24.5900,5274
101,24.5800,24.5800,24.5700,24.5800,2872
102,24.6000,24.6300,24.5950,24.5950,9031
103,24.5900,24.6200,24.5900,24.6200,4131
104,24.6100,24.6200,24.6100,24.6100,4410
105,24.6000,24.6000,24.5400,24.5600,16018
106,24.5800,24.6400,24.5800,24.6400,8323
107,24.6400,24.6700,24.6400,24.6700,23507
108,24.6700,24.6827,24.6500,24.6600,7124
109,24.6500,24.6500,24.6100,24.6500,5939
110,24.6499,24.7100,24.6470,24.7100,7218
111,24.7300,24.7300,24.7000,24.7000,3794
112,24.7000,24.7200,24.7000,24.7150,1697
113,24.7300,24.7300,24.6900,24.7200,2981
114,24.7300,24.7300,24.7000,24.7200,3002
115,24.7300,24.7800,24.7300,24.7500,3450
116,24.7500,24.7500,24.7200,24.7300,5389
117,24.7300,24.7700,24.7200,24.7700,16545
118,24.7800,24.8000,24.7500,24.7500,10910
119,24.7501,24.7700,24.7400,24.7700,2900
120,24.7600,24.7600,24.7370,24.7600,2406
121,24.7650,24.7800,24.7300,24.7400,4257
122,24.7500,24.7600,24.7500,24.7500,800
123,24.7500,24.7600,24.7300,24.7300,3950
124,24.7400,24.7500,24.7200,24.7500,5600
125,24.7600,24.7600,24.7400,24.7400,2700
126,24.7400,24.7600,24.7400,24.7500,2000
127,24.7400,24.7600,24.7300,24.7600,6381
128,24.7600,24.7800,24.7600,24.7800,5396
129,24.7800,24.7900,24.7500,24.7500,2814
130,24.7400,24.7600,24.7400,24.7600,1200
131,24.7600,24.7600,24.7400,24.7400,2013
132,24.7400,24.7600,24.7400,24.7500,2113
133,24.7600,24.7800,24.7600,24.7700,1200
134,24.7600,24.7700,24.7500,24.7700,2200
135,24.7700,24.7793,24.7400,24.7500,2652
136,24.7600,24.7900,24.7600,24.7800,4046
137,24.7800,24.7800,24.7700,24.7795,3500
138,24.7900,24.8500,24.7900,24.8442,20891
139,24.8400,24.8500,24.8400,24.8400,700
140,24.8300,24.8600,24.8300,24.8600,6440
141,24.8700,24.9200,24.8700,24.9200,5313
142,24.9100,24.9100,24.8700,24.9000,3630
143,24.9000,24.9300,24.8900,24.8900,2641
144,24.9100,24.9300,24.9100,24.9100,2700
145,24.9200,24.9200,24.8600,24.8800,9643
146,24.8900,24.9100,24.8900,24.9000,2300
147,24.9200,24.9201,24.9000,24.9000,3010
148,24.9100,24.9200,24.8910,24.9050,2756
149,24.9100,24.9200,24.9001,24.9150,1300
150,24.9100,24.9300,24.9050,24.9300,6612
151,24.9300,24.9500,24.9100,24.9500,9883
152,24.9500,24.9700,24.9500,24.9600,1600
153,24.9700,24.9700,24.9500,24.9500,3456
154,24.9700,24.9800,24.9500,24.9500,3716
155,24.9600,24.9900,24.9500,24.9900,11777
156,24.9900,25.0000,24.9800,25.0000,2438
157,25.0100,25.0100,24.9800,24.9800,8023
158,24.9700,24.9900,24.9700,24.9800,3050
159,24.9800,24.9800,24.9795,24.9800,1800
160,24.9800,25.0100,24.9800,24.9900,11423
161,24.9800,24.9800,24.9700,24.9800,3102
162,24.9800,24.9800,24.9600,24.9600,7500
163,24.9500,24.9700,24.9500,24.9600,5300
164,24.9700,25.0000,24.9700,24.9750,7330
165,24.9700,24.9950,24.9699,24.9900,2659
166,24.9847,24.9900,24.9800,24.9800,3146
167,24.9800,25.0300,24.9800,25.0293,7489
168,25.0200,25.0300,25.0200,25.0300,2510
169,25.0300,25.0400,25.0200,25.0400,4136
170,25.0500,25.0500,25.0300,25.0300,2135
171,25.0200,25.0200,25.0000,25.0150,2725
172,25.0100,25.0400,25.0000,25.0400,5800
173,25.0400,25.0400,25.0200,25.0200,2300
174,25.0100,25.0250,25.0000,25.0100,3950
175,25.0100,25.0200,24.9702,24.9900,8704
176,24.9900,25.0100,24.9700,24.9700,3184
177,24.9500,24.9700,24.9500,24.9500,2500
178,24.9400,24.9400,24.9200,24.9300,2550
179,24.9300,24.9300,24.9000,24.9000,2768
180,24.9000,24.9300,24.9000,24.9200,3750
181,24.9100,24.9100,24.8800,24.8900,12109
182,24.8900,24.9100,24.8900,24.9100,1900
183,24.9200,24.9400,24.9200,24.9400,4223
184,24.9400,24.9400,24.9300,24.9300,2618
185,24.9200,24.9300,24.9200,24.9300,3511
186,24.9200,24.9200,24.8900,24.9000,3100
187,24.9090,24.9550,24.9090,24.9500,5026
188,24.9400,24.9700,24.9400,24.9600,3900
189,24.9900,25.0199,24.9900,25.0158,12900
190,25.0100,25.0400,25.0000,25.0200,3400
191,25.0300,25.0300,25.0200,25.0200,1200
192,25.0300,25.0450,25.0200,25.0200,3400
193,25.0200,25.0300,25.0001,25.0250,967
194,25.0300,25.0600,25.0300,25.0600,2235
195,25.0600,25.0600,25.0400,25.0400,1600
196,25.0400,25.1000,25.0400,25.1000,5267
197,25.1100,25.1200,25.1000,25.1200,1800
198,25.1200,25.1200,25.0900,25.1000,1600
199,25.1100,25.1500,25.1100,25.1300,5500
200,25.1400,25.1400,25.0700,25.0900,5055
201,25.1100,25.1231,25.1100,25.1170,1417
202,25.1300,25.1500,25.1300,25.1500,3056
203,25.1400,25.1593,25.1400,25.1500,2514
204,25.1500,25.1800,25.1410,25.1600,2800
205,25.1600,25.1600,25.1300,25.1400,5639
206,25.1300,25.1300,25.1200,25.1200,505
207,25.1300,25.1300,25.1300,25.1300,100
208,25.1200,25.1200,25.0400,25.0600,17661
209,25.0600,25.0650,25.0100,25.0100,3600
210,25.0300,25.1100,25.0300,25.1000,3941
211,25.1000,25.1100,25.0500,25.0600,3269
212,25.0800,25.1000,25.0800,25.0800,1425
213,25.0700,25.0900,25.0600,25.0900,6799
214,25.1000,25.1000,25.0800,25.0800,300
215,25.0600,25.0600,25.0600,25.0600,100
216,25.0500,25.0700,25.0400,25.0700,2700
217,25.0593,25.0600,25.0500,25.0600,1935
218,25.0650,25.0900,25.0601,25.0900,7490
219,25.0900,25.1100,25.0900,25.1000,4049
220,25.0900,25.1000,25.0900,25.1000,900
221,25.1100,25.1300,25.1100,25.1300,1300
222,25.1500,25.1900,25.1500,25.1846,7180
223,25.1800,25.1900,25.1700,25.1800,3666
224,25.1800,25.1800,25.1400,25.1700,2459
225,25.1693,25.2000,25.1600,25.1800,3394
226,25.1800,25.1800,25.1600,25.1700,400
227,25.1600,25.1700,25.1500,25.1642,5200
228,25.1600,25.1600,25.1200,25.1600,5728
229,25.1600,25.1700,25.1400,25.1400,4300
230,25.1300,25.1400,25.1000,25.1000,5488
231,25.1100,25.1100,25.1100,25.1100,200
232,25.0900,25.0900,25.0600,25.0700,4012
233,25.0700,25.0800,25.0500,25.0700,5720
234,25.0700,25.0700,25.0500,25.0500,2778
235,25.0500,25.0500,25.0300,25.0300,646
236,25.0200,25.0200,25.0100,25.0200,1761
237,25.0200,25.0400,25.0200,25.0400,1864
238,25.0300,25.0500,25.0200,25.0500,3185
239,25.0600,25.0647,25.0400,25.0593,1700
240,25.0500,25.0550,25.0400,25.0400,1845
241,25.0300,25.0300,25.0100,25.0200,2714
242,25.0200,25.0273,25.0200,25.0261,1224
243,25.0200,25.0266,25.0100,25.0200,3404
244,25.0100,25.0200,25.0000,25.0000,1375
245,25.0100,25.0400,25.0100,25.0400,2000
246,25.0400,25.0400,25.0300,25.0400,2300
247,25.0500,25.0700,25.0500,25.0700,1700
248,25.0700,25.0700,25.0300,25.0600,7014
249,25.0500,25.0800,25.0400,25.0700,3277
250,25.0600,25.0700,25.0500,25.0600,2988
251,25.0600,25.0600,25.0100,25.0200,4367
252,25.0100,25.0100,24.9850,24.9850,1000
253,24.9971,25.0200,24.9900,25.0050,4750
254,25.0100,25.0200,24.9900,24.9900,1900
255,24.9800,24.9900,24.9700,24.9900,4500
256,24.9900,25.0000,24.9800,24.9800,1600
257,24.9800,24.9850,24.9600,24.9600,1800
258,24.9600,25.0000,24.9600,25.0000,1545
259,25.0000,25.0300,25.0000,25.0140,6963
260,25.0100,25.0400,24.9900,25.0100,4802
261,25.0100,25.0300,24.9950,24.9950,2587
262,25.0000,25.0200,25.0000,25.0200,1550
263,25.0100,25.0100,25.0100,25.0100,1266
264,25.0300,25.0500,25.0300,25.0500,1200
265,25.0500,25.1000,25.0300,25.1000,5003
266,25.1000,25.1000,25.0800,25.0900,3501
267,25.0900,25.0900,25.0700,25.0700,1515
268,25.0600,25.0600,25.0200,25.0400,2900
269,25.0500,25.0900,25.0500,25.0900,1500
270,25.1000,25.1100,25.0900,25.0948,1725
271,25.1000,25.1100,25.0900,25.1000,2050
272,25.0900,25.0900,25.0500,25.0500,6098
273,25.0600,25.0600,25.0100,25.0100,3303
274,25.0200,25.0300,25.0200,25.0300,1300
275,25.0100,25.0100,24.9900,24.9900,4922
276,25.0000,25.0100,25.0000,25.0100,1450
277,25.0000,25.0100,24.9950,25.0100,2504
278,25.0100,25.0400,25.0100,25.0400,1500
279,25.0450,25.0450,25.0150,25.0200,6010
280,25.0300,25.0500,25.0300,25.0500,1552
281,25.0400,25.0600,25.0400,25.0500,4579
282,25.0400,25.0500,25.0350,25.0500,2681
283,25.0600,25.0800,25.0600,25.0800,1900
284,25.0800,25.1100,25.0800,25.1100,3693
285,25.1100,25.1250,25.1090,25.1200,4420
286,25.1200,25.1500,25.1200,25.1500,2641
287,25.1500,25.1800,25.1450,25.1800,1824
288,25.1700,25.1750,25.1500,25.1500,3893
289,25.1400,25.1400,25.1000,25.1000,5700
290,25.0900,25.1100,25.0900,25.1000,3900
291,25.1000,25.1000,25.0800,25.1000,1765
292,25.0800,25.0900,25.0700,25.0800,3500
293,25.0900,25.1000,25.0700,25.1000,3550
294,25.1100,25.1500,25.1100,25.1500,4844
295,25.1400,25.1400,25.1100,25.1100,4566
296,25.1100,25.1100,25.0900,25.1000,1800
297,25.1100,25.1100,25.0950,25.1100,3314
298,25.1100,25.1200,25.0800,25.0900,4914
299,25.0900,25.1200,25.0900,25.1200,3908
300,25.1300,25.1400,25.1200,25.1300,3067
301,25.1400,25.1600,25.1400,25.1600,3928
302,25.1800,25.1800,25.1600,25.1700,3274
303,25.1700,25.1700,25.1650,25.1700,1904
304,25.1700,25.1700,25.1300,25.1400,4650
305,25.1400,25.1400,25.1000,25.1200,5120
306,25.1200,25.2000,25.1150,25.1950,5790
307,25.1900,25.2000,25.1700,25.2000,4041
308,25.2000,25.2000,25.1700,25.1700,1599
309,25.1800,25.1800,25.1400,25.1400,2521
310,25.1300,25.1350,25.1000,25.1300,4329
311,25.1300,25.1600,25.1240,25.1400,5311
312,25.1500,25.1600,25.1450,25.1500,1300
313,25.1400,25.1800,25.1400,25.1800,2522
314,25.1800,25.1900,25.1675,25.1800,8993
315,25.1800,25.1834,25.1600,25.1834,4950
316,25.1850,25.1950,25.1700,25.1950,3850
317,25.1900,25.2700,25.1900,25.2650,18292
318,25.2600,25.2700,25.2400,25.2600,9332
319,25.2600,25.3700,25.2600,25.3200,11731
320,25.3300,25.3500,25.3000,25.3300,6850
321,25.3500,25.3500,25.2500,25.2600,7584
322,25.2400,25.2450,25.1800,25.1900,6813
323,25.2000,25.2000,25.1500,25.1500,4001
324,25.1400,25.1800,25.1300,25.1600,4510
325,25.1800,25.1900,25.1500,25.1900,2000
326,25.1600,25.1700,25.0900,25.0900,4564
327,25.0900,25.0900,25.0500,25.0727,5906
328,25.0700,25.0900,25.0600,25.0600,3300
329,25.0600,25.0700,25.0100,25.0100,5390
330,25.0000,25.0700,24.9900,25.0475,9172
331,25.0600,25.0800,25.0600,25.0800,2450
332,25.0900,25.1000,25.0600,25.0900,6068
333,25.0800,25.0800,25.0200,25.0200,7158
334,25.0200,25.0200,24.9600,24.9600,6370
335,24.9600,24.9800,24.9500,24.9600,8478
336,24.9650,25.0200,24.9650,25.0200,7678
337,25.0200,25.0200,24.9700,25.0200,4442
338,25.0200,25.0200,24.9800,24.9900,3040
339,24.9980,25.0100,24.9900,25.0100,2218
340,25.0100,25.0500,25.0000,25.0000,5996
341,25.0000,25.0100,25.0000,25.0059,3722
342,25.0100,25.0400,25.0100,25.0300,7917
343,25.0250,25.0400,25.0000,25.0150,7312
344,25.0100,25.0200,25.0050,25.0100,5100
345,25.0200,25.0450,25.0200,25.0450,1954
346,25.0500,25.0750,25.0350,25.0350,9796
347,25.0400,25.0465,24.9850,24.9850,6426
348,24.9800,24.9900,24.9550,24.9600,6899
349,24.9650,25.0400,24.9650,25.0400,4178
350,25.0300,25.0900,25.0300,25.0900,6961
351,25.1000,25.1050,25.0800,25.1000,4888
352,25.1100,25.1800,25.1100,25.1400,9013
353,25.1400,25.2450,25.1400,25.2450,6000
354,25.2300,25.2300,25.1950,25.2000,6060
355,25.2100,25.2300,25.2000,25.2300,3480
356,25.2200,25.2390,25.2200,25.2300,3221
357,25.2300,25.2900,25.2300,25.2600,5258
358,25.2500,25.2600,25.2450,25.2600,4100
359,25.2600,25.2700,25.2600,25.2700,1742
360,25.2650,25.2700,25.2300,25.2700,6435
361,25.2700,25.2700,25.2200,25.2300,9392
362,25.2300,25.2300,25.2100,25.2200,7099
363,25.2200,25.2800,25.2200,25.2200,12558
364,25.2300,25.2500,25.2200,25.2500,6857
365,25.2500,25.2700,25.2400,25.2500,6866
366,25.2550,25.2550,25.2250,25.2300,5499
367,25.2400,25.2400,25.2150,25.2200,4967
368,25.2200,25.2300,25.2000,25.2200,8023
369,25.2300,25.2550,25.2300,25.2450,6681
370,25.2400,25.2400,25.2100,25.2150,7267
371,25.2100,25.2150,25.1950,25.2050,10212
372,25.2050,25.2300,25.1900,25.2000,13139
373,25.2050,25.2050,25.1850,25.2000,8235
374,25.2050,25.2050,25.1400,25.1600,15244
375,25.1600,25.2200,25.1500,25.2200,18908
376,25.2200,25.2400,25.2050,25.2400,15994
377,25.2400,25.2500,25.2150,25.2500,13433
378,25.2550,25.2550,25.2200,25.2265,9530
379,25.2300,25.2300,25.2050,25.2100,8112
380,25.2150,25.2350,25.2000,25.2350,12986
381,25.2350,25.2750,25.2250,25.2650,25112
382,25.2550,25.2600,25.2300,25.2350,9629
383,25.2400,25.2400,25.2000,25.2100,18448
384,25.2100,25.2200,25.2000,25.2050,11250
385,25.2050,25.2300,25.2000,25.2100,23656
386,25.2150,25.2200,25.1750,25.1800,25584
387,25.1800,25.2000,25.1800,25.2000,11986
388,25.1953,25.2100,25.1900,25.2050,36194
389,25.2050,25.2100,25.1900,25.2000,27001
390,25.2050,25.2200,25.1900,25.2100,32661