VLO,Valero Energy,Energy,3,Oil & Gas Refining & Marketing,29598584954,3887052
a1499617800,63.0200,63.0200,62.8850,62.9700,66072
2,62.9750,63.3047,62.9750,63.2400,4723
3,63.2621,63.2700,63.1800,63.1800,1750
4,63.2550,63.2550,63.1000,63.1150,3120
5,63.1100,63.2300,63.1100,63.2300,4012
6,63.2500,63.2899,63.1000,63.1150,7201
7,63.1500,63.2800,63.1400,63.1400,4770
8,63.1800,63.2200,63.1000,63.2200,4100
9,63.2300,63.2300,63.1663,63.1663,2000
10,63.1900,63.2000,63.1324,63.1324,3158
11,63.1400,63.1400,63.0300,63.0600,3788
12,63.0700,63.1400,63.0700,63.1400,2000
13,63.1500,63.1800,63.0900,63.1400,13096
14,63.1400,63.1900,63.1300,63.1636,1700
15,63.1800,63.2100,63.0700,63.0700,9398
16,63.0700,63.0900,63.0500,63.0700,1244
17,63.0500,63.0900,63.0300,63.0500,2956
18,63.0500,63.0500,62.9500,62.9900,14238
19,62.9700,63.0700,62.9500,63.0700,3600
20,63.0800,63.1500,63.0800,63.1300,6048
21,63.1600,63.1600,63.0800,63.0900,1800
22,63.0900,63.1000,63.0200,63.0200,2048
23,63.0000,63.0500,63.0000,63.0400,1220
24,63.0490,63.1600,63.0320,63.1300,4725
25,63.1600,63.2499,63.1600,63.2400,4051
26,63.2500,63.4000,63.2350,63.4000,9000
27,63.3700,63.3950,63.3500,63.3700,3403
28,63.3600,63.3670,63.3100,63.3100,6355
29,63.2865,63.2865,63.2000,63.2600,18593
30,63.2500,63.3200,63.2500,63.2900,6230
31,63.2800,63.3100,63.2300,63.2400,4043
32,63.2400,63.2400,63.1700,63.1700,5114
33,63.1575,63.2121,63.1500,63.1900,4269
34,63.1701,63.2100,63.1701,63.2050,3636
35,63.2050,63.2100,63.1700,63.2100,4475
36,63.1700,63.2700,63.1700,63.2500,6298
37,63.2500,63.3200,63.2300,63.3200,4397
38,63.3000,63.3500,63.3000,63.3400,3000
39,63.3500,63.3900,63.3500,63.3700,7600
40,63.3800,63.4300,63.3800,63.4100,5049
41,63.4100,63.4200,63.4000,63.4200,1000
42,63.4150,63.4200,63.3450,63.3450,3277
43,63.3500,63.3500,63.3400,63.3500,1441
44,63.3400,63.3600,63.3100,63.3600,8512
45,63.3700,63.3800,63.3400,63.3400,6350
46,63.3200,63.3500,63.3200,63.3500,2273
47,63.3600,63.3800,63.2800,63.3100,5192
48,63.2900,63.2900,63.2701,63.2900,1300
49,63.2700,63.3600,63.2700,63.3550,9030
50,63.3500,63.4100,63.3500,63.4000,26360
51,63.3900,63.4900,63.3900,63.4400,12846
52,63.4400,63.4700,63.4300,63.4700,7550
53,63.4700,63.5100,63.4600,63.4600,9102
54,63.4600,63.4900,63.4600,63.4900,1600
55,63.4900,63.5600,63.4600,63.4600,9088
56,63.4750,63.6000,63.4750,63.5800,5200
57,63.5900,63.6200,63.5500,63.5800,9593
58,63.6000,63.6200,63.5750,63.6200,4682
59,63.6200,63.6200,63.5900,63.6100,6363
60,63.6300,63.6400,63.6000,63.6400,9220
61,63.6138,63.6700,63.6000,63.6700,7745
62,63.6900,63.7300,63.6700,63.6900,11513
63,63.6600,63.7200,63.6400,63.7100,3976
64,63.7200,63.7300,63.6700,63.7100,6261
65,63.7100,63.7500,63.7100,63.7286,2541
66,63.7110,63.7600,63.7110,63.7500,3918
67,63.7600,63.7900,63.7500,63.7900,3444
68,63.7900,63.8000,63.7715,63.7900,3820
69,63.7900,63.7900,63.7500,63.7800,3423
70,63.7600,63.7800,63.7500,63.7800,6076
71,63.7900,63.7900,63.7100,63.7300,7260
72,63.7400,63.7700,63.7300,63.7700,5200
73,63.7700,63.8100,63.7700,63.8100,9827
74,63.8200,63.8500,63.8150,63.8150,5888
75,63.8200,63.8200,63.7850,63.7900,2900
76,63.8100,63.8700,63.8100,63.8400,10069
77,63.8600,63.9100,63.8400,63.9100,5573
78,63.9100,64.0500,63.9100,64.0100,30340
79,64.0132,64.1000,64.0000,64.0981,13563
80,64.0800,64.0800,64.0300,64.0700,6509
81,64.0425,64.2100,64.0425,64.1137,38731
82,64.1200,64.2500,64.1100,64.1600,18969
83,64.2000,64.2000,64.0900,64.1800,14000
84,64.2000,64.2300,64.1600,64.2250,9862
85,64.2300,64.2900,64.2200,64.2900,20601
86,64.3000,64.3300,64.2700,64.3300,23356
87,64.3400,64.3650,64.3000,64.3650,9857
88,64.3400,64.3600,64.2750,64.2800,7210
89,64.2680,64.2800,64.1400,64.2800,19287
90,64.2800,64.3100,64.2600,64.3000,6734
91,64.2900,64.3500,64.2900,64.3300,19709
92,64.3300,64.3400,64.3000,64.3200,5821
93,64.3200,64.3200,64.3000,64.3100,6379
94,64.2900,64.3100,64.2600,64.3000,12537
95,64.3100,64.3900,64.3000,64.3900,15096
96,64.3900,64.4500,64.3900,64.4300,10873
97,64.4400,64.5000,64.4310,64.4600,16519
98,64.4200,64.4200,64.3500,64.3600,8060
99,64.3700,64.3800,64.3300,64.3800,4345
100,64.3805,64.3900,64.3500,64.3595,3509
101,64.3700,64.3800,64.3500,64.3600,3760
102,64.3700,64.3800,64.3400,64.3700,4551
103,64.3700,64.4400,64.3500,64.4400,5458
104,64.4500,64.4700,64.4300,64.4500,6800
105,64.4600,64.4600,64.4000,64.4400,7153
106,64.4400,64.4900,64.4400,64.4800,13680
107,64.4800,64.5000,64.4700,64.4900,25441
108,64.5000,64.5900,64.5000,64.5100,15487
109,64.5064,64.5400,64.4600,64.5300,17027
110,64.5300,64.5500,64.5000,64.5500,5789
111,64.5500,64.5500,64.5180,64.5180,1616
112,64.5300,64.5500,64.5200,64.5500,14536
113,64.5400,64.5500,64.5200,64.5500,8050
114,64.5500,64.5700,64.5400,64.5600,21179
115,64.5700,64.6100,64.5600,64.5900,45555
116,64.5700,64.5750,64.5100,64.5300,7360
117,64.5200,64.5800,64.5200,64.5632,8770
118,64.5800,64.6000,64.5700,64.6000,6234
119,64.5900,64.6300,64.5800,64.5850,4963
120,64.5701,64.6000,64.5700,64.6000,5344
121,64.5940,64.6300,64.5800,64.5800,21233
122,64.5816,64.5900,64.5600,64.5900,10977
123,64.5750,64.5750,64.5100,64.5276,11855
124,64.5300,64.5599,64.5300,64.5500,7702
125,64.5400,64.5550,64.5100,64.5400,9412
126,64.5400,64.5700,64.5150,64.5200,5116
127,64.5100,64.5229,64.5000,64.5200,4378
128,64.5010,64.5700,64.5010,64.5700,10696
129,64.5700,64.5900,64.5400,64.5600,10903
130,64.5600,64.5600,64.5200,64.5400,7117
131,64.5400,64.5450,64.4800,64.4900,14595
132,64.4900,64.5800,64.4800,64.5799,15077
133,64.5750,64.5800,64.5100,64.5650,18330
134,64.5500,64.5800,64.5500,64.5600,10325
135,64.5700,64.6500,64.5601,64.6100,28145
136,64.6284,64.6700,64.6200,64.6300,12306
137,64.6400,64.6500,64.5900,64.6400,4500
138,64.6450,64.6700,64.6400,64.6600,10128
139,64.6616,64.7050,64.6600,64.6950,19796
140,64.7027,64.7600,64.7000,64.7400,10307
141,64.7600,64.7850,64.7300,64.7700,15374
142,64.7600,64.7600,64.7200,64.7399,6203
143,64.7200,64.7499,64.7000,64.7000,3950
144,64.7100,64.7300,64.7000,64.7100,3906
145,64.7096,64.7300,64.6900,64.7100,4420
146,64.7300,64.7500,64.7250,64.7450,3784
147,64.7500,64.7750,64.7200,64.7699,10678
148,64.7700,64.7800,64.7550,64.7700,8375
149,64.7800,64.8500,64.7700,64.8280,10514
150,64.8400,64.8400,64.8000,64.8186,6231
151,64.8300,64.8800,64.8100,64.8800,17972
152,64.8800,64.9080,64.8800,64.9080,23901
153,64.9041,64.9041,64.8650,64.9000,25778
154,64.8900,64.9100,64.8840,64.9000,21401
155,64.9050,64.9100,64.8800,64.9000,13299
156,64.9100,64.9300,64.9000,64.9200,16243
157,64.9200,64.9200,64.8200,64.8700,23190
158,64.8650,64.8700,64.8300,64.8700,14027
159,64.8700,64.8700,64.8200,64.8300,14788
160,64.8300,64.9000,64.8300,64.8800,10247
161,64.8900,64.9300,64.8850,64.9100,12315
162,64.9200,65.0000,64.8810,64.9900,20285
163,64.9900,65.0000,64.9000,65.0000,15755
164,64.9900,65.0500,64.9800,65.0300,40329
165,65.0300,65.0800,65.0150,65.0150,6002
166,65.0150,65.0399,65.0000,65.0200,10373
167,65.0200,65.0550,65.0200,65.0301,8106
168,65.0350,65.0400,65.0195,65.0300,6415
169,65.0300,65.0300,65.0000,65.0000,8837
170,65.0050,65.0300,65.0000,65.0300,8381
171,65.0400,65.0450,65.0150,65.0299,3216
172,65.0300,65.0300,65.0100,65.0150,4839
173,65.0200,65.0274,65.0000,65.0100,3400
174,65.0100,65.1250,65.0100,65.1250,33392
175,65.1299,65.1900,65.1200,65.1700,25922
176,65.1700,65.1900,65.1600,65.1700,30143
177,65.1700,65.1800,65.1601,65.1699,20387
178,65.1650,65.1800,65.1600,65.1800,64848
179,65.1800,65.1800,65.1610,65.1700,41230
180,65.1700,65.2000,65.1500,65.1850,37817
181,65.1900,65.2100,65.0900,65.1100,23464
182,65.1100,65.1300,65.1100,65.1258,8530
183,65.1250,65.1300,65.0900,65.0950,15169
184,65.0900,65.1100,65.0600,65.0600,9950
185,65.0700,65.1100,65.0600,65.0900,21519
186,65.0900,65.0900,65.0600,65.0799,19217
187,65.0800,65.1000,65.0700,65.0700,8437
188,65.0700,65.1000,65.0600,65.0999,9265
189,65.1000,65.1699,65.1000,65.1600,26133
190,65.1699,65.1699,65.1200,65.1300,7593
191,65.1400,65.1500,65.1200,65.1350,9850
192,65.1400,65.1800,65.1400,65.1500,15441
193,65.1600,65.1600,65.1300,65.1400,6045
194,65.1150,65.1150,65.0700,65.1000,2922
195,65.0900,65.1299,65.0800,65.0950,12800
196,65.0950,65.1400,65.0939,65.1400,9077
197,65.1400,65.1600,65.1250,65.1350,6930
198,65.1500,65.1699,65.1300,65.1500,7942
199,65.1500,65.1911,65.1500,65.1600,9762
200,65.1560,65.1699,65.1100,65.1299,7272
201,65.1200,65.1300,65.0900,65.1100,7836
202,65.0900,65.1199,65.0800,65.1100,11223
203,65.1100,65.1600,65.1100,65.1600,8359
204,65.1600,65.2399,65.1400,65.2300,12636
205,65.2150,65.2300,65.2000,65.2100,11491
206,65.2100,65.2300,65.2000,65.2300,16241
207,65.2300,65.2500,65.2100,65.2400,17976
208,65.2400,65.2500,65.2200,65.2314,7600
209,65.2200,65.2200,65.1300,65.1600,12171
210,65.1600,65.2500,65.1600,65.2400,2636
211,65.2400,65.2800,65.2300,65.2700,15680
212,65.2650,65.3300,65.2650,65.3299,20416
213,65.3300,65.3800,65.3200,65.3700,12500
214,65.3500,65.3517,65.3300,65.3400,8499
215,65.3400,65.3500,65.3200,65.3396,10183
216,65.3300,65.3400,65.2800,65.3200,7314
217,65.3100,65.3400,65.2500,65.3400,18436
218,65.3300,65.3500,65.3200,65.3450,4767
219,65.3500,65.4000,65.3500,65.3800,16177
220,65.3900,65.4100,65.3500,65.3500,9289
221,65.3600,65.3700,65.3400,65.3599,5991
222,65.3600,65.4000,65.3500,65.4000,8730
223,65.3900,65.3900,65.3300,65.3600,7333
224,65.3740,65.3740,65.3300,65.3600,7570
225,65.3300,65.3800,65.3300,65.3400,7596
226,65.3600,65.3800,65.3300,65.3300,9216
227,65.2900,65.2900,65.2500,65.2600,5060
228,65.2700,65.2800,65.1800,65.2500,12561
229,65.2420,65.2598,65.2100,65.2150,9131
230,65.2300,65.2300,65.2200,65.2200,5830
231,65.2200,65.2200,65.2000,65.2007,4060
232,65.1900,65.1900,65.1200,65.1500,7320
233,65.1500,65.1699,65.1400,65.1600,6246
234,65.1600,65.1700,65.1500,65.1700,4739
235,65.1600,65.1700,65.1600,65.1700,4266
236,65.1600,65.1800,65.1500,65.1800,6466
237,65.1800,65.2400,65.1800,65.1832,38889
238,65.1900,65.2100,65.1740,65.2050,5413
239,65.2200,65.2300,65.1800,65.2014,5501
240,65.1810,65.2300,65.1800,65.2300,3953
241,65.2400,65.2500,65.2200,65.2450,8338
242,65.2500,65.2600,65.2408,65.2600,9976
243,65.2500,65.2500,65.1900,65.1970,5635
244,65.1900,65.2000,65.1800,65.1850,3944
245,65.1850,65.2500,65.1850,65.2400,10511
246,65.2383,65.2400,65.2100,65.2200,3399
247,65.2250,65.2900,65.2250,65.2900,9827
248,65.2831,65.3300,65.2700,65.2999,8362
249,65.2800,65.3000,65.2200,65.2850,8528
250,65.2700,65.2800,65.2600,65.2800,3801
251,65.2600,65.3000,65.2500,65.2982,8507
252,65.3100,65.3100,65.2400,65.2600,8641
253,65.2615,65.3000,65.2401,65.3000,1915
254,65.3000,65.3200,65.2700,65.2800,5200
255,65.2837,65.2900,65.2700,65.2900,2500
256,65.3000,65.3100,65.2800,65.2950,4462
257,65.2800,65.2900,65.2550,65.2600,5707
258,65.2700,65.3000,65.2700,65.2825,5773
259,65.2900,65.3400,65.2900,65.3303,6149
260,65.3220,65.3500,65.3000,65.3000,5920
261,65.2900,65.3400,65.2900,65.3100,10393
262,65.3000,65.3200,65.2900,65.3165,5308
263,65.3300,65.3600,65.3200,65.3600,7757
264,65.3600,65.3700,65.3300,65.3500,4398
265,65.3600,65.3700,65.3500,65.3700,5648
266,65.3800,65.4100,65.3800,65.3926,11346
267,65.3950,65.4100,65.3800,65.4025,9497
268,65.4100,65.4200,65.3800,65.4100,15131
269,65.4000,65.4300,65.4000,65.4005,4207
270,65.4100,65.4200,65.3700,65.3900,16239
271,65.4000,65.4100,65.3900,65.4100,3243
272,65.3800,65.3800,65.3200,65.3600,7811
273,65.3600,65.3600,65.3100,65.3100,3800
274,65.3100,65.3700,65.3044,65.3700,8011
275,65.3600,65.3700,65.3400,65.3700,9103
276,65.3615,65.3800,65.3600,65.3700,3100
277,65.3800,65.4100,65.3600,65.4100,5010
278,65.4100,65.4700,65.4100,65.4510,8741
279,65.4650,65.4650,65.4200,65.4200,9150
280,65.4200,65.4800,65.4100,65.4700,4004
281,65.4700,65.5200,65.4600,65.5200,21772
282,65.5100,65.5500,65.5100,65.5400,4061
283,65.5450,65.6500,65.5400,65.6150,18310
284,65.6000,65.6600,65.6000,65.6450,10764
285,65.6400,65.6550,65.6100,65.6400,5400
286,65.6500,65.6800,65.6192,65.6800,12404
287,65.6800,65.7600,65.6610,65.7500,14179
288,65.7500,65.7600,65.7000,65.7100,8095
289,65.6966,65.7000,65.6200,65.6400,8374
290,65.6200,65.6400,65.5600,65.5600,9052
291,65.5600,65.5700,65.5200,65.5200,7439
292,65.5150,65.5850,65.5100,65.5850,8770
293,65.5900,65.6300,65.5600,65.5600,11338
294,65.5600,65.6000,65.5600,65.5992,3550
295,65.6100,65.6200,65.5900,65.5900,5508
296,65.5900,65.5900,65.5700,65.5900,4485
297,65.5800,65.5950,65.5793,65.5900,4656
298,65.5888,65.6000,65.5500,65.5500,6009
299,65.5500,65.5600,65.5100,65.5583,9053
300,65.5400,65.5699,65.5400,65.5699,1305
301,65.5500,65.5700,65.5500,65.5500,5729
302,65.5700,65.5800,65.5400,65.5500,7354
303,65.5700,65.5900,65.5500,65.5900,6760
304,65.5900,65.5900,65.5500,65.5855,9900
305,65.5750,65.5800,65.5100,65.5300,15430
306,65.5250,65.5600,65.5110,65.5550,7923
307,65.5550,65.5600,65.5000,65.5050,21233
308,65.5000,65.5100,65.4700,65.4700,7041
309,65.4700,65.4700,65.3900,65.3900,13382
310,65.3800,65.4000,65.3700,65.4000,10180
311,65.4000,65.4550,65.3800,65.4010,12514
312,65.4200,65.4350,65.4000,65.4000,9271
313,65.4100,65.4400,65.4000,65.4400,10542
314,65.4400,65.4600,65.4300,65.4400,10334
315,65.4400,65.4500,65.4100,65.4400,6882
316,65.4100,65.4300,65.4000,65.4149,3856
317,65.4000,65.4500,65.3900,65.4400,20289
318,65.4200,65.4500,65.4000,65.4000,17636
319,65.4000,65.4400,65.3750,65.4100,41630
320,65.4000,65.4150,65.3800,65.3900,17277
321,65.4100,65.4500,65.3000,65.3075,14621
322,65.3000,65.3000,65.2000,65.2200,28011
323,65.2200,65.2400,65.1900,65.2100,13022
324,65.2200,65.2200,65.1400,65.1810,13061
325,65.1984,65.2200,65.1700,65.2015,18452
326,65.2050,65.2050,65.0500,65.0900,34752
327,65.1100,65.1200,65.0200,65.0700,10661
328,65.0700,65.1000,65.0201,65.0800,20743
329,65.0700,65.0800,65.0200,65.0400,18650
330,65.0350,65.1250,65.0300,65.1150,33907
331,65.1150,65.1700,65.0700,65.1600,17335
332,65.1600,65.2300,65.1600,65.2200,19880
333,65.2200,65.2600,65.2000,65.2200,15696
334,65.2000,65.2500,65.2000,65.2300,15062
335,65.2250,65.2450,65.1750,65.1750,12808
336,65.1800,65.2300,65.1500,65.2200,24882
337,65.2000,65.2100,65.1800,65.1950,15500
338,65.1900,65.1950,65.0800,65.0800,15882
339,65.1000,65.1700,65.0800,65.1600,12927
340,65.1600,65.1734,65.1200,65.1240,14298
341,65.1000,65.1800,65.1000,65.1700,9284
342,65.1800,65.2100,65.1800,65.2100,6705
343,65.2100,65.2400,65.2100,65.2200,7522
344,65.2200,65.2300,65.2100,65.2200,2572
345,65.2200,65.2600,65.2140,65.2500,11185
346,65.2600,65.3050,65.2200,65.2200,12979
347,65.2300,65.2400,65.2100,65.2100,7781
348,65.2000,65.2000,65.1200,65.1200,3013
349,65.1300,65.2000,65.1200,65.2000,7717
350,65.2200,65.2700,65.2100,65.2500,10200
351,65.2500,65.3000,65.2460,65.2900,7950
352,65.2800,65.3500,65.2750,65.3300,9473
353,65.3350,65.4250,65.3350,65.4250,21900
354,65.4300,65.4500,65.3800,65.4200,12639
355,65.4080,65.4447,65.3800,65.4200,8651
356,65.4200,65.4300,65.3700,65.4000,6966
357,65.3900,65.4600,65.3900,65.4200,9968
358,65.4300,65.4300,65.3800,65.3900,9413
359,65.3900,65.4100,65.3800,65.4000,6298
360,65.3800,65.4300,65.3700,65.4200,8019
361,65.4100,65.4100,65.3400,65.3500,9312
362,65.3600,65.3700,65.3200,65.3200,12798
363,65.3200,65.3200,65.1900,65.1918,51921
364,65.1900,65.2100,65.1600,65.2000,25476
365,65.2000,65.2650,65.2000,65.2400,18216
366,65.2400,65.2500,65.2000,65.2300,17800
367,65.2200,65.2550,65.2200,65.2546,8585
368,65.2550,65.2850,65.2550,65.2800,14057
369,65.2800,65.3100,65.2800,65.3050,17109
370,65.3000,65.3200,65.2650,65.2800,23018
371,65.2800,65.2800,65.2000,65.2000,14950
372,65.2050,65.2350,65.2000,65.2350,29967
373,65.2300,65.2350,65.1800,65.2000,16064
374,65.2000,65.2000,65.1400,65.1550,16664
375,65.1550,65.2150,65.1350,65.1900,25529
376,65.1900,65.2400,65.1800,65.2300,23365
377,65.2350,65.2400,65.1400,65.1800,39785
378,65.1800,65.2300,65.1650,65.2200,24057
379,65.2200,65.2300,65.1500,65.1750,21874
380,65.1750,65.2900,65.1700,65.2800,32991
381,65.2800,65.3300,65.2700,65.3200,37072
382,65.3100,65.3300,65.3042,65.3050,23636
383,65.3100,65.3300,65.2900,65.3225,25663
384,65.3300,65.3600,65.3100,65.3550,30227
385,65.3500,65.3500,65.3200,65.3250,22485
386,65.3200,65.3400,65.2600,65.2800,50379
387,65.2750,65.2950,65.2600,65.2800,28931
388,65.2850,65.2850,65.2400,65.2800,32894
389,65.2900,65.3100,65.2700,65.2900,35145
390,65.2850,65.2850,65.1900,65.2600,146814