VNO,Vornado Realty Trust,Real Estate,9,Office REITs,17760926384,1059209
a149961780059,92.3100,92.3100,92.2700,92.2700,1900
360,92.2700,92.2750,92.2300,92.2450,3708
361,92.2300,92.2450,92.2300,92.2300,1437
362,92.2000,92.2100,92.1700,92.2100,3600
363,92.2300,92.2600,92.2150,92.2600,3626
364,92.2600,92.2600,92.2500,92.2600,700
365,92.2500,92.2500,92.2000,92.2000,3695
366,92.2200,92.2600,92.2150,92.2550,4210
367,92.2600,92.2600,92.2300,92.2350,1151
368,92.2200,92.2200,92.1800,92.2000,4049
369,92.1900,92.1900,92.1800,92.1800,866
370,92.1800,92.1800,92.1300,92.1500,3550
371,92.1300,92.1800,92.1300,92.1800,3251
372,92.1800,92.2000,92.1750,92.1750,4141
373,92.1700,92.1700,92.0900,92.1100,4589
374,92.1000,92.1000,92.0800,92.0850,2973
375,92.0750,92.0750,92.0300,92.0300,3436
376,92.0300,92.1300,92.0300,92.1300,5691
377,92.1500,92.1500,92.1300,92.1400,1400
378,92.1300,92.1600,92.1300,92.1450,4055
379,92.1500,92.1900,92.1450,92.1700,3699
380,92.1700,92.2000,92.1700,92.1900,4615
381,92.2000,92.2100,92.1800,92.2000,7344
382,92.2200,92.2200,92.2000,92.2000,3934
383,92.2000,92.2000,92.1700,92.1950,8008
384,92.1800,92.1800,92.1500,92.1500,6894
385,92.1500,92.1500,92.1200,92.1200,4104
386,92.1200,92.1450,92.1200,92.1300,7737
387,92.1300,92.1700,92.1200,92.1700,5494
388,92.1700,92.1800,92.1600,92.1600,7825
389,92.1700,92.2000,92.1700,92.1900,13262
390,92.1800,92.2100,92.1200,92.1500,37554
0,92.0900,92.0900,92.0900,92.0900,3306
6,92.0400,92.0600,91.8000,91.8000,2255
7,91.9200,91.9300,91.9200,91.9300,200
9,92.0270,92.0270,92.0270,92.0270,125
10,92.1000,92.1300,92.1000,92.1005,500
11,92.0600,92.0600,92.0000,92.0000,2100
14,92.1100,92.1200,92.1000,92.1000,600
16,92.1050,92.1050,92.1050,92.1050,100
17,92.1000,92.1000,92.0300,92.0300,400
18,92.0800,92.0800,92.0800,92.0800,100
19,92.1000,92.1000,92.1000,92.1000,109
20,92.0800,92.0900,92.0700,92.0900,400
22,92.1800,92.1800,92.1800,92.1800,100
24,92.1700,92.1700,92.1300,92.1300,300
25,92.0900,92.0900,92.0000,92.0000,400
26,92.0600,92.0600,92.0500,92.0600,650
28,92.0500,92.0500,92.0500,92.0500,100
29,92.1000,92.1000,92.1000,92.1000,300
31,92.1000,92.1000,92.1000,92.1000,100
32,92.1300,92.1300,92.1300,92.1300,300
34,92.1100,92.1800,92.1100,92.1550,1000
35,92.1800,92.1800,92.1100,92.1500,1376
36,92.1200,92.1500,92.1000,92.1000,1200
37,92.0900,92.0900,92.0900,92.0900,100
38,92.1300,92.1800,92.1300,92.1800,1802
39,92.1600,92.1700,92.1200,92.1200,1200
40,92.1000,92.1000,92.0900,92.1000,800
41,92.0700,92.1000,92.0300,92.0600,1480
42,92.0600,92.0600,92.0600,92.0600,600
43,92.0100,92.0250,91.9900,92.0000,1300
44,92.0200,92.1330,92.0200,92.1330,1404
45,92.0800,92.1300,92.0650,92.0650,600
46,91.9900,91.9900,91.9900,91.9900,100
47,92.0200,92.0200,92.0200,92.0200,665
48,92.0600,92.1000,92.0550,92.0550,1400
49,92.0300,92.0700,92.0300,92.0300,500
50,92.0400,92.1100,92.0200,92.1100,900
51,92.0700,92.1100,92.0700,92.0700,1112
52,92.1000,92.1250,92.0700,92.0800,1300
53,92.0800,92.0800,92.0800,92.0800,300
54,92.0700,92.0700,92.0700,92.0700,328
56,92.1100,92.1400,92.1100,92.1100,1000
57,92.0700,92.0700,92.0700,92.0700,150
59,92.0500,92.0500,92.0500,92.0500,100
60,92.1000,92.1000,92.0200,92.0200,517
61,92.0500,92.0900,92.0500,92.0900,2000
62,92.0800,92.1100,92.0800,92.1100,200
64,92.0500,92.0750,92.0500,92.0500,500
65,92.0800,92.1000,92.0700,92.0700,1300
66,92.1000,92.1000,92.0400,92.0400,700
67,92.0400,92.0400,92.0300,92.0400,500
68,92.0500,92.0800,92.0500,92.0700,600
69,92.0850,92.0850,92.0850,92.0850,100
70,92.1100,92.1300,92.0900,92.0900,3450
71,92.1000,92.1500,92.0900,92.1400,2700
72,92.1300,92.1400,92.0900,92.1000,3000
73,92.1100,92.1700,92.1100,92.1600,3300
74,92.1700,92.1900,92.1700,92.1800,1400
75,92.1750,92.1900,92.1750,92.1800,501
76,92.2100,92.3000,92.2100,92.3000,3161
77,92.2900,92.2950,92.2800,92.2950,1164
78,92.2900,92.3100,92.2900,92.3100,301
79,92.3100,92.3100,92.3100,92.3100,100
80,92.3100,92.3400,92.3100,92.3400,400
81,92.3200,92.3350,92.3100,92.3158,1250
82,92.3400,92.4000,92.3400,92.4000,1100
83,92.4100,92.4200,92.4100,92.4200,200
84,92.4400,92.4500,92.4100,92.4400,1200
85,92.4100,92.4200,92.3800,92.4200,700
86,92.4100,92.4100,92.4100,92.4100,100
87,92.4400,92.5000,92.4400,92.5000,1100
88,92.4850,92.4850,92.4850,92.4850,100
89,92.4450,92.4450,92.4450,92.4450,100
90,92.4700,92.4700,92.4700,92.4700,300
91,92.4600,92.4600,92.4200,92.4400,800
93,92.4300,92.4300,92.4300,92.4300,210
94,92.4350,92.4350,92.4350,92.4350,361
95,92.4250,92.4700,92.4250,92.4600,1000
96,92.5000,92.5000,92.5000,92.5000,200
97,92.4900,92.5050,92.4300,92.4350,1734
98,92.4500,92.5000,92.4500,92.5000,718
99,92.5050,92.5050,92.5000,92.5000,200
100,92.5000,92.5100,92.5000,92.5100,5400
101,92.5300,92.6000,92.5300,92.6000,1100
102,92.6000,92.6100,92.6000,92.6000,24581
103,92.5900,92.6600,92.5700,92.6400,2696
104,92.6650,92.6650,92.6300,92.6300,2712
105,92.6200,92.6200,92.6000,92.6000,300
106,92.6000,92.6400,92.5900,92.5900,3241
107,92.5800,92.5800,92.5100,92.5100,1733
108,92.5400,92.5400,92.5400,92.5400,400
109,92.5300,92.5450,92.5000,92.5100,1250
110,92.5300,92.5300,92.4900,92.4900,1300
111,92.5000,92.5200,92.4700,92.4700,8800
112,92.4700,92.4700,92.4400,92.4500,3864
113,92.4600,92.4800,92.4400,92.4625,9334
114,92.4600,92.6200,92.4400,92.6200,6733
115,92.6000,92.6100,92.5400,92.5600,2000
116,92.5400,92.5500,92.5000,92.5500,2100
117,92.5800,92.5900,92.5600,92.5600,2248
118,92.5550,92.5800,92.5500,92.5500,700
119,92.5800,92.6500,92.5800,92.6500,4901
120,92.6600,92.6600,92.6300,92.6300,500
121,92.6261,92.6261,92.6261,92.6261,300
122,92.6200,92.6900,92.6100,92.6700,1100
123,92.6800,92.7100,92.6700,92.6700,800
124,92.7100,92.8000,92.7100,92.8000,2760
125,92.7900,92.8300,92.7900,92.8300,800
126,92.8700,92.8900,92.8650,92.8900,450
127,92.8700,92.8700,92.8500,92.8500,1200
128,92.8900,92.9300,92.8900,92.8900,1700
129,92.9200,92.9200,92.8900,92.9000,1500
130,92.9000,92.9600,92.9000,92.9300,600
131,92.9000,92.9400,92.8800,92.8800,2087
133,92.9400,92.9800,92.9400,92.9800,500
134,92.9600,92.9900,92.9500,92.9600,800
135,92.9900,93.0000,92.9400,92.9600,1749
136,92.9700,92.9900,92.9700,92.9900,600
137,92.9800,92.9800,92.9500,92.9500,539
138,92.9500,92.9700,92.8700,92.8950,5451
139,92.8950,92.9550,92.8700,92.9500,2800
140,92.9600,92.9600,92.9200,92.9350,3050
141,92.9500,92.9600,92.9500,92.9500,1200
142,92.9500,92.9500,92.9400,92.9400,1500
143,92.9500,92.9500,92.9200,92.9200,2750
144,92.8800,92.9000,92.8300,92.9000,500
145,92.9000,92.9000,92.8700,92.8700,500
146,92.8800,92.9300,92.8800,92.8800,3700
147,92.8950,92.8950,92.8000,92.8000,2362
148,92.8100,92.8100,92.8100,92.8100,200
149,92.8400,92.8600,92.8300,92.8500,2200
150,92.8300,92.8300,92.7800,92.7800,600
151,92.8000,92.8000,92.8000,92.8000,200
152,92.8100,92.8400,92.8000,92.8000,2154
153,92.8000,92.8400,92.7900,92.8100,2771
154,92.8100,92.8100,92.8000,92.8000,604
155,92.8400,92.8400,92.8200,92.8400,500
156,92.8400,92.8400,92.8400,92.8400,200
157,92.8400,92.8400,92.8400,92.8400,100
158,92.8400,92.8400,92.8400,92.8400,626
159,92.8800,92.8900,92.8800,92.8900,700
160,92.9000,92.9000,92.8700,92.8700,800
161,92.8886,92.9100,92.8886,92.9100,839
162,92.9000,92.9000,92.8600,92.8600,1475
163,92.8800,92.8900,92.8700,92.8900,1200
164,92.8700,92.9100,92.8700,92.9050,1400
165,92.9100,92.9200,92.8800,92.8800,2157
166,92.9100,92.9300,92.8900,92.8900,4333
167,92.9100,92.9850,92.9000,92.9800,6800
168,92.9800,93.0200,92.9400,93.0100,3018
169,92.9950,92.9950,92.9900,92.9900,536
170,93.0100,93.0100,93.0100,93.0100,100
171,93.0300,93.0300,93.0100,93.0300,1700
172,93.0300,93.0900,93.0300,93.0500,2400
173,93.0648,93.0648,93.0401,93.0401,583
174,93.0400,93.0500,93.0200,93.0500,400
175,93.0500,93.0500,93.0200,93.0200,500
177,93.0000,93.0000,92.9900,92.9900,495
178,93.0300,93.0300,93.0300,93.0300,100
180,92.9900,93.0200,92.9900,93.0200,200
181,93.0300,93.0400,93.0300,93.0400,600
182,93.0600,93.0600,93.0400,93.0400,956
183,93.0700,93.1300,93.0700,93.1100,1000
184,93.1000,93.1000,93.1000,93.1000,100
185,93.1100,93.1100,93.0700,93.0700,550
186,93.0200,93.0200,92.9900,92.9900,200
187,93.0500,93.0550,93.0400,93.0550,400
188,93.0800,93.0800,93.0500,93.0500,949
189,93.0700,93.0700,93.0700,93.0700,100
193,93.0700,93.0700,93.0700,93.0700,200
194,93.0700,93.1400,93.0700,93.1300,1400
195,93.1300,93.1300,93.1300,93.1300,301
196,93.1500,93.1700,93.1500,93.1700,500
197,93.1900,93.1900,93.1900,93.1900,300
198,93.2000,93.2300,93.1800,93.2000,1546
201,93.2200,93.2500,93.2200,93.2400,900
203,93.2500,93.2500,93.2300,93.2300,200
204,93.2301,93.2600,93.2300,93.2600,825
205,93.2800,93.2800,93.2500,93.2500,857
206,93.2800,93.3000,93.2800,93.2900,500
207,93.3100,93.3500,93.3000,93.3500,1200
208,93.3300,93.3300,93.2900,93.3100,1708
209,93.2850,93.2850,93.1800,93.2700,12919
210,93.2400,93.2400,93.1800,93.1800,10777
211,93.1900,93.1900,93.1300,93.1300,1099
212,93.1300,93.1600,93.1300,93.1300,1501
213,93.1300,93.1300,93.1000,93.1100,1650
214,93.1000,93.1000,93.0500,93.0600,4900
215,93.0800,93.0800,93.0500,93.0500,1430
216,93.0500,93.0700,93.0500,93.0700,1400
217,93.1000,93.1000,93.0900,93.0900,1200
218,93.1000,93.1000,93.0900,93.0900,700
219,93.0900,93.1000,93.0900,93.1000,400
221,93.1050,93.1700,93.1050,93.1600,1200
222,93.1600,93.1600,93.1300,93.1300,603
223,93.1600,93.1900,93.1600,93.1900,1000
224,93.2000,93.2200,93.1900,93.1900,1400
225,93.1800,93.2300,93.1800,93.1900,3740
226,93.2100,93.2100,93.1800,93.2100,800
227,93.1900,93.2200,93.1700,93.2200,1400
228,93.2100,93.2200,93.1800,93.1900,2390
229,93.1800,93.2100,93.1800,93.2100,3716
230,93.2000,93.2000,93.1800,93.2000,1742
231,93.2100,93.2100,93.1700,93.1700,1050
232,93.1800,93.2100,93.1700,93.2100,650
233,93.2000,93.2100,93.1300,93.1300,5050
234,93.1200,93.1300,93.1100,93.1300,500
235,93.1300,93.1700,93.0900,93.1700,4447
236,93.1700,93.1800,93.1700,93.1800,400
237,93.1500,93.1600,93.1400,93.1500,800
238,93.1450,93.1600,93.1450,93.1600,300
239,93.1700,93.1900,93.1550,93.1600,1487
241,93.1400,93.1400,93.1200,93.1200,741
242,93.0900,93.0900,93.0300,93.0600,1727
243,93.0200,93.0239,93.0100,93.0239,462
244,93.0100,93.0348,93.0100,93.0348,444
245,93.0200,93.0650,93.0200,93.0650,4401
246,93.0700,93.0700,93.0700,93.0700,500
247,93.0700,93.1100,93.0700,93.1100,1500
248,93.1300,93.1500,93.0800,93.1000,1949
250,93.1600,93.1600,93.0800,93.0850,3915
251,93.1000,93.1200,93.1000,93.1200,1100
252,93.0900,93.0900,93.0600,93.0600,1100
253,93.0600,93.0900,93.0350,93.0500,1600
254,93.0600,93.0700,93.0600,93.0700,600
255,93.0800,93.1000,93.0800,93.1000,1700
257,93.1401,93.1401,93.1401,93.1401,250
258,93.1500,93.1500,93.1300,93.1300,3419
259,93.1400,93.1400,93.1100,93.1100,1500
260,93.1100,93.1500,93.1100,93.1200,1750
261,93.1400,93.1400,93.0900,93.0900,1250
262,93.1000,93.1100,93.1000,93.1050,1350
263,93.1100,93.1500,93.1100,93.1500,700
264,93.1500,93.1600,93.1500,93.1500,1000
265,93.1300,93.1600,93.1100,93.1500,2500
266,93.1400,93.1500,93.0900,93.0900,1956
267,93.1100,93.1400,93.0950,93.1250,3000
268,93.1275,93.1500,93.1100,93.1100,2047
269,93.1000,93.1000,93.0800,93.0800,400
270,93.1500,93.1600,93.1300,93.1500,2179
271,93.1600,93.1800,93.1200,93.1400,14651
272,93.1400,93.2400,93.1400,93.2400,5299
273,93.2700,93.2700,93.2500,93.2500,1100
275,93.2900,93.3300,93.2900,93.3300,1100
276,93.3200,93.3300,93.3100,93.3300,900
277,93.3500,93.4400,93.3500,93.4400,1600
278,93.4400,93.4400,93.4400,93.4400,100
279,93.4400,93.5090,93.4400,93.5000,2005
280,93.5100,93.6100,93.4900,93.6028,8157
282,93.6400,93.7100,93.6300,93.7100,3764
283,93.6800,93.6800,93.6400,93.6400,1600
284,93.6600,93.7000,93.6600,93.7000,700
285,93.7200,93.7600,93.6800,93.7600,800
286,93.7700,93.8000,93.7500,93.7500,2193
287,93.7600,93.8000,93.7200,93.8000,1100
288,93.7700,93.7800,93.7600,93.7600,950
289,93.7500,93.7500,93.7100,93.7200,3208
290,93.7200,93.7500,93.7200,93.7500,600
291,93.7200,93.7500,93.7200,93.7200,600
292,93.7400,93.8200,93.7200,93.8200,2116
293,93.8100,93.8300,93.7600,93.7700,2485
294,93.7400,93.7400,93.7400,93.7400,100
295,93.7700,93.8300,93.7700,93.7800,2200
296,93.7600,93.7600,93.7300,93.7600,1500
297,93.7500,93.7600,93.7350,93.7350,1200
298,93.7500,93.7700,93.7300,93.7700,1400
299,93.7600,93.7600,93.7400,93.7500,300
300,93.7500,93.7500,93.7200,93.7200,1400
301,93.7300,93.7600,93.7000,93.7600,1837
302,93.7600,93.7600,93.7350,93.7500,700
303,93.7500,93.7700,93.7500,93.7600,1200
304,93.7500,93.7800,93.7200,93.7800,2240
305,93.7800,93.7800,93.7400,93.7400,1100
306,93.7450,93.7800,93.7450,93.7700,1600
307,93.7700,93.8000,93.7600,93.7650,1500
308,93.7600,93.7800,93.7500,93.7800,1100
309,93.8100,93.8400,93.8100,93.8400,1102
310,93.8500,93.8900,93.8500,93.8800,1100
311,93.8600,93.9150,93.8500,93.9150,3700
312,93.9000,93.9000,93.8600,93.8600,600
313,93.8400,93.8500,93.8100,93.8200,1800
314,93.8100,93.8100,93.7900,93.7900,700
315,93.7900,93.7900,93.7500,93.7500,2500
316,93.7400,93.7400,93.6900,93.7100,2501
317,93.7200,93.8200,93.7200,93.8200,1649
318,93.7500,93.8200,93.7500,93.7900,600
319,93.8200,93.9500,93.8200,93.9450,2811
320,93.9100,93.9100,93.8500,93.8500,300
321,93.8600,93.9600,93.7700,93.7900,4021
322,93.8200,93.8400,93.7700,93.7700,1000
323,93.7700,93.8300,93.7700,93.8300,800
324,93.7800,93.8500,93.7800,93.8500,500
325,93.8600,93.8700,93.8200,93.8200,1400
326,93.8300,93.8800,93.8200,93.8400,1200
327,93.8100,93.8700,93.8100,93.8400,1100
328,93.8700,93.8700,93.8600,93.8600,400
329,93.8400,93.8500,93.8000,93.8100,2000
330,93.8000,93.8000,93.7600,93.7700,851
331,93.7800,93.7800,93.7350,93.7600,1600
332,93.7300,93.8000,93.7200,93.7900,2690
333,93.8000,93.8000,93.7500,93.7800,2600
334,93.7500,93.7550,93.6300,93.6300,1900
335,93.6550,93.6600,93.5600,93.5900,419
336,93.5600,93.6400,93.5600,93.6100,4400
337,93.5700,93.5900,93.4800,93.5600,4013
338,93.5600,93.5900,93.5500,93.5850,700
339,93.5400,93.5400,93.4900,93.5100,1230
340,93.5100,93.5800,93.5100,93.5200,1691
341,93.5000,93.5200,93.4800,93.4800,1172
342,93.4500,93.5000,93.4500,93.4650,500
343,93.4900,93.4900,93.4300,93.4600,3321
344,93.4300,93.4600,93.4100,93.4600,900
345,93.4300,93.4350,93.4000,93.4000,1066
346,93.4000,93.4000,93.3500,93.3900,2891
347,93.3900,93.3900,93.3300,93.3300,1258
348,93.3200,93.3200,93.2600,93.2600,2058
349,93.2500,93.2800,93.2300,93.2700,4700
350,93.2700,93.2700,93.2300,93.2500,3100
351,93.2800,93.2800,93.2500,93.2500,700
352,93.2500,93.2900,93.2200,93.2400,3225
353,93.2500,93.2500,93.2300,93.2300,900
354,93.2200,93.2400,93.1900,93.2250,3329
355,93.2400,93.2900,93.2400,93.2800,1703
356,93.2800,93.3000,93.2200,93.2200,2300
357,93.2400,93.3150,93.2400,93.3150,2900
358,93.3100,93.3500,93.3100,93.3500,1400
359,93.3400,93.3600,93.3300,93.3300,1400
360,93.3200,93.3500,93.3100,93.3400,4508
361,93.3400,93.3400,93.2900,93.3200,1803
362,93.2900,93.3100,93.2800,93.3000,2100
363,93.3100,93.3300,93.2800,93.2900,3600
364,93.2500,93.3000,93.2500,93.3000,6600
365,93.2900,93.3350,93.2801,93.3000,6061
366,93.3100,93.3400,93.2800,93.3050,4300
367,93.3050,93.3400,93.3050,93.3100,4007
368,93.3200,93.3900,93.3200,93.3900,2100
369,93.3900,93.4400,93.3800,93.4400,3210
370,93.4500,93.4650,93.4300,93.4600,1500
371,93.4550,93.4900,93.4550,93.4550,3535
372,93.4600,93.4800,93.4500,93.4500,6108
373,93.4500,93.4650,93.4500,93.4600,1600
374,93.4600,93.4700,93.4100,93.4500,7550
375,93.4500,93.4900,93.4300,93.4800,5772
376,93.5000,93.6000,93.4745,93.5700,4640
377,93.5600,93.6000,93.5600,93.6000,4356
378,93.5900,93.6700,93.5700,93.6400,4350
379,93.6400,93.6500,93.6001,93.6001,2456
380,93.6000,93.6100,93.5900,93.6100,5073
381,93.6000,93.6900,93.6000,93.6800,5001
382,93.6800,93.7300,93.6700,93.7300,3706
383,93.7300,93.7300,93.6400,93.6400,8773
384,93.6400,93.6400,93.5800,93.6200,4583
385,93.6000,93.6100,93.5600,93.5600,5743
386,93.5900,93.6100,93.5600,93.5750,6285
387,93.5800,93.6250,93.5500,93.6150,8486
388,93.6000,93.6300,93.5700,93.5850,8457
389,93.5900,93.6200,93.5800,93.6000,13006
390,93.6000,93.6800,93.5900,93.6400,15627