AAPL,Apple Inc.,Information Technology,7,Technology Hardware Storage & Peripherals,814459689708,26889080
a1499272200,154.3300,154.4500,154.3000,154.3500,206692
2,154.3600,154.4100,154.3100,154.3675,155570
3,154.3600,154.3700,154.0700,154.0800,221175
4,154.0738,154.1000,153.7700,153.9100,353165
5,153.8900,153.8950,153.5900,153.6200,184973
6,153.6200,154.0300,153.6000,153.9962,226790
7,153.9984,153.9984,153.7500,153.7596,113315
8,153.7700,153.9300,153.7600,153.7782,141500
9,153.7700,153.8800,153.7500,153.8800,75409
10,153.8850,153.9700,153.7500,153.8200,166442
11,153.8101,153.8500,153.7700,153.8444,149128
12,153.8400,153.9300,153.7800,153.9300,106255
13,153.9400,153.9400,153.8300,153.8300,86586
14,153.8400,153.8741,153.7700,153.8200,141730
15,153.8200,153.8800,153.7900,153.8000,117518
16,153.8000,153.8900,153.6800,153.8156,194841
17,153.8100,153.9700,153.8100,153.9311,147006
18,153.9400,154.1700,153.9399,154.0800,212186
19,154.0800,154.1100,154.0200,154.0700,123554
20,154.0628,154.0628,153.8000,153.8238,161459
21,153.8200,153.8900,153.7900,153.8000,126789
22,153.8000,153.8300,153.6600,153.6700,157667
23,153.6600,153.8212,153.4600,153.5700,275375
24,153.5658,153.8500,153.5588,153.7750,264609
25,153.7759,153.7759,153.6650,153.7393,100627
26,153.7300,153.9199,153.7133,153.9050,103127
27,153.9028,154.0000,153.8500,153.9601,146081
28,153.9700,154.1000,153.9600,154.0650,85636
29,154.0600,154.1700,154.0000,154.0800,101879
30,154.0800,154.1100,154.0700,154.0939,63100
31,154.0900,154.2000,154.0100,154.1711,142840
32,154.1800,154.2500,154.1400,154.1990,119509
33,154.1950,154.3400,154.1600,154.2802,206013
34,154.2836,154.3800,154.2650,154.3230,104446
35,154.3210,154.3300,154.2100,154.2100,82983
36,154.2100,154.2200,154.1300,154.1300,70509
37,154.1300,154.1700,154.0100,154.0700,117657
38,154.0642,154.0700,153.8700,153.8754,83669
39,153.8750,153.9300,153.8500,153.9208,57127
40,153.9200,153.9300,153.8500,153.8700,71646
41,153.8700,153.8799,153.7900,153.8700,96834
42,153.8500,153.8799,153.6700,153.6735,92173
43,153.6700,153.7500,153.6600,153.7000,72886
44,153.7000,153.7500,153.6800,153.6976,46399
45,153.6950,153.7200,153.6600,153.6980,85674
46,153.6950,153.7800,153.6700,153.7800,80363
47,153.7800,153.8200,153.7500,153.8200,68779
48,153.8200,153.9300,153.8000,153.8500,62071
49,153.8535,153.8993,153.8300,153.8500,59339
50,153.8500,153.8777,153.8000,153.8678,39024
51,153.8640,153.9054,153.8200,153.8254,37040
52,153.8250,153.8250,153.7200,153.7956,83348
53,153.7930,153.8300,153.7600,153.7900,46618
54,153.7900,153.8200,153.7500,153.7900,43432
55,153.7800,153.8200,153.7499,153.8100,52295
56,153.8100,153.8617,153.8000,153.8300,35665
57,153.8200,153.8600,153.8000,153.8400,41116
58,153.8500,153.8800,153.8300,153.8500,34397
59,153.8600,153.8800,153.8300,153.8350,30631
60,153.8300,153.8700,153.8100,153.8500,32507
61,153.8500,153.9700,153.8500,153.9111,52794
62,153.9111,153.9900,153.8900,153.9600,70606
63,153.9557,153.9900,153.9400,153.9799,47165
64,153.9700,153.9874,153.9443,153.9700,32958
65,153.9700,154.0690,153.9500,153.9600,88623
66,153.9600,154.0100,153.9100,153.9100,52019
67,153.9050,153.9400,153.8500,153.9400,53328
68,153.9400,153.9700,153.9000,153.9545,46154
69,153.9559,153.9700,153.9126,153.9500,32491
70,153.9400,154.0000,153.9200,153.9900,30420
71,153.9900,154.0900,153.9800,154.0900,54219
72,154.0890,154.1300,154.0601,154.0800,50767
73,154.0890,154.2400,154.0800,154.2000,71899
74,154.1900,154.2400,154.1900,154.2200,58523
75,154.2200,154.2500,154.1900,154.2300,110750
76,154.2300,154.2500,154.2200,154.2375,44798
77,154.2400,154.3100,154.2400,154.2918,96192
78,154.2900,154.3400,154.2700,154.3350,61577
79,154.3400,154.3800,154.3101,154.3700,66972
80,154.3700,154.3800,154.3400,154.3500,28606
81,154.3400,154.3600,154.3000,154.3500,70361
82,154.3427,154.3800,154.3200,154.3400,46690
83,154.3500,154.3653,154.3327,154.3600,35112
84,154.3600,154.3600,154.2200,154.2290,80362
85,154.2250,154.2647,154.2100,154.2152,31743
86,154.2100,154.2300,154.1100,154.1300,42254
87,154.1253,154.1500,154.0900,154.1500,38430
88,154.1453,154.1600,154.0200,154.0400,43630
89,154.0400,154.0400,153.9200,153.9290,69073
90,153.9300,153.9300,153.7878,153.7900,90648
91,153.7900,153.8400,153.7900,153.8102,64362
92,153.8200,153.8600,153.7700,153.7700,88957
93,153.7700,153.7900,153.6900,153.7200,88799
94,153.7200,153.7654,153.7143,153.7401,61069
95,153.7400,153.7800,153.7000,153.7500,67983
96,153.7550,153.8200,153.7500,153.8150,39468
97,153.8100,153.8700,153.7700,153.8400,67191
98,153.8300,153.8639,153.8200,153.8550,28897
99,153.8511,153.9000,153.8250,153.9000,49937
100,153.9000,153.9200,153.8800,153.8900,26307
101,153.8900,153.9900,153.8900,153.9500,56824
102,153.9599,154.0200,153.9521,153.9700,74679
103,154.0100,154.0200,153.9000,153.9500,71462
104,153.9500,154.0300,153.9492,154.0300,61881
105,154.0300,154.0486,153.9500,153.9500,54623
106,153.9490,154.0400,153.9490,154.0400,32002
107,154.0360,154.0600,154.0300,154.0450,27098
108,154.0500,154.0500,154.0100,154.0200,20367
109,154.0100,154.0300,153.9700,153.9800,34606
110,153.9807,154.0000,153.9600,153.9600,15691
111,153.9700,153.9800,153.8400,153.8700,66995
112,153.8800,153.9000,153.8600,153.8652,22245
113,153.8684,153.8800,153.8300,153.8300,43462
114,153.8300,153.8600,153.8000,153.8100,39138
115,153.8100,153.8300,153.7900,153.8100,67368
116,153.8000,153.8000,153.6800,153.6807,93387
117,153.6890,153.7490,153.6800,153.7000,61356
118,153.7100,153.7450,153.7100,153.7300,44585
119,153.7300,153.7500,153.7100,153.7300,69741
120,153.7200,153.7300,153.7000,153.7150,50964
121,153.7150,153.7924,153.6900,153.7875,90787
122,153.7900,153.8300,153.7700,153.8300,44115
123,153.8300,153.8600,153.8000,153.8415,40225
124,153.8400,153.8500,153.8200,153.8200,25744
125,153.8200,153.8252,153.7500,153.8000,47654
126,153.8000,153.9000,153.7900,153.8682,27846
127,153.8590,153.8800,153.8350,153.8455,29316
128,153.8400,153.8700,153.8200,153.8400,22763
129,153.8400,153.8639,153.8300,153.8639,13868
130,153.8650,153.9400,153.8650,153.8713,25784
131,153.8800,153.9061,153.8700,153.8800,28516
132,153.8841,153.8935,153.8550,153.8900,22704
133,153.8950,153.8950,153.8435,153.8700,43007
134,153.8501,153.8700,153.8272,153.8700,30158
135,153.8670,153.8900,153.8350,153.8414,31046
136,153.8499,153.8700,153.8256,153.8300,31206
137,153.8400,153.8600,153.8200,153.8293,30063
138,153.8230,153.8230,153.7665,153.7745,36847
139,153.7700,153.8400,153.7700,153.8400,24178
140,153.8400,153.8600,153.7910,153.8600,25767
141,153.8600,153.8800,153.8300,153.8499,15621
142,153.8500,153.8560,153.8051,153.8051,18365
143,153.8000,153.8000,153.7500,153.7500,37984
144,153.7500,153.7800,153.7300,153.7600,42766
145,153.7500,153.7800,153.7400,153.7500,27164
146,153.7553,153.7800,153.7000,153.7400,64931
147,153.7400,153.7600,153.7200,153.7347,20831
148,153.7360,153.7700,153.7300,153.7500,36857
149,153.7400,153.8000,153.7400,153.7800,31259
150,153.7800,153.8300,153.7773,153.8100,27627
151,153.8100,153.8200,153.7700,153.7900,65035
152,153.7900,153.7900,153.7400,153.7700,18300
153,153.7700,153.8100,153.7700,153.7827,23115
154,153.7897,153.8200,153.7700,153.7800,15590
155,153.7900,153.8100,153.7600,153.7600,25157
156,153.7600,153.7990,153.7301,153.7557,38345
157,153.7500,153.7600,153.7200,153.7420,19804
158,153.7450,153.7800,153.7400,153.7600,15038
159,153.7600,153.7700,153.7400,153.7618,21351
160,153.7650,153.7900,153.7300,153.7300,24633
161,153.7300,153.7600,153.7200,153.7400,18499
162,153.7400,153.7800,153.7150,153.7700,26543
163,153.7749,153.7800,153.7487,153.7550,17885
164,153.7500,153.7938,153.7500,153.7800,19635
165,153.7800,153.8400,153.7800,153.8338,33396
166,153.8300,153.8749,153.8292,153.8500,37335
167,153.8500,153.9300,153.8482,153.9200,39877
168,153.9101,153.9300,153.8750,153.8900,46433
169,153.8900,153.9500,153.8600,153.9450,54956
170,153.9450,153.9500,153.8900,153.8900,32068
171,153.8900,153.9000,153.8200,153.8300,41499
172,153.8300,153.8300,153.7700,153.7800,35289
173,153.7900,153.8600,153.7800,153.8410,32283
174,153.8457,153.8700,153.8300,153.8600,23682
175,153.8600,153.8900,153.8460,153.8600,22746
176,153.8556,153.8600,153.8301,153.8349,24855
177,153.8399,153.8500,153.8100,153.8165,19078
178,153.8300,153.8800,153.7800,153.8500,35312
179,153.8500,153.8701,153.8400,153.8701,18882
180,153.8700,153.9400,153.8700,153.9201,32828
181,153.9200,153.9201,153.8800,153.9100,33952
182,153.9200,153.9300,153.8850,153.9201,26104
183,153.9200,153.9400,153.8700,153.8901,36276
184,153.9000,153.9000,153.8600,153.8600,16881
185,153.8601,153.8900,153.8600,153.8600,15096
186,153.8600,153.8700,153.8400,153.8650,22989
187,153.8650,153.8650,153.8400,153.8500,16464
188,153.8526,153.8900,153.8426,153.8700,21256
189,153.8700,153.8739,153.8500,153.8518,9012
190,153.8500,153.8693,153.8400,153.8550,13650
191,153.8515,153.9000,153.8500,153.8700,35118
192,153.8742,153.9000,153.8600,153.8900,22331
193,153.8950,153.9100,153.8900,153.8900,18302
194,153.8800,153.8900,153.8500,153.8711,15545
195,153.8750,153.9000,153.8600,153.9000,16633
196,153.9085,153.9100,153.8600,153.8700,29904
197,153.8649,153.8700,153.8500,153.8600,23479
198,153.8560,153.8600,153.8400,153.8499,20673
199,153.8458,153.8650,153.8300,153.8570,27992
200,153.8600,153.8600,153.8100,153.8150,21940
201,153.8100,153.8300,153.7900,153.7900,31675
202,153.8000,153.8400,153.7947,153.8300,32546
203,153.8300,153.8500,153.8100,153.8200,21511
204,153.8300,153.8500,153.7700,153.7925,44740
205,153.7956,153.7956,153.7300,153.7400,41697
206,153.7400,153.7700,153.7300,153.7600,27590
207,153.7600,153.7900,153.7400,153.7799,21064
208,153.7794,153.8800,153.7794,153.8700,30103
209,153.8700,153.8744,153.7873,153.7873,32095
210,153.7882,153.8300,153.7800,153.8300,17922
211,153.8401,153.8500,153.8200,153.8500,20866
212,153.8510,153.8800,153.8000,153.8100,24250
213,153.8100,153.8400,153.7900,153.8241,23665
214,153.8257,153.8500,153.8000,153.8100,18816
215,153.8000,153.8283,153.7900,153.8135,13734
216,153.8150,153.8700,153.8000,153.8535,35282
217,153.8450,153.8800,153.8200,153.8400,21592
218,153.8400,153.8500,153.8200,153.8200,26746
219,153.8278,153.8900,153.8278,153.8600,25423
220,153.8500,153.8700,153.8300,153.8700,28592
221,153.8600,153.8900,153.8300,153.8500,20379
222,153.8690,153.9050,153.8500,153.8700,31210
223,153.8700,153.8850,153.8598,153.8700,20429
224,153.8700,153.8850,153.8600,153.8850,21995
225,153.8800,153.9200,153.8800,153.9000,44489
226,153.9044,153.9900,153.9000,153.9800,44667
227,153.9899,154.0700,153.9800,154.0318,132370
228,154.0400,154.1000,154.0201,154.0899,61241
229,154.0700,154.1300,154.0600,154.0800,61433
230,154.0799,154.1700,154.0700,154.1330,55850
231,154.1400,154.1400,154.0300,154.0400,54920
232,154.0600,154.0999,154.0565,154.0800,26996
233,154.0800,154.1500,154.0699,154.0930,41740
234,154.1000,154.1000,154.0190,154.0407,31224
235,154.0400,154.0600,154.0150,154.0500,21965
236,154.0500,154.0500,154.0200,154.0200,9873
237,154.0147,154.0300,153.9200,153.9642,61140
238,153.9700,153.9900,153.9600,153.9700,9862
239,153.9710,153.9800,153.9500,153.9744,12838
240,153.9750,154.0050,153.9675,153.9800,21043
241,153.9800,153.9800,153.8700,153.9000,62639
242,153.9000,153.9100,153.8300,153.9000,68345
243,153.9000,153.9650,153.9000,153.9550,26068
244,153.9400,153.9561,153.9000,153.9000,10763
245,153.9000,153.9356,153.8900,153.9159,17252
246,153.9200,153.9900,153.9200,153.9400,18925
247,153.9350,153.9350,153.8900,153.9000,12505
248,153.8900,153.9450,153.8900,153.9300,19770
249,153.9327,153.9400,153.9000,153.9400,14560
250,153.9400,153.9525,153.9300,153.9400,32473
251,153.9401,153.9500,153.8800,153.9400,31208
252,153.9300,153.9700,153.9300,153.9601,17538
253,153.9700,154.0500,153.9700,154.0500,38544
254,154.0500,154.0500,154.0100,154.0100,24534
255,154.0100,154.0350,154.0000,154.0000,31932
256,153.9950,154.0100,153.9800,154.0014,19517
257,154.0037,154.0037,153.9700,153.9900,16855
258,153.9956,154.0300,153.9950,154.0100,24584
259,154.0050,154.0300,154.0000,154.0000,21377
260,154.0000,154.0250,153.9700,153.9707,26737
261,153.9738,153.9738,153.9200,153.9350,22551
262,153.9301,153.9399,153.9000,153.9150,23135
263,153.9150,153.9800,153.9100,153.9110,44092
264,153.9153,153.9200,153.8500,153.9100,44743
265,153.9100,153.9500,153.8900,153.9050,27162
266,153.9052,153.9100,153.8600,153.8750,40939
267,153.8700,153.8969,153.8300,153.8700,73963
268,153.8700,153.8700,153.8100,153.8200,19038
269,153.8200,153.8200,153.7400,153.7549,68398
270,153.7590,153.7590,153.7100,153.7300,36087
271,153.7200,153.7300,153.6600,153.6792,57583
272,153.6849,153.7700,153.6650,153.7050,51266
273,153.7000,153.7300,153.6900,153.7200,41238
274,153.7300,153.7800,153.7100,153.7600,20823
275,153.7712,153.7800,153.7400,153.7713,34063
276,153.7786,153.8283,153.7600,153.7990,33131
277,153.7900,153.7900,153.7600,153.7700,18359
278,153.7750,153.8000,153.7600,153.7600,17917
279,153.7600,153.8100,153.7500,153.8100,39825
280,153.8100,153.8150,153.7700,153.7900,36975
281,153.8000,153.8100,153.7600,153.7700,31349
282,153.7600,153.7800,153.7550,153.7700,27942
283,153.7714,153.8000,153.7640,153.7900,21872
284,153.7900,153.7902,153.7700,153.7800,11980
285,153.7850,153.8000,153.7600,153.7898,37149
286,153.7831,153.8300,153.7600,153.8300,32044
287,153.8300,153.8300,153.7600,153.7600,12523
288,153.7537,153.7800,153.7500,153.7799,30761
289,153.7700,153.7800,153.7500,153.7600,16592
290,153.7600,153.7750,153.7100,153.7600,41866
291,153.7625,153.7650,153.7200,153.7384,17977
292,153.7400,153.7500,153.7000,153.7000,32682
293,153.7000,153.8300,153.7000,153.8300,64543
294,153.8300,153.8300,153.7700,153.7950,19714
295,153.7957,153.7999,153.7500,153.7700,20542
296,153.7700,153.7900,153.7300,153.7800,26461
297,153.7800,153.8200,153.7800,153.8100,16676
298,153.8100,153.8250,153.7800,153.7900,31341
299,153.7900,153.7900,153.7750,153.7761,11442
300,153.7900,153.8100,153.7750,153.8100,28728
301,153.8159,153.8331,153.8100,153.8100,19090
302,153.8100,153.8400,153.8100,153.8250,46971
303,153.8300,153.8300,153.8100,153.8114,23882
304,153.8200,153.8300,153.8100,153.8300,20256
305,153.8400,153.8400,153.8100,153.8191,17171
306,153.8200,153.8200,153.8100,153.8200,16479
307,153.8200,153.8200,153.8100,153.8200,14229
308,153.8200,153.8300,153.8100,153.8100,13645
309,153.8101,153.8200,153.7700,153.8000,27295
310,153.8100,153.8700,153.8100,153.8600,33204
311,153.8700,153.9000,153.8173,153.8200,35418
312,153.8200,153.8500,153.7942,153.8450,30152
313,153.8490,153.9217,153.8450,153.9200,30212
314,153.9300,153.9400,153.8700,153.8900,38383
315,153.8900,153.9400,153.8810,153.9352,24628
316,153.9357,153.9600,153.9000,153.9199,43927
317,153.9200,153.9500,153.9000,153.9400,18284
318,153.9351,153.9500,153.9000,153.9200,12077
319,153.9200,153.9600,153.9000,153.9244,12809
320,153.9200,153.9300,153.8800,153.8865,10030
321,153.8900,153.9210,153.8900,153.9150,23125
322,153.9000,153.9300,153.9000,153.9001,17335
323,153.9057,153.9143,153.8900,153.9052,28211
324,153.9000,153.9286,153.9000,153.9100,14747
325,153.9050,153.9100,153.8600,153.8700,21007
326,153.8700,153.8900,153.8400,153.8447,16115
327,153.8400,153.8400,153.7900,153.8000,24723
328,153.7900,153.8190,153.7786,153.7800,24422
329,153.7800,153.8000,153.7400,153.7500,33665
330,153.7400,153.8000,153.7400,153.7600,55879
331,153.7600,153.7800,153.7400,153.7600,23739
332,153.7600,153.7700,153.7200,153.7500,22254
333,153.7400,153.7500,153.7200,153.7300,14510
334,153.7223,153.7264,153.6900,153.7052,65471
335,153.7000,153.7600,153.7000,153.7500,25534
336,153.7500,153.7886,153.7500,153.7634,16840
337,153.7700,153.7886,153.7500,153.7557,17955
338,153.7500,153.7900,153.7500,153.7800,24100
339,153.7800,153.7800,153.7400,153.7600,24223
340,153.7548,153.8900,153.7400,153.8100,72441
341,153.8250,153.8600,153.7800,153.8100,69267
342,153.8200,153.8500,153.7950,153.8499,20203
343,153.8400,153.8600,153.8200,153.8500,37952
344,153.8500,153.8900,153.8300,153.8750,50237
345,153.8750,153.9100,153.8600,153.8600,25381
346,153.8656,153.9000,153.8550,153.8700,43662
347,153.8601,153.9600,153.8600,153.9450,57874
348,153.9490,153.9600,153.8800,153.8900,47584
349,153.8900,153.8900,153.8400,153.8700,50418
350,153.8630,153.8700,153.8350,153.8350,44794
351,153.8300,153.8350,153.7601,153.7708,73492
352,153.7700,153.7800,153.7299,153.7500,46121
353,153.7600,153.7900,153.7500,153.7537,26692
354,153.7572,153.7800,153.6850,153.6900,74736
355,153.6900,153.7400,153.6100,153.6450,115206
356,153.6452,153.7500,153.5900,153.6978,169941
357,153.7001,153.7400,153.6500,153.6900,37853
358,153.6964,153.8400,153.6964,153.8400,63804
359,153.8300,153.8300,153.7700,153.7750,40808
360,153.7700,153.8500,153.7500,153.8500,46921
361,153.8400,153.8400,153.7600,153.7900,65510
362,153.7950,153.8200,153.7500,153.7550,46550
363,153.7550,153.7900,153.7500,153.7900,22382
364,153.7811,153.8100,153.7400,153.7500,35620
365,153.7400,153.7700,153.7100,153.7400,29089
366,153.7500,153.8400,153.7500,153.8210,63247
367,153.8225,153.8261,153.7500,153.8000,37082
368,153.7950,153.8400,153.7900,153.7910,39278
369,153.7950,153.8300,153.7900,153.8000,38652
370,153.8100,153.8300,153.7800,153.8200,31387
371,153.8200,153.8300,153.7800,153.8300,51544
372,153.8300,153.8400,153.7600,153.8100,59142
373,153.8100,153.8200,153.7600,153.7900,45606
374,153.7847,153.8300,153.7847,153.8150,31562
375,153.8100,153.8300,153.8000,153.8100,25673
376,153.8100,153.8300,153.8000,153.8200,32341
377,153.8200,153.8300,153.8200,153.8200,18498
378,153.8250,153.8300,153.8100,153.8200,31678
379,153.8200,153.8300,153.7900,153.8000,42966
380,153.8000,153.8500,153.7700,153.8400,87674
381,153.8100,153.8500,153.8050,153.8130,91305
382,153.8150,153.8500,153.8150,153.8201,53875
383,153.8290,153.8800,153.8200,153.8764,88394
384,153.8701,153.8800,153.8400,153.8700,62980
385,153.8650,153.8850,153.8400,153.8800,64197
386,153.8836,153.9400,153.8800,153.9300,106492
387,153.9250,153.9400,153.9100,153.9400,87950
388,153.9400,153.9400,153.8600,153.8800,135298
389,153.8899,153.8899,153.8000,153.8200,120611
390,153.8250,153.9500,153.8200,153.9300,1131255