ADI,Analog Devices Inc.,Information Technology,7,Semiconductors,28445120708,4349555
a1499272200,81.0300,81.1683,81.0100,81.0850,25651
2,81.0806,81.1350,80.9100,81.0000,29565
3,80.9400,80.9800,80.6500,80.7800,49300
4,80.7900,80.9699,80.7900,80.9200,6765
5,80.8600,80.9100,80.6800,80.7581,16846
6,80.6900,80.8600,80.6900,80.8600,25216
7,80.9022,81.1500,80.8600,81.0500,31863
8,81.0600,81.0700,81.0100,81.0600,5185
9,81.0400,81.1900,81.0400,81.1800,10706
10,81.1800,81.2000,81.1000,81.1200,53082
11,81.1200,81.1250,81.0350,81.0550,29400
12,81.0550,81.1800,81.0500,81.1662,23230
13,81.1700,81.3000,81.1500,81.2500,66204
14,81.2500,81.2800,81.1200,81.1500,21074
15,81.1300,81.1400,80.9700,81.0100,10518
16,81.0000,81.0700,80.9700,80.9900,12350
17,80.9700,80.9700,80.8000,80.8000,14462
18,80.8100,80.8300,80.7200,80.7900,18326
19,80.7827,80.8000,80.6300,80.6800,28388
20,80.6800,80.7000,80.6000,80.6150,8489
21,80.5950,80.6600,80.5950,80.6500,7198
22,80.6500,80.6500,80.4200,80.4600,22368
23,80.4531,80.5700,80.3300,80.5400,26389
24,80.4900,80.5700,80.4700,80.4900,13300
25,80.4716,80.5300,80.4500,80.5200,16988
26,80.5500,80.6400,80.5310,80.5700,5943
27,80.5600,80.5800,80.4500,80.4500,8342
28,80.4500,80.4500,80.3300,80.4100,4837
29,80.4100,80.4100,80.2300,80.2300,10387
30,80.2599,80.2900,80.1500,80.2900,28503
31,80.2900,80.3600,80.2400,80.3400,13141
32,80.3600,80.4200,80.2700,80.3100,18891
33,80.3000,80.3900,80.3000,80.3500,9983
34,80.3400,80.3500,80.1900,80.1900,21039
35,80.1700,80.2099,80.1200,80.2099,30671
36,80.2100,80.2600,80.2000,80.2600,3400
37,80.2300,80.2300,80.1200,80.1400,6924
38,80.1200,80.2300,80.1200,80.2300,8673
39,80.2500,80.2800,80.2300,80.2300,3656
40,80.2100,80.3400,80.2100,80.3400,7885
41,80.3400,80.3500,80.2500,80.2500,8590
42,80.2700,80.3000,80.2000,80.2000,7155
43,80.1800,80.2000,80.1422,80.1700,9885
44,80.1800,80.2500,80.0800,80.1400,31755
45,80.1100,80.1814,80.1100,80.1500,7646
46,80.1501,80.2000,80.1300,80.1500,9629
47,80.1500,80.1500,80.1200,80.1446,17102
48,80.1500,80.1900,80.1200,80.1400,30600
49,80.1499,80.2000,80.1300,80.2000,11771
50,80.1800,80.2100,80.1600,80.1600,8701
51,80.1600,80.1700,80.0500,80.0800,21895
52,80.0695,80.1000,79.8200,80.1000,104030
53,80.0900,80.1500,80.0200,80.1012,42501
54,80.1000,80.1000,80.0400,80.0553,10130
55,80.0550,80.1000,80.0200,80.0950,27431
56,80.1000,80.1800,80.0800,80.1698,26217
57,80.1600,80.1700,80.0810,80.1200,17299
58,80.1100,80.1300,80.0900,80.1000,19293
59,80.1000,80.1500,80.0800,80.0800,29520
60,80.0800,80.0800,80.0000,80.0300,9583
61,80.0250,80.0800,80.0250,80.0400,13160
62,80.0300,80.0300,79.9600,79.9850,8525
63,79.9800,80.0100,79.9400,79.9600,5845
64,79.9699,79.9699,79.8600,79.9000,16787
65,79.8900,80.0193,79.8900,79.9900,14102
66,79.9900,80.0200,79.9700,79.9700,9433
67,79.9600,79.9999,79.9500,79.9700,9733
68,79.9615,79.9729,79.9500,79.9600,5050
69,79.9650,79.9800,79.8300,79.8600,25047
70,79.8900,79.9400,79.8700,79.9400,8976
71,79.9400,79.9900,79.9400,79.9500,5133
72,79.9400,79.9500,79.9100,79.9200,11536
73,79.9200,79.9200,79.8800,79.9000,9064
74,79.8980,79.9100,79.8545,79.9000,16183
75,79.9000,79.9100,79.8620,79.8800,6502
76,79.8700,79.9249,79.8600,79.9000,9325
77,79.8950,79.9000,79.8400,79.8400,8868
78,79.8500,79.8900,79.8500,79.8600,11356
79,79.8699,79.8800,79.7600,79.8500,44209
80,79.8400,79.8699,79.7800,79.7800,9919
81,79.7600,79.7950,79.7300,79.7400,13941
82,79.7500,79.7600,79.6800,79.7100,23857
83,79.7200,79.7400,79.6300,79.6600,11862
84,79.6700,79.7400,79.6601,79.7300,8191
85,79.7400,79.8500,79.7400,79.8100,30133
86,79.8100,79.8200,79.7750,79.8100,9546
87,79.8048,79.8100,79.7400,79.8000,14881
88,79.8050,79.8400,79.7250,79.7500,17647
89,79.7500,79.7500,79.6700,79.6700,13125
90,79.6800,79.7000,79.6400,79.6600,16193
91,79.6500,79.7100,79.5900,79.6900,27219
92,79.6900,79.7500,79.6701,79.7450,15107
93,79.7350,79.7600,79.6950,79.7200,20030
94,79.7200,79.7650,79.7100,79.7200,6853
95,79.7250,79.7500,79.6850,79.7350,8150
96,79.7450,79.7900,79.7450,79.7899,10053
97,79.7600,79.8500,79.7400,79.8500,9584
98,79.8500,79.9200,79.8300,79.8992,35979
99,79.9200,79.9500,79.9000,79.9000,26766
100,79.9000,79.9400,79.9000,79.9400,5621
101,79.9254,80.0500,79.9254,80.0100,40813
102,80.0190,80.0500,80.0100,80.0350,20334
103,80.0350,80.0500,80.0000,80.0400,33033
104,80.0300,80.0500,79.9800,79.9900,20604
105,79.9950,80.0400,79.9900,80.0100,11930
106,80.0050,80.0100,79.9000,79.9300,53600
107,79.9400,79.9900,79.9400,79.9600,12900
108,79.9500,79.9500,79.9100,79.9100,7223
109,79.9200,79.9200,79.9000,79.9100,1850
110,79.9200,79.9200,79.8900,79.8950,8262
111,79.8900,79.8990,79.8200,79.8250,18835
112,79.8250,79.9200,79.8010,79.9005,25239
113,79.9150,79.9600,79.9150,79.9600,13370
114,79.9550,79.9700,79.9200,79.9200,21539
115,79.9300,79.9900,79.9300,79.9650,11048
116,79.9600,79.9600,79.8600,79.8600,13518
117,79.8700,79.9300,79.8000,79.8000,21595
118,79.8000,79.8000,79.7400,79.7400,8416
119,79.7400,79.7600,79.7000,79.7000,3513
120,79.7000,79.7500,79.7000,79.7350,6458
121,79.7500,79.7900,79.7300,79.7491,8808
122,79.7300,79.7400,79.6700,79.6900,9208
123,79.7000,79.7300,79.7000,79.7300,3235
124,79.7300,79.7400,79.7000,79.7000,5392
125,79.6950,79.8000,79.6900,79.8000,5845
126,79.7950,79.8000,79.7900,79.7950,9534
127,79.7910,79.8000,79.7337,79.7400,10240
128,79.7450,79.7700,79.7300,79.7350,9953
129,79.7350,79.7750,79.7350,79.7700,6878
130,79.7600,79.7900,79.7500,79.7900,9045
131,79.8000,79.8400,79.8000,79.8000,4201
132,79.8042,79.8500,79.8042,79.8500,16987
133,79.8500,79.9900,79.8500,79.9700,36040
134,79.9650,79.9700,79.9300,79.9700,8199
135,79.9600,79.9700,79.9400,79.9400,4700
136,79.9400,79.9400,79.8800,79.8932,4848
137,79.8850,79.8900,79.8100,79.8100,6774
138,79.8100,79.8700,79.8100,79.8662,7826
139,79.8650,79.8950,79.8550,79.8750,7729
140,79.8750,79.8750,79.8200,79.8699,6283
141,79.8600,79.8700,79.8201,79.8300,5271
142,79.8200,79.8400,79.7500,79.7600,22245
143,79.7500,79.7500,79.6400,79.6400,11863
144,79.6500,79.7200,79.6330,79.7200,5539
145,79.7000,79.7600,79.7000,79.7400,13950
146,79.7650,79.8000,79.7000,79.7100,14574
147,79.7000,79.7100,79.6600,79.6600,5145
148,79.6700,79.7200,79.6700,79.7000,4350
149,79.7058,79.7058,79.6400,79.6600,4140
150,79.6500,79.6900,79.6500,79.6800,4325
151,79.6900,79.7000,79.5900,79.5900,16666
152,79.5900,79.6100,79.5610,79.5786,16507
153,79.5899,79.5899,79.5100,79.5500,11945
154,79.5500,79.6098,79.5400,79.5400,10720
155,79.5545,79.5545,79.4200,79.4250,19683
156,79.4300,79.4800,79.4200,79.4600,18288
157,79.4500,79.4525,79.3700,79.4200,32552
158,79.4200,79.4500,79.4000,79.4100,3667
159,79.4000,79.4200,79.3300,79.3400,21074
160,79.3500,79.3900,79.3100,79.3192,13144
161,79.3200,79.3400,79.2910,79.3000,9414
162,79.3000,79.3100,79.2600,79.2600,11817
163,79.2700,79.2740,79.1700,79.1850,23308
164,79.1800,79.2400,79.1800,79.2100,9646
165,79.1800,79.2000,79.1700,79.2000,5631
166,79.2000,79.2900,79.2000,79.2450,25558
167,79.2600,79.3200,79.2600,79.3100,7121
168,79.3200,79.3200,79.2300,79.2300,36839
169,79.2350,79.3100,79.2350,79.2750,17097
170,79.2700,79.2800,79.2400,79.2800,14108
171,79.2700,79.3200,79.2600,79.2800,23024
172,79.2700,79.2800,79.2400,79.2700,7913
173,79.2600,79.2700,79.2000,79.2200,12580
174,79.2200,79.2300,79.1800,79.1850,6900
175,79.1800,79.2050,79.1800,79.1900,15552
176,79.2000,79.2500,79.1800,79.2500,11957
177,79.2500,79.2600,79.1900,79.1900,17470
178,79.2000,79.2000,79.1400,79.1408,7441
179,79.1400,79.2000,79.1400,79.2000,6891
180,79.1950,79.2000,79.1300,79.1300,8203
181,79.1500,79.1700,79.0900,79.1000,18545
182,79.0900,79.1100,79.0600,79.0600,16292
183,79.0789,79.1000,79.0700,79.0700,6300
184,79.0600,79.0633,79.0400,79.0600,30048
185,79.0561,79.0935,79.0544,79.0900,9949
186,79.0900,79.1000,79.0400,79.0500,10433
187,79.0500,79.1000,79.0300,79.0500,21290
188,79.0500,79.0500,78.9600,78.9700,42306
189,78.9850,79.0000,78.9300,78.9900,9408
190,78.9800,79.0000,78.9700,78.9860,6256
191,78.9800,78.9800,78.9100,78.9700,19895
192,78.9700,79.0350,78.9600,79.0120,19330
193,79.0100,79.0100,78.9407,78.9500,22727
194,78.9450,78.9600,78.9200,78.9250,5656
195,78.9300,78.9500,78.8750,78.8800,24767
196,78.8800,78.9700,78.8700,78.9600,26670
197,78.9700,78.9700,78.9200,78.9300,21692
198,78.9275,78.9300,78.8500,78.8800,45234
199,78.8800,78.9100,78.8100,78.8450,36601
200,78.8400,78.9300,78.8000,78.9000,51688
201,78.9100,78.9200,78.8430,78.8500,9250
202,78.8460,78.8500,78.7900,78.8300,15674
203,78.8200,78.8200,78.6500,78.7350,45001
204,78.7300,78.7800,78.7000,78.7800,10187
205,78.7600,78.7600,78.6800,78.6800,17566
206,78.6600,78.7300,78.6500,78.7100,17270
207,78.7055,78.7200,78.6800,78.6845,10075
208,78.6700,78.6900,78.6400,78.6600,8292
209,78.6500,78.6500,78.5800,78.6300,51846
210,78.6400,78.7000,78.6400,78.7000,24358
211,78.6985,78.7800,78.6700,78.7800,40323
212,78.7798,78.8000,78.7300,78.7400,21191
213,78.7350,78.7412,78.6700,78.7000,8748
214,78.7000,78.7500,78.6957,78.6957,15090
215,78.6900,78.7000,78.6510,78.7000,5039
216,78.7000,78.7700,78.6950,78.7700,14540
217,78.7624,78.7699,78.6600,78.6600,8209
218,78.6700,78.7500,78.6700,78.7000,6648
219,78.7200,78.7500,78.7200,78.7500,4894
220,78.7300,78.7900,78.7300,78.7900,6971
221,78.7800,78.7800,78.7396,78.7500,19413
222,78.7500,78.7600,78.7200,78.7500,9267
223,78.7500,78.7500,78.7100,78.7400,5163
224,78.7200,78.7900,78.6800,78.7610,16373
225,78.7800,78.8300,78.7750,78.8100,8700
226,78.8100,78.8100,78.7600,78.8000,11634
227,78.7950,78.8200,78.7700,78.7800,22535
228,78.7800,78.8000,78.7800,78.7900,34510
229,78.7900,78.8500,78.7900,78.8500,23734
230,78.8400,78.8400,78.8000,78.8000,8191
231,78.8000,78.8000,78.7600,78.7601,25217
232,78.7800,78.8000,78.7600,78.7850,27891
233,78.7744,78.7900,78.7700,78.7700,5894
234,78.7700,78.8000,78.7700,78.7900,8427
235,78.7950,78.8500,78.7950,78.8400,25452
236,78.8500,78.9100,78.8500,78.9000,27542
237,78.9000,78.9500,78.8800,78.9300,50380
238,78.9300,78.9900,78.9000,78.9300,25028
239,78.9001,78.9300,78.9001,78.9200,7100
240,78.9100,78.9400,78.9100,78.9307,9440
241,78.9400,79.0500,78.9250,78.9400,45814
242,78.9400,78.9500,78.9000,78.9200,134562
243,78.9200,78.9400,78.8900,78.9000,31920
244,78.8900,78.8900,78.8000,78.8600,20981
245,78.8600,78.8700,78.8300,78.8700,11314
246,78.8600,78.9100,78.8500,78.9050,52834
247,78.9100,78.9200,78.8700,78.8750,17402
248,78.8800,78.9000,78.7500,78.7500,87223
249,78.7800,78.8850,78.7800,78.8850,16568
250,78.8800,78.9050,78.8500,78.8500,35810
251,78.8500,78.8550,78.8200,78.8500,11415
252,78.8600,78.8700,78.8500,78.8699,50926
253,78.8700,78.9000,78.8700,78.8950,27832
254,78.8950,78.9000,78.8551,78.8600,13531
255,78.8690,78.8800,78.8400,78.8800,9697
256,78.8800,78.8800,78.8500,78.8700,5765
257,78.8800,78.8800,78.8600,78.8800,2800
258,78.8700,78.9100,78.8700,78.9100,9764
259,78.9050,78.9100,78.8700,78.8900,5601
260,78.8800,78.8900,78.8600,78.8686,8991
261,78.8701,78.9100,78.8700,78.8900,19283
262,78.8950,78.9000,78.8700,78.8700,11876
263,78.8800,78.9000,78.8700,78.9000,6076
264,78.8950,78.9000,78.8700,78.9000,8450
265,78.8800,78.8900,78.8600,78.8800,9739
266,78.8701,78.8900,78.8600,78.8800,6401
267,78.8500,78.8800,78.8500,78.8688,1520
268,78.8700,78.8800,78.8700,78.8800,1820
269,78.8900,78.9000,78.8700,78.8900,14403
270,78.9100,78.9500,78.8700,78.8800,20706
271,78.9000,78.9000,78.8700,78.8800,5614
272,78.8900,78.8900,78.8700,78.8900,4824
273,78.8900,78.9200,78.8900,78.9000,7389
274,78.9000,78.9000,78.8800,78.8850,2400
275,78.8800,78.9000,78.8800,78.8850,6985
276,78.8810,78.9199,78.8700,78.8900,28845
277,78.8900,78.9100,78.8800,78.9000,13383
278,78.9050,78.9050,78.8900,78.9000,2426
279,78.8950,78.9600,78.8950,78.9300,15445
280,78.9350,79.0000,78.9200,78.9800,21317
281,78.9900,78.9900,78.9200,78.9300,8599
282,78.9330,78.9350,78.8900,78.9200,14708
283,78.9000,78.9100,78.8800,78.8800,15242
284,78.9000,78.9000,78.7200,78.7700,51505
285,78.7800,78.7800,78.7000,78.7200,33109
286,78.7100,78.8200,78.7000,78.8200,36088
287,78.7900,78.8000,78.7734,78.7788,6453
288,78.7700,78.7701,78.7500,78.7701,8734
289,78.7800,78.7900,78.7600,78.7700,19592
290,78.7700,78.8100,78.7600,78.8100,21302
291,78.8200,78.8200,78.7850,78.7850,9194
292,78.7900,78.8100,78.7600,78.7650,20646
293,78.7700,78.7850,78.7600,78.7700,6983
294,78.7700,78.7800,78.7600,78.7800,3880
295,78.7900,78.7950,78.7700,78.7700,16320
296,78.7800,78.7900,78.7800,78.7800,1750
297,78.7800,78.8000,78.7700,78.7800,34746
298,78.7800,78.8000,78.7800,78.7900,25573
299,78.8000,78.8100,78.7800,78.7850,29073
300,78.7850,78.7900,78.7500,78.7600,11689
301,78.7600,78.7800,78.7510,78.7724,3974
302,78.7700,78.8000,78.7600,78.7800,7254
303,78.7864,78.8000,78.7300,78.7400,5100
304,78.7450,78.7700,78.7400,78.7400,7911
305,78.7500,78.7500,78.6000,78.6800,23030
306,78.6900,78.7000,78.6150,78.6500,12822
307,78.6600,78.6700,78.6499,78.6500,11427
308,78.6510,78.6530,78.6000,78.6100,34068
309,78.6100,78.6250,78.6000,78.6200,14915
310,78.6200,78.6300,78.6100,78.6200,13370
311,78.6173,78.6300,78.6000,78.6100,14533
312,78.6100,78.6100,78.5800,78.5800,26709
313,78.5700,78.5900,78.5100,78.5900,19745
314,78.5900,78.6000,78.5350,78.5400,16657
315,78.5350,78.5400,78.5200,78.5200,7559
316,78.5250,78.5500,78.5100,78.5500,34927
317,78.5450,78.5550,78.5000,78.5200,52988
318,78.5200,78.5600,78.5200,78.5350,10913
319,78.5400,78.5500,78.5200,78.5200,10409
320,78.5199,78.5200,78.4800,78.4800,22978
321,78.4800,78.4800,78.4100,78.4680,18047
322,78.4600,78.5900,78.4600,78.5450,59655
323,78.5450,78.5500,78.5200,78.5247,13682
324,78.5200,78.5200,78.5000,78.5100,81134
325,78.5100,78.5500,78.5050,78.5450,9653
326,78.5450,78.5950,78.5250,78.5300,29485
327,78.5400,78.5400,78.5200,78.5300,9032
328,78.5200,78.5300,78.4900,78.5000,11090
329,78.5100,78.5100,78.4400,78.4500,16729
330,78.4401,78.4500,78.4000,78.4000,49791
331,78.4000,78.4300,78.3900,78.4300,14835
332,78.4300,78.4600,78.4232,78.4550,7094
333,78.4600,78.4650,78.4301,78.4600,12892
334,78.4700,78.4700,78.4300,78.4399,10833
335,78.4300,78.4300,78.4000,78.4000,12028
336,78.4000,78.5000,78.4000,78.4579,25202
337,78.4500,78.5100,78.4500,78.4950,16033
338,78.4700,78.4900,78.4700,78.4800,5223
339,78.4900,78.4900,78.4500,78.4590,12843
340,78.4448,78.4800,78.4400,78.4700,6835
341,78.4750,78.4750,78.4400,78.4450,7775
342,78.4444,78.4700,78.4444,78.4550,10169
343,78.4550,78.4700,78.4050,78.4050,45385
344,78.4100,78.4300,78.4050,78.4200,12076
345,78.4200,78.4200,78.4000,78.4148,7025
346,78.4175,78.4200,78.3800,78.3800,30846
347,78.3800,78.4000,78.3800,78.3950,9723
348,78.3900,78.3900,78.3300,78.3600,51033
349,78.3600,78.3600,78.3200,78.3200,7683
350,78.3350,78.4000,78.3300,78.4000,14010
351,78.4000,78.4100,78.3800,78.3997,17763
352,78.4100,78.4100,78.3300,78.3400,11640
353,78.3300,78.3700,78.3300,78.3700,5554
354,78.3600,78.3600,78.3400,78.3452,9825
355,78.3462,78.3500,78.3000,78.3000,20993
356,78.3000,78.3100,78.3000,78.3000,15853
357,78.3000,78.3100,78.2650,78.2650,13828
358,78.2600,78.3200,78.2600,78.3000,25297
359,78.3000,78.3250,78.2800,78.3000,17644
360,78.3000,78.4500,78.3000,78.4100,61244
361,78.4000,78.4400,78.4000,78.4200,22584
362,78.4210,78.4600,78.4210,78.4500,33007
363,78.4500,78.5100,78.4500,78.5000,16620
364,78.5050,78.5300,78.4760,78.5000,33304
365,78.5050,78.5200,78.4850,78.5000,19259
366,78.5200,78.5800,78.5000,78.5500,41964
367,78.5470,78.5900,78.5300,78.5800,26124
368,78.5850,78.6700,78.5850,78.6350,28854
369,78.6150,78.6400,78.4700,78.4950,75238
370,78.4900,78.6000,78.4900,78.6000,16545
371,78.6000,78.6600,78.5900,78.6600,20953
372,78.6600,78.6800,78.5900,78.6800,48638
373,78.6800,78.7000,78.6050,78.6150,25507
374,78.6200,78.6500,78.6200,78.6450,14564
375,78.6450,78.6450,78.5500,78.5900,35418
376,78.6000,78.6100,78.5700,78.5800,18885
377,78.5800,78.6100,78.5598,78.5900,17432
378,78.5900,78.5900,78.5600,78.5675,22425
379,78.5900,78.6000,78.5600,78.5900,18452
380,78.5850,78.5900,78.5600,78.5900,26872
381,78.6000,78.6100,78.5600,78.6000,37458
382,78.5900,78.6300,78.5900,78.6100,34022
383,78.6100,78.6700,78.6100,78.6300,29410
384,78.6300,78.6400,78.5850,78.6075,39394
385,78.6100,78.6100,78.5800,78.6100,36473
386,78.6100,78.7200,78.6100,78.7000,50407
387,78.7100,78.7500,78.6931,78.7500,54451
388,78.7500,78.7800,78.7300,78.7400,76949
389,78.7400,78.7500,78.7200,78.7250,48118
390,78.7250,78.7900,78.7100,78.7500,240098