ADS,Alliance Data Systems,Information Technology,7,Data Processing & Outsourced Services,12960307317,680036
a149927220020,238.7200,238.7200,238.7200,238.7200,700
321,238.6300,238.7425,238.6300,238.7425,1500
322,238.7500,238.9400,238.7300,238.9400,6071
323,238.9800,238.9800,238.9800,238.9800,200
324,238.9700,238.9800,238.9700,238.9800,700
325,238.9400,238.9400,238.9200,238.9400,700
329,238.8700,238.8700,238.8700,238.8700,100
330,239.0150,239.0150,239.0150,239.0150,100
331,238.9300,239.0200,238.8050,238.9759,1100
332,238.7500,238.9250,238.7500,238.7500,1698
333,238.7700,238.8000,238.6700,238.6750,2900
334,238.7000,238.7700,238.5600,238.5600,2495
335,238.5650,238.5650,238.5650,238.5650,500
336,238.6100,238.6300,238.5400,238.5400,1000
337,238.5450,238.5450,238.5300,238.5300,600
338,238.5300,238.5700,238.5300,238.5700,1100
339,238.6100,238.8000,238.5975,238.8000,4399
340,238.8000,238.8200,238.7800,238.8200,1500
342,238.8250,238.8250,238.6700,238.7400,2400
343,238.7400,238.7400,238.7100,238.7250,400
344,238.6400,238.6800,238.6400,238.6700,1009
345,238.5600,238.5600,238.4800,238.5300,1600
346,238.5300,238.5300,238.5250,238.5300,1300
347,238.4600,238.4600,238.4600,238.4600,100
348,238.4900,238.6200,238.4900,238.6200,1300
349,238.4700,238.4700,238.2400,238.2400,2000
350,238.2200,238.2400,238.2100,238.2100,400
351,238.0750,238.0750,237.9900,237.9900,1300
352,238.1000,238.1000,238.0000,238.0000,200
353,237.9900,238.0950,237.9800,237.9800,1000
354,237.9800,238.0400,237.8900,237.8900,1200
355,237.8900,238.0400,237.7300,237.9300,4945
356,237.9700,237.9700,237.9400,237.9400,400
357,238.0400,238.0400,237.9300,237.9300,500
358,238.0000,238.0000,237.8100,238.0000,900
359,238.0000,238.0000,237.8300,237.8300,3100
360,237.8900,238.1600,237.8900,238.1600,2129
361,238.1500,238.3300,238.1100,238.3300,1100
362,238.4300,238.4300,238.4300,238.4300,100
363,238.4300,238.4300,238.3900,238.4200,1529
364,238.4300,238.4800,238.4300,238.4700,600
365,238.4375,238.4400,238.2700,238.4400,2458
366,238.3800,238.4400,238.3700,238.4400,2493
367,238.4800,238.4800,238.4302,238.4500,700
369,238.4200,238.5100,238.4200,238.4600,3000
370,238.5100,238.5100,238.4650,238.4650,600
371,238.5100,238.5100,238.5100,238.5100,500
372,238.5100,238.5500,238.4700,238.5400,3563
373,238.4900,238.5000,238.4600,238.4600,1191
374,238.5100,238.5100,238.4200,238.4200,1100
375,238.4100,238.4100,238.2500,238.2800,7187
376,238.3400,238.3400,238.1400,238.1400,700
377,238.0650,238.0700,237.9800,238.0200,700
378,237.9800,237.9800,237.7700,237.7700,900
379,237.7200,237.8200,237.5100,237.5100,2950
380,237.4700,237.6400,237.4200,237.4700,4300
381,237.5200,237.8000,237.4800,237.6450,5451
382,237.5900,237.6300,237.4400,237.5400,2099
383,237.4400,237.5050,237.3600,237.3900,6331
384,237.3400,237.4400,237.2800,237.4000,2943
385,237.3600,237.5100,237.3600,237.4800,2800
386,237.5000,237.7300,237.4850,237.7300,8204
387,237.7000,237.9300,237.6600,237.7800,10202
388,237.7700,237.7700,237.4400,237.5300,11081
389,237.5000,237.6200,237.4100,237.4500,21602
390,237.4550,237.6200,237.2900,237.5800,49053
1,237.8400,237.8550,237.8400,237.8550,1342
2,237.9100,237.9100,237.9100,237.9100,100
5,237.8500,237.9000,237.7800,237.9000,1000
6,237.9500,238.3200,237.9200,238.3200,800
8,238.2300,238.4100,238.2300,238.4100,468
9,238.1600,238.3900,238.1600,238.3900,300
10,238.2300,238.5000,238.2300,238.5000,720
11,238.3200,238.3700,237.8700,237.8700,1300
12,237.6800,237.9850,237.6800,237.7500,1200
13,237.4700,237.4900,237.4300,237.4800,500
14,237.5000,237.5000,237.2700,237.2700,500
15,237.4700,237.4700,237.4500,237.4500,300
16,237.6100,237.7900,237.4950,237.4950,500
19,237.6100,237.9200,237.5000,237.9200,1100
21,237.4500,237.7000,237.2600,237.5850,2804
22,237.6500,237.6500,237.1500,237.1500,2688
23,236.9600,236.9600,236.2300,236.2300,3400
24,236.3600,236.5600,236.2500,236.3200,2501
26,236.4400,236.7550,236.4400,236.7500,1400
27,236.5300,236.8900,236.5000,236.7500,4700
28,236.8000,237.0700,236.7600,236.8000,5600
29,236.7300,236.9050,236.7300,236.7800,1200
30,236.6300,237.1650,236.3700,237.1650,3959
31,237.2100,237.2100,237.2100,237.2100,500
32,237.3700,237.3700,236.8100,236.8100,4215
33,236.9500,237.0300,236.8000,237.0000,3707
34,236.9400,236.9400,236.5800,236.8400,3400
35,236.4601,236.6900,236.4401,236.6900,1000
37,236.4100,236.5800,236.3050,236.5800,1600
38,236.6900,236.7000,236.6900,236.7000,300
42,236.7700,236.8700,236.7700,236.8000,2075
43,237.0600,237.0600,237.0600,237.0600,200
44,236.9100,237.2800,236.8200,236.9100,4000
45,237.0900,237.3500,236.9500,236.9700,4000
46,236.9801,237.1400,236.9501,237.0750,2812
47,237.0700,237.2050,237.0600,237.0750,1500
48,237.0000,237.0100,236.4466,236.5000,6060
49,236.4200,236.4200,235.7600,236.0200,15224
50,235.8400,235.9300,235.3500,235.4000,2500
51,235.6000,235.9800,235.6000,235.8600,900
52,235.9800,235.9800,235.9800,235.9800,100
53,236.1500,236.1500,235.8700,235.8700,200
55,235.9700,235.9700,235.8100,235.8100,600
56,235.7200,236.0800,235.7200,236.0800,300
57,235.8201,236.1000,235.8201,236.1000,1000
58,236.1000,236.2500,236.0250,236.2500,1200
60,236.0000,236.0000,235.6900,235.8800,1400
62,235.7700,235.7700,235.7700,235.7700,100
63,235.5250,235.5250,235.5250,235.5250,100
64,235.5200,235.6700,235.3500,235.3500,1660
65,235.5500,235.5500,235.2100,235.2600,4800
66,235.2200,235.5300,235.2200,235.3700,2741
68,235.2400,235.2400,235.2100,235.2100,500
69,235.0500,235.0501,235.0500,235.0501,200
70,235.3350,235.3350,235.3350,235.3350,100
71,235.0901,235.0901,235.0500,235.0500,200
72,235.3000,235.3100,235.0500,235.0501,600
73,235.1800,235.1800,235.0500,235.1750,500
74,235.1700,235.3400,235.1700,235.3400,1300
75,235.5200,235.6100,235.4450,235.6100,1900
76,235.6500,235.9600,235.6500,235.8900,1984
77,236.0100,236.0100,236.0100,236.0100,100
78,236.0550,236.0550,235.9000,236.0500,300
79,236.0500,236.1500,236.0500,236.1300,900
81,236.3600,236.3600,236.2150,236.2400,400
82,236.3100,236.7300,236.3100,236.7200,1400
83,236.9100,236.9300,236.6400,236.9300,600
84,236.9400,237.2100,236.9400,237.2100,600
86,237.0900,237.1900,237.0900,237.1900,200
87,236.9200,237.0950,236.9000,237.0250,2782
88,236.9100,237.0000,236.9100,237.0000,300
90,236.8900,237.0150,236.8400,236.9600,600
91,236.6200,236.6200,236.4200,236.4200,600
93,236.1900,236.4300,236.1900,236.3100,1800
95,236.2500,236.3600,236.2400,236.2900,1570
96,236.4199,236.4199,236.2950,236.2950,200
97,236.2000,236.2001,236.2000,236.2001,300
98,236.1900,236.1900,236.0900,236.1700,800
99,236.0300,236.0300,235.6500,235.9673,3071
100,235.7500,235.7550,235.7400,235.7400,700
101,235.6300,235.9700,235.6200,235.7500,2300
102,235.7100,235.9100,235.7100,235.9100,200
103,235.7600,236.0800,235.7600,235.9101,9236
104,235.9100,235.9900,235.9000,235.9900,300
105,235.8400,235.8400,235.8400,235.8400,100
106,236.0000,236.0600,235.7800,236.0400,500
107,236.0500,236.0800,235.8800,235.8800,1400
108,236.0600,236.0800,235.9800,235.9800,300
109,236.0800,236.0800,235.9900,235.9900,600
111,236.0600,236.0600,236.0550,236.0550,200
112,235.9600,235.9950,235.8100,235.8100,2200
113,235.7800,235.7800,235.7300,235.7800,1000
114,235.5800,235.5900,235.5800,235.5900,200
115,235.7800,235.7800,235.6100,235.7150,600
116,235.6000,235.7150,235.6000,235.7150,300
117,235.6650,235.6650,235.5200,235.5200,200
118,235.5200,235.6900,235.3400,235.5300,5598
119,235.5400,235.5400,235.3000,235.3000,3164
120,235.3100,235.5500,235.3000,235.5500,4652
121,235.5900,235.7300,235.5500,235.5650,1156
122,235.5600,235.5600,235.5100,235.5100,500
123,235.4100,235.4300,235.3001,235.3001,1300
125,235.5900,235.5900,235.4200,235.4700,1300
126,235.6000,235.6000,235.5600,235.6000,400
127,235.5800,235.5800,235.5800,235.5800,500
128,235.6600,236.5350,235.5800,236.2900,7056
129,236.1400,236.3400,236.0500,236.0500,1900
130,235.9500,236.0200,235.9300,236.0200,500
133,235.9850,236.2400,235.9850,236.0900,1800
134,236.0900,236.0900,235.9400,235.9500,1800
135,236.0300,236.1600,235.9600,235.9600,2600
136,236.0300,236.4000,236.0300,236.4000,3000
137,236.3000,236.3800,236.2500,236.3400,3786
138,236.3500,236.3500,236.2800,236.2800,2600
139,236.3500,236.3500,236.2950,236.2950,200
140,236.3100,236.3100,236.2400,236.2400,200
141,236.4000,236.5000,236.1300,236.1300,4812
142,236.1450,236.2900,236.1450,236.2900,4065
143,236.3100,236.5700,236.2625,236.5700,900
144,236.5025,236.6000,236.4600,236.5500,1100
145,236.6000,236.7000,236.6000,236.6500,1850
146,236.9000,236.9000,236.6200,236.6900,1222
149,236.5000,236.5000,236.5000,236.5000,100
150,236.4300,236.4400,236.4300,236.4400,300
152,236.3400,236.3400,236.2600,236.2600,700
153,236.2900,236.3600,236.2900,236.3500,1300
155,236.3800,236.6300,236.3050,236.6300,1800
156,236.5600,236.5600,236.4400,236.4400,700
158,236.3400,236.3400,236.1200,236.1200,1500
161,236.1500,236.1500,236.0400,236.0400,1000
162,235.8700,235.9300,235.8700,235.8850,300
165,235.8200,235.8200,235.8100,235.8200,400
166,235.6850,235.9100,235.6800,235.6800,1400
167,235.6800,235.6800,235.6800,235.6800,100
168,235.7750,235.9500,235.7750,235.9050,3300
172,235.7700,235.7700,235.7700,235.7700,100
174,235.7400,235.7400,235.7400,235.7400,100
176,235.8250,236.2600,235.8250,236.2600,2925
177,236.1500,236.1900,236.1500,236.1900,300
178,236.0100,236.0500,235.8900,236.0000,4190
179,236.0000,236.1200,235.9500,235.9500,2900
180,235.9100,236.0600,235.8400,235.9500,3200
181,235.9200,236.1850,235.9200,236.1670,1766
183,236.3300,236.3300,236.3300,236.3300,300
184,236.2000,236.2000,236.2000,236.2000,200
185,236.0700,236.1700,236.0300,236.1000,2300
186,236.2600,236.3500,236.2450,236.2450,1400
187,236.3000,236.3000,236.2500,236.3000,1900
188,236.2300,236.3700,236.2300,236.3700,300
190,236.1700,236.3800,236.1700,236.3800,900
192,236.4300,236.4300,236.3250,236.3250,200
195,236.3900,236.3900,236.2300,236.2300,200
196,236.4000,236.4500,236.3250,236.4500,1100
198,236.7900,236.7900,236.6100,236.6100,200
199,236.4700,236.5400,236.4200,236.4700,900
200,236.4950,236.4950,236.3400,236.4450,800
201,236.5300,236.5300,236.4350,236.4350,300
202,236.4350,236.4400,236.4350,236.4400,200
203,236.4350,236.4350,236.4350,236.4350,200
204,236.3800,236.6500,236.3400,236.6500,1100
205,236.6500,236.6500,236.6500,236.6500,200
207,236.5550,236.5550,236.5550,236.5550,100
209,236.4600,236.4600,236.4100,236.4600,593
210,236.3650,236.5000,236.3600,236.4800,400
212,236.5900,236.6600,236.5200,236.6600,2700
214,236.5600,236.5600,236.4700,236.4700,200
215,236.4700,236.4700,236.4700,236.4700,100
216,236.6100,236.6800,236.6100,236.6600,900
217,236.6000,236.6000,236.5000,236.5000,200
219,236.6600,236.6700,236.6600,236.6700,200
221,236.5000,236.5500,236.3800,236.4000,2722
222,236.3600,236.5600,236.3600,236.5600,200
224,236.5500,236.5800,236.4700,236.5800,2000
226,236.4300,236.4300,236.3500,236.4200,900
227,236.4000,236.4000,236.4000,236.4000,100
228,236.3100,236.5200,236.2600,236.2600,3100
229,236.2300,236.3300,236.1400,236.3300,3200
230,236.3300,236.4800,236.3300,236.4800,1231
231,236.4800,236.7200,236.3717,236.7200,1433
232,236.5700,236.6200,236.4700,236.5299,2500
233,236.5000,236.7000,236.5000,236.7000,2700
234,236.7000,236.7100,236.7000,236.7100,600
235,236.6500,236.6500,236.5400,236.5400,300
236,236.6900,236.7100,236.6900,236.7100,700
238,236.6900,236.7600,236.6900,236.7600,300
239,236.7700,236.8100,236.7100,236.8100,700
240,236.8200,236.9400,236.6900,236.9400,1164
241,236.8600,236.8600,236.6000,236.7400,2787
242,236.5000,236.8100,236.5000,236.6600,1400
243,236.7384,236.7384,236.7384,236.7384,105
245,236.7900,236.8000,236.7900,236.8000,302
246,236.8200,236.8200,236.8200,236.8200,400
247,236.8200,236.8200,236.7101,236.7101,700
248,236.7800,236.8300,236.7724,236.8300,500
249,236.7500,236.7850,236.6500,236.7400,2416
250,236.5600,236.6900,236.5600,236.5600,400
251,236.6800,236.7700,236.6800,236.7700,1200
252,236.8200,236.8200,236.7100,236.7100,200
253,236.8200,236.8200,236.8200,236.8200,100
254,236.7000,236.7000,236.7000,236.7000,100
255,236.6900,236.6900,236.6900,236.6900,100
256,236.8400,237.0600,236.8400,237.0600,800
257,237.0600,237.0600,236.9400,236.9400,200
259,236.9679,236.9679,236.9679,236.9679,200
261,237.0100,237.0300,236.8600,236.8600,300
262,237.0500,237.0500,236.9750,236.9750,700
263,237.0500,237.2900,237.0500,237.1500,900
265,237.1000,237.2300,237.0100,237.1000,3300
266,236.9900,237.1050,236.9500,236.9500,1900
267,236.8900,237.0250,236.8900,237.0250,200
268,237.0700,237.3000,237.0700,237.3000,1200
269,237.2875,237.2875,237.2875,237.2875,100
270,237.2600,237.3800,237.2600,237.3800,900
271,237.4300,237.5100,237.4300,237.5100,400
272,237.5100,237.7500,237.5100,237.7500,700
273,237.6050,237.6050,237.6050,237.6050,100
274,237.5400,237.9100,237.5400,237.8100,3700
275,237.7100,237.7100,237.6100,237.7000,2500
276,237.6200,237.6200,237.4900,237.5500,1970
278,237.4300,237.4300,237.3200,237.4200,900
279,237.2500,237.3600,237.2300,237.3600,2000
280,237.3600,237.3600,237.3600,237.3600,300
281,237.2700,237.2700,237.2700,237.2700,100
283,237.2400,237.2500,237.2300,237.2500,700
284,237.1400,237.1900,236.9150,237.1100,2400
285,237.1100,237.3000,237.0600,237.3000,2309
286,237.3000,237.3400,237.1900,237.3200,1649
287,237.2100,237.2500,237.0700,237.2000,2600
288,237.1000,237.2100,237.0905,237.2000,1100
289,237.0200,237.0200,237.0200,237.0200,100
290,236.9700,237.0800,236.9200,237.0400,2100
291,237.0400,237.0400,236.9500,237.0100,600
292,237.0350,237.0400,237.0350,237.0400,200
293,237.0450,237.0718,237.0450,237.0718,425
294,237.0500,237.2200,237.0500,237.2200,2446
295,237.3100,237.3100,237.3100,237.3100,100
296,237.1800,237.1900,237.1500,237.1600,900
297,236.9900,237.2500,236.9900,237.2500,400
298,237.1200,237.1200,237.0700,237.0700,200
299,237.1100,237.1100,236.9400,237.0400,1600
300,237.0400,237.0400,236.9200,236.9500,500
301,237.0200,237.0300,236.9300,236.9300,600
302,236.8900,236.8900,236.8400,236.8400,800
304,236.6600,236.7000,236.5400,236.5400,1300
305,236.5300,236.5300,236.4400,236.4400,400
306,236.4200,236.4500,236.4200,236.4400,400
307,236.4500,236.4500,236.4500,236.4500,100
308,236.4300,236.4300,236.2150,236.2150,1200
309,236.4200,236.4200,236.4200,236.4200,100
310,236.4100,236.5100,236.3400,236.4800,2900
311,236.5500,236.5950,236.4400,236.5300,4100
312,236.5250,236.5400,236.5250,236.5400,700
313,236.6300,236.6800,236.6200,236.6800,1800
314,236.5400,236.5400,236.5400,236.5400,100
315,236.5750,236.6700,236.5750,236.6700,300
316,236.5200,236.5200,236.5200,236.5200,100
317,236.4800,236.4800,236.4800,236.4800,100
318,236.4700,236.4700,236.2000,236.2000,1200
319,236.2800,236.4850,236.2800,236.4850,1700
321,236.3900,236.3900,236.2300,236.2300,400
322,236.2350,236.4200,236.0700,236.0700,300
324,236.3100,236.3100,236.1400,236.2900,1900
325,236.3000,236.4000,236.3000,236.3400,1300
326,236.4800,236.4800,236.4800,236.4800,200
327,236.4300,236.4300,236.4300,236.4300,100
328,236.5500,236.5800,236.4700,236.4700,733
329,236.4700,236.5100,236.4000,236.5100,1200
330,236.2400,236.2400,236.2400,236.2400,100
331,236.2300,236.4000,236.1400,236.1400,1700
332,236.2522,236.2522,236.2522,236.2522,271
333,236.1400,236.3550,235.9900,236.2000,1500
334,236.2225,236.4900,236.2225,236.4900,1400
335,236.5000,236.5000,236.2100,236.2100,400
336,236.2500,236.4000,236.0200,236.2500,3674
337,236.3000,236.3550,236.3000,236.3550,400
338,236.2900,236.5000,236.1200,236.2100,5900
339,236.3000,236.3800,236.2400,236.3400,3300
340,236.2900,236.2900,236.2900,236.2900,300
341,236.3500,236.3700,236.2900,236.3700,1400
344,236.3700,236.4200,236.3450,236.4200,400
345,236.4100,236.4200,236.3200,236.3700,1000
346,236.4000,236.4000,236.3600,236.3700,1300
347,236.3000,236.3100,236.2701,236.2701,1000
348,236.3400,236.3600,236.3000,236.3300,3100
349,236.3500,236.3500,236.2000,236.2000,800
350,236.1300,236.1300,235.9900,235.9900,500
351,236.0000,236.2100,236.0000,236.1200,3500
352,236.0300,236.2100,236.0300,236.2000,3400
354,236.2550,236.4950,236.2100,236.4950,1500
355,236.5150,236.5150,236.3850,236.3850,200
356,236.5300,236.6900,236.5200,236.6900,1500
357,236.5400,236.6200,236.4900,236.6100,600
358,236.6800,236.8000,236.6800,236.6850,401
359,236.7800,236.7800,236.7800,236.7800,200
360,236.7900,236.7900,236.6850,236.6850,200
361,236.6300,236.6300,236.5905,236.5905,1500
362,236.6650,236.6650,236.5400,236.5400,1800
363,236.5100,236.6300,236.5100,236.5750,3500
364,236.5750,236.6300,236.5750,236.5900,900
366,236.5750,236.5750,236.5200,236.5400,1200
367,236.5800,236.5800,236.5300,236.5400,1740
368,236.5500,236.5800,236.5500,236.5650,2100
369,236.5500,236.6100,236.5400,236.6100,3200
370,236.5200,236.5200,236.5100,236.5100,750
371,236.5000,236.5000,236.4210,236.4775,2500
372,236.4300,236.4300,236.3800,236.3800,600
373,236.3700,236.3900,236.3100,236.3200,700
374,236.3550,236.3900,236.3000,236.3000,2950
375,236.2900,236.3000,236.1900,236.2700,3736
376,236.2500,236.3100,236.2100,236.2850,1700
377,236.2800,236.4100,236.2800,236.4100,1500
378,236.3700,236.4300,236.3200,236.4300,1200
379,236.4500,236.4600,236.4200,236.4450,1000
380,236.4600,236.4800,236.4200,236.4700,1800
381,236.5700,236.5700,236.3900,236.3900,1289
382,236.3900,236.3900,236.0800,236.0800,1400
383,236.0900,236.1300,236.0325,236.0325,2600
384,236.0900,236.1400,236.0350,236.1400,1700
385,236.1000,236.1000,236.0300,236.0300,750
386,236.0200,236.0700,235.9100,235.9575,5831
387,235.9050,236.1100,235.9050,236.1100,3543
388,236.1000,236.1000,235.9301,236.0500,6445
389,235.9650,236.0100,235.9500,235.9900,4729
390,235.9800,236.3000,235.9800,236.3000,12119