AN,AutoNation Inc,Consumer Discretionary,1,Specialty Stores,3983263140,1453018
a149927220065,39.9000,39.9000,39.8900,39.8900,3898
366,39.8900,39.9200,39.8900,39.9000,3844
367,39.9000,39.9100,39.9000,39.9100,600
368,39.9050,39.9050,39.8800,39.9000,4396
369,39.8900,39.9400,39.8900,39.9300,6374
370,39.9300,39.9300,39.9000,39.9000,800
371,39.9000,39.9300,39.9000,39.9300,2700
372,39.9300,39.9300,39.9200,39.9300,3100
373,39.9300,39.9300,39.9100,39.9100,3100
374,39.9200,39.9200,39.9000,39.9000,1400
375,39.9000,39.9100,39.8900,39.9100,8014
376,39.9200,39.9200,39.8900,39.8900,5430
377,39.9000,39.9100,39.8900,39.9100,3000
378,39.9100,39.9100,39.8700,39.9000,6026
379,39.8900,39.9100,39.8800,39.8800,5036
380,39.8850,39.8850,39.8500,39.8600,5911
381,39.8600,39.8800,39.8600,39.8800,9112
382,39.8800,39.9100,39.8800,39.9100,4618
383,39.9000,39.9200,39.8850,39.8900,13428
384,39.8850,39.9000,39.8850,39.9000,6455
385,39.9000,39.9000,39.8750,39.8750,9260
386,39.8800,39.9000,39.8750,39.9000,7871
387,39.8950,39.9100,39.8700,39.8750,13174
388,39.8750,39.9000,39.8700,39.8800,17836
389,39.8700,39.8800,39.8550,39.8700,27956
390,39.8800,39.8800,39.8600,39.8800,30204
1,39.7500,39.7850,39.7500,39.7850,6435
2,39.7900,39.8100,39.7100,39.7100,6000
3,39.7200,39.7450,39.6600,39.6600,1000
4,39.6450,39.7000,39.6450,39.6500,1333
5,39.6400,39.6500,39.6100,39.6300,3039
6,39.6500,39.6500,39.6500,39.6500,300
7,39.6700,39.7270,39.6700,39.7100,335
8,39.7000,39.7000,39.6800,39.6900,600
9,39.7000,39.7000,39.6700,39.6700,350
10,39.6300,39.6700,39.6300,39.6700,1100
11,39.6550,39.6550,39.6100,39.6200,4400
12,39.6200,39.6200,39.6000,39.6000,1200
13,39.6000,39.6800,39.6000,39.6300,3081
14,39.6300,39.6500,39.6200,39.6200,800
15,39.6200,39.6400,39.6100,39.6100,400
16,39.6600,39.7500,39.6490,39.6490,3436
17,39.6400,39.6500,39.5900,39.5972,2601
18,39.5900,39.6700,39.5800,39.6700,4000
19,39.6400,39.7300,39.6400,39.7000,1014
20,39.7053,39.7200,39.7053,39.7200,1100
21,39.6800,39.6800,39.6300,39.6456,653
22,39.6300,39.6300,39.5800,39.5800,800
23,39.5765,39.6600,39.5765,39.6500,2600
24,39.6300,39.6400,39.6200,39.6400,1200
25,39.6400,39.6400,39.6200,39.6200,200
26,39.6200,39.6900,39.6200,39.6900,1492
27,39.6600,39.6600,39.6200,39.6200,2600
28,39.6300,39.6500,39.6300,39.6500,1577
31,39.6609,39.6609,39.6340,39.6340,234
32,39.6700,39.7000,39.6700,39.7000,1400
33,39.7500,39.7700,39.7000,39.7200,1700
34,39.7400,39.7400,39.7400,39.7400,100
35,39.7100,39.7100,39.7100,39.7100,100
38,39.7100,39.7100,39.6900,39.6900,700
39,39.6900,39.7300,39.6900,39.7300,1000
40,39.6800,39.6800,39.6800,39.6800,500
41,39.6500,39.6850,39.6400,39.6850,1800
42,39.6700,39.6700,39.6100,39.6300,3784
43,39.6100,39.6100,39.6100,39.6100,100
44,39.5900,39.6000,39.5700,39.5850,2481
45,39.5800,39.5800,39.5600,39.5600,700
46,39.5300,39.5400,39.5300,39.5400,200
47,39.5560,39.6600,39.5500,39.6600,8568
48,39.6400,39.6400,39.6025,39.6025,736
49,39.6200,39.6400,39.6200,39.6400,1000
50,39.6700,39.6828,39.6600,39.6828,1400
51,39.6700,39.7000,39.6300,39.6300,700
52,39.6400,39.6800,39.6400,39.6700,900
53,39.6650,39.6650,39.6200,39.6200,1948
54,39.6400,39.6400,39.6000,39.6000,1400
55,39.6100,39.6550,39.6100,39.6550,6600
56,39.6400,39.6500,39.5900,39.5900,1000
57,39.6200,39.6300,39.6100,39.6300,700
58,39.6400,39.6400,39.6100,39.6100,249
59,39.6400,39.6500,39.6200,39.6300,1300
60,39.6200,39.6200,39.5800,39.5800,970
61,39.5800,39.5800,39.5500,39.5700,2300
62,39.5700,39.5700,39.5700,39.5700,200
63,39.5700,39.6100,39.5700,39.5900,1727
64,39.5800,39.5800,39.5500,39.5500,401
65,39.5600,39.5650,39.5600,39.5650,200
66,39.5500,39.6500,39.5500,39.6100,1600
68,39.6000,39.6000,39.5600,39.5600,600
69,39.5300,39.6000,39.5300,39.5900,1300
70,39.5800,39.5800,39.5800,39.5800,300
71,39.6100,39.6300,39.6100,39.6100,801
72,39.6200,39.6200,39.6100,39.6100,500
73,39.5800,39.6000,39.5700,39.6000,1504
74,39.6000,39.6000,39.5500,39.5800,1300
75,39.5900,39.6100,39.5900,39.6100,1100
76,39.6000,39.6000,39.5900,39.6000,700
77,39.5800,39.5800,39.5700,39.5700,300
78,39.5900,39.6400,39.5900,39.6400,2100
79,39.6400,39.6500,39.6400,39.6500,700
80,39.6500,39.6700,39.6000,39.6150,2336
82,39.6300,39.6550,39.6200,39.6300,3100
83,39.6500,39.6600,39.6500,39.6600,650
84,39.6700,39.6800,39.6250,39.6300,1800
85,39.6200,39.6200,39.5500,39.5500,600
86,39.5800,39.5900,39.5800,39.5800,1000
87,39.5800,39.5800,39.5800,39.5800,100
88,39.5800,39.5800,39.5600,39.5650,1200
89,39.5500,39.5600,39.5500,39.5600,600
90,39.5700,39.5800,39.5700,39.5800,200
91,39.5900,39.5900,39.5500,39.5500,1800
92,39.5600,39.5600,39.5400,39.5400,400
95,39.5400,39.5400,39.5200,39.5200,3067
96,39.5100,39.5100,39.4700,39.5100,6743
97,39.5100,39.5500,39.5100,39.5400,2767
98,39.5500,39.5500,39.5500,39.5500,800
99,39.5500,39.5500,39.5300,39.5500,3273
101,39.5900,39.6100,39.5900,39.5900,1565
102,39.5800,39.5800,39.5800,39.5800,700
103,39.5900,39.5900,39.5768,39.5800,1249
104,39.5881,39.5900,39.5700,39.5700,1798
105,39.5700,39.5700,39.5500,39.5500,500
106,39.5500,39.5500,39.5500,39.5500,100
107,39.5800,39.6000,39.5800,39.5800,1716
108,39.5900,39.5900,39.5900,39.5900,300
109,39.5900,39.5900,39.5900,39.5900,200
110,39.6000,39.6000,39.6000,39.6000,790
111,39.6100,39.6600,39.6100,39.6600,1729
112,39.6300,39.6300,39.6100,39.6300,16596
113,39.6200,39.6200,39.6100,39.6200,1200
114,39.6000,39.6000,39.6000,39.6000,100
115,39.5900,39.5900,39.5900,39.5900,100
116,39.5900,39.5900,39.5800,39.5800,700
117,39.5900,39.6300,39.5900,39.6200,1400
118,39.6200,39.6700,39.6200,39.6700,3000
119,39.6500,39.6600,39.6200,39.6400,3494
120,39.6200,39.6300,39.6200,39.6300,803
121,39.6500,39.6500,39.6500,39.6500,402
122,39.6600,39.6600,39.6200,39.6400,4000
123,39.6400,39.6500,39.6400,39.6500,600
124,39.6600,39.6700,39.6600,39.6600,900
125,39.6500,39.6500,39.6500,39.6500,100
126,39.6300,39.6700,39.6200,39.6600,2100
127,39.6600,39.6600,39.6500,39.6500,600
128,39.6350,39.6400,39.6350,39.6400,300
130,39.6600,39.6600,39.6300,39.6500,3171
131,39.6500,39.6600,39.6400,39.6600,1700
132,39.6600,39.6600,39.6600,39.6600,600
133,39.6600,39.6800,39.6400,39.6800,1000
135,39.6600,39.6600,39.6000,39.6100,1715
136,39.6100,39.6100,39.5800,39.5900,2400
137,39.6000,39.6400,39.6000,39.6300,2201
138,39.6200,39.6200,39.6100,39.6100,700
139,39.6100,39.6400,39.6000,39.6400,968
140,39.6200,39.6200,39.6100,39.6100,800
141,39.6000,39.6200,39.5800,39.6200,1814
142,39.6300,39.6300,39.6200,39.6200,1700
143,39.6400,39.6400,39.6350,39.6350,400
144,39.6400,39.6500,39.6400,39.6400,1800
145,39.6400,39.6550,39.6400,39.6550,2223
146,39.6600,39.6800,39.6600,39.6700,1254
147,39.6700,39.6900,39.6700,39.6867,2215
148,39.6800,39.6800,39.6600,39.6600,1800
149,39.6500,39.6500,39.6200,39.6350,1400
150,39.6500,39.6600,39.6500,39.6600,1100
151,39.6500,39.6700,39.6300,39.6700,1626
152,39.6750,39.6800,39.6700,39.6700,1100
153,39.6600,39.6900,39.6600,39.6900,2100
154,39.6800,39.6800,39.6775,39.6775,500
155,39.6900,39.7400,39.6900,39.7200,10674
156,39.7200,39.7400,39.7200,39.7302,1900
157,39.7300,39.7300,39.7100,39.7100,3000
158,39.7100,39.7200,39.7100,39.7100,700
159,39.7100,39.7200,39.7100,39.7100,1500
160,39.6900,39.6900,39.6900,39.6900,100
161,39.6900,39.6900,39.6900,39.6900,200
162,39.6700,39.6700,39.6700,39.6700,600
163,39.6900,39.6900,39.6800,39.6800,466
164,39.6700,39.6700,39.6700,39.6700,100
166,39.6900,39.6900,39.6800,39.6900,2000
167,39.6900,39.6900,39.6600,39.6600,700
168,39.6600,39.6600,39.6550,39.6550,430
169,39.6500,39.6700,39.6450,39.6450,3850
170,39.6500,39.6500,39.6150,39.6300,3500
171,39.6400,39.6400,39.6350,39.6400,1100
172,39.6400,39.6400,39.6300,39.6300,600
173,39.6350,39.6550,39.6350,39.6500,8300
174,39.6550,39.6550,39.6500,39.6500,200
175,39.6500,39.6550,39.6250,39.6500,5609
176,39.6400,39.6400,39.6400,39.6400,100
177,39.6500,39.6500,39.6300,39.6300,1600
178,39.6300,39.6300,39.6200,39.6200,1900
179,39.6300,39.6500,39.6300,39.6400,799
180,39.6400,39.6450,39.6400,39.6450,1700
181,39.6400,39.6700,39.6400,39.6700,2391
182,39.6700,39.6700,39.6400,39.6400,1000
184,39.6496,39.6496,39.6400,39.6400,216
186,39.6500,39.6700,39.6500,39.6700,1900
187,39.6800,39.6800,39.6700,39.6700,1600
188,39.6700,39.6700,39.6700,39.6700,200
189,39.6600,39.6799,39.6600,39.6600,1075
190,39.6600,39.6800,39.6600,39.6800,200
191,39.6700,39.6700,39.6700,39.6700,300
192,39.6700,39.6700,39.6600,39.6700,1600
193,39.6600,39.6700,39.6500,39.6600,700
194,39.6500,39.6500,39.6500,39.6500,100
195,39.6600,39.6900,39.6600,39.6900,1700
196,39.6900,39.7100,39.6900,39.7100,799
197,39.7300,39.7300,39.7150,39.7300,2400
198,39.7286,39.7286,39.7200,39.7200,300
199,39.7300,39.7300,39.7200,39.7300,900
200,39.7400,39.7600,39.7300,39.7300,7673
201,39.7500,39.7750,39.7450,39.7450,1500
202,39.7450,39.7600,39.7450,39.7600,200
203,39.7735,39.7735,39.7735,39.7735,220
204,39.7800,39.7900,39.7700,39.7900,2200
206,39.7800,39.8000,39.7600,39.8000,2500
207,39.7950,39.7950,39.7800,39.7800,300
208,39.7950,39.7950,39.7950,39.7950,100
209,39.8100,39.8100,39.8000,39.8000,966
210,39.8000,39.8100,39.8000,39.8100,1000
211,39.8150,39.8400,39.8150,39.8200,1300
212,39.8300,39.8300,39.8000,39.8200,3301
213,39.8300,39.8300,39.8300,39.8300,200
214,39.8500,39.8700,39.8500,39.8700,1200
215,39.8800,39.8800,39.8600,39.8600,1300
216,39.8550,39.8550,39.8400,39.8400,1000
217,39.8400,39.8400,39.8000,39.8000,19164
218,39.8200,39.8400,39.8150,39.8400,1600
219,39.8450,39.8450,39.8100,39.8100,1342
220,39.8100,39.8100,39.7900,39.8000,1200
221,39.8000,39.8000,39.8000,39.8000,800
222,39.7800,39.7800,39.7800,39.7800,100
223,39.7800,39.7800,39.7800,39.7800,400
224,39.7900,39.8600,39.7900,39.8200,6526
225,39.8000,39.8000,39.8000,39.8000,100
226,39.8132,39.8132,39.8000,39.8000,1254
227,39.7700,39.8000,39.7700,39.7800,1555
228,39.7850,39.7850,39.7850,39.7850,100
229,39.7700,39.7700,39.7700,39.7700,100
231,39.7700,39.7700,39.7400,39.7500,1800
232,39.7600,39.7900,39.7600,39.7900,1600
233,39.7700,39.7700,39.7700,39.7700,100
234,39.7700,39.7700,39.7700,39.7700,800
235,39.7600,39.7600,39.7600,39.7600,100
236,39.7800,39.8300,39.7800,39.8300,2405
237,39.8300,39.8300,39.8193,39.8193,300
238,39.8200,39.8300,39.8200,39.8200,1000
239,39.8385,39.8600,39.8385,39.8500,1565
240,39.8600,39.8700,39.8600,39.8700,300
241,39.8700,39.8800,39.8467,39.8700,2299
242,39.8700,39.8700,39.8200,39.8200,700
243,39.8400,39.8500,39.8400,39.8500,300
244,39.8300,39.8300,39.8200,39.8200,200
245,39.8329,39.8500,39.8329,39.8500,1374
246,39.8700,39.8800,39.8600,39.8800,2836
247,39.8800,39.8800,39.8500,39.8600,600
248,39.8700,39.9000,39.8700,39.8900,2700
249,39.8900,39.8900,39.8700,39.8800,1500
250,39.8800,39.9100,39.8800,39.9100,1400
251,39.9000,39.9000,39.8800,39.8800,300
252,39.8800,39.8800,39.8600,39.8800,2300
254,39.9000,39.9000,39.9000,39.9000,700
255,39.8700,39.8800,39.8700,39.8800,200
256,39.8800,39.9200,39.8800,39.9200,1500
257,39.9000,39.9000,39.8899,39.8899,1806
258,39.8700,39.8800,39.8700,39.8800,500
259,39.8700,39.8800,39.8700,39.8800,400
260,39.8800,39.9000,39.8800,39.9000,1300
261,39.9000,39.9100,39.9000,39.9100,600
262,39.9300,39.9300,39.9200,39.9200,1104
263,39.9400,39.9400,39.9400,39.9400,991
264,39.9400,39.9400,39.9200,39.9200,1200
265,39.9200,39.9400,39.9200,39.9400,900
266,39.9300,39.9300,39.9100,39.9100,300
267,39.9200,39.9550,39.9100,39.9500,2200
268,39.9500,39.9500,39.9500,39.9500,200
269,39.9400,39.9400,39.9200,39.9200,600
270,39.9100,39.9400,39.9100,39.9400,618
271,39.9300,39.9400,39.9300,39.9400,400
272,39.9500,39.9899,39.9500,39.9899,1568
273,39.9800,40.0002,39.9800,40.0002,1082
274,40.0000,40.0000,40.0000,40.0000,200
275,39.9800,39.9800,39.9700,39.9800,2200
276,39.9900,40.0200,39.9800,39.9800,1895
277,39.9600,39.9799,39.9600,39.9799,360
278,39.9700,39.9700,39.9400,39.9400,1100
279,39.9500,39.9700,39.9500,39.9700,1000
280,39.9800,39.9800,39.9700,39.9700,1700
281,39.9400,39.9400,39.9400,39.9400,200
282,39.9600,39.9600,39.9500,39.9500,500
283,39.9600,39.9700,39.9600,39.9700,1200
284,39.9700,39.9700,39.9000,39.9300,2400
285,39.9400,39.9500,39.9400,39.9500,300
286,39.9200,39.9300,39.9200,39.9300,300
287,39.9300,39.9301,39.9300,39.9300,802
288,39.9300,39.9400,39.9200,39.9400,1300
289,39.9500,39.9500,39.9400,39.9400,646
290,39.9300,39.9300,39.9300,39.9300,400
291,39.9300,39.9500,39.9300,39.9400,2097
292,39.9500,39.9600,39.9500,39.9600,981
293,39.9700,39.9800,39.9600,39.9600,2084
294,39.9600,39.9600,39.9400,39.9492,710
295,39.9600,39.9910,39.9600,39.9700,4413
296,39.9500,39.9500,39.9500,39.9500,100
297,39.9500,39.9600,39.9300,39.9500,800
299,39.9486,39.9486,39.9486,39.9486,100
300,39.9400,39.9500,39.9300,39.9400,1900
301,39.9400,39.9500,39.9300,39.9300,1200
302,39.9300,39.9300,39.9000,39.9200,1000
303,39.9000,39.9000,39.8700,39.8700,633
305,39.8800,39.8800,39.8500,39.8700,1309
306,39.8500,39.8800,39.8500,39.8800,2100
307,39.8900,39.9000,39.8900,39.8900,1100
308,39.8900,39.8900,39.8900,39.8900,200
309,39.8700,39.8900,39.8700,39.8800,1300
311,39.9100,39.9200,39.9100,39.9200,1304
312,39.9200,39.9300,39.9100,39.9300,1200
313,39.9300,39.9300,39.9100,39.9100,900
314,39.9100,39.9100,39.8900,39.8900,639
316,39.9000,39.9100,39.9000,39.9000,700
317,39.8800,39.8800,39.8800,39.8800,300
320,39.8900,39.8900,39.8900,39.8900,900
321,39.9000,39.9300,39.9000,39.9200,3100
322,39.9200,39.9200,39.9100,39.9100,12304
323,39.9100,39.9300,39.9100,39.9300,1521
325,39.9400,39.9400,39.9200,39.9200,1925
327,39.9300,39.9300,39.9200,39.9300,400
328,39.9200,39.9250,39.9100,39.9100,1533
329,39.9200,39.9300,39.9200,39.9200,1900
330,39.9100,39.9100,39.8900,39.9000,1758
331,39.9000,39.9000,39.9000,39.9000,100
332,39.9000,39.9100,39.9000,39.9100,2135
333,39.9200,39.9300,39.9100,39.9100,2100
334,39.9102,39.9102,39.8900,39.8900,450
335,39.8900,39.8900,39.8600,39.8600,1500
337,39.8600,39.8600,39.8500,39.8600,2038
338,39.8600,39.8600,39.8450,39.8450,1659
339,39.8500,39.8700,39.8500,39.8600,1500
340,39.8800,39.9000,39.8800,39.8900,1100
341,39.8700,39.8700,39.8401,39.8500,1600
342,39.8600,39.8800,39.8600,39.8700,1400
343,39.8600,39.8600,39.8500,39.8500,600
344,39.8500,39.8500,39.8500,39.8500,800
345,39.8535,39.8700,39.8535,39.8643,3358
346,39.8600,39.8600,39.8400,39.8400,1200
347,39.8350,39.8450,39.8300,39.8400,2411
348,39.8400,39.8400,39.8200,39.8200,1800
349,39.8100,39.8100,39.8100,39.8100,100
350,39.8100,39.8300,39.8100,39.8100,300
351,39.8163,39.8400,39.8163,39.8400,2796
352,39.8400,39.8450,39.8300,39.8300,1800
353,39.8100,39.8100,39.8100,39.8100,300
354,39.8100,39.8100,39.8100,39.8100,400
355,39.8100,39.8300,39.8100,39.8100,700
356,39.8100,39.8350,39.8100,39.8300,1877
357,39.8400,39.8400,39.8200,39.8200,300
358,39.8300,39.8300,39.8193,39.8193,900
359,39.8200,39.8200,39.8100,39.8100,2700
360,39.8100,39.8350,39.8000,39.8200,3820
361,39.8200,39.8200,39.8100,39.8200,1100
362,39.8186,39.8400,39.8186,39.8400,13900
363,39.8300,39.8300,39.8100,39.8100,3214
364,39.8000,39.8200,39.8000,39.8100,600
365,39.8000,39.8300,39.8000,39.8300,3126
366,39.8400,39.8600,39.8400,39.8500,1600
367,39.8500,39.8550,39.8400,39.8400,2900
368,39.8500,39.8500,39.8500,39.8500,635
369,39.8600,39.8600,39.8593,39.8600,1100
370,39.8550,39.8600,39.8500,39.8500,1300
371,39.8500,39.8500,39.8200,39.8401,9246
372,39.8500,39.8500,39.8200,39.8300,2200
373,39.8300,39.8300,39.8100,39.8100,2530
374,39.8100,39.8400,39.8100,39.8400,4526
375,39.8300,39.8400,39.8200,39.8300,4299
376,39.8400,39.8400,39.8200,39.8300,3100
377,39.8350,39.8400,39.8000,39.8100,4500
378,39.8100,39.8100,39.7900,39.7900,3700
379,39.8000,39.8100,39.7900,39.8100,5192
380,39.8050,39.8100,39.7900,39.8100,16668
381,39.8200,39.8200,39.8050,39.8100,3642
382,39.8100,39.8150,39.8000,39.8000,12325
383,39.7900,39.8200,39.7900,39.8200,9858
384,39.8100,39.8100,39.7900,39.8000,5700
385,39.8000,39.8000,39.7900,39.8000,8000
386,39.8100,39.8200,39.8100,39.8200,7152
387,39.8100,39.8100,39.7950,39.8000,5619
388,39.8000,39.8000,39.7900,39.8000,2328
389,39.8000,39.8100,39.7900,39.8100,10022
390,39.8100,39.8200,39.8000,39.8150,13363