AWK,American Water Works Company Inc,Utilities,11,Water Utilities,14078885997,975865
a149927220050,79.0600,79.0750,79.0600,79.0600,2132
351,79.0700,79.0700,79.0600,79.0602,700
352,79.0500,79.0700,79.0500,79.0600,600
353,79.0600,79.0700,79.0500,79.0600,1500
354,79.0700,79.0800,79.0700,79.0800,400
355,79.0900,79.1200,79.0900,79.1200,1200
356,79.1200,79.1200,79.1100,79.1200,2100
357,79.1200,79.1450,79.1200,79.1450,2587
358,79.1400,79.1400,79.1350,79.1350,952
359,79.1300,79.1300,79.1300,79.1300,100
360,79.1400,79.1450,79.1350,79.1400,1500
361,79.1500,79.1500,79.1400,79.1400,1456
362,79.1500,79.1600,79.1500,79.1600,1237
363,79.1500,79.1500,79.1400,79.1400,1390
364,79.1462,79.1500,79.1462,79.1500,495
365,79.1400,79.1400,79.1100,79.1100,2299
366,79.1000,79.1000,79.1000,79.1000,100
367,79.1000,79.1000,79.0800,79.1000,3503
368,79.0900,79.1000,79.0800,79.1000,3705
369,79.0900,79.0950,79.0800,79.0800,1708
370,79.0700,79.0900,79.0700,79.0900,2921
371,79.0900,79.0900,79.0800,79.0900,1177
372,79.0840,79.0840,79.0700,79.0701,1200
373,79.0750,79.0750,79.0600,79.0650,1710
374,79.0600,79.0650,79.0500,79.0550,1540
375,79.0550,79.0550,79.0000,79.0000,4947
376,79.0100,79.0300,78.9900,78.9900,2274
377,78.9900,79.0100,78.9850,79.0100,1800
378,79.0000,79.0000,78.9700,78.9750,1310
379,78.9650,78.9800,78.9400,78.9400,4369
380,78.9500,78.9700,78.9500,78.9550,3185
381,78.9600,78.9600,78.9100,78.9200,3748
382,78.9300,78.9300,78.9100,78.9100,2840
383,78.9000,78.9000,78.8750,78.8900,6967
384,78.8900,78.8900,78.8600,78.8600,2100
385,78.8600,78.8700,78.8500,78.8700,4266
386,78.8700,78.9000,78.8700,78.9000,3930
387,78.9000,78.9300,78.8900,78.8950,6454
388,78.8900,78.8900,78.8800,78.8900,4389
389,78.8850,78.9000,78.8700,78.9000,16395
390,78.9000,78.9800,78.8800,78.9800,41166
1,78.8800,78.8800,78.8800,78.8800,5273
2,78.8900,78.8900,78.8600,78.8900,1050
3,78.8800,79.0300,78.8800,79.0300,776
4,79.0000,79.0000,78.9500,78.9500,1700
5,78.9500,78.9800,78.9500,78.9800,355
6,78.9400,78.9400,78.9000,78.9400,600
7,78.8900,78.9000,78.8900,78.9000,300
8,78.8800,78.8900,78.8700,78.8800,800
9,78.9500,78.9900,78.9400,78.9400,3047
10,78.8800,78.8800,78.8800,78.8800,100
11,78.9000,78.9100,78.8300,78.8600,2798
12,78.8800,78.8850,78.8700,78.8700,510
13,78.8611,78.8900,78.8600,78.8800,1602
14,78.8800,78.8800,78.8258,78.8258,999
15,78.8500,78.8700,78.8500,78.8700,400
16,78.8300,78.9100,78.8300,78.9100,714
17,78.9600,79.0000,78.9600,78.9800,325
18,78.9500,78.9800,78.9400,78.9799,556
20,78.9500,79.0100,78.9500,79.0100,400
21,79.0300,79.0300,79.0300,79.0300,100
22,79.0500,79.0500,79.0500,79.0500,300
23,78.9861,79.0300,78.9861,79.0300,347
24,78.9800,78.9900,78.9300,78.9300,1685
25,78.9534,78.9600,78.9534,78.9600,200
26,78.9800,78.9800,78.9800,78.9800,300
27,79.0400,79.0700,79.0400,79.0700,400
28,79.0300,79.0300,78.9400,78.9400,400
30,78.9500,78.9800,78.9500,78.9800,400
31,79.0500,79.0500,79.0206,79.0206,206
32,79.0600,79.0600,79.0200,79.0200,277
33,79.0584,79.0600,78.9650,78.9650,300
34,79.0100,79.0400,79.0100,79.0400,349
35,79.0453,79.0700,79.0453,79.0700,300
36,79.1000,79.1000,79.0800,79.0900,300
37,79.0900,79.1500,79.0850,79.1500,1198
38,79.1500,79.1500,79.1300,79.1300,751
39,79.0911,79.0911,79.0911,79.0911,100
40,79.0874,79.0874,79.0600,79.0600,650
41,79.0700,79.0800,79.0600,79.0800,800
42,79.1000,79.1000,79.0600,79.0600,300
43,79.0800,79.1200,79.0799,79.1200,435
44,79.1300,79.1400,79.1300,79.1400,300
45,79.1500,79.1700,79.1500,79.1700,400
46,79.1900,79.2077,79.1800,79.1900,741
47,79.1800,79.1800,79.1200,79.1200,600
48,79.1499,79.1700,79.1499,79.1700,1140
49,79.1900,79.2099,79.1800,79.1800,847
50,79.1775,79.2000,79.1775,79.1900,835
52,79.2400,79.2500,79.1900,79.1900,700
53,79.1800,79.1800,79.1800,79.1800,100
54,79.2100,79.2100,79.1751,79.1900,600
56,79.1400,79.1400,79.1400,79.1400,100
57,79.0800,79.0800,79.0800,79.0800,300
58,79.1000,79.1300,79.0913,79.1100,1200
59,79.0900,79.0900,79.0700,79.0700,300
60,79.0800,79.0900,79.0800,79.0900,300
61,79.0800,79.0800,79.0600,79.0600,300
62,79.0700,79.1000,79.0700,79.1000,200
65,79.1100,79.1100,79.1100,79.1100,100
66,79.1000,79.1000,79.0600,79.0600,900
67,79.0500,79.0500,79.0500,79.0500,100
68,79.0200,79.0200,78.9800,78.9800,200
70,78.9600,78.9800,78.9600,78.9800,600
72,78.9500,78.9900,78.9500,78.9900,400
74,78.9300,78.9300,78.9300,78.9300,200
75,78.9200,78.9300,78.9100,78.9144,770
76,79.0100,79.0100,79.0100,79.0100,100
77,79.0000,79.0000,78.9100,78.9100,630
78,78.9600,78.9600,78.9600,78.9600,200
79,78.9200,78.9200,78.9200,78.9200,130
80,78.9200,78.9700,78.9200,78.9700,614
81,78.9300,78.9500,78.9300,78.9400,1816
82,78.9600,78.9900,78.9600,78.9900,527
83,78.9700,78.9700,78.9600,78.9600,600
85,78.9300,78.9300,78.8600,78.8600,909
86,78.9000,78.9100,78.8800,78.9000,1000
87,78.9000,78.9000,78.9000,78.9000,100
88,78.9000,78.9200,78.9000,78.9200,605
89,78.9376,78.9376,78.9100,78.9100,425
90,78.8900,78.8900,78.8900,78.8900,200
91,78.8452,78.8700,78.8452,78.8700,2140
92,78.8500,78.8500,78.8400,78.8400,499
93,78.8300,78.8500,78.8300,78.8500,734
94,78.8600,78.8700,78.8500,78.8500,708
95,78.8300,78.8300,78.8300,78.8300,200
97,78.8390,78.8390,78.8390,78.8390,185
98,78.8300,78.8300,78.8000,78.8200,1400
100,78.7900,78.8100,78.7900,78.8000,1100
101,78.7800,78.8500,78.7800,78.8215,3125
102,78.8400,78.9000,78.8400,78.8950,1650
103,78.8975,78.9200,78.8950,78.8950,2052
104,78.9100,78.9200,78.9050,78.9100,2226
105,78.9200,78.9200,78.9000,78.9200,2363
106,78.9200,78.9200,78.9100,78.9200,800
107,78.9200,78.9400,78.9000,78.9000,2100
108,78.9000,78.9100,78.9000,78.9100,2400
109,78.9000,78.9400,78.8900,78.9200,4382
110,78.9100,78.9275,78.9100,78.9275,200
111,78.9400,78.9400,78.9300,78.9300,200
112,78.9200,78.9300,78.9100,78.9300,2790
113,78.9300,78.9500,78.9200,78.9500,2580
114,78.9700,78.9900,78.9700,78.9900,200
115,78.9700,78.9700,78.9700,78.9700,401
117,78.9375,78.9700,78.9375,78.9400,1464
118,78.9400,78.9400,78.8900,78.9100,3092
119,78.9100,78.9150,78.9000,78.9000,1630
120,78.9000,78.9000,78.8900,78.8900,500
121,78.8900,78.8900,78.8900,78.8900,200
122,78.8750,78.8750,78.8700,78.8700,200
123,78.8879,78.8900,78.8800,78.8900,1100
124,78.9500,78.9600,78.9500,78.9500,600
125,78.9600,78.9850,78.9600,78.9800,1930
126,78.9700,78.9700,78.9600,78.9600,349
127,78.9500,78.9600,78.9500,78.9600,400
128,78.9800,78.9800,78.9500,78.9500,600
130,78.9499,78.9500,78.9499,78.9500,215
131,78.9500,78.9800,78.9500,78.9800,800
132,79.0200,79.0200,79.0200,79.0200,200
133,79.0100,79.0100,79.0100,79.0100,400
134,79.0200,79.0200,79.0148,79.0200,900
135,79.0300,79.0300,79.0000,79.0000,900
136,78.9982,79.0200,78.9982,79.0200,200
137,79.0400,79.0400,79.0400,79.0400,500
138,79.0500,79.0500,79.0400,79.0400,300
139,79.0200,79.0200,78.9800,78.9800,500
140,78.9600,78.9700,78.9600,78.9600,898
142,78.9700,79.0000,78.9700,78.9950,1511
143,78.9500,78.9600,78.9500,78.9600,300
144,78.9700,78.9700,78.9700,78.9700,150
145,78.9400,78.9400,78.9300,78.9400,593
146,78.9400,78.9400,78.9400,78.9400,100
147,78.9500,78.9700,78.9500,78.9700,200
148,78.9420,78.9700,78.9420,78.9700,650
150,78.9600,78.9700,78.9600,78.9600,300
152,78.9800,78.9800,78.9800,78.9800,200
154,78.9700,78.9700,78.9700,78.9700,100
155,78.9800,78.9800,78.9500,78.9500,410
156,78.9500,78.9650,78.9450,78.9450,706
157,78.9300,78.9400,78.9100,78.9200,1700
158,78.9200,78.9200,78.9200,78.9200,400
159,78.9200,78.9250,78.9200,78.9250,500
160,78.9200,78.9200,78.9200,78.9200,200
161,78.9146,78.9190,78.9146,78.9190,226
162,78.9200,78.9300,78.9200,78.9300,400
163,78.9301,78.9301,78.9300,78.9300,1017
164,78.9302,78.9600,78.9302,78.9600,650
165,78.9700,78.9800,78.9700,78.9800,442
167,78.9800,78.9800,78.9600,78.9600,300
168,78.9600,78.9600,78.9300,78.9300,656
170,78.9200,78.9449,78.9200,78.9449,365
171,78.9500,78.9600,78.9491,78.9491,300
172,78.9400,78.9400,78.9400,78.9400,100
173,78.9300,78.9500,78.9300,78.9500,400
174,78.9600,78.9600,78.9600,78.9600,100
176,78.9600,78.9622,78.9500,78.9622,935
177,78.9700,78.9900,78.9700,78.9900,300
178,79.0100,79.0100,79.0000,79.0000,400
179,79.0100,79.0100,79.0100,79.0100,200
180,79.0100,79.0100,79.0100,79.0100,100
181,78.9900,78.9900,78.9700,78.9800,534
182,79.0000,79.0000,78.9900,78.9900,300
183,78.9702,78.9702,78.9702,78.9702,100
184,78.9600,78.9600,78.9300,78.9300,750
185,78.9300,78.9400,78.8600,78.8636,9578
186,78.8700,78.8700,78.8487,78.8487,944
187,78.8650,78.8800,78.8650,78.8800,217
188,78.8800,78.8900,78.8800,78.8800,300
189,78.8778,78.8800,78.8700,78.8700,800
190,78.8400,78.8500,78.8100,78.8200,1000
191,78.8300,78.8400,78.8200,78.8400,709
192,78.8766,78.8900,78.8766,78.8900,307
193,78.8811,78.8811,78.8700,78.8700,300
194,78.8627,78.8800,78.8627,78.8800,499
195,78.8800,78.8800,78.8800,78.8800,200
196,78.8500,78.8500,78.8500,78.8500,400
197,78.8000,78.8200,78.8000,78.8200,1201
198,78.8200,78.8300,78.8000,78.8300,600
199,78.8300,78.8300,78.8300,78.8300,200
200,78.8500,78.8500,78.8500,78.8500,100
201,78.8500,78.8500,78.8300,78.8400,301
202,78.8000,78.8400,78.8000,78.8200,2668
203,78.8190,78.8300,78.8000,78.8100,1899
205,78.8200,78.8200,78.8100,78.8100,400
206,78.8000,78.8400,78.8000,78.8210,1204
207,78.8300,78.8300,78.8300,78.8300,100
208,78.8300,78.8400,78.8300,78.8400,700
209,78.8100,78.8400,78.8100,78.8400,300
211,78.8300,78.8300,78.8200,78.8300,444
212,78.8100,78.8300,78.8100,78.8300,400
213,78.8200,78.8200,78.8100,78.8100,475
214,78.8500,78.8500,78.8500,78.8500,400
215,78.8300,78.8500,78.8300,78.8500,400
216,78.8800,78.9300,78.8800,78.9300,2200
217,78.9100,78.9400,78.9100,78.9300,500
218,78.9400,78.9400,78.9400,78.9400,100
219,78.9400,78.9400,78.9300,78.9300,300
220,78.9201,78.9800,78.9201,78.9500,401
221,78.9200,78.9400,78.9100,78.9399,1410
222,78.9000,78.9200,78.8800,78.9000,1300
223,78.9400,78.9400,78.9350,78.9350,400
224,78.9300,78.9300,78.9100,78.9100,500
225,78.9200,78.9300,78.9130,78.9300,1058
226,78.9300,78.9300,78.9200,78.9300,1200
227,78.9400,78.9400,78.9400,78.9400,100
228,78.9400,78.9600,78.9400,78.9400,432
229,78.9300,78.9300,78.9300,78.9300,500
230,78.9300,78.9400,78.9300,78.9400,1100
231,78.9400,78.9800,78.9400,78.9800,800
233,78.9400,78.9600,78.9100,78.9600,1666
235,78.9700,79.0000,78.9700,79.0000,1335
236,79.0100,79.0100,79.0100,79.0100,100
237,79.0200,79.0200,78.9600,78.9600,1100
239,78.9800,78.9800,78.9800,78.9800,100
240,79.0100,79.0100,78.9900,78.9900,523
241,78.9800,78.9800,78.9800,78.9800,200
242,79.0000,79.0000,78.9200,78.9300,1640
243,78.9300,78.9650,78.9300,78.9600,1407
244,78.9700,78.9700,78.9600,78.9600,703
245,78.9400,78.9400,78.9400,78.9400,100
246,78.9500,78.9700,78.9300,78.9300,1200
247,78.9300,78.9300,78.9300,78.9300,1500
248,78.9300,78.9400,78.9300,78.9400,216
249,78.9500,78.9650,78.9400,78.9400,779
250,78.9300,78.9600,78.9300,78.9600,1100
252,78.9600,78.9900,78.9600,78.9850,1623
253,78.9400,78.9900,78.9400,78.9900,300
256,78.9600,78.9600,78.9500,78.9500,1198
257,78.9600,78.9700,78.9600,78.9700,515
258,78.9700,78.9700,78.9700,78.9700,300
260,78.9900,78.9900,78.9800,78.9900,300
261,79.0000,79.0000,78.9800,78.9876,600
262,79.0200,79.0200,79.0200,79.0200,100
263,79.0300,79.0300,79.0100,79.0100,350
265,79.0300,79.0300,79.0300,79.0300,300
266,79.0200,79.0200,79.0100,79.0100,400
267,79.0000,79.0300,79.0000,79.0300,931
268,79.0200,79.0400,79.0200,79.0400,200
269,79.0400,79.0600,79.0400,79.0500,527
271,79.0400,79.0400,79.0400,79.0400,100
272,79.0300,79.0472,79.0300,79.0472,728
273,79.0600,79.0800,79.0550,79.0800,500
274,79.0700,79.0800,79.0500,79.0600,800
276,79.0500,79.0500,79.0400,79.0400,300
277,79.0000,79.0000,78.9800,78.9800,400
280,78.9700,78.9800,78.9600,78.9800,500
281,78.9500,78.9500,78.9500,78.9500,300
282,78.9500,78.9600,78.9400,78.9400,1000
283,78.9600,78.9700,78.9600,78.9700,300
284,78.9800,78.9800,78.9650,78.9650,500
285,78.9650,78.9650,78.9600,78.9600,400
286,78.9900,79.0000,78.9800,78.9847,1000
288,79.0000,79.0300,79.0000,79.0300,600
289,79.0200,79.0200,78.9700,78.9700,700
290,78.9700,78.9700,78.9600,78.9600,400
292,78.9436,78.9500,78.9436,78.9500,580
293,78.9600,79.0000,78.9600,78.9900,1593
294,78.9977,78.9977,78.9977,78.9977,198
295,79.0100,79.0300,79.0100,79.0100,400
296,79.0000,79.0000,79.0000,79.0000,301
297,78.9900,78.9932,78.9900,78.9932,324
298,78.9800,78.9800,78.9800,78.9800,200
299,78.9800,78.9900,78.9800,78.9900,598
300,79.0000,79.0000,79.0000,79.0000,100
301,78.9900,79.0100,78.9800,79.0000,1545
302,78.9800,79.0100,78.9800,79.0100,600
303,79.0149,79.0300,79.0149,79.0202,973
304,79.0100,79.0100,79.0100,79.0100,203
305,79.0100,79.0100,79.0000,79.0100,600
307,78.9900,78.9900,78.9900,78.9900,300
309,78.9700,78.9800,78.9600,78.9800,500
310,78.9600,78.9600,78.9600,78.9600,100
311,78.9700,78.9800,78.9700,78.9700,500
312,78.9500,78.9500,78.9500,78.9500,100
313,78.9700,78.9700,78.9500,78.9500,300
314,78.9609,78.9700,78.9609,78.9700,210
315,78.9700,78.9700,78.9650,78.9650,200
316,78.9700,78.9700,78.9500,78.9500,655
317,78.9336,78.9500,78.9300,78.9500,2650
319,78.9500,78.9500,78.9200,78.9200,300
320,78.9400,78.9400,78.9400,78.9400,100
321,78.9500,78.9500,78.9300,78.9300,600
322,78.9300,78.9300,78.9200,78.9250,2001
323,78.9300,78.9450,78.9300,78.9400,1487
324,78.9309,78.9309,78.9291,78.9291,334
325,78.9200,78.9800,78.9200,78.9750,2416
326,78.9700,78.9700,78.9391,78.9391,577
327,78.9500,78.9600,78.9400,78.9400,830
328,78.9700,78.9700,78.9700,78.9700,100
329,78.9536,78.9700,78.9536,78.9700,328
330,78.9500,78.9600,78.9500,78.9600,800
331,78.9400,78.9402,78.9200,78.9300,530
332,78.9200,78.9300,78.9200,78.9300,200
333,78.9400,78.9400,78.9300,78.9300,900
334,78.9100,78.9300,78.9000,78.9000,1050
335,78.9100,78.9200,78.9100,78.9200,1913
337,78.9200,78.9200,78.9200,78.9200,200
338,78.9200,78.9300,78.9200,78.9300,600
339,78.9300,78.9400,78.9300,78.9300,1007
340,78.9200,78.9300,78.9100,78.9250,724
341,78.9100,78.9150,78.9100,78.9100,700
342,78.9200,78.9400,78.9200,78.9400,1244
343,78.9600,78.9600,78.9600,78.9600,200
344,78.9600,78.9600,78.9600,78.9600,200
345,78.9650,78.9700,78.9600,78.9700,598
346,78.9800,78.9800,78.9700,78.9700,200
347,78.9700,78.9700,78.9700,78.9700,100
348,78.9700,78.9700,78.9500,78.9600,600
349,78.9600,78.9600,78.9600,78.9600,100
350,78.9600,78.9600,78.9600,78.9600,400
351,78.9600,78.9700,78.9600,78.9600,500
352,78.9700,78.9700,78.9700,78.9700,293
353,78.9800,78.9800,78.9800,78.9800,500
354,78.9713,78.9900,78.9713,78.9900,739
355,78.9900,78.9900,78.9900,78.9900,400
356,78.9800,79.0000,78.9750,79.0000,2052
357,78.9900,78.9900,78.9800,78.9900,700
358,78.9900,78.9900,78.9900,78.9900,100
359,78.9800,78.9900,78.9700,78.9700,800
360,78.9500,78.9530,78.9400,78.9500,802
361,78.9477,78.9500,78.9400,78.9400,910
362,78.9300,78.9400,78.9300,78.9400,400
363,78.9500,78.9600,78.9500,78.9500,1002
364,78.9500,78.9500,78.9487,78.9500,410
365,78.9600,78.9700,78.9500,78.9550,700
366,78.9500,78.9500,78.9500,78.9500,900
367,78.9600,78.9700,78.9600,78.9700,1266
368,78.9700,78.9900,78.9700,78.9900,1142
369,78.9833,79.0000,78.9800,78.9800,643
370,78.9700,78.9700,78.9600,78.9600,1000
371,78.9490,78.9500,78.9400,78.9500,430
372,78.9400,78.9400,78.9300,78.9400,5373
373,78.9400,78.9400,78.9300,78.9300,2800
374,78.9400,78.9600,78.9400,78.9600,1500
375,78.9500,78.9500,78.9300,78.9300,6536
376,78.9200,78.9243,78.9000,78.9000,2719
377,78.9000,78.9000,78.8850,78.8850,1440
378,78.8700,78.8700,78.8600,78.8600,800
379,78.8650,78.8850,78.8600,78.8600,3450
380,78.8550,78.8850,78.8550,78.8700,1263
381,78.8700,78.9000,78.8700,78.9000,2355
382,78.9100,78.9200,78.8600,78.8600,4599
383,78.8600,78.8650,78.8500,78.8550,1300
384,78.8600,78.8700,78.8600,78.8647,1873
385,78.8600,78.8700,78.8400,78.8525,3100
386,78.8400,78.8450,78.8200,78.8200,8435
387,78.8200,78.8200,78.7900,78.8000,4633
388,78.8000,78.8000,78.7850,78.7850,2631
389,78.7800,78.7850,78.7500,78.7700,3108
390,78.7700,78.8400,78.7700,78.8200,7551