CFG,Citizens Financial Group,Financials,4,Regional Banks,17027840680,4945579
a1499272200,34.1800,34.1800,34.0400,34.0400,200
2,34.1600,34.1600,34.1600,34.1600,100
3,34.1700,34.2200,34.1100,34.2200,5640
4,34.1800,34.1900,34.1700,34.1750,2621
5,34.1600,34.2700,34.1600,34.2100,13719
6,34.2200,34.3000,34.1900,34.2050,45140
7,34.2200,34.2300,34.1500,34.2200,45793
8,34.2250,34.2550,34.1850,34.2000,28600
9,34.2000,34.2100,34.1850,34.2000,21632
10,34.1950,34.1950,34.1550,34.1550,97204
11,34.1500,34.1500,34.0700,34.1400,15495
12,34.1400,34.1700,34.1250,34.1300,15693
13,34.1300,34.2200,34.1300,34.2000,20350
14,34.1900,34.2600,34.1900,34.2600,16501
15,34.2700,34.2900,34.2000,34.2050,14329
16,34.2100,34.2250,34.1850,34.1900,9484
17,34.1800,34.1800,34.1400,34.1800,11129
18,34.1850,34.2300,34.1850,34.2250,9581
19,34.2300,34.2450,34.2000,34.2300,13646
20,34.2400,34.2500,34.2100,34.2300,9758
21,34.2300,34.2600,34.2250,34.2500,8900
22,34.2400,34.2500,34.1800,34.1900,10805
23,34.1850,34.2200,34.1850,34.2200,9687
24,34.2200,34.2500,34.2150,34.2300,11357
25,34.2200,34.2300,34.2150,34.2300,4396
26,34.2250,34.2550,34.2200,34.2200,4999
27,34.2100,34.2300,34.2100,34.2200,7940
28,34.2200,34.2900,34.2200,34.2900,13671
29,34.2900,34.3100,34.2850,34.2850,5200
30,34.2850,34.3000,34.2750,34.2750,3687
31,34.2700,34.3300,34.2650,34.3300,19141
32,34.3300,34.3600,34.3300,34.3400,11600
33,34.3300,34.3500,34.3300,34.3500,9564
34,34.3600,34.3900,34.3400,34.3400,2425
35,34.3400,34.3500,34.3300,34.3300,4705
36,34.3300,34.3400,34.3300,34.3300,9089
37,34.3200,34.3200,34.2800,34.2900,7229
38,34.2900,34.3400,34.2900,34.3300,5200
39,34.3290,34.3600,34.3290,34.3400,7759
40,34.3300,34.3400,34.3300,34.3400,4600
41,34.3400,34.3400,34.3182,34.3299,3601
42,34.3300,34.3600,34.3300,34.3600,9860
43,34.3500,34.3500,34.2950,34.3300,10648
44,34.3300,34.3300,34.3000,34.3300,4989
45,34.3200,34.3300,34.3200,34.3300,5431
46,34.3300,34.3350,34.3200,34.3350,11407
47,34.3400,34.3700,34.3300,34.3300,7458
48,34.3336,34.3500,34.3300,34.3500,1922
49,34.3550,34.3750,34.3300,34.3400,9853
50,34.3300,34.3400,34.3300,34.3400,4889
51,34.3500,34.3500,34.3400,34.3400,6722
52,34.3400,34.3500,34.3400,34.3400,10104
53,34.3400,34.3500,34.3300,34.3300,2100
54,34.3200,34.3400,34.3200,34.3250,7862
55,34.3200,34.3460,34.3050,34.3460,10518
56,34.3450,34.3500,34.3300,34.3500,24494
57,34.3500,34.3700,34.3450,34.3700,16385
58,34.3800,34.3850,34.3600,34.3600,8542
59,34.3700,34.3700,34.3600,34.3700,1300
60,34.3700,34.3761,34.3500,34.3700,4402
61,34.3600,34.3890,34.3500,34.3500,8712
62,34.3500,34.3600,34.3500,34.3600,2617
63,34.3600,34.3850,34.3600,34.3800,12884
64,34.3800,34.4000,34.3700,34.4000,4874
65,34.3900,34.4050,34.3800,34.3900,5776
66,34.3900,34.4250,34.3900,34.4200,6595
67,34.4200,34.4200,34.4100,34.4150,2712
68,34.4100,34.4200,34.4000,34.4000,3892
69,34.4000,34.4000,34.3750,34.3900,5474
70,34.4000,34.4000,34.3500,34.3700,14010
71,34.3700,34.3800,34.3650,34.3700,16904
72,34.3800,34.4000,34.3700,34.4000,34717
73,34.4100,34.4350,34.4000,34.4350,4543
74,34.4300,34.4550,34.4200,34.4550,4647
75,34.4438,34.4800,34.4400,34.4800,3979
76,34.4750,34.4750,34.4500,34.4600,4200
77,34.4650,34.4800,34.4500,34.4700,3852
78,34.4600,34.4600,34.4450,34.4550,2300
79,34.4500,34.4700,34.4500,34.4700,2599
80,34.4700,34.4700,34.4500,34.4550,4300
81,34.4600,34.4600,34.4300,34.4400,11400
82,34.4400,34.4400,34.4200,34.4300,5600
83,34.4300,34.4300,34.4200,34.4200,2200
84,34.4200,34.4400,34.4200,34.4300,13000
85,34.4300,34.4300,34.4100,34.4200,2593
86,34.4150,34.4250,34.3900,34.3950,28612
87,34.3950,34.4050,34.3800,34.4050,38773
88,34.4100,34.4100,34.3950,34.3950,7041
89,34.4000,34.4200,34.3900,34.4200,33900
90,34.4100,34.4200,34.4000,34.4050,8776
91,34.4000,34.4050,34.3600,34.3600,7441
92,34.3600,34.3700,34.3400,34.3450,10401
93,34.3400,34.3400,34.3150,34.3350,17400
94,34.3400,34.3500,34.3300,34.3300,12385
95,34.3300,34.3400,34.3143,34.3250,5741
96,34.3200,34.3500,34.3200,34.3400,7477
97,34.3400,34.3750,34.3350,34.3700,5605
98,34.3800,34.4050,34.3750,34.4050,8105
99,34.4100,34.4300,34.3900,34.4300,8752
100,34.4300,34.4350,34.4200,34.4200,5313
101,34.4200,34.4301,34.4150,34.4300,3813
102,34.4300,34.4400,34.4300,34.4400,6225
103,34.4500,34.4500,34.4350,34.4450,7608
104,34.4450,34.4600,34.4400,34.4400,12100
105,34.4400,34.4600,34.4400,34.4400,12600
106,34.4400,34.4400,34.4350,34.4400,2859
107,34.4400,34.4600,34.4400,34.4500,9971
108,34.4500,34.4500,34.4300,34.4300,5735
109,34.4200,34.4400,34.4200,34.4400,3224
110,34.4400,34.4400,34.4300,34.4300,1500
111,34.4300,34.4450,34.4300,34.4300,3725
112,34.4400,34.4600,34.4400,34.4600,14786
113,34.4500,34.4600,34.4450,34.4500,7278
114,34.4400,34.4400,34.4350,34.4400,6500
115,34.4450,34.4450,34.4350,34.4350,2575
116,34.4400,34.4400,34.4200,34.4300,10461
117,34.4300,34.4350,34.4200,34.4350,4630
118,34.4200,34.4200,34.3940,34.3940,5329
119,34.4000,34.4200,34.3950,34.3977,8834
120,34.3900,34.4011,34.3900,34.3900,2214
121,34.4000,34.4250,34.4000,34.4200,12104
122,34.4300,34.4300,34.4200,34.4200,8822
123,34.4200,34.4399,34.4100,34.4200,5500
124,34.4200,34.4200,34.3900,34.3900,3600
125,34.3800,34.3800,34.3500,34.3500,4866
126,34.3400,34.3600,34.3400,34.3500,5831
127,34.3550,34.3600,34.3400,34.3400,5643
128,34.3400,34.3400,34.3300,34.3400,1803
129,34.3300,34.3300,34.3250,34.3250,1560
130,34.3300,34.3500,34.3100,34.3100,6931
131,34.3200,34.3350,34.3150,34.3300,3700
132,34.3300,34.3300,34.3200,34.3200,1946
133,34.3200,34.3350,34.3100,34.3300,7458
134,34.3400,34.3400,34.3100,34.3150,5830
135,34.3138,34.3138,34.2800,34.2800,5076
136,34.2800,34.2800,34.2700,34.2800,3917
137,34.2800,34.2850,34.2700,34.2700,2100
138,34.2700,34.2700,34.2400,34.2400,4995
139,34.2400,34.2400,34.2300,34.2400,6500
140,34.2400,34.2400,34.2200,34.2400,3646
141,34.2400,34.2600,34.2400,34.2600,5344
142,34.2600,34.2800,34.2600,34.2800,1400
143,34.2700,34.2700,34.2600,34.2600,1800
144,34.2600,34.2800,34.2600,34.2700,5586
145,34.2900,34.3000,34.2900,34.2900,2900
146,34.3000,34.3000,34.2900,34.3000,4600
147,34.3000,34.3059,34.2900,34.3000,1228
148,34.3000,34.3200,34.3000,34.3200,9205
149,34.3300,34.3400,34.3300,34.3400,2879
150,34.3500,34.3800,34.3500,34.3600,5599
151,34.3500,34.3700,34.3450,34.3700,1810
152,34.3600,34.3600,34.3500,34.3600,2380
153,34.3600,34.3750,34.3600,34.3700,4780
154,34.3700,34.3700,34.3600,34.3700,1725
155,34.3700,34.4100,34.3700,34.3900,13467
156,34.3900,34.4200,34.3900,34.4100,19747
157,34.4200,34.4200,34.3950,34.4050,43743
158,34.4000,34.4100,34.3950,34.4000,10087
159,34.4100,34.4100,34.4100,34.4100,800
160,34.4000,34.4150,34.3950,34.4100,34770
161,34.4150,34.4250,34.4000,34.4000,38216
162,34.4100,34.4200,34.4100,34.4200,13048
163,34.4100,34.4100,34.4000,34.4100,2522
164,34.4100,34.4100,34.4000,34.4000,3972
165,34.4000,34.4000,34.3800,34.3900,4500
166,34.3850,34.3950,34.3850,34.3900,1100
167,34.3700,34.3700,34.3600,34.3700,1200
168,34.3700,34.3800,34.3500,34.3600,8262
169,34.3500,34.3500,34.3200,34.3400,5200
170,34.3300,34.3467,34.3300,34.3350,7895
171,34.3400,34.3550,34.3400,34.3500,4053
172,34.3444,34.3600,34.3444,34.3600,2576
173,34.3600,34.3767,34.3600,34.3767,3070
174,34.3750,34.3850,34.3550,34.3850,13143
175,34.3850,34.3900,34.3800,34.3850,4400
176,34.3850,34.3950,34.3800,34.3900,16004
177,34.3900,34.4000,34.3800,34.3800,3550
178,34.3800,34.3800,34.3700,34.3700,6274
179,34.3700,34.3900,34.3700,34.3800,5614
180,34.3800,34.3850,34.3800,34.3800,3300
181,34.3750,34.3850,34.3700,34.3800,1931
182,34.3800,34.3850,34.3800,34.3800,5344
183,34.3790,34.3790,34.3550,34.3550,2023
184,34.3500,34.3500,34.3201,34.3201,4156
185,34.3300,34.3300,34.3100,34.3200,6395
186,34.3200,34.3250,34.3100,34.3200,10231
187,34.3100,34.3150,34.3000,34.3000,2451
188,34.3000,34.3150,34.3000,34.3100,17536
189,34.3000,34.3100,34.3000,34.3000,1900
190,34.3000,34.3000,34.2900,34.2950,2500
191,34.2900,34.2950,34.2800,34.2850,4999
192,34.2750,34.2800,34.2750,34.2750,4661
193,34.2700,34.2900,34.2700,34.2900,9227
194,34.2800,34.2800,34.2800,34.2800,800
195,34.2900,34.3000,34.2900,34.3000,12907
196,34.3100,34.3300,34.3100,34.3200,9300
197,34.3200,34.3250,34.3150,34.3200,6611
198,34.3100,34.3100,34.2800,34.2900,7496
199,34.2900,34.2900,34.2800,34.2850,1400
200,34.2800,34.3050,34.2800,34.2850,11872
201,34.2800,34.3000,34.2800,34.3000,6298
202,34.2940,34.3000,34.2850,34.2900,12383
203,34.3062,34.3150,34.3062,34.3150,5483
204,34.3100,34.3500,34.3100,34.3500,7794
205,34.3600,34.3700,34.3500,34.3500,4200
206,34.3500,34.3600,34.3400,34.3600,7843
207,34.3600,34.3700,34.3600,34.3700,3700
208,34.3700,34.3750,34.3600,34.3700,3400
209,34.3800,34.3900,34.3700,34.3700,3646
210,34.3750,34.3800,34.3700,34.3800,3725
211,34.3700,34.3800,34.3600,34.3700,1700
212,34.3700,34.3800,34.3700,34.3700,6804
213,34.3700,34.4000,34.3700,34.3900,11508
214,34.3900,34.4000,34.3900,34.4000,2800
215,34.3800,34.3900,34.3750,34.3900,5100
216,34.3900,34.3900,34.3800,34.3900,2200
217,34.3880,34.3900,34.3800,34.3800,1934
218,34.3800,34.4000,34.3800,34.3900,6234
219,34.3900,34.4000,34.3850,34.3950,14902
220,34.3900,34.3900,34.3600,34.3600,9900
221,34.3600,34.3700,34.3500,34.3600,3265
222,34.3500,34.3600,34.3500,34.3600,2399
223,34.3600,34.3600,34.3600,34.3600,700
224,34.3500,34.3600,34.3500,34.3600,3600
225,34.3600,34.3700,34.3500,34.3600,16476
226,34.3600,34.3700,34.3500,34.3600,2024
227,34.3600,34.3600,34.3400,34.3400,7003
228,34.3400,34.3500,34.3300,34.3300,2000
229,34.3200,34.3250,34.3100,34.3100,1493
230,34.3100,34.3100,34.2950,34.2950,4064
231,34.2950,34.2950,34.2900,34.2900,1799
232,34.3000,34.3050,34.3000,34.3000,7100
233,34.2967,34.3150,34.2900,34.3000,4346
234,34.3100,34.3100,34.2900,34.2900,3402
235,34.3000,34.3000,34.3000,34.3000,300
236,34.3000,34.3000,34.2900,34.2900,700
237,34.3000,34.3250,34.3000,34.3100,6300
238,34.3000,34.3100,34.3000,34.3000,2300
239,34.3000,34.3000,34.2900,34.2900,1900
240,34.2965,34.2999,34.2800,34.2800,1954
241,34.2800,34.2950,34.2800,34.2900,1615
242,34.2900,34.2900,34.2500,34.2600,6600
243,34.2700,34.2850,34.2700,34.2700,5530
244,34.2700,34.2700,34.2600,34.2700,2829
245,34.2700,34.2800,34.2700,34.2800,1215
246,34.2700,34.2750,34.2600,34.2700,1827
247,34.2700,34.2700,34.2600,34.2600,1202
248,34.2600,34.2800,34.2600,34.2650,4100
249,34.2600,34.2600,34.2400,34.2500,3707
250,34.2500,34.2650,34.2500,34.2600,5807
251,34.2550,34.2550,34.2200,34.2350,4920
252,34.2300,34.2350,34.2200,34.2200,1214
253,34.2300,34.2400,34.2300,34.2400,428
254,34.2400,34.2600,34.2400,34.2500,20653
255,34.2500,34.2600,34.2500,34.2550,1000
256,34.2500,34.2500,34.2400,34.2500,3835
257,34.2400,34.2500,34.2350,34.2400,3106
258,34.2453,34.2550,34.2400,34.2500,2229
259,34.2600,34.2600,34.2400,34.2400,2700
260,34.2400,34.2400,34.2200,34.2200,3200
261,34.2150,34.2200,34.2100,34.2200,1395
262,34.2300,34.2300,34.2200,34.2200,1464
263,34.2300,34.2650,34.2300,34.2400,11965
264,34.2300,34.2300,34.2300,34.2300,1000
265,34.2300,34.2300,34.2200,34.2250,3497
266,34.2200,34.2300,34.2200,34.2300,3202
267,34.2400,34.2400,34.2300,34.2300,4166
268,34.2350,34.2369,34.2300,34.2369,5434
269,34.2300,34.2500,34.2300,34.2500,3807
270,34.2410,34.2600,34.2410,34.2600,5638
271,34.2700,34.2700,34.2650,34.2650,3184
272,34.2750,34.2800,34.2700,34.2700,1156
273,34.2750,34.2800,34.2750,34.2800,4300
274,34.2800,34.2800,34.2700,34.2700,11310
275,34.2790,34.2790,34.2500,34.2600,1920
276,34.2600,34.2600,34.2600,34.2600,800
277,34.2599,34.2650,34.2500,34.2550,19525
278,34.2500,34.2550,34.2400,34.2400,1827
279,34.2450,34.2700,34.2450,34.2550,7282
280,34.2550,34.2550,34.2450,34.2500,2300
281,34.2500,34.2500,34.2300,34.2300,4987
282,34.2400,34.2500,34.2300,34.2350,8338
283,34.2350,34.2400,34.2300,34.2350,3700
284,34.2300,34.2350,34.2200,34.2250,3157
285,34.2250,34.2250,34.2250,34.2250,500
286,34.2290,34.2400,34.2203,34.2400,7977
287,34.2500,34.2500,34.2200,34.2200,5500
288,34.2150,34.2250,34.2100,34.2250,1846
289,34.2200,34.2300,34.2150,34.2150,2407
290,34.2200,34.2250,34.2150,34.2150,2800
291,34.2200,34.2200,34.2100,34.2100,4984
292,34.2200,34.2250,34.2200,34.2200,5588
293,34.2300,34.2500,34.2300,34.2500,8899
294,34.2400,34.2700,34.2400,34.2652,8876
295,34.2700,34.2700,34.2600,34.2700,5626
296,34.2700,34.2700,34.2400,34.2400,3807
297,34.2500,34.2550,34.2450,34.2450,6831
298,34.2500,34.2700,34.2500,34.2700,3251
299,34.2800,34.2800,34.2700,34.2800,5490
300,34.2800,34.2850,34.2800,34.2850,2100
301,34.2800,34.2961,34.2800,34.2800,6319
302,34.2800,34.2950,34.2800,34.2950,2978
303,34.3000,34.3000,34.2650,34.2800,9713
304,34.2850,34.2850,34.2600,34.2700,5400
305,34.2650,34.2650,34.2600,34.2600,520
306,34.2600,34.2750,34.2600,34.2750,5900
307,34.2600,34.2700,34.2600,34.2700,900
308,34.2600,34.2650,34.2500,34.2500,2539
309,34.2500,34.2899,34.2500,34.2899,16901
310,34.2900,34.2950,34.2750,34.2950,6400
311,34.2900,34.2950,34.2800,34.2800,2763
312,34.2850,34.3000,34.2850,34.3000,4000
313,34.3000,34.3000,34.2900,34.3000,2900
314,34.3000,34.3000,34.2900,34.2950,4393
315,34.2900,34.3200,34.2800,34.3200,16636
316,34.3200,34.3300,34.3050,34.3050,6533
317,34.3000,34.3050,34.2900,34.2950,3646
318,34.2900,34.3050,34.2900,34.2900,14417
319,34.2900,34.3050,34.2850,34.2950,27265
320,34.2950,34.2950,34.2800,34.2900,16275
321,34.2850,34.2900,34.2800,34.2800,6606
322,34.2800,34.2850,34.2800,34.2800,3354
323,34.2800,34.2850,34.2800,34.2800,1300
324,34.2800,34.2800,34.2600,34.2600,9355
325,34.2650,34.2650,34.2500,34.2500,2300
326,34.2600,34.2675,34.2550,34.2600,6335
327,34.2700,34.2700,34.2600,34.2600,2000
328,34.2600,34.2650,34.2600,34.2650,2074
329,34.2600,34.2650,34.2450,34.2450,9745
330,34.2400,34.2450,34.2300,34.2350,5900
331,34.2300,34.2350,34.2200,34.2200,10445
332,34.2250,34.2250,34.2250,34.2250,100
333,34.2200,34.2300,34.2100,34.2150,10933
334,34.2100,34.2100,34.2000,34.2000,5624
335,34.1900,34.1900,34.1800,34.1800,2392
336,34.1852,34.1852,34.1800,34.1800,2819
337,34.1800,34.1850,34.1650,34.1750,31913
338,34.1700,34.1700,34.1700,34.1700,2100
339,34.1600,34.1700,34.1600,34.1700,1500
340,34.1700,34.1700,34.1500,34.1500,4790
341,34.1550,34.1800,34.1500,34.1700,15688
342,34.1750,34.1800,34.1739,34.1800,4471
343,34.1750,34.1800,34.1600,34.1750,8502
344,34.1750,34.1750,34.1650,34.1650,4328
345,34.1700,34.1800,34.1650,34.1800,5653
346,34.1750,34.1800,34.1600,34.1600,39000
347,34.1500,34.1550,34.1500,34.1500,1100
348,34.1500,34.1600,34.1500,34.1500,2113
349,34.1500,34.1550,34.1400,34.1500,8065
350,34.1500,34.1500,34.1350,34.1350,7792
351,34.1350,34.1450,34.1350,34.1400,6298
352,34.1350,34.1400,34.1300,34.1300,700
353,34.1300,34.1400,34.1200,34.1250,5695
354,34.1200,34.1200,34.1100,34.1150,5218
355,34.1100,34.1150,34.0900,34.0900,4156
356,34.0950,34.1200,34.0945,34.1050,19335
357,34.1000,34.1000,34.0850,34.0900,6955
358,34.1000,34.1050,34.0950,34.0950,7800
359,34.1000,34.1075,34.0950,34.1050,4889
360,34.1050,34.1100,34.1000,34.1050,4199
361,34.1100,34.1100,34.0900,34.0900,9182
362,34.0800,34.0900,34.0800,34.0800,3800
363,34.0900,34.0900,34.0600,34.0750,11903
364,34.0800,34.0900,34.0800,34.0850,8713
365,34.0800,34.0800,34.0700,34.0700,4846
366,34.0700,34.0850,34.0600,34.0800,25480
367,34.0800,34.0850,34.0800,34.0850,2000
368,34.0900,34.0900,34.0800,34.0800,3541
369,34.0800,34.0850,34.0300,34.0300,17085
370,34.0300,34.0350,34.0050,34.0050,50840
371,34.0000,34.0100,33.9900,34.0000,12226
372,33.9950,34.0100,33.9750,34.0100,20743
373,34.0150,34.0200,33.9950,34.0200,20377
374,34.0150,34.0650,34.0150,34.0600,33226
375,34.0550,34.0600,34.0400,34.0500,23064
376,34.0450,34.0450,34.0300,34.0300,7091
377,34.0300,34.0400,34.0300,34.0300,4415
378,34.0350,34.0600,34.0300,34.0550,37699
379,34.0600,34.0700,34.0550,34.0600,13200
380,34.0600,34.0650,34.0450,34.0600,33856
381,34.0650,34.0650,34.0500,34.0600,17750
382,34.0600,34.0650,34.0500,34.0600,29426
383,34.0600,34.0750,34.0600,34.0700,14605
384,34.0700,34.0750,34.0600,34.0700,15730
385,34.0700,34.0700,34.0600,34.0600,9308
386,34.0700,34.0900,34.0600,34.0850,53081
387,34.0850,34.0900,34.0800,34.0900,18346
388,34.0900,34.0900,34.0800,34.0900,50528
389,34.0850,34.0900,34.0550,34.0600,81100
390,34.0600,34.0600,33.9700,33.9800,327399