COTY,Coty Inc,Consumer Staples,2,Personal Products,14043411355,4941026
a149927220080,19.0750,19.0800,19.0700,19.0800,6400
381,19.0800,19.0800,19.0700,19.0750,11878
382,19.0750,19.0800,19.0700,19.0750,11247
383,19.0750,19.0800,19.0700,19.0800,12029
384,19.0800,19.0800,19.0700,19.0750,7657
385,19.0750,19.0800,19.0700,19.0750,16640
386,19.0750,19.0800,19.0700,19.0800,34731
387,19.0800,19.1000,19.0600,19.0700,112437
388,19.0700,19.0800,19.0600,19.0750,65597
389,19.0750,19.0750,19.0600,19.0650,34106
390,19.0700,19.0800,19.0600,19.0750,94299
1,19.1500,19.2000,19.1200,19.1200,102261
2,19.1200,19.1300,19.0884,19.1100,39370
3,19.0900,19.1500,19.0600,19.1500,7431
4,19.1450,19.2000,19.1450,19.2000,11082
5,19.1948,19.1948,19.1200,19.1300,6289
6,19.1300,19.1300,19.0600,19.0600,5495
7,19.0600,19.0650,19.0450,19.0500,4800
8,19.0500,19.0600,19.0200,19.0500,21700
9,19.0600,19.0750,19.0300,19.0400,12947
10,19.0388,19.0400,19.0200,19.0250,9287
11,19.0200,19.0300,18.9700,18.9800,12885
12,18.9850,19.0000,18.9800,18.9950,19297
13,18.9900,18.9950,18.9900,18.9900,7200
14,18.9900,18.9900,18.9600,18.9700,6300
15,18.9800,18.9950,18.9600,18.9900,10100
16,18.9650,18.9850,18.9500,18.9500,5000
17,18.9450,18.9450,18.9100,18.9100,22515
18,18.9000,18.9000,18.8800,18.9000,5500
19,18.9027,18.9300,18.9027,18.9300,2300
20,18.9200,18.9200,18.9200,18.9200,100
21,18.9250,18.9300,18.9250,18.9300,300
22,18.9300,18.9300,18.9100,18.9200,6313
23,18.9200,18.9200,18.9150,18.9200,401
24,18.9250,18.9350,18.9200,18.9350,3438
25,18.9400,18.9400,18.9300,18.9400,900
26,18.9400,18.9500,18.9400,18.9500,2000
27,18.9550,18.9600,18.9300,18.9300,4424
28,18.9400,18.9400,18.9400,18.9400,300
29,18.9350,18.9600,18.9200,18.9600,5300
30,18.9550,18.9550,18.9500,18.9500,200
31,18.9600,18.9700,18.9600,18.9650,900
32,18.9700,19.0200,18.9650,19.0150,31383
33,19.0100,19.0150,19.0100,19.0150,600
34,19.0150,19.0300,19.0150,19.0150,4846
35,19.0100,19.0100,19.0000,19.0000,14000
36,19.0000,19.0200,18.9950,19.0150,17400
37,19.0150,19.0300,19.0100,19.0299,2731
38,19.0200,19.0200,19.0200,19.0200,800
39,19.0200,19.0300,19.0200,19.0250,1000
40,19.0250,19.0250,19.0250,19.0250,100
41,19.0300,19.0300,19.0200,19.0250,1600
42,19.0200,19.0300,19.0100,19.0150,5700
43,19.0200,19.0400,19.0200,19.0300,4111
44,19.0300,19.0400,19.0300,19.0400,600
45,19.0350,19.0400,19.0300,19.0300,600
46,19.0300,19.0500,19.0300,19.0466,3732
47,19.0500,19.0600,19.0450,19.0450,5591
48,19.0400,19.0400,19.0400,19.0400,600
49,19.0500,19.0550,19.0400,19.0400,4004
50,19.0400,19.0400,19.0350,19.0400,7794
51,19.0400,19.0450,19.0400,19.0450,1900
52,19.0400,19.0400,19.0300,19.0350,7257
53,19.0300,19.0600,19.0300,19.0600,9496
54,19.0600,19.0600,19.0510,19.0600,1900
55,19.0600,19.0750,19.0600,19.0750,3000
56,19.0700,19.0700,19.0600,19.0650,3667
57,19.0700,19.0700,19.0600,19.0700,6200
58,19.0700,19.1100,19.0650,19.1100,27740
59,19.1000,19.1050,19.0800,19.0800,13142
60,19.0800,19.0850,19.0600,19.0600,2757
61,19.0600,19.0700,19.0600,19.0600,3000
62,19.0500,19.0500,19.0300,19.0300,3400
63,19.0300,19.0300,19.0200,19.0200,600
64,19.0200,19.0200,19.0200,19.0200,200
65,19.0200,19.0200,19.0150,19.0200,5604
66,19.0200,19.0250,19.0200,19.0200,6434
67,19.0200,19.0200,19.0200,19.0200,100
68,19.0200,19.0200,18.9950,18.9950,2865
69,18.9900,18.9900,18.9900,18.9900,400
70,18.9900,18.9900,18.9900,18.9900,800
71,18.9800,18.9800,18.9700,18.9700,1400
72,18.9700,18.9800,18.9700,18.9800,3508
73,18.9740,18.9800,18.9740,18.9800,1500
74,18.9700,18.9700,18.9700,18.9700,1000
75,18.9750,18.9750,18.9750,18.9750,100
76,18.9799,19.0000,18.9750,18.9992,7000
77,18.9950,18.9950,18.9900,18.9900,700
78,18.9950,18.9950,18.9900,18.9900,500
79,18.9900,18.9950,18.9800,18.9800,2598
80,18.9789,18.9800,18.9700,18.9750,7300
81,18.9700,18.9800,18.9700,18.9800,3200
82,18.9750,18.9800,18.9750,18.9800,300
83,18.9800,18.9800,18.9700,18.9750,8610
84,18.9800,19.0000,18.9750,19.0000,6941
85,19.0000,19.0000,18.9900,18.9900,3199
86,18.9900,18.9900,18.9800,18.9890,2025
87,18.9800,18.9800,18.9600,18.9661,1958
88,18.9600,18.9639,18.9600,18.9600,5600
89,18.9650,18.9700,18.9650,18.9700,1900
90,18.9700,18.9750,18.9700,18.9700,4500
91,18.9700,18.9700,18.9600,18.9700,2000
92,18.9700,18.9800,18.9700,18.9800,2001
93,18.9800,18.9800,18.9800,18.9800,100
94,18.9700,18.9750,18.9600,18.9700,2300
95,18.9650,18.9700,18.9500,18.9700,9493
96,18.9700,18.9800,18.9650,18.9800,3600
97,18.9800,18.9850,18.9800,18.9800,1800
98,18.9900,18.9900,18.9800,18.9800,1100
100,18.9800,18.9850,18.9800,18.9800,800
101,18.9850,18.9900,18.9800,18.9800,1000
102,18.9800,18.9850,18.9800,18.9850,605
103,18.9850,18.9850,18.9800,18.9800,900
104,18.9850,18.9900,18.9800,18.9800,13156
105,18.9800,18.9900,18.9750,18.9800,14932
106,18.9700,18.9700,18.9600,18.9600,2145
107,18.9500,18.9500,18.9500,18.9500,3897
108,18.9500,18.9800,18.9500,18.9748,28354
109,18.9750,18.9750,18.9750,18.9750,100
110,18.9799,18.9799,18.9700,18.9700,1168
111,18.9700,18.9700,18.9550,18.9550,3080
112,18.9500,18.9500,18.9500,18.9500,100
113,18.9500,18.9550,18.9500,18.9500,1200
114,18.9500,18.9500,18.9300,18.9300,1500
115,18.9350,18.9350,18.9350,18.9350,200
116,18.9350,18.9400,18.9250,18.9350,12100
117,18.9400,18.9400,18.9300,18.9300,700
118,18.9399,18.9500,18.9350,18.9400,5701
119,18.9500,18.9600,18.9450,18.9550,3165
120,18.9600,18.9650,18.9550,18.9600,2300
121,18.9700,18.9700,18.9600,18.9600,1068
122,18.9600,18.9610,18.9300,18.9350,10396
123,18.9300,18.9300,18.9200,18.9200,1400
124,18.9200,18.9299,18.9100,18.9100,1500
125,18.9100,18.9200,18.9100,18.9200,3097
126,18.9200,18.9450,18.9200,18.9450,2401
127,18.9500,18.9500,18.9500,18.9500,1000
128,18.9500,18.9500,18.9400,18.9400,2700
129,18.9450,18.9500,18.9450,18.9500,1100
130,18.9500,18.9500,18.9400,18.9450,1100
131,18.9450,18.9600,18.9450,18.9600,41065
132,18.9550,18.9600,18.9400,18.9400,3531
133,18.9500,18.9500,18.9400,18.9500,2600
134,18.9550,18.9550,18.9550,18.9550,200
135,18.9550,18.9650,18.9500,18.9600,5700
136,18.9600,18.9600,18.9600,18.9600,2200
138,18.9600,18.9600,18.9600,18.9600,2200
140,18.9600,18.9650,18.9600,18.9600,1900
141,18.9650,18.9700,18.9600,18.9700,4400
142,18.9800,18.9800,18.9750,18.9800,3900
143,18.9700,18.9700,18.9700,18.9700,200
145,18.9700,18.9700,18.9700,18.9700,100
146,18.9700,18.9800,18.9700,18.9800,800
147,18.9750,19.0000,18.9750,19.0000,3400
149,18.9950,18.9950,18.9900,18.9900,400
151,18.9900,19.0000,18.9900,18.9950,700
152,18.9999,18.9999,18.9999,18.9999,100
153,18.9900,19.0000,18.9900,19.0000,300
154,18.9900,18.9900,18.9900,18.9900,800
155,19.0000,19.0200,19.0000,19.0100,7946
156,19.0100,19.0150,19.0100,19.0150,800
157,19.0150,19.0150,19.0150,19.0150,100
158,19.0100,19.0100,19.0100,19.0100,200
159,19.0100,19.0199,19.0100,19.0150,620
160,19.0150,19.0150,19.0000,19.0000,3800
161,19.0000,19.0100,18.9900,19.0050,6200
163,19.0000,19.0100,19.0000,19.0100,300
164,19.0050,19.0050,19.0050,19.0050,400
165,19.0100,19.0200,19.0100,19.0100,3082
166,19.0100,19.0200,19.0100,19.0200,600
167,19.0200,19.0200,19.0100,19.0150,586
168,19.0200,19.0200,19.0100,19.0100,8289
169,19.0100,19.0100,19.0100,19.0100,2700
170,19.0076,19.0150,19.0050,19.0150,4375
171,19.0100,19.0159,19.0100,19.0105,339
172,19.0100,19.0100,19.0000,19.0100,2018
173,19.0050,19.0060,19.0000,19.0060,501
174,19.0099,19.0100,19.0050,19.0100,340
175,19.0050,19.0050,19.0050,19.0050,200
176,19.0066,19.0066,19.0000,19.0050,1200
177,19.0100,19.0100,18.9900,18.9900,3600
178,18.9900,18.9900,18.9850,18.9850,3100
179,18.9800,18.9818,18.9800,18.9818,700
180,18.9850,18.9900,18.9850,18.9900,2400
181,18.9900,18.9900,18.9850,18.9900,1925
182,18.9800,18.9800,18.9800,18.9800,100
183,18.9900,18.9900,18.9800,18.9800,400
184,18.9850,18.9850,18.9850,18.9850,200
185,18.9900,18.9900,18.9900,18.9900,400
187,18.9800,18.9900,18.9800,18.9850,600
188,18.9850,19.0100,18.9800,19.0100,5382
189,19.0099,19.0100,19.0000,19.0100,574
190,19.0050,19.0050,19.0000,19.0000,300
191,19.0000,19.0100,19.0000,19.0000,2325
192,18.9950,19.0000,18.9950,18.9950,400
193,18.9950,18.9950,18.9900,18.9950,590
194,18.9900,18.9950,18.9899,18.9899,3000
195,18.9850,19.0000,18.9750,19.0000,5600
196,19.0000,19.0000,18.9900,18.9900,2800
197,18.9900,18.9900,18.9900,18.9900,300
198,18.9950,18.9950,18.9950,18.9950,1100
199,18.9900,18.9950,18.9900,18.9900,400
200,18.9900,18.9900,18.9900,18.9900,1065
201,18.9900,18.9900,18.9900,18.9900,1806
202,18.9900,18.9900,18.9900,18.9900,300
203,18.9900,19.0000,18.9900,18.9900,1100
204,18.9950,18.9950,18.9950,18.9950,100
205,18.9901,19.0000,18.9900,18.9900,1500
206,18.9900,18.9900,18.9900,18.9900,400
207,19.0000,19.0000,18.9950,18.9950,800
208,18.9950,18.9950,18.9900,18.9950,300
209,18.9950,19.0000,18.9900,18.9900,1800
210,18.9900,18.9900,18.9900,18.9900,200
211,18.9900,18.9950,18.9900,18.9950,600
212,19.0000,19.0000,18.9900,19.0000,900
213,18.9950,18.9950,18.9950,18.9950,400
214,19.0000,19.0250,18.9942,19.0250,9421
215,19.0200,19.0250,19.0150,19.0200,3145
216,19.0200,19.0300,19.0150,19.0200,3375
217,19.0200,19.0250,19.0000,19.0100,7031
218,19.0100,19.0100,19.0100,19.0100,200
219,19.0150,19.0150,19.0150,19.0150,100
220,19.0100,19.0100,19.0100,19.0100,100
221,19.0100,19.0100,19.0100,19.0100,401
222,19.0150,19.0150,19.0050,19.0100,5873
223,19.0200,19.0300,19.0150,19.0200,5800
224,19.0201,19.0201,19.0200,19.0200,3100
225,19.0100,19.0200,19.0100,19.0139,447
226,19.0150,19.0150,19.0150,19.0150,200
227,19.0200,19.0300,19.0200,19.0201,8503
228,19.0300,19.0300,19.0200,19.0200,2450
229,19.0201,19.0250,19.0200,19.0250,1000
230,19.0250,19.0250,19.0200,19.0200,200
231,19.0250,19.0300,19.0250,19.0300,200
232,19.0250,19.0250,19.0200,19.0200,300
233,19.0250,19.0250,19.0200,19.0200,300
234,19.0300,19.0300,19.0200,19.0253,329
235,19.0250,19.0300,19.0200,19.0250,1900
236,19.0300,19.0300,19.0250,19.0250,500
237,19.0200,19.0200,19.0200,19.0200,100
238,19.0200,19.0200,19.0200,19.0200,2883
239,19.0150,19.0200,19.0100,19.0100,528
240,19.0100,19.0150,19.0100,19.0100,700
241,19.0100,19.0150,19.0100,19.0150,600
242,19.0100,19.0100,19.0050,19.0050,2272
243,19.0050,19.0050,19.0017,19.0017,463
244,19.0050,19.0050,19.0050,19.0050,800
245,19.0050,19.0200,19.0050,19.0200,3093
246,19.0150,19.0150,19.0100,19.0100,900
247,19.0100,19.0100,19.0100,19.0100,900
248,19.0100,19.0100,19.0100,19.0100,1800
249,19.0100,19.0200,19.0100,19.0200,200
250,19.0150,19.0150,19.0100,19.0100,200
251,19.0100,19.0200,19.0100,19.0200,1300
252,19.0200,19.0200,19.0000,19.0100,50449
253,19.0050,19.0100,19.0000,19.0100,300
254,19.0100,19.0100,19.0100,19.0100,900
255,19.0000,19.0100,19.0000,19.0100,300
256,19.0100,19.0100,19.0042,19.0042,692
257,19.0000,19.0100,19.0000,19.0050,475
258,19.0000,19.0050,19.0000,19.0050,300
259,19.0050,19.0050,19.0000,19.0000,300
260,19.0000,19.0100,19.0000,19.0050,700
261,19.0000,19.0050,19.0000,19.0000,1900
262,19.0100,19.0100,18.9900,18.9900,7619
263,18.9900,18.9900,18.9850,18.9900,1200
264,18.9900,18.9900,18.9800,18.9800,500
265,18.9900,18.9900,18.9900,18.9900,200
266,18.9800,18.9800,18.9800,18.9800,100
267,18.9800,18.9800,18.9800,18.9800,200
268,18.9850,18.9900,18.9838,18.9900,1215
269,18.9800,18.9850,18.9800,18.9850,300
270,18.9800,18.9900,18.9800,18.9900,1300
271,18.9850,18.9900,18.9800,18.9850,1600
272,18.9850,18.9900,18.9800,18.9800,400
273,18.9850,18.9900,18.9800,18.9900,1863
274,18.9800,19.0100,18.9800,19.0100,8768
275,19.0000,19.0000,19.0000,19.0000,100
276,19.0000,19.0000,19.0000,19.0000,9317
278,19.0100,19.0100,19.0100,19.0100,100
279,19.0050,19.0050,19.0000,19.0050,600
280,19.0000,19.0050,18.9800,18.9900,6171
281,18.9850,18.9900,18.9800,18.9900,6301
282,18.9900,18.9900,18.9800,18.9800,725
283,18.9800,18.9800,18.9800,18.9800,500
284,18.9872,18.9900,18.9850,18.9850,10871
286,18.9900,18.9900,18.9900,18.9900,300
287,18.9900,18.9900,18.9800,18.9900,2195
288,18.9900,18.9900,18.9900,18.9900,100
289,18.9900,18.9900,18.9900,18.9900,100
290,18.9800,18.9801,18.9800,18.9800,891
291,18.9850,18.9900,18.9600,18.9600,12015
292,18.9600,18.9700,18.9600,18.9700,5759
293,18.9700,18.9700,18.9700,18.9700,300
294,18.9750,18.9800,18.9750,18.9800,200
295,18.9800,18.9800,18.9700,18.9718,1400
296,18.9750,18.9800,18.9700,18.9700,460
297,18.9700,18.9700,18.9650,18.9650,1824
298,18.9699,18.9699,18.9699,18.9699,180
299,18.9650,18.9700,18.9650,18.9650,1000
300,18.9650,18.9650,18.9650,18.9650,100
301,18.9700,18.9700,18.9662,18.9662,420
302,18.9650,18.9700,18.9650,18.9650,1987
303,18.9600,18.9600,18.9500,18.9500,3692
304,18.9500,18.9599,18.9500,18.9500,939
305,18.9500,18.9550,18.9500,18.9550,200
306,18.9500,18.9500,18.9450,18.9450,2060
307,18.9450,18.9500,18.9250,18.9450,27818
308,18.9400,18.9500,18.9400,18.9500,200
310,18.9500,18.9550,18.9500,18.9500,3342
311,18.9600,18.9600,18.9600,18.9600,2600
312,18.9600,18.9650,18.9600,18.9600,1300
313,18.9600,18.9700,18.9600,18.9649,1300
314,18.9650,18.9650,18.9650,18.9650,200
315,18.9650,18.9700,18.9600,18.9650,800
316,18.9600,18.9650,18.9550,18.9550,6314
317,18.9501,18.9501,18.9501,18.9501,110
318,18.9500,18.9550,18.9500,18.9550,400
319,18.9600,18.9600,18.9600,18.9600,300
320,18.9550,18.9550,18.9550,18.9550,300
321,18.9600,18.9600,18.9550,18.9550,400
322,18.9600,18.9600,18.9550,18.9550,300
323,18.9550,18.9600,18.9550,18.9600,1850
324,18.9550,18.9550,18.9550,18.9550,200
325,18.9500,18.9500,18.9500,18.9500,900
326,18.9600,18.9600,18.9500,18.9550,1200
327,18.9550,18.9550,18.9500,18.9500,1600
328,18.9550,18.9600,18.9400,18.9450,7414
329,18.9400,18.9450,18.9400,18.9450,1600
330,18.9400,18.9450,18.9400,18.9450,200
331,18.9450,18.9450,18.9400,18.9400,800
332,18.9450,18.9450,18.9400,18.9450,3365
333,18.9450,18.9600,18.9450,18.9600,12098
334,18.9650,18.9700,18.9650,18.9650,700
335,18.9700,18.9700,18.9650,18.9650,1586
336,18.9650,18.9700,18.9650,18.9650,300
337,18.9650,18.9700,18.9650,18.9700,2181
338,18.9643,18.9700,18.9600,18.9650,2617
339,18.9627,18.9700,18.9627,18.9700,1517
340,18.9700,18.9700,18.9650,18.9700,2460
341,18.9650,18.9650,18.9550,18.9600,6239
342,18.9600,18.9670,18.9550,18.9600,10018
343,18.9650,18.9650,18.9650,18.9650,400
344,18.9600,18.9650,18.9600,18.9650,700
345,18.9700,18.9800,18.9650,18.9800,11703
346,18.9800,18.9900,18.9800,18.9850,3003
347,18.9830,18.9900,18.9830,18.9900,1800
348,18.9900,18.9900,18.9850,18.9850,1201
349,18.9900,18.9900,18.9800,18.9900,2200
350,18.9900,18.9900,18.9800,18.9850,2650
351,18.9900,18.9900,18.9850,18.9900,800
352,18.9850,18.9900,18.9800,18.9900,3446
353,18.9900,18.9900,18.9850,18.9850,4253
354,18.9900,19.0100,18.9850,19.0100,12103
355,19.0100,19.0200,19.0100,19.0200,3935
356,19.0200,19.0200,19.0100,19.0200,1900
357,19.0100,19.0150,18.9800,18.9850,22799
358,18.9900,18.9900,18.9850,18.9850,800
359,18.9850,18.9900,18.9810,18.9850,1128
360,18.9800,18.9850,18.9700,18.9750,13219
361,18.9800,18.9800,18.9750,18.9800,10650
362,18.9700,18.9850,18.9700,18.9800,5600
363,18.9800,18.9850,18.9700,18.9800,4265
364,18.9800,18.9900,18.9750,18.9900,10230
365,18.9900,18.9900,18.9750,18.9750,11498
366,18.9800,18.9850,18.9800,18.9800,3890
367,18.9850,18.9850,18.9800,18.9800,600
368,18.9800,18.9850,18.9800,18.9800,3057
369,18.9850,19.0200,18.9850,19.0200,24168
370,19.0150,19.0300,19.0100,19.0300,6848
371,19.0300,19.0300,19.0250,19.0250,1700
372,19.0250,19.0300,19.0000,19.0000,24384
373,19.0000,19.0050,19.0000,19.0050,2000
374,19.0100,19.0100,19.0000,19.0000,8536
375,19.0050,19.0200,19.0000,19.0200,21992
376,19.0150,19.0200,19.0100,19.0100,2100
377,19.0200,19.0200,19.0150,19.0150,1500
378,19.0200,19.0200,19.0100,19.0150,5757
379,19.0200,19.0200,19.0100,19.0100,3594
380,19.0150,19.0200,19.0100,19.0200,17054
381,19.0200,19.0200,19.0100,19.0100,64514
382,19.0100,19.0150,18.9900,18.9950,42216
383,18.9900,18.9950,18.9900,18.9900,2000
384,18.9900,19.0000,18.9900,18.9950,5600
385,18.9950,18.9950,18.9900,18.9950,3800
386,18.9950,19.0100,18.9900,18.9950,75734
387,18.9900,19.0000,18.9900,18.9950,9454
388,18.9900,19.0100,18.9900,19.0100,36384
389,19.0100,19.0100,19.0000,19.0050,31089
390,19.0050,19.0100,19.0000,19.0000,54197