CPB,Campbell Soup,Consumer Staples,2,Packaged Foods & Meats,17426287622,1650354
a149927220090,57.6900,57.7100,57.6900,57.6900,110138
0,57.5300,57.8000,57.5300,57.8000,11547
1,57.5700,57.7100,57.5700,57.7100,200
2,57.7100,57.7100,57.7100,57.7100,100
3,57.6400,57.6400,57.5700,57.5900,2590
4,57.5800,57.6300,57.5800,57.6300,1900
5,57.6000,57.6000,57.6000,57.6000,100
6,57.6000,57.6000,57.5000,57.5000,1000
7,57.4600,57.4900,57.4100,57.4200,1104
8,57.3900,57.3900,57.3800,57.3800,300
9,57.3600,57.3600,57.3500,57.3500,300
10,57.4100,57.4300,57.4000,57.4300,2983
11,57.4100,57.4500,57.4100,57.4400,1550
12,57.4300,57.4300,57.3900,57.4200,1100
13,57.4200,57.4300,57.3600,57.3600,2529
14,57.3400,57.3400,57.2500,57.2600,6258
15,57.2600,57.2800,57.2100,57.2800,7798
16,57.2900,57.2900,57.2500,57.2500,2600
17,57.2700,57.2700,57.2100,57.2200,2334
18,57.2300,57.2600,57.2300,57.2500,2151
19,57.2400,57.2500,57.2300,57.2500,2018
20,57.2550,57.2600,57.2100,57.2600,4026
21,57.2600,57.2800,57.2600,57.2700,1439
22,57.2700,57.2800,57.2200,57.2200,3675
23,57.2250,57.2400,57.2100,57.2300,4101
24,57.2200,57.2200,57.2000,57.2000,2012
25,57.2000,57.2100,57.2000,57.2100,1591
26,57.2200,57.2400,57.2200,57.2400,2700
27,57.2350,57.3300,57.2350,57.3100,4604
28,57.3100,57.3300,57.3100,57.3300,1887
29,57.3100,57.3100,57.2900,57.3000,3311
30,57.3100,57.3100,57.2800,57.2800,2622
31,57.2800,57.2900,57.2800,57.2900,3497
32,57.2900,57.3200,57.2850,57.3200,2823
33,57.3200,57.3200,57.2700,57.2800,4501
34,57.2800,57.2800,57.2700,57.2800,2574
35,57.2600,57.2600,57.2300,57.2300,1905
36,57.2300,57.2400,57.2300,57.2400,3300
37,57.2500,57.2600,57.2500,57.2500,2324
38,57.2500,57.2700,57.2300,57.2300,3750
39,57.2300,57.2400,57.2300,57.2400,2554
40,57.2300,57.2700,57.2200,57.2600,4300
41,57.2650,57.2900,57.2650,57.2850,800
42,57.2850,57.2900,57.2850,57.2850,2200
43,57.2900,57.3100,57.2900,57.3100,2777
44,57.3200,57.3300,57.3000,57.3000,3363
45,57.2900,57.3000,57.2700,57.3000,5174
46,57.3100,57.3300,57.3100,57.3300,2383
47,57.3300,57.3450,57.3300,57.3450,1950
48,57.3400,57.3400,57.2900,57.3000,7767
49,57.3100,57.3600,57.3000,57.3600,3354
50,57.3553,57.3600,57.3553,57.3600,316
51,57.3600,57.4000,57.3600,57.4000,2247
52,57.3900,57.4200,57.3900,57.4200,900
53,57.4200,57.4200,57.4100,57.4100,2600
54,57.4050,57.4050,57.3884,57.3884,1208
55,57.3900,57.4000,57.3900,57.4000,300
56,57.3900,57.3950,57.3900,57.3900,1000
57,57.3800,57.3800,57.3500,57.3500,1853
58,57.3600,57.4200,57.3550,57.4100,4703
59,57.4100,57.4100,57.3500,57.3600,3509
60,57.3600,57.3600,57.3300,57.3300,2782
61,57.3400,57.3400,57.3400,57.3400,200
62,57.3400,57.3400,57.3100,57.3200,1805
63,57.3100,57.3400,57.3100,57.3400,3662
64,57.3550,57.3550,57.3250,57.3250,2300
65,57.3200,57.3900,57.3100,57.3900,6581
66,57.3800,57.3800,57.3600,57.3600,605
67,57.3550,57.3550,57.3550,57.3550,300
68,57.3600,57.3700,57.3400,57.3700,4280
69,57.3700,57.3800,57.3647,57.3800,1100
70,57.3900,57.3900,57.3800,57.3800,2690
71,57.3800,57.3800,57.3750,57.3800,500
72,57.3750,57.4300,57.3750,57.4250,2400
73,57.4250,57.4250,57.4000,57.4000,2983
74,57.4000,57.4200,57.4000,57.4200,800
75,57.4100,57.4200,57.4100,57.4200,2600
76,57.4200,57.4400,57.4100,57.4400,2314
77,57.4400,57.4400,57.4350,57.4400,800
78,57.4400,57.4900,57.4400,57.4850,2750
79,57.4800,57.4800,57.4590,57.4600,4050
80,57.4600,57.4600,57.4600,57.4600,100
81,57.4500,57.4700,57.4200,57.4400,6031
82,57.4500,57.4500,57.4400,57.4400,1721
83,57.4400,57.4400,57.4300,57.4300,600
84,57.4300,57.4400,57.4200,57.4400,2307
85,57.4300,57.4300,57.4300,57.4300,857
86,57.4300,57.4300,57.4300,57.4300,200
87,57.4400,57.4400,57.4300,57.4300,753
88,57.4300,57.4400,57.4300,57.4350,900
89,57.4300,57.4400,57.4200,57.4200,2331
90,57.4100,57.4150,57.3900,57.3900,1300
91,57.3900,57.3950,57.3900,57.3900,700
92,57.3900,57.4000,57.3900,57.3950,3800
93,57.3900,57.4000,57.3900,57.4000,1203
94,57.3900,57.3900,57.3700,57.3800,4869
95,57.3800,57.3900,57.3800,57.3900,1300
96,57.3900,57.3900,57.3800,57.3900,2000
97,57.3900,57.3900,57.3800,57.3800,4249
98,57.3800,57.3800,57.3800,57.3800,1926
99,57.3750,57.3750,57.3500,57.3500,3000
100,57.3500,57.3500,57.3400,57.3500,1200
101,57.3400,57.3400,57.3300,57.3300,1651
102,57.3300,57.3900,57.3300,57.3700,12189
103,57.3900,57.3900,57.3810,57.3900,1540
104,57.3900,57.4100,57.3900,57.4100,1554
105,57.4026,57.4350,57.4026,57.4300,6790
106,57.4250,57.4250,57.4100,57.4100,4436
107,57.4100,57.4100,57.3850,57.3850,2024
108,57.3800,57.3800,57.3600,57.3700,3100
109,57.3750,57.4000,57.3750,57.4000,3364
110,57.4200,57.4200,57.3933,57.4000,3940
111,57.4100,57.4100,57.4000,57.4000,1333
112,57.4100,57.4100,57.3948,57.3948,605
113,57.3950,57.3950,57.3900,57.3900,500
114,57.3900,57.4000,57.3900,57.3900,1000
115,57.3900,57.4100,57.3900,57.4000,3359
116,57.4100,57.4100,57.4000,57.4100,1689
117,57.4100,57.4900,57.4050,57.4766,6716
118,57.4700,57.4750,57.4700,57.4700,2970
119,57.4700,57.4700,57.4500,57.4500,2200
120,57.4500,57.4550,57.4450,57.4500,1700
121,57.4600,57.4700,57.4600,57.4650,1400
122,57.4600,57.4600,57.4400,57.4400,2128
123,57.4399,57.4400,57.4300,57.4300,1944
124,57.4300,57.4400,57.4300,57.4300,700
125,57.4300,57.4400,57.4300,57.4300,3600
126,57.4356,57.4600,57.4356,57.4600,2825
127,57.4700,57.4700,57.4650,57.4650,700
128,57.4600,57.4650,57.4500,57.4500,2352
129,57.4400,57.4500,57.4300,57.4400,2638
130,57.4300,57.4400,57.4300,57.4400,200
131,57.4400,57.4400,57.4350,57.4400,4190
132,57.4400,57.4400,57.4000,57.4000,5280
133,57.4100,57.4300,57.4050,57.4075,7922
134,57.4200,57.4250,57.4100,57.4150,3300
135,57.4150,57.4150,57.4100,57.4100,300
136,57.4150,57.4150,57.3900,57.3900,2947
137,57.4000,57.4100,57.3950,57.4000,3756
138,57.4000,57.4000,57.3800,57.3800,1900
139,57.3800,57.3800,57.3600,57.3650,2000
140,57.3600,57.3700,57.3400,57.3400,9830
141,57.3500,57.3601,57.3400,57.3601,5789
142,57.3650,57.3650,57.3500,57.3600,2000
143,57.3600,57.3700,57.3500,57.3650,3321
144,57.3600,57.3650,57.3500,57.3600,4200
145,57.3600,57.3700,57.3550,57.3650,2800
146,57.3600,57.3700,57.3600,57.3700,3000
147,57.3700,57.3800,57.3700,57.3750,2400
148,57.3700,57.3700,57.3400,57.3450,6900
149,57.3450,57.3500,57.3450,57.3500,2000
150,57.3500,57.3500,57.3300,57.3400,3700
151,57.3400,57.3400,57.3350,57.3350,300
152,57.3350,57.3600,57.3350,57.3600,2595
153,57.3700,57.3700,57.3600,57.3650,752
154,57.3650,57.4100,57.3650,57.4100,3300
155,57.4100,57.4400,57.4050,57.4400,1800
156,57.4400,57.4600,57.4400,57.4400,4094
157,57.4400,57.4400,57.4400,57.4400,1300
158,57.4400,57.4500,57.4400,57.4450,1038
159,57.4400,57.4400,57.4400,57.4400,1400
160,57.4400,57.4600,57.4400,57.4400,2891
161,57.4400,57.4500,57.4350,57.4500,2134
162,57.4450,57.4500,57.4450,57.4450,900
163,57.4450,57.4500,57.4400,57.4400,1950
165,57.4434,57.4500,57.4400,57.4400,1505
166,57.4400,57.4500,57.4400,57.4450,300
167,57.4450,57.4450,57.4450,57.4450,100
168,57.4400,57.4500,57.4200,57.4200,4209
169,57.4200,57.4400,57.4200,57.4250,3299
170,57.4400,57.4500,57.4300,57.4400,4271
171,57.4500,57.4700,57.4400,57.4700,2915
172,57.4600,57.4600,57.4500,57.4600,4911
173,57.4600,57.4600,57.4600,57.4600,1500
174,57.4700,57.4800,57.4600,57.4600,3323
175,57.4700,57.4900,57.4700,57.4900,2800
176,57.4800,57.4800,57.4700,57.4700,2676
177,57.4800,57.4800,57.4800,57.4800,200
178,57.4700,57.4700,57.4600,57.4700,2491
179,57.4650,57.4700,57.4650,57.4650,1100
180,57.4600,57.4700,57.4600,57.4700,1000
181,57.4600,57.4650,57.4600,57.4650,500
182,57.4650,57.4650,57.4600,57.4600,200
183,57.4700,57.4700,57.4600,57.4600,2700
184,57.4600,57.4650,57.4300,57.4300,8168
185,57.4200,57.4201,57.4000,57.4000,10654
186,57.3900,57.4100,57.3900,57.4000,2500
187,57.4000,57.4000,57.3700,57.3800,8123
188,57.3800,57.4000,57.3800,57.4000,4890
189,57.4000,57.4100,57.4000,57.4100,1900
190,57.4000,57.4000,57.3800,57.3800,4540
191,57.3900,57.3900,57.3850,57.3900,2692
192,57.3900,57.3950,57.3800,57.3800,2000
193,57.3900,57.3900,57.3700,57.3700,4308
194,57.3750,57.3750,57.3750,57.3750,200
195,57.3700,57.3700,57.3700,57.3700,4019
196,57.3600,57.3600,57.3450,57.3450,3300
197,57.3450,57.3600,57.3450,57.3600,2453
198,57.3550,57.3550,57.3550,57.3550,100
199,57.3500,57.3600,57.3500,57.3500,4491
200,57.3500,57.3500,57.3200,57.3200,2985
201,57.3200,57.3200,57.3100,57.3100,1297
202,57.3000,57.3000,57.2900,57.2900,1313
203,57.2900,57.2900,57.2800,57.2800,300
204,57.2850,57.2950,57.2800,57.2950,2980
205,57.3000,57.3000,57.2900,57.3000,4794
206,57.2900,57.2950,57.2900,57.2900,400
207,57.3000,57.3000,57.2957,57.2957,830
208,57.2950,57.3000,57.2700,57.2700,14206
209,57.2800,57.2800,57.2700,57.2800,2651
210,57.2800,57.2800,57.2750,57.2800,2300
211,57.2900,57.3000,57.2900,57.3000,1400
212,57.3000,57.3400,57.2950,57.3400,3616
213,57.3350,57.3400,57.3350,57.3350,600
214,57.3350,57.3350,57.2900,57.2900,6212
215,57.3000,57.3100,57.3000,57.3100,3232
216,57.3200,57.3300,57.3200,57.3300,3800
217,57.3400,57.3400,57.3350,57.3400,1700
218,57.3350,57.3400,57.3350,57.3400,532
219,57.3400,57.3500,57.3350,57.3500,3200
220,57.3500,57.3550,57.3400,57.3500,2000
221,57.3400,57.3400,57.3000,57.3000,3553
222,57.3100,57.3200,57.3100,57.3200,2404
223,57.3200,57.3200,57.3200,57.3200,100
224,57.3100,57.3100,57.3000,57.3100,4807
225,57.3200,57.3700,57.3200,57.3700,6612
226,57.3900,57.3900,57.3850,57.3900,400
227,57.3850,57.4000,57.3839,57.4000,3953
228,57.4000,57.4000,57.3800,57.3800,2306
229,57.3890,57.3900,57.3800,57.3800,1000
230,57.3850,57.3850,57.3847,57.3847,400
231,57.3900,57.3900,57.3600,57.3600,3167
232,57.3500,57.3600,57.3500,57.3500,2700
233,57.3500,57.3600,57.3400,57.3500,3700
234,57.3600,57.3600,57.3600,57.3600,100
235,57.3600,57.3700,57.3600,57.3700,4240
236,57.3750,57.3800,57.3750,57.3750,300
237,57.3700,57.3750,57.3300,57.3300,4313
238,57.3300,57.3300,57.3300,57.3300,200
239,57.3300,57.3400,57.3300,57.3300,463
240,57.3300,57.3368,57.3300,57.3350,465
241,57.3366,57.3400,57.3100,57.3100,2865
242,57.3100,57.3100,57.2800,57.2800,4802
243,57.2750,57.2900,57.2750,57.2900,2894
244,57.2900,57.2900,57.2900,57.2900,200
245,57.2900,57.2900,57.2875,57.2875,300
246,57.2850,57.2850,57.2850,57.2850,200
247,57.2875,57.2900,57.2800,57.2900,1100
248,57.2800,57.2800,57.2700,57.2700,3033
249,57.2800,57.2800,57.2700,57.2750,700
250,57.2750,57.2800,57.2700,57.2750,1204
251,57.2800,57.2800,57.2500,57.2500,5207
252,57.2500,57.2600,57.2400,57.2500,3500
253,57.2400,57.2450,57.2400,57.2400,800
254,57.2500,57.2600,57.2500,57.2500,4900
255,57.2500,57.2500,57.2500,57.2500,1300
256,57.2600,57.2600,57.2400,57.2500,7151
257,57.2500,57.2600,57.2500,57.2550,4100
258,57.2550,57.2800,57.2550,57.2700,4000
259,57.2700,57.2800,57.2700,57.2750,1665
260,57.2700,57.2700,57.2600,57.2600,3081
261,57.2650,57.2800,57.2600,57.2800,6522
262,57.2900,57.3050,57.2800,57.2800,3510
263,57.2800,57.2800,57.2800,57.2800,500
264,57.2900,57.2900,57.2800,57.2850,500
265,57.2850,57.2900,57.2800,57.2850,400
266,57.2800,57.2800,57.2600,57.2700,1921
268,57.2600,57.2650,57.2400,57.2500,8320
269,57.2600,57.2600,57.2600,57.2600,200
270,57.2600,57.2600,57.2500,57.2600,1100
271,57.2600,57.2650,57.2500,57.2600,3250
272,57.2700,57.2900,57.2600,57.2800,3974
273,57.2800,57.2800,57.2600,57.2600,5183
274,57.2700,57.2800,57.2500,57.2500,2500
275,57.2500,57.2500,57.2300,57.2300,4497
276,57.2300,57.2400,57.2300,57.2300,1500
277,57.2400,57.2400,57.2300,57.2300,1100
278,57.2300,57.2350,57.2000,57.2100,3100
279,57.2000,57.2350,57.2000,57.2350,4511
280,57.2300,57.2400,57.2300,57.2300,800
281,57.2400,57.2500,57.2300,57.2400,2581
282,57.2500,57.2500,57.2200,57.2200,9634
283,57.2232,57.2400,57.2200,57.2400,4210
284,57.2400,57.2400,57.2400,57.2400,300
285,57.2400,57.2700,57.2400,57.2600,8424
286,57.2600,57.3150,57.2600,57.3100,12077
287,57.3200,57.3200,57.3100,57.3150,3403
288,57.3150,57.3300,57.3100,57.3200,2600
289,57.3300,57.3500,57.3200,57.3500,3800
290,57.3400,57.3500,57.3200,57.3200,5211
291,57.3200,57.3200,57.3000,57.3100,4253
292,57.2900,57.3000,57.2900,57.2900,1300
293,57.3000,57.3300,57.2950,57.3300,5167
294,57.3400,57.3400,57.3300,57.3300,2043
295,57.3300,57.3400,57.3300,57.3300,5606
296,57.3200,57.3200,57.3050,57.3100,3493
297,57.3200,57.3200,57.2900,57.2900,2514
298,57.2900,57.2900,57.2836,57.2836,2564
299,57.2800,57.2800,57.2700,57.2700,2626
300,57.2700,57.2800,57.2600,57.2600,1419
301,57.2700,57.2700,57.2600,57.2600,1100
302,57.2600,57.2900,57.2600,57.2850,7540
303,57.2900,57.2900,57.2600,57.2600,5000
304,57.2500,57.2600,57.2500,57.2500,2300
305,57.2500,57.2500,57.2500,57.2500,300
306,57.2600,57.2600,57.2200,57.2300,5151
307,57.2300,57.2400,57.2250,57.2400,3055
308,57.2350,57.2350,57.2300,57.2300,3200
309,57.2250,57.2250,57.2200,57.2200,1060
310,57.2200,57.2450,57.2150,57.2400,5192
311,57.2500,57.2500,57.2300,57.2300,2920
312,57.2300,57.2400,57.2300,57.2390,1495
313,57.2300,57.2400,57.2300,57.2300,2179
314,57.2300,57.2300,57.2200,57.2300,900
315,57.2290,57.2300,57.2200,57.2300,1300
316,57.2300,57.2300,57.2200,57.2200,2266
317,57.2250,57.2250,57.2100,57.2100,2119
318,57.2100,57.2300,57.2000,57.2100,7182
319,57.2000,57.2050,57.1900,57.1900,7648
320,57.1950,57.2000,57.1900,57.1900,1300
321,57.2000,57.2000,57.1800,57.1800,3098
322,57.1850,57.1900,57.1800,57.1900,21736
323,57.1900,57.2100,57.1900,57.2050,12861
324,57.2050,57.2050,57.2050,57.2050,420
325,57.2050,57.2100,57.1900,57.1900,5388
326,57.2000,57.2050,57.1950,57.2000,4264
327,57.2050,57.2090,57.2000,57.2000,1700
328,57.2100,57.2100,57.2000,57.2000,3300
329,57.2050,57.2100,57.2000,57.2000,2527
330,57.2000,57.2100,57.2000,57.2000,3320
331,57.2100,57.2550,57.2100,57.2400,20563
332,57.2300,57.2500,57.2200,57.2400,4056
333,57.2500,57.2500,57.2400,57.2500,13130
334,57.2600,57.2800,57.2550,57.2750,8196
335,57.2750,57.2800,57.2700,57.2700,6400
336,57.2750,57.2800,57.2600,57.2650,6209
337,57.2700,57.3100,57.2700,57.3100,8368
338,57.3000,57.3500,57.2950,57.3500,8587
339,57.3500,57.3700,57.3450,57.3700,2594
340,57.3700,57.3800,57.3600,57.3700,7211
341,57.3700,57.3700,57.3650,57.3650,1500
342,57.3700,57.3900,57.3600,57.3900,8900
343,57.3800,57.4300,57.3800,57.4200,5444
344,57.4300,57.4300,57.4200,57.4300,2600
345,57.4300,57.4400,57.4300,57.4300,5743
346,57.4350,57.4400,57.4300,57.4350,1400
347,57.4325,57.4400,57.4100,57.4200,14859
348,57.4300,57.4400,57.4250,57.4400,2736
349,57.4325,57.4325,57.4200,57.4200,4600
350,57.4200,57.4200,57.4000,57.4100,2618
351,57.4100,57.4200,57.3900,57.4000,8034
352,57.4000,57.4100,57.3900,57.4000,8597
353,57.4100,57.4100,57.4000,57.4000,4544
354,57.4050,57.4300,57.4000,57.4300,4995
355,57.4300,57.4300,57.4200,57.4250,1443
356,57.4300,57.4700,57.4250,57.4400,17278
357,57.4500,57.4600,57.4400,57.4500,3416
358,57.4500,57.4600,57.4500,57.4500,3900
359,57.4500,57.4500,57.4300,57.4400,5962
360,57.4400,57.4500,57.4350,57.4500,6250
361,57.4500,57.4550,57.4500,57.4500,2599
362,57.4500,57.4600,57.4500,57.4600,1400
363,57.4500,57.4900,57.4500,57.4900,11132
364,57.4900,57.5100,57.4700,57.4700,13109
365,57.4750,57.4800,57.4700,57.4800,2300
366,57.4750,57.4800,57.4600,57.4700,11176
367,57.4750,57.4800,57.4700,57.4750,2900
368,57.4700,57.4800,57.4600,57.4700,11002
369,57.4600,57.4650,57.4600,57.4650,10088
370,57.4600,57.4700,57.4500,57.4550,18916
371,57.4500,57.4500,57.4400,57.4400,6483
372,57.4500,57.4600,57.4400,57.4500,10284
373,57.4550,57.4600,57.4550,57.4550,5100
374,57.4550,57.4900,57.4550,57.4800,21335
375,57.4850,57.5000,57.4800,57.4900,15063
376,57.5000,57.5000,57.4800,57.5000,18256
377,57.4900,57.5000,57.4800,57.4900,9154
378,57.4800,57.4850,57.4400,57.4400,11083
379,57.4450,57.4500,57.4200,57.4200,8805
380,57.4300,57.4500,57.4200,57.4400,10886
381,57.4400,57.4500,57.4400,57.4450,5731
382,57.4450,57.4500,57.4400,57.4500,4862
383,57.4500,57.4500,57.4200,57.4250,12826
384,57.4250,57.4300,57.4100,57.4150,7633
385,57.4150,57.4500,57.4100,57.4450,21410
386,57.4500,57.4600,57.4400,57.4600,27371
387,57.4600,57.4700,57.4550,57.4650,11103
388,57.4650,57.4800,57.4600,57.4800,12515
389,57.4750,57.4800,57.4700,57.4700,15311
390,57.4800,57.4800,57.4600,57.4600,31248