CSX,CSX Corp.,Industrials,6,Railroads,49803564205,7960616
a1499272200,54.6900,54.7500,54.5900,54.6150,8696
2,54.6150,54.6550,54.5400,54.5500,22801
3,54.5500,54.5600,54.4900,54.5100,13391
4,54.5100,54.6400,54.5100,54.6200,11900
5,54.6400,54.6600,54.5800,54.6444,17066
6,54.6599,54.7700,54.6410,54.7300,9540
7,54.7300,54.7300,54.6600,54.6800,7300
8,54.6900,54.8300,54.6900,54.7300,10911
9,54.7300,54.7500,54.6900,54.7300,18985
10,54.7400,54.7500,54.6850,54.7050,6104
11,54.7099,54.7500,54.6600,54.7399,14989
12,54.7400,54.7900,54.7100,54.7900,12005
13,54.7800,54.8300,54.7300,54.7300,23961
14,54.7300,54.7300,54.7000,54.7300,5569
15,54.7200,54.7200,54.6600,54.6600,7908
16,54.6700,54.7000,54.6700,54.7000,3640
17,54.7000,54.7050,54.6700,54.6800,5674
18,54.6900,54.7450,54.6900,54.7400,3800
19,54.7400,54.7400,54.6500,54.6500,11833
20,54.6500,54.6500,54.6100,54.6300,7031
21,54.6400,54.6600,54.6100,54.6200,11500
22,54.6200,54.6200,54.5800,54.5800,12507
23,54.5800,54.5800,54.5400,54.5600,16371
24,54.5600,54.5700,54.5200,54.5200,13729
25,54.5200,54.6100,54.5100,54.6100,22010
26,54.6000,54.6100,54.5900,54.5900,12301
27,54.5900,54.5950,54.5300,54.5450,18990
28,54.5450,54.6100,54.5350,54.6100,14142
29,54.6010,54.6099,54.6000,54.6099,1239
30,54.5900,54.6200,54.5800,54.6000,11795
31,54.5900,54.6400,54.5900,54.6400,10261
32,54.6400,54.6700,54.6400,54.6700,5489
33,54.6600,54.6700,54.6500,54.6600,11518
34,54.6700,54.6700,54.6450,54.6450,7300
35,54.6400,54.6400,54.6200,54.6200,7964
36,54.6200,54.6400,54.5900,54.5900,10562
37,54.5800,54.5850,54.5500,54.5600,14869
38,54.5650,54.6000,54.5600,54.5900,9635
39,54.6100,54.6200,54.6100,54.6200,3100
40,54.6160,54.6300,54.5900,54.6000,5900
41,54.5957,54.6200,54.5900,54.6150,9034
42,54.6200,54.6300,54.6100,54.6200,17899
43,54.6150,54.6400,54.6100,54.6350,14790
44,54.6300,54.6300,54.6150,54.6300,8799
45,54.6300,54.6400,54.6200,54.6300,3000
46,54.6300,54.6300,54.6100,54.6150,11000
47,54.6150,54.6600,54.6150,54.6400,6500
48,54.6300,54.6500,54.6200,54.6500,7467
49,54.6500,54.6600,54.6000,54.6000,10024
50,54.5900,54.6200,54.5900,54.6200,4716
51,54.6200,54.6500,54.6200,54.6500,2700
52,54.6400,54.6500,54.6400,54.6450,7870
53,54.6400,54.6400,54.5950,54.6300,5085
54,54.6400,54.6700,54.6400,54.6500,4100
55,54.6500,54.6800,54.6400,54.6650,3256
56,54.6600,54.6600,54.6400,54.6400,2170
57,54.6400,54.6600,54.6400,54.6600,1609
58,54.6664,54.6800,54.6500,54.6800,4820
59,54.6800,54.7200,54.6700,54.7200,9812
60,54.7200,54.7200,54.6800,54.7200,5700
61,54.7200,54.7350,54.7050,54.7050,4043
62,54.7100,54.7100,54.7000,54.7050,2553
63,54.7050,54.7800,54.6900,54.7600,17359
64,54.7500,54.8400,54.7500,54.7900,60674
65,54.7900,54.8200,54.7900,54.8200,6927
66,54.8200,54.8400,54.8000,54.8100,8202
67,54.8000,54.8100,54.7850,54.7875,4600
68,54.7875,54.7900,54.7700,54.7800,23963
69,54.7800,54.8100,54.7800,54.7950,8437
70,54.7950,54.8000,54.7700,54.7750,8225
71,54.7700,54.7700,54.7250,54.7300,10829
72,54.7300,54.7400,54.7300,54.7300,2400
73,54.7350,54.7654,54.7350,54.7654,4626
74,54.7666,54.7666,54.7400,54.7400,4707
75,54.7450,54.7650,54.7400,54.7600,3601
76,54.7600,54.7600,54.7400,54.7450,3000
77,54.7400,54.7700,54.7300,54.7700,8100
78,54.7700,54.7800,54.7400,54.7400,41000
79,54.7300,54.7300,54.7100,54.7300,25809
80,54.7300,54.7300,54.7300,54.7300,400
81,54.7300,54.7300,54.6700,54.6850,23832
82,54.6850,54.6890,54.6700,54.6746,6062
83,54.6700,54.6701,54.6450,54.6500,5315
84,54.6400,54.6600,54.6400,54.6550,3839
85,54.6500,54.6600,54.6500,54.6600,2758
86,54.6690,54.6950,54.6690,54.6950,4395
87,54.7000,54.7100,54.7000,54.7100,1425
88,54.7200,54.7400,54.7100,54.7100,14051
89,54.7100,54.7200,54.6900,54.6900,6187
90,54.6950,54.6950,54.6750,54.6800,5638
91,54.6800,55.0000,54.6800,54.6900,143922
92,54.6800,54.6800,54.6300,54.6350,8604
93,54.6350,54.6400,54.6200,54.6400,9002
94,54.6400,54.6400,54.6300,54.6400,3530
95,54.6300,54.6400,54.6100,54.6300,13117
96,54.6300,54.6500,54.6300,54.6500,3058
97,54.6500,54.6800,54.6500,54.6700,3618
98,54.6762,54.6800,54.6600,54.6700,3883
99,54.6600,54.6800,54.6500,54.6800,11956
100,54.6800,54.6900,54.6800,54.6800,18300
101,54.6850,54.6900,54.6801,54.6850,8239
102,54.6800,54.6850,54.6510,54.6600,21416
103,54.6550,54.6750,54.6550,54.6700,4380
104,54.6600,54.6600,54.6500,54.6500,2600
105,54.6550,54.6600,54.6300,54.6300,6558
106,54.6300,54.6400,54.6300,54.6400,7100
107,54.6500,54.6500,54.6400,54.6400,1965
108,54.6400,54.6450,54.6200,54.6200,5662
109,54.6200,54.6200,54.5900,54.6200,19112
110,54.6100,54.6100,54.6000,54.6000,2950
111,54.6050,54.6400,54.6050,54.6157,21808
112,54.6150,54.6200,54.6000,54.6000,4600
113,54.6000,54.6046,54.6000,54.6000,1384
114,54.6100,54.6100,54.6000,54.6100,5000
115,54.6100,54.6100,54.5950,54.6050,4689
116,54.6000,54.6000,54.5600,54.5700,29949
117,54.5600,54.5600,54.5300,54.5400,86191
118,54.5400,54.5800,54.5300,54.5800,8085
119,54.5800,54.5900,54.5600,54.5650,836948
120,54.5500,54.5500,54.5290,54.5300,10348
121,54.5200,54.5400,54.5000,54.5000,12568
122,54.5000,54.5100,54.4800,54.4888,9100
123,54.4850,54.4850,54.4700,54.4700,9702
124,54.4700,54.4850,54.4600,54.4650,15735
125,54.4700,54.4800,54.4650,54.4750,16526
126,54.4800,54.4850,54.4600,54.4700,16120
127,54.4800,54.4800,54.4300,54.4500,11589
128,54.4550,54.4550,54.4300,54.4300,7990
129,54.4378,54.4400,54.4100,54.4110,17478
130,54.4100,54.4150,54.4000,54.4100,9050
131,54.4100,54.4100,54.3900,54.3965,6949
132,54.4000,54.4000,54.3900,54.3900,2300
133,54.3935,54.4000,54.3900,54.3950,2919
134,54.4000,54.4099,54.3700,54.3700,24363
135,54.3700,54.3700,54.3400,54.3450,10097
136,54.3450,54.3550,54.3350,54.3400,16257
137,54.3400,54.3500,54.3375,54.3400,9168
138,54.3400,54.3400,54.3220,54.3300,5540
139,54.3300,54.3500,54.3200,54.3500,10997
140,54.3500,54.3500,54.3300,54.3364,7954
141,54.3400,54.3400,54.3350,54.3400,2620
142,54.3400,54.3400,54.3300,54.3350,750
143,54.3300,54.3400,54.3200,54.3200,10466
144,54.3200,54.3200,54.2850,54.2850,26465
145,54.2846,54.2900,54.2500,54.2500,33804
146,54.2500,54.2650,54.2300,54.2400,16844
147,54.2300,54.2300,54.2000,54.2036,24792
148,54.2000,54.2028,54.1910,54.1950,19182
149,54.2000,54.2000,54.1900,54.1989,17624
150,54.2000,54.2100,54.1900,54.1932,17681
151,54.1900,54.1900,54.1800,54.1900,12158
152,54.1850,54.1900,54.1650,54.1700,14831
153,54.1631,54.1700,54.1600,54.1600,12250
154,54.1610,54.1700,54.1500,54.1500,8137
155,54.1500,54.1650,54.1000,54.1000,33167
156,54.1000,54.1200,54.1000,54.1100,21060
157,54.1100,54.1200,54.1000,54.1100,14759
158,54.1100,54.1100,54.0900,54.0900,5986
159,54.0950,54.0950,54.0200,54.0300,36136
160,54.0300,54.0300,53.9900,54.0000,35015
161,54.0000,54.0000,53.9450,53.9500,42940
162,53.9501,53.9550,53.8700,53.8800,63567
163,53.8800,53.8800,53.7450,53.7950,74799
164,53.7950,53.9300,53.7900,53.8700,54005
165,53.8700,53.9600,53.8700,53.9200,24907
166,53.9300,53.9700,53.9200,53.9600,53370
167,53.9650,53.9700,53.9500,53.9651,9866
168,53.9700,53.9700,53.9400,53.9500,44264
169,53.9550,53.9600,53.9500,53.9550,5300
170,53.9600,54.0000,53.9250,53.9580,75307
171,53.9600,53.9650,53.9500,53.9550,13344
172,53.9510,53.9600,53.9350,53.9401,26472
173,53.9500,53.9700,53.9450,53.9500,14232
174,53.9500,53.9600,53.9400,53.9400,8184
175,53.9435,53.9650,53.9400,53.9600,13800
176,53.9650,53.9650,53.9400,53.9450,18795
177,53.9500,53.9500,53.9450,53.9500,4790
178,53.9500,54.0200,53.9200,54.0050,55030
179,54.0100,54.0700,54.0100,54.0700,8444
180,54.0690,54.0750,54.0500,54.0600,5899
181,54.0550,54.0750,54.0500,54.0699,6349
182,54.0700,54.0800,54.0450,54.0450,8718
183,54.0483,54.0800,54.0444,54.0700,6295
184,54.0700,54.0800,54.0415,54.0415,18511
185,54.0400,54.0650,54.0400,54.0450,26930
186,54.0450,54.0600,54.0400,54.0500,5000
187,54.0500,54.0600,54.0500,54.0600,2200
188,54.0600,54.1000,54.0600,54.0950,8402
189,54.0949,54.0950,54.0750,54.0785,4050
190,54.0700,54.0950,54.0700,54.0900,6720
191,54.0900,54.0900,54.0700,54.0750,6881
192,54.0800,54.1000,54.0750,54.0850,9059
193,54.0850,54.0850,54.0700,54.0800,53349
194,54.0746,54.0750,54.0500,54.0550,7522
195,54.0500,54.0500,54.0100,54.0100,21956
196,54.0150,54.0200,54.0100,54.0100,7118
197,54.0100,54.0100,53.9900,53.9900,7021
198,53.9950,54.0100,53.9875,54.0000,10803
199,54.0100,54.0300,54.0050,54.0300,5100
200,54.0300,54.0400,54.0290,54.0400,4700
201,54.0400,54.0500,54.0300,54.0500,11817
202,54.0500,54.0600,54.0450,54.0600,10074
203,54.0600,54.0700,54.0600,54.0700,4334
204,54.0700,54.1050,54.0700,54.1000,42500
205,54.1001,54.1050,54.1000,54.1000,3939
206,54.0900,54.0950,54.0746,54.0746,2400
207,54.0800,54.1000,54.0700,54.0927,7500
208,54.1000,54.1000,54.0900,54.0950,4701
209,54.1000,54.1000,54.0900,54.1000,3200
210,54.1000,54.1100,54.0950,54.1000,10464
211,54.1000,54.1000,54.0950,54.1000,1999
212,54.1000,54.1100,54.0600,54.0600,18453
213,54.0600,54.0601,54.0343,54.0400,8848
214,54.0400,54.0600,54.0400,54.0600,5510
215,54.0550,54.0600,54.0500,54.0500,900
216,54.0600,54.0800,54.0550,54.0772,6735
217,54.0750,54.0800,54.0390,54.0400,8503
218,54.0350,54.0350,54.0254,54.0300,5928
219,54.0300,54.0400,54.0300,54.0300,500
220,54.0300,54.0300,54.0150,54.0256,5399
221,54.0250,54.0500,54.0200,54.0400,8789
222,54.0400,54.0400,54.0400,54.0400,6900
223,54.0400,54.0600,54.0400,54.0600,6386
224,54.0550,54.0700,54.0550,54.0700,2086
225,54.0610,54.0665,54.0475,54.0500,12581
226,54.0600,54.0700,54.0600,54.0700,5247
227,54.0800,54.0800,54.0650,54.0700,4200
228,54.0681,54.0681,54.0500,54.0500,4000
229,54.0600,54.0600,54.0500,54.0500,900
230,54.0500,54.0600,54.0500,54.0600,9810
231,54.0600,54.0600,54.0500,54.0500,8612
232,54.0600,54.0700,54.0550,54.0700,3709
233,54.0600,54.0700,54.0600,54.0700,6245
234,54.0747,54.0750,54.0600,54.0700,3990
235,54.0700,54.0800,54.0700,54.0800,1900
236,54.0728,54.0850,54.0700,54.0700,6486
237,54.0750,54.0900,54.0750,54.0900,33146
238,54.0900,54.1000,54.0900,54.0900,1600
239,54.1000,54.1000,54.0800,54.0850,7101
240,54.0800,54.0900,54.0800,54.0800,2555
241,54.0800,54.1000,54.0800,54.1000,6708
242,54.0900,54.0950,54.0650,54.0772,13543
243,54.0800,54.0900,54.0800,54.0900,4043
244,54.0900,54.1000,54.0800,54.1000,6397
245,54.1000,54.1200,54.0950,54.1200,10803
246,54.1200,54.1200,54.1100,54.1100,3401
247,54.1100,54.1100,54.1000,54.1000,400
248,54.1050,54.1100,54.1000,54.1100,1000
249,54.1100,54.1100,54.0850,54.1030,17672
250,54.1050,54.1200,54.1050,54.1200,5602
251,54.1150,54.1200,54.1000,54.1100,10846
252,54.1100,54.1150,54.1100,54.1150,1153
253,54.1110,54.1200,54.1100,54.1100,3257
254,54.1100,54.1110,54.1100,54.1100,694
255,54.1100,54.1200,54.1100,54.1100,800
256,54.1167,54.1200,54.1100,54.1100,700
257,54.1100,54.1100,54.0800,54.0900,13035
258,54.0850,54.0900,54.0700,54.0900,6086
259,54.0800,54.0900,54.0700,54.0750,11907
260,54.0750,54.0800,54.0700,54.0800,19095
261,54.0750,54.0800,54.0700,54.0703,7939
262,54.0750,54.0800,54.0750,54.0800,2935
263,54.0800,54.0800,54.0500,54.0550,18355
264,54.0500,54.0600,54.0500,54.0537,17406
265,54.0550,54.0650,54.0400,54.0400,11415
266,54.0400,54.0400,54.0300,54.0388,2225
267,54.0385,54.0400,54.0325,54.0400,4750
268,54.0350,54.0400,54.0300,54.0350,3899
269,54.0400,54.0600,54.0400,54.0600,13866
270,54.0550,54.0600,54.0450,54.0450,3454
271,54.0450,54.0500,54.0300,54.0400,4217
272,54.0400,54.0400,54.0300,54.0300,3774
273,54.0300,54.0500,54.0250,54.0338,8626
274,54.0300,54.0400,54.0300,54.0356,300
275,54.0400,54.0400,54.0200,54.0200,5956
276,54.0100,54.0300,54.0100,54.0300,10650
277,54.0300,54.0300,54.0150,54.0200,8140
278,54.0200,54.0200,54.0150,54.0200,3800
279,54.0250,54.0400,54.0200,54.0400,8506
280,54.0300,54.0300,54.0200,54.0200,7702
281,54.0250,54.0400,54.0250,54.0350,2187
282,54.0400,54.0400,54.0300,54.0301,2675
283,54.0300,54.0400,54.0150,54.0150,12624
284,54.0150,54.0600,54.0100,54.0600,18487
285,54.0600,54.0600,54.0500,54.0500,8205
286,54.0400,54.0500,54.0400,54.0500,3790
287,54.0500,54.0700,54.0450,54.0700,7564
288,54.0700,54.0900,54.0700,54.0900,19398
289,54.0850,54.1000,54.0800,54.0850,12037
290,54.0900,54.0900,54.0800,54.0850,1739
291,54.0850,54.0900,54.0800,54.0900,1831
292,54.0900,54.1000,54.0850,54.0950,7768
293,54.0950,54.1100,54.0950,54.1099,11976
294,54.1050,54.1100,54.0800,54.1000,14888
295,54.1100,54.1200,54.1100,54.1200,600
296,54.1200,54.1200,54.0900,54.0950,25989
297,54.1000,54.1100,54.0900,54.0950,20051
298,54.0900,54.1100,54.0900,54.1000,6402
299,54.0918,54.1000,54.0850,54.0900,4519
300,54.0900,54.0950,54.0850,54.0900,4000
301,54.0900,54.0900,54.0800,54.0800,5009
302,54.0900,54.0900,54.0750,54.0750,6710
303,54.0800,54.1200,54.0750,54.1175,13740
304,54.1200,54.1200,54.0900,54.0900,5600
305,54.0900,54.1000,54.0800,54.0900,11401
306,54.0961,54.1300,54.0900,54.1200,11841
307,54.1300,54.1500,54.1300,54.1400,1520
308,54.1500,54.1500,54.1300,54.1399,7474
309,54.1301,54.1500,54.1301,54.1500,7237
310,54.1562,54.1700,54.1500,54.1700,5915
311,54.1600,54.1600,54.1400,54.1500,3469
312,54.1490,54.1500,54.1400,54.1400,1792
313,54.1450,54.1600,54.1400,54.1600,4245
314,54.1600,54.1600,54.1400,54.1550,4800
315,54.1500,54.1550,54.1400,54.1450,11960
316,54.1500,54.1500,54.1300,54.1350,8248
317,54.1300,54.1300,54.1200,54.1248,2158
318,54.1201,54.1250,54.1200,54.1250,1200
319,54.1300,54.1600,54.1250,54.1600,3993
320,54.1500,54.1500,54.1300,54.1400,6244
321,54.1400,54.1500,54.1400,54.1500,3200
322,54.1500,54.1550,54.1450,54.1550,2905
323,54.1600,54.1600,54.1500,54.1600,8933
324,54.1600,54.1600,54.1500,54.1600,2104
325,54.1600,54.1600,54.1400,54.1400,7430
326,54.1500,54.1500,54.1400,54.1500,4200
327,54.1500,54.1600,54.1400,54.1550,7700
328,54.1500,54.1500,54.1400,54.1500,3222
329,54.1500,54.1550,54.1400,54.1500,22300
330,54.1500,54.1500,54.1400,54.1400,2300
331,54.1450,54.1500,54.1400,54.1400,16757
332,54.1450,54.1600,54.1450,54.1600,4000
333,54.1550,54.1600,54.1300,54.1399,13680
334,54.1300,54.1300,54.1200,54.1200,3560
335,54.1200,54.1200,54.0950,54.1100,15377
336,54.1100,54.1450,54.1034,54.1354,10472
337,54.1400,54.1600,54.1400,54.1400,6945
338,54.1400,54.1450,54.1400,54.1400,1213
339,54.1484,54.1500,54.1400,54.1500,4895
340,54.1500,54.1500,54.1400,54.1450,1983
341,54.1450,54.1500,54.1300,54.1361,4750
342,54.1399,54.1500,54.1300,54.1400,9250
343,54.1450,54.1450,54.1250,54.1250,8191
344,54.1250,54.1250,54.1200,54.1200,900
345,54.1247,54.1300,54.1100,54.1100,4546
346,54.1100,54.1200,54.1100,54.1150,2089
347,54.1100,54.1100,54.0900,54.0910,14127
348,54.0900,54.0900,54.0600,54.0600,7072
349,54.0600,54.0600,54.0400,54.0500,9918
350,54.0468,54.0600,54.0300,54.0600,9342
351,54.0700,54.1001,54.0650,54.1000,8292
352,54.1050,54.1050,54.0950,54.0950,2913
353,54.0950,54.1000,54.0800,54.0800,5754
354,54.0800,54.0800,54.0800,54.0800,1300
355,54.0800,54.0800,54.0500,54.0500,10096
356,54.0500,54.0831,54.0500,54.0831,11142
357,54.0900,54.0900,54.0700,54.0900,10255
358,54.0810,54.0900,54.0750,54.0900,6135
359,54.0828,54.0900,54.0800,54.0800,6263
360,54.0850,54.1400,54.0850,54.1400,11685
361,54.1400,54.1500,54.1100,54.1100,11196
362,54.1100,54.1110,54.1100,54.1100,800
363,54.1100,54.1150,54.1000,54.1150,19549
364,54.1150,54.1500,54.1150,54.1450,18547
365,54.1446,54.1550,54.1300,54.1400,16213
366,54.1400,54.1790,54.1400,54.1700,92478
367,54.1800,54.1850,54.1800,54.1850,5600
368,54.1850,54.1900,54.1400,54.1700,50960
369,54.1650,54.1650,54.1200,54.1350,34510
370,54.1350,54.1500,54.1300,54.1350,15256
371,54.1300,54.1350,54.1100,54.1250,24028
372,54.1300,54.1300,54.1000,54.1100,33441
373,54.1100,54.1150,54.1000,54.1150,14764
374,54.1200,54.1400,54.1150,54.1350,9015
375,54.1350,54.1550,54.1300,54.1450,22858
376,54.1450,54.1550,54.1450,54.1500,12964
377,54.1500,54.1600,54.1450,54.1600,27326
378,54.1600,54.1690,54.1500,54.1650,22711
379,54.1650,54.1650,54.1400,54.1400,22451
380,54.1475,54.1600,54.1300,54.1400,55132
381,54.1350,54.1400,54.0900,54.0950,79826
382,54.0950,54.1000,54.0700,54.0750,89764
383,54.0750,54.0800,54.0700,54.0750,35962
384,54.0700,54.0750,54.0350,54.0500,59505
385,54.0550,54.0600,54.0500,54.0600,56728
386,54.0550,54.0600,54.0150,54.0400,186065
387,54.0348,54.0550,54.0200,54.0400,86721
388,54.0450,54.0700,54.0400,54.0650,59093
389,54.0700,54.0700,54.0500,54.0550,109627
390,54.0550,54.0700,54.0300,54.0300,522836