D,Dominion Resources,Utilities,11,Electric Utilities,50615665023,2099861
a149927220090,81.1400,81.1800,81.1300,81.1600,136885
1,81.2100,81.2100,80.8700,81.0900,36614
2,81.1350,81.1350,81.0000,81.0000,10354
3,80.9900,81.1100,80.9100,80.9300,16517
4,80.9600,81.1400,80.9100,80.9800,8683
5,80.9200,80.9600,80.8800,80.8800,5136
6,80.8400,80.8700,80.8000,80.8100,4737
7,80.8100,80.8500,80.7700,80.8300,9177
8,80.8600,80.8600,80.7500,80.8100,7218
9,80.8300,80.8600,80.8100,80.8300,8151
10,80.8300,80.8600,80.8300,80.8600,2670
11,80.8600,80.8700,80.8500,80.8500,3875
12,80.8500,80.8500,80.8000,80.8200,2750
13,80.8000,80.8100,80.7400,80.7850,5661
14,80.7900,80.7900,80.7336,80.7400,6521
15,80.7200,80.7900,80.7001,80.7800,3703
16,80.7800,80.7900,80.7500,80.7575,4549
17,80.7550,80.7800,80.7400,80.7400,3673
18,80.7500,80.7700,80.7300,80.7500,5914
19,80.7400,80.7500,80.7100,80.7300,3680
20,80.7400,80.8000,80.7300,80.8000,7531
21,80.8000,80.8100,80.7900,80.8000,5864
22,80.8000,80.8400,80.7950,80.8000,11685
23,80.8000,80.8000,80.7600,80.7600,4686
24,80.7575,80.7700,80.7200,80.7300,6869
25,80.7400,80.7600,80.7400,80.7500,2835
26,80.7454,80.7600,80.7400,80.7600,4724
27,80.7800,80.7900,80.7550,80.7900,4355
28,80.8000,80.8000,80.7700,80.7700,3339
29,80.7700,80.8000,80.7700,80.8000,3559
30,80.7900,80.8500,80.7900,80.8500,3626
31,80.8800,80.8856,80.8790,80.8800,1997
32,80.8800,80.8900,80.8700,80.8900,4129
33,80.9000,80.9100,80.8700,80.8700,4552
34,80.8700,80.8700,80.8400,80.8600,3715
35,80.8500,80.8500,80.7800,80.7850,9916
36,80.7800,80.8450,80.7800,80.8354,6432
37,80.8400,80.8700,80.8400,80.8600,2837
38,80.8600,80.8700,80.8400,80.8400,6873
39,80.8400,80.8400,80.8300,80.8300,1400
40,80.8200,80.8700,80.8200,80.8600,4363
41,80.8550,80.8700,80.8420,80.8500,2942
42,80.8500,80.8600,80.8400,80.8600,3774
43,80.8600,80.8700,80.8500,80.8600,6199
44,80.8700,80.8700,80.8500,80.8554,12860
45,80.8600,80.8700,80.8500,80.8700,6483
46,80.8700,80.8700,80.8500,80.8500,3413
47,80.8500,80.8600,80.8300,80.8400,7489
48,80.8400,80.8700,80.8400,80.8700,2854
49,80.8600,80.8700,80.8200,80.8446,6163
50,80.8400,80.8600,80.8400,80.8600,2148
51,80.8600,80.8700,80.8400,80.8400,6551
52,80.8500,80.8500,80.7900,80.8100,10303
53,80.8100,80.8400,80.7900,80.8400,4557
54,80.8400,80.8700,80.8300,80.8400,3373
55,80.8400,80.8564,80.8400,80.8500,2152
56,80.8500,80.8600,80.8400,80.8400,6297
57,80.8500,80.8500,80.8450,80.8500,1200
58,80.8450,80.8700,80.8250,80.8250,5862
59,80.8300,80.8400,80.8100,80.8300,3354
60,80.8300,80.8400,80.8250,80.8400,1816
61,80.8500,80.8600,80.8100,80.8201,4797
62,80.8300,80.8650,80.8300,80.8500,1603
63,80.8600,80.8700,80.8600,80.8700,2674
64,80.8654,80.8669,80.8550,80.8600,1966
65,80.8700,80.8700,80.8645,80.8678,2542
66,80.8616,80.8700,80.8300,80.8300,11488
67,80.8333,80.8600,80.8300,80.8600,1747
68,80.8600,80.8700,80.8200,80.8200,5419
69,80.8200,80.8200,80.8200,80.8200,200
70,80.8300,80.8700,80.8300,80.8700,3753
71,80.8700,80.8700,80.8600,80.8700,3662
72,80.8700,80.8700,80.8600,80.8700,503
73,80.8600,80.8750,80.8300,80.8300,8422
74,80.8400,80.8500,80.8400,80.8500,2509
75,80.8554,80.8850,80.8554,80.8700,4800
76,80.8700,80.8800,80.8600,80.8600,3609
77,80.8600,80.8800,80.8600,80.8800,3316
78,80.8850,80.8850,80.8763,80.8763,600
79,80.8701,80.8750,80.8563,80.8563,2657
80,80.8600,80.8763,80.8600,80.8763,1361
81,80.8700,80.9500,80.8700,80.9500,4891
82,80.9400,81.0000,80.9400,80.9950,3612
83,80.9850,81.0000,80.9800,80.9850,13901
84,80.9900,80.9950,80.9600,80.9710,9024
85,80.9700,80.9800,80.9650,80.9800,2960
86,80.9800,80.9800,80.9700,80.9800,5420
87,80.9800,80.9900,80.9700,80.9700,3000
88,80.9700,80.9800,80.9700,80.9800,5625
89,80.9700,80.9750,80.9550,80.9550,3500
90,80.9500,80.9500,80.9300,80.9400,3250
91,80.9300,80.9300,80.8800,80.8800,18331
92,80.8700,80.8700,80.8600,80.8700,2937
93,80.8600,80.8800,80.8500,80.8800,4781
94,80.8800,80.8800,80.8600,80.8700,2095
95,80.8800,80.9000,80.8800,80.9000,1058
96,80.8901,80.9000,80.8800,80.8800,3473
97,80.8800,80.8800,80.8754,80.8754,626
98,80.8700,80.8700,80.8500,80.8599,1600
99,80.8500,80.8500,80.8400,80.8400,3144
100,80.8400,80.8500,80.8400,80.8400,3800
101,80.8300,80.8300,80.8100,80.8100,1149
102,80.8200,80.8600,80.8100,80.8500,5012
103,80.8400,80.8600,80.8400,80.8500,2017
104,80.8500,80.8600,80.8500,80.8500,400
105,80.8500,80.8550,80.8150,80.8500,12422
106,80.8400,80.8400,80.8200,80.8200,2300
107,80.8300,80.8400,80.8250,80.8400,2108
108,80.8300,80.8550,80.8300,80.8400,3740
109,80.8332,80.8500,80.8332,80.8500,1608
110,80.8500,80.8600,80.8500,80.8600,725
111,80.8600,80.8700,80.8500,80.8600,3802
112,80.8510,80.8600,80.8100,80.8100,3251
113,80.8200,80.8450,80.8200,80.8400,1560
114,80.8450,80.8450,80.8261,80.8300,1226
115,80.8300,80.8500,80.8300,80.8320,5800
116,80.8400,80.8500,80.8350,80.8350,3025
117,80.8400,80.8700,80.8400,80.8700,3906
118,80.8700,80.8750,80.8450,80.8550,4590
119,80.8500,80.8500,80.8200,80.8200,2042
120,80.8100,80.8100,80.7800,80.7800,5061
121,80.7900,80.7937,80.7800,80.7800,1670
122,80.7757,80.7900,80.7650,80.7900,2206
123,80.7854,80.8050,80.7854,80.8050,3964
124,80.8050,80.8200,80.8000,80.8100,4100
125,80.8200,80.8500,80.8150,80.8500,2894
126,80.8500,80.8500,80.8400,80.8400,2300
127,80.8500,80.8600,80.8500,80.8550,2314
128,80.8550,80.8900,80.8550,80.8700,4033
129,80.8596,80.8596,80.8596,80.8596,158
130,80.8650,80.8700,80.8650,80.8700,300
131,80.8650,80.9200,80.8650,80.8800,20999
132,80.8750,80.9000,80.8700,80.8900,8125
133,80.9000,80.9200,80.9000,80.9200,1200
134,80.9300,80.9600,80.9300,80.9600,1300
135,80.9550,80.9550,80.8800,80.9100,18726
136,80.9000,80.9200,80.8900,80.9100,8145
137,80.9100,80.9150,80.8900,80.9000,9688
138,80.9100,80.9100,80.9000,80.9000,2400
139,80.9000,80.9100,80.8957,80.9050,4688
140,80.9000,80.9001,80.8750,80.8750,2200
141,80.8800,80.8800,80.8800,80.8800,400
142,80.8700,80.8700,80.8500,80.8500,4727
143,80.8400,80.8700,80.8400,80.8600,1394
144,80.8700,80.8700,80.8000,80.8000,4450
145,80.7950,80.8250,80.7900,80.8250,2294
146,80.8300,80.8300,80.8200,80.8300,1800
147,80.8261,80.8261,80.8200,80.8200,1526
148,80.8100,80.8400,80.8100,80.8400,1102
149,80.8500,80.8600,80.8400,80.8599,4627
150,80.8500,80.8700,80.8400,80.8700,3176
151,80.8700,80.8700,80.8550,80.8600,1112
152,80.8570,80.8570,80.8570,80.8570,627
153,80.8500,80.8500,80.8200,80.8300,2929
154,80.8201,80.8201,80.8100,80.8200,1755
155,80.8200,80.8250,80.7900,80.7900,2500
156,80.8000,80.8230,80.8000,80.8200,2331
157,80.8100,80.8600,80.8100,80.8500,2498
158,80.8400,80.8600,80.8400,80.8550,652
159,80.8500,80.8500,80.8400,80.8500,1426
160,80.8400,80.8400,80.8300,80.8350,2200
161,80.8400,80.8400,80.8269,80.8269,1026
162,80.8254,80.8500,80.8200,80.8400,2530
163,80.8300,80.8400,80.8300,80.8400,1052
164,80.8400,80.8400,80.8300,80.8400,795
165,80.8451,80.8451,80.8451,80.8451,335
166,80.8459,80.8459,80.8200,80.8400,2424
167,80.8400,80.8400,80.8200,80.8300,1000
168,80.8300,80.8400,80.8100,80.8400,2914
169,80.8339,80.8400,80.8300,80.8400,1457
170,80.8400,80.8400,80.8400,80.8400,500
171,80.8300,80.8400,80.8300,80.8353,1471
172,80.8300,80.8300,80.8000,80.8200,2980
173,80.8300,80.8300,80.8200,80.8200,1883
174,80.8300,80.8500,80.8300,80.8500,2513
175,80.8400,80.8400,80.8300,80.8300,600
176,80.8299,80.8400,80.8299,80.8300,2100
177,80.8300,80.8500,80.8300,80.8444,1750
178,80.8500,80.8500,80.8400,80.8500,1107
179,80.8400,80.8900,80.8400,80.8800,3121
180,80.8700,80.8700,80.8700,80.8700,900
181,80.8631,80.8700,80.8500,80.8510,2081
182,80.8600,80.8600,80.8300,80.8300,1879
183,80.8300,80.8346,80.8100,80.8100,2673
184,80.7900,80.8050,80.7900,80.8050,3869
185,80.8050,80.8100,80.7900,80.7900,2613
186,80.7950,80.7950,80.7800,80.7800,2200
187,80.7900,80.7900,80.7700,80.7800,5142
188,80.7900,80.8100,80.7800,80.8000,4055
189,80.8000,80.8000,80.7900,80.7900,869
190,80.7900,80.7933,80.7900,80.7933,2200
191,80.8000,80.8000,80.7900,80.7950,1313
192,80.7932,80.8075,80.7932,80.8050,4844
193,80.8100,80.8100,80.7800,80.7800,3653
194,80.7900,80.8000,80.7900,80.7950,2000
195,80.7900,80.7900,80.7800,80.7800,800
196,80.7800,80.7800,80.7500,80.7500,2220
197,80.7400,80.7400,80.7300,80.7350,2162
198,80.7350,80.7550,80.7250,80.7446,8402
199,80.7500,80.7500,80.7500,80.7500,300
200,80.7500,80.7500,80.7410,80.7500,514
201,80.7400,80.7400,80.7100,80.7300,4360
202,80.7350,80.7400,80.7100,80.7150,3901
203,80.7150,80.7200,80.7100,80.7200,1700
204,80.7250,80.7250,80.7000,80.7042,1439
205,80.7050,80.7050,80.6800,80.6900,3511
206,80.6750,80.6800,80.6750,80.6750,1900
207,80.6700,80.6700,80.6600,80.6600,2597
208,80.6550,80.6700,80.6550,80.6700,3195
209,80.6750,80.6850,80.6700,80.6750,3093
210,80.6800,80.6800,80.6800,80.6800,400
211,80.6850,80.6850,80.6800,80.6850,400
212,80.6900,80.7100,80.6850,80.7029,2821
213,80.7050,80.7050,80.7050,80.7050,200
214,80.7100,80.7200,80.7000,80.7150,1388
215,80.7100,80.7100,80.7000,80.7100,5309
216,80.7050,80.7600,80.7000,80.7450,11711
217,80.7500,80.7600,80.7450,80.7495,2010
218,80.7450,80.7500,80.7450,80.7500,900
219,80.7450,80.7500,80.7400,80.7400,600
220,80.7450,80.7700,80.7450,80.7600,5922
221,80.7700,80.7700,80.7400,80.7400,1781
223,80.7500,80.7500,80.7400,80.7400,1400
224,80.7300,80.7300,80.7300,80.7300,800
225,80.7254,80.7254,80.7000,80.7100,4139
226,80.7150,80.7200,80.7100,80.7100,1000
227,80.7100,80.7190,80.6900,80.7100,9150
228,80.7100,80.7100,80.7100,80.7100,1143
229,80.7100,80.7100,80.6900,80.6900,2354
230,80.7000,80.7100,80.6950,80.7100,3403
231,80.7050,80.7161,80.7050,80.7150,1548
232,80.7156,80.7250,80.7156,80.7250,2873
233,80.7250,80.7300,80.7250,80.7300,600
234,80.7300,80.7450,80.7300,80.7450,939
235,80.7550,80.7800,80.7550,80.7800,900
236,80.7850,80.8100,80.7800,80.8100,1900
237,80.8200,80.8200,80.8000,80.8000,3626
238,80.7957,80.8000,80.7850,80.7900,3328
239,80.7850,80.7850,80.7800,80.7833,777
240,80.7863,80.7867,80.7650,80.7650,6016
241,80.7650,80.7650,80.7450,80.7600,5984
242,80.7600,80.7700,80.7500,80.7500,4937
243,80.7500,80.7500,80.7500,80.7500,1300
244,80.7400,80.7500,80.7200,80.7400,2200
245,80.7300,80.7349,80.7300,80.7349,340
246,80.7400,80.7475,80.7300,80.7400,3427
247,80.7300,80.7300,80.7200,80.7240,1812
248,80.7300,80.7300,80.7000,80.7050,2922
249,80.7100,80.7100,80.7000,80.7050,1100
250,80.7075,80.7100,80.6900,80.6975,3379
251,80.6900,80.6957,80.6900,80.6957,527
252,80.7000,80.7175,80.6950,80.6950,9190
253,80.6951,80.7100,80.6951,80.7050,6917
254,80.7050,80.7100,80.7000,80.7100,3208
255,80.7100,80.7300,80.7100,80.7300,1800
256,80.7250,80.7300,80.7250,80.7250,1010
257,80.7300,80.7450,80.7300,80.7450,2100
258,80.7400,80.7400,80.7300,80.7300,1213
259,80.7350,80.7400,80.7350,80.7350,2250
260,80.7350,80.7500,80.7330,80.7475,2125
261,80.7400,80.7950,80.7400,80.7850,5740
262,80.7900,80.7900,80.7700,80.7850,3234
263,80.7900,80.7900,80.7746,80.7900,4272
264,80.7900,80.8050,80.7900,80.8050,1066
265,80.8050,80.8300,80.8050,80.8300,1300
266,80.8200,80.8200,80.8069,80.8150,4345
267,80.8101,80.8200,80.8101,80.8150,1350
268,80.8150,80.8467,80.8150,80.8432,3711
269,80.8500,80.8500,80.8300,80.8400,2446
270,80.8400,80.8400,80.8400,80.8400,100
271,80.8300,80.8300,80.8300,80.8300,2609
272,80.8400,80.8500,80.8400,80.8450,1900
273,80.8467,80.8750,80.8467,80.8700,2557
274,80.8800,80.8900,80.8500,80.8500,3284
275,80.8600,80.8600,80.8557,80.8600,1485
276,80.8500,80.8500,80.8200,80.8200,3274
277,80.8100,80.8100,80.7800,80.7827,1400
278,80.7850,80.8000,80.7750,80.7750,3725
279,80.7750,80.7800,80.7600,80.7750,4032
280,80.7713,80.7800,80.7700,80.7790,600
281,80.7700,80.7700,80.7600,80.7600,2960
282,80.7700,80.7900,80.7700,80.7850,2200
283,80.7900,80.8032,80.7900,80.8001,9655
284,80.8000,80.8000,80.7800,80.8000,4695
285,80.7950,80.8100,80.7950,80.8100,2257
286,80.8200,80.8300,80.8150,80.8200,2900
287,80.8200,80.8400,80.8200,80.8350,1400
288,80.8310,80.8351,80.8310,80.8351,500
289,80.8400,80.8400,80.8200,80.8200,5550
290,80.8300,80.8377,80.8300,80.8301,1304
291,80.8300,80.8300,80.8300,80.8300,100
292,80.8400,80.8400,80.8100,80.8100,4395
293,80.8200,80.8300,80.8150,80.8235,4919
294,80.8300,80.8300,80.8250,80.8250,550
295,80.8258,80.8300,80.8000,80.8050,5107
296,80.8000,80.8000,80.7800,80.7800,1646
297,80.7786,80.7786,80.7600,80.7650,3766
298,80.7500,80.7500,80.7200,80.7200,7846
299,80.7200,80.7300,80.7200,80.7200,1000
300,80.7200,80.7200,80.6951,80.6951,5970
301,80.6900,80.7100,80.6800,80.6800,10239
302,80.6856,80.7000,80.6700,80.6900,17108
303,80.7000,80.7100,80.7000,80.7050,6771
304,80.7050,80.7050,80.7000,80.7001,1100
305,80.7000,80.7000,80.6800,80.6900,4617
306,80.6850,80.7000,80.6850,80.6950,3733
307,80.7000,80.7000,80.6900,80.7000,725
308,80.6957,80.7000,80.6800,80.7000,6048
309,80.6900,80.6950,80.6638,80.6638,2533
310,80.6700,80.6700,80.6500,80.6550,2750
311,80.6600,80.6600,80.6500,80.6600,400
312,80.6600,80.6600,80.6500,80.6600,1725
313,80.6543,80.6700,80.6500,80.6700,5263
314,80.6700,80.6825,80.6650,80.6650,3217
315,80.6650,80.6650,80.6600,80.6650,1633
316,80.6600,80.6700,80.5600,80.5800,59314
317,80.5854,80.6000,80.5854,80.5901,5157
318,80.5950,80.6000,80.5900,80.6000,600
319,80.5935,80.6000,80.5900,80.6000,1487
320,80.5950,80.6250,80.5950,80.6250,4147
321,80.6200,80.6400,80.6200,80.6200,6756
322,80.6143,80.6200,80.6100,80.6200,1772
323,80.6200,80.6400,80.6200,80.6400,2640
324,80.6400,80.6400,80.6300,80.6300,2500
325,80.6300,80.6300,80.5900,80.6200,10492
326,80.6400,80.6500,80.6300,80.6300,3204
327,80.6250,80.6400,80.6250,80.6400,1300
328,80.6400,80.7000,80.6400,80.6900,4099
329,80.6901,80.7100,80.6901,80.7000,3000
330,80.7000,80.7000,80.6700,80.6800,6695
331,80.6865,80.6865,80.6500,80.6600,6283
332,80.6600,80.6900,80.6600,80.6850,3420
333,80.6900,80.6900,80.6600,80.6600,3840
334,80.6600,80.6600,80.6300,80.6350,3288
335,80.6300,80.6600,80.6300,80.6500,4229
336,80.6500,80.6600,80.6500,80.6500,1613
337,80.6500,80.6600,80.6500,80.6500,3937
338,80.6400,80.6600,80.6400,80.6600,4230
339,80.6500,80.6600,80.6400,80.6400,5833
340,80.6400,80.6450,80.6100,80.6200,3847
341,80.6100,80.6154,80.6000,80.6100,8771
342,80.6054,80.6650,80.6048,80.6600,9073
343,80.6600,80.7050,80.6550,80.7050,3268
344,80.6900,80.7000,80.6800,80.7000,5348
345,80.7100,80.7200,80.7100,80.7200,1679
346,80.7250,80.7500,80.7250,80.7400,2100
347,80.7400,80.7500,80.7300,80.7450,1567
348,80.7500,80.7500,80.7400,80.7500,1200
349,80.7500,80.7500,80.7400,80.7400,5090
350,80.7400,80.7400,80.7200,80.7300,7352
351,80.7300,80.7300,80.7199,80.7199,4882
352,80.7200,80.7400,80.7100,80.7350,5824
353,80.7300,80.7400,80.7300,80.7400,3700
354,80.7400,80.7400,80.7200,80.7250,3325
355,80.7200,80.7500,80.7200,80.7500,6527
356,80.7500,80.7600,80.7400,80.7450,5427
357,80.7500,80.7600,80.7450,80.7515,5038
358,80.7566,80.7600,80.7400,80.7450,3898
359,80.7500,80.7500,80.7000,80.7000,7141
360,80.7100,80.7100,80.6950,80.7100,4594
361,80.7050,80.7100,80.6950,80.7100,7653
362,80.7050,80.7400,80.7050,80.7350,4961
363,80.7400,80.7400,80.7100,80.7150,5383
364,80.7150,80.7400,80.7150,80.7354,6465
365,80.7350,80.7400,80.7000,80.7150,8617
366,80.7150,80.7400,80.7150,80.7400,8014
367,80.7350,80.7350,80.7200,80.7300,7769
368,80.7350,80.7600,80.7350,80.7600,5106
369,80.7700,80.7800,80.7300,80.7300,11161
370,80.7350,80.7350,80.7100,80.7100,3237
371,80.7150,80.7250,80.7100,80.7250,9758
372,80.7250,80.7250,80.6800,80.6800,8409
373,80.6900,80.6900,80.6800,80.6900,7623
374,80.6900,80.7100,80.6850,80.7100,9701
375,80.7061,80.7200,80.6900,80.7100,15674
376,80.7000,80.7200,80.6950,80.7200,5941
377,80.7150,80.7400,80.7100,80.7100,14066
378,80.7200,80.7300,80.7200,80.7200,3572
379,80.7250,80.7300,80.7200,80.7250,3582
380,80.7300,80.7400,80.7100,80.7150,25129
381,80.7150,80.7300,80.7100,80.7300,5750
382,80.7300,80.7300,80.7100,80.7150,5847
383,80.7100,80.7100,80.6900,80.6900,6934
384,80.7000,80.7000,80.6900,80.6950,5811
385,80.6950,80.7000,80.6800,80.6800,9046
386,80.6900,80.7000,80.6800,80.6800,17353
387,80.6800,80.6850,80.6400,80.6500,35641
388,80.6500,80.6500,80.6400,80.6450,8394
389,80.6450,80.6450,80.6200,80.6300,14483
390,80.6250,80.6900,80.6250,80.6400,52473