DHI,D. R. Horton,Consumer Discretionary,1,Homebuilding,12763597543,3405845
a1499272200,33.6100,33.8800,33.6100,33.8800,4176
2,33.8500,33.8500,33.7400,33.7700,1955
3,33.7800,33.7800,33.6600,33.6600,1000
4,33.6550,33.6550,33.6550,33.6550,400
5,33.6100,33.6300,33.6100,33.6300,400
6,33.6800,33.7300,33.6700,33.6800,7957
7,33.6800,33.6900,33.6100,33.6400,8391
8,33.6600,33.7000,33.6400,33.6400,4331
9,33.6200,33.6400,33.6000,33.6300,4900
10,33.6350,33.7100,33.6350,33.7000,8120
11,33.6900,33.6900,33.6600,33.6700,7816
12,33.6600,33.6650,33.6500,33.6500,10551
13,33.6500,33.6800,33.6500,33.6600,2850
14,33.6500,33.6900,33.6500,33.6600,7085
15,33.6700,33.6810,33.6600,33.6600,4544
16,33.6600,33.6800,33.6150,33.6400,6070
17,33.6300,33.6300,33.5900,33.6100,6248
18,33.6100,33.6300,33.6010,33.6300,3700
19,33.6500,33.6800,33.6400,33.6800,4600
20,33.6800,33.7200,33.6700,33.7200,14127
21,33.7100,33.7200,33.7000,33.7200,3800
22,33.7100,33.7100,33.6600,33.6650,3870
23,33.6600,33.6772,33.6400,33.6400,4200
24,33.6300,33.6400,33.6000,33.6000,11520
25,33.6100,33.6300,33.6000,33.6250,6216
26,33.6200,33.6350,33.6100,33.6200,10470
27,33.6250,33.6250,33.5700,33.5700,8354
28,33.5600,33.6200,33.5600,33.5950,8331
29,33.6000,33.6100,33.5950,33.6100,3698
30,33.6150,33.6300,33.6000,33.6000,12780
31,33.5900,33.6050,33.5700,33.5850,6400
32,33.5750,33.5800,33.5400,33.5450,11696
33,33.5500,33.5600,33.5200,33.5400,12803
34,33.5350,33.5500,33.5300,33.5350,14292
35,33.5300,33.5300,33.5100,33.5250,6431
36,33.5250,33.5500,33.5200,33.5200,13300
37,33.5200,33.5200,33.4900,33.5050,8108
38,33.5050,33.5100,33.5000,33.5100,2707
39,33.5100,33.5500,33.5100,33.5400,6153
40,33.5300,33.5300,33.5200,33.5300,1900
41,33.5250,33.5300,33.5000,33.5050,8871
42,33.5000,33.5200,33.4700,33.4700,30350
43,33.4700,33.4700,33.4300,33.4400,25719
44,33.4300,33.4300,33.3900,33.4000,37174
45,33.4000,33.4100,33.3901,33.4000,14008
46,33.4050,33.4350,33.3900,33.4350,14874
47,33.4350,33.4600,33.4300,33.4400,50351
48,33.4350,33.4600,33.4300,33.4600,14353
49,33.4700,33.4950,33.4700,33.4900,5739
50,33.5000,33.5100,33.4950,33.5050,1608
51,33.5100,33.5200,33.4600,33.4600,10415
52,33.4400,33.4700,33.4300,33.4450,15704
53,33.4500,33.4500,33.4300,33.4350,12312
54,33.4350,33.4600,33.4350,33.4500,6039
55,33.4500,33.5000,33.4400,33.5000,11619
56,33.4900,33.4900,33.4700,33.4850,5068
57,33.4900,33.4900,33.4650,33.4700,3567
58,33.4750,33.5000,33.4750,33.4850,6793
59,33.4850,33.4900,33.4650,33.4650,5438
60,33.4650,33.4650,33.4400,33.4450,7618
61,33.4450,33.4550,33.4300,33.4400,25064
62,33.4450,33.4600,33.4400,33.4500,3328
63,33.4500,33.4600,33.4400,33.4450,6374
64,33.4450,33.4500,33.4300,33.4300,1619
65,33.4350,33.4500,33.4350,33.4450,6511
66,33.4400,33.4500,33.4350,33.4450,3106
67,33.4500,33.4500,33.4400,33.4400,700
68,33.4500,33.4500,33.4300,33.4350,8528
69,33.4350,33.4400,33.4300,33.4400,5869
70,33.4350,33.4400,33.4350,33.4350,1900
71,33.4350,33.4400,33.4300,33.4300,5256
72,33.4400,33.4500,33.4350,33.4400,2100
73,33.4350,33.4400,33.4300,33.4350,2706
74,33.4350,33.4400,33.4350,33.4350,52700
75,33.4350,33.4750,33.4300,33.4600,30045
76,33.4700,33.4800,33.4500,33.4750,5100
77,33.4750,33.5000,33.4700,33.4950,17692
78,33.4900,33.5050,33.4750,33.4800,39286
79,33.4850,33.5100,33.4800,33.5100,17765
80,33.5100,33.5150,33.4900,33.4950,8871
81,33.4950,33.5100,33.4900,33.5000,9252
82,33.5100,33.5450,33.5050,33.5450,25115
83,33.5400,33.5400,33.5400,33.5400,600
84,33.5500,33.5800,33.5500,33.5700,3550
85,33.5700,33.5700,33.5450,33.5500,5226
86,33.5500,33.5500,33.5400,33.5450,4993
87,33.5450,33.5459,33.5400,33.5459,609
88,33.5500,33.5600,33.5441,33.5550,3019
89,33.5550,33.5600,33.5550,33.5550,1200
90,33.5600,33.5600,33.5500,33.5500,3683
91,33.5500,33.5550,33.5300,33.5300,5805
92,33.5300,33.5300,33.5100,33.5200,8888
93,33.5200,33.5200,33.5200,33.5200,400
94,33.5250,33.5250,33.4900,33.4950,4400
95,33.4900,33.4900,33.4700,33.4750,6789
96,33.4800,33.4800,33.4700,33.4790,782
97,33.4750,33.5000,33.4700,33.4950,6058
98,33.4950,33.4950,33.4900,33.4930,605
99,33.4950,33.5000,33.4700,33.5000,9484
100,33.5100,33.5100,33.4900,33.4950,14886
101,33.5000,33.5100,33.4950,33.5000,11911
102,33.5050,33.5100,33.5050,33.5050,2180
103,33.5031,33.5100,33.5000,33.5000,4400
104,33.5000,33.5200,33.5000,33.5150,6758
105,33.5100,33.5200,33.5100,33.5100,4400
106,33.5100,33.5100,33.4400,33.4400,12358
107,33.4500,33.4600,33.4450,33.4500,4232
108,33.4450,33.4600,33.4400,33.4400,5776
109,33.4400,33.4500,33.4300,33.4300,2481
110,33.4350,33.4400,33.4300,33.4300,2053
111,33.4400,33.4450,33.4100,33.4100,7410
112,33.4100,33.4200,33.3700,33.3800,13183
113,33.3800,33.4050,33.3800,33.3999,10437
114,33.3950,33.4000,33.3850,33.3850,2946
115,33.3800,33.3900,33.3800,33.3850,2800
116,33.3800,33.3850,33.3600,33.3600,3510
117,33.3600,33.3700,33.3550,33.3550,2200
118,33.3500,33.3500,33.3450,33.3500,1200
119,33.3550,33.3600,33.3150,33.3150,6702
120,33.3100,33.3200,33.3000,33.3000,2875
121,33.3000,33.3100,33.2800,33.2850,10273
122,33.2850,33.3000,33.2700,33.2700,5223
123,33.2700,33.2700,33.2600,33.2600,3188
124,33.2700,33.2800,33.2500,33.2700,8262
125,33.2700,33.2750,33.2500,33.2650,5380
126,33.2650,33.3000,33.2650,33.2800,5053
127,33.2850,33.2850,33.2600,33.2650,22033
128,33.2700,33.2700,33.2400,33.2450,10609
129,33.2450,33.2600,33.2400,33.2600,5623
130,33.2700,33.2769,33.2500,33.2700,35518
131,33.2700,33.2747,33.2450,33.2600,6004
132,33.2600,33.2600,33.2600,33.2600,3067
133,33.2600,33.2600,33.2400,33.2500,20080
134,33.2450,33.2450,33.2200,33.2350,25175
135,33.2400,33.2450,33.2150,33.2150,27957
136,33.2150,33.2150,33.1900,33.2100,12119
137,33.2100,33.2150,33.1900,33.2000,24884
138,33.1950,33.1950,33.1800,33.1900,4191
139,33.2000,33.2100,33.1900,33.2000,3449
140,33.1900,33.2200,33.1900,33.2150,2563
141,33.2100,33.2350,33.2100,33.2350,2300
142,33.2350,33.2400,33.2300,33.2400,1000
143,33.2300,33.2400,33.2300,33.2400,3100
144,33.2450,33.2600,33.2400,33.2550,8150
145,33.2550,33.2750,33.2550,33.2700,2766
146,33.2750,33.2750,33.2700,33.2700,1375
147,33.2650,33.2850,33.2600,33.2850,4148
148,33.2839,33.2900,33.2800,33.2800,4239
149,33.2850,33.2850,33.2850,33.2850,100
150,33.2900,33.3100,33.2900,33.3041,12488
151,33.3000,33.3085,33.3000,33.3000,1052
152,33.3000,33.3050,33.2800,33.2850,5260
153,33.2800,33.2850,33.2700,33.2800,4335
154,33.2800,33.2850,33.2700,33.2765,2180
155,33.2800,33.3000,33.2755,33.2800,9330
156,33.2900,33.3000,33.2900,33.3000,600
157,33.2900,33.2900,33.2850,33.2900,1334
158,33.2900,33.3059,33.2850,33.3000,36357
159,33.3000,33.3050,33.2950,33.3000,5314
160,33.2950,33.3000,33.2850,33.2900,5000
161,33.2850,33.2850,33.2700,33.2700,1693
162,33.2700,33.2700,33.2500,33.2500,2351
163,33.2500,33.2500,33.2400,33.2400,3400
164,33.2400,33.2500,33.2400,33.2462,1040
165,33.2400,33.2400,33.2353,33.2400,3099
166,33.2350,33.2400,33.2350,33.2400,2305
167,33.2300,33.2350,33.2300,33.2350,8268
168,33.2400,33.2400,33.1900,33.2050,44250
169,33.2050,33.2100,33.1900,33.2050,10490
170,33.2100,33.2200,33.2000,33.2100,5753
171,33.2000,33.2100,33.2000,33.2100,1000
172,33.2100,33.2100,33.2000,33.2000,2000
173,33.2100,33.2100,33.2000,33.2000,2100
174,33.2050,33.2050,33.1900,33.1900,4335
175,33.1900,33.2000,33.1900,33.1955,781
176,33.2000,33.2200,33.1900,33.2100,3603
177,33.2100,33.2200,33.2050,33.2163,2100
178,33.2200,33.2200,33.2000,33.2000,1890
179,33.2000,33.2000,33.1900,33.1900,900
180,33.2000,33.2000,33.2000,33.2000,200
181,33.1944,33.2100,33.1900,33.2100,5729
182,33.2200,33.2200,33.2100,33.2100,500
183,33.2150,33.2200,33.2100,33.2200,1509
184,33.2200,33.2200,33.2100,33.2100,2990
185,33.2000,33.2100,33.2000,33.2100,1500
186,33.2000,33.2000,33.1700,33.1700,6501
187,33.1750,33.1800,33.1700,33.1800,450
188,33.1800,33.1900,33.1800,33.1850,1863
189,33.1800,33.1800,33.1800,33.1800,100
190,33.1900,33.1900,33.1700,33.1800,3350
191,33.1800,33.1800,33.1800,33.1800,300
192,33.1700,33.1800,33.1700,33.1700,3680
193,33.1800,33.1800,33.1800,33.1800,1712
194,33.1800,33.1800,33.1750,33.1750,500
195,33.1800,33.1800,33.1700,33.1700,900
196,33.1800,33.2000,33.1800,33.2000,3066
197,33.2000,33.2100,33.1945,33.2100,6667
198,33.2050,33.2100,33.1950,33.1950,9250
199,33.2000,33.2000,33.2000,33.2000,300
200,33.2000,33.2000,33.1950,33.1999,751
201,33.1900,33.1900,33.1900,33.1900,300
202,33.1900,33.1900,33.1800,33.1850,5498
203,33.1850,33.1850,33.1750,33.1750,5746
204,33.1800,33.1800,33.1750,33.1800,1600
205,33.1900,33.1900,33.1700,33.1900,7041
206,33.1800,33.1800,33.1700,33.1738,2733
207,33.1700,33.1850,33.1700,33.1800,3468
208,33.1700,33.1750,33.1650,33.1650,1228
209,33.1700,33.1700,33.1700,33.1700,461
210,33.1700,33.1700,33.1600,33.1700,6128
211,33.1700,33.1900,33.1600,33.1900,4073
212,33.1850,33.2000,33.1850,33.1900,9328
213,33.1900,33.2000,33.1900,33.1950,2176
214,33.1900,33.1961,33.1900,33.1961,483
215,33.2000,33.2050,33.2000,33.2000,1897
216,33.2000,33.2200,33.2000,33.2100,4139
217,33.2100,33.2100,33.2000,33.2000,1594
218,33.2000,33.2100,33.1950,33.2000,6000
219,33.2060,33.2100,33.2060,33.2061,1002
220,33.2000,33.2000,33.1801,33.1900,4916
221,33.1800,33.1900,33.1800,33.1800,1300
222,33.1800,33.1856,33.1800,33.1856,345
223,33.1900,33.2000,33.1900,33.1950,5316
224,33.1900,33.2050,33.1900,33.2050,5054
225,33.2000,33.2000,33.1900,33.1901,3029
226,33.1900,33.2000,33.1900,33.2000,2089
227,33.2081,33.2200,33.2000,33.2100,3935
228,33.2100,33.2100,33.2100,33.2100,100
229,33.2100,33.2100,33.2000,33.2000,2235
230,33.2000,33.2000,33.1900,33.1900,8013
231,33.1900,33.1900,33.1800,33.1850,1956
232,33.1900,33.1950,33.1800,33.1800,2600
233,33.1800,33.1900,33.1800,33.1850,1070
234,33.1900,33.1900,33.1800,33.1800,750
235,33.1800,33.1800,33.1800,33.1800,100
236,33.1900,33.2000,33.1800,33.1900,3500
237,33.1900,33.1900,33.1750,33.1800,9158
238,33.1800,33.1900,33.1800,33.1850,1029
239,33.1900,33.2000,33.1900,33.2000,2047
240,33.2000,33.2100,33.1950,33.2000,3914
241,33.2000,33.2050,33.1950,33.2000,1529
242,33.1950,33.1950,33.1700,33.1700,8864
243,33.1700,33.1700,33.1600,33.1600,2175
244,33.1600,33.1700,33.1600,33.1700,4000
245,33.1700,33.1900,33.1700,33.1900,2669
246,33.1800,33.1800,33.1800,33.1800,500
247,33.1850,33.1900,33.1700,33.1861,4275
248,33.1900,33.2000,33.1850,33.2000,2572
249,33.1950,33.1950,33.1800,33.1800,2413
250,33.1800,33.2000,33.1800,33.1900,1676
251,33.2000,33.2000,33.1900,33.1900,3101
252,33.2000,33.2050,33.2000,33.2000,1391
253,33.2100,33.2100,33.2000,33.2000,500
254,33.2100,33.2200,33.2100,33.2200,1200
255,33.2100,33.2200,33.2100,33.2200,1400
256,33.2150,33.2250,33.2150,33.2199,3024
257,33.2200,33.2200,33.2150,33.2150,898
258,33.2150,33.2200,33.2000,33.2100,5975
259,33.2100,33.2100,33.2100,33.2100,300
260,33.2200,33.2400,33.2200,33.2400,4650
261,33.2500,33.2500,33.2400,33.2400,3464
262,33.2400,33.2500,33.2400,33.2500,1464
263,33.2600,33.2850,33.2600,33.2800,8788
264,33.2850,33.2850,33.2700,33.2700,2247
265,33.2700,33.2700,33.2500,33.2500,3103
266,33.2500,33.2600,33.2500,33.2600,3290
267,33.2500,33.2600,33.2500,33.2600,1190
268,33.2550,33.2700,33.2500,33.2700,3194
269,33.2800,33.2800,33.2750,33.2750,2923
270,33.2750,33.3000,33.2750,33.2950,5071
271,33.2900,33.2900,33.2800,33.2900,2285
272,33.2900,33.2900,33.2800,33.2850,1399
273,33.2900,33.3000,33.2800,33.2900,23000
274,33.3000,33.3000,33.2900,33.2900,7122
275,33.2900,33.3000,33.2900,33.2900,1300
276,33.2900,33.3100,33.2900,33.3000,10404
277,33.2900,33.3000,33.2850,33.2850,4300
278,33.2800,33.2900,33.2700,33.2700,9456
279,33.2700,33.2850,33.2700,33.2800,2200
280,33.2750,33.2800,33.2650,33.2700,2500
281,33.2662,33.2700,33.2600,33.2700,2043
282,33.2700,33.2700,33.2700,33.2700,200
283,33.2700,33.2800,33.2647,33.2800,3896
284,33.2700,33.2700,33.2500,33.2500,3740
285,33.2500,33.2700,33.2500,33.2600,8200
286,33.2600,33.2700,33.2600,33.2700,4162
287,33.2700,33.2700,33.2700,33.2700,200
288,33.2700,33.2700,33.2600,33.2700,4000
289,33.2700,33.2700,33.2600,33.2650,2149
290,33.2700,33.2700,33.2600,33.2650,1100
291,33.2700,33.2700,33.2600,33.2600,1200
292,33.2700,33.2800,33.2600,33.2700,9941
293,33.2700,33.2900,33.2700,33.2850,2751
294,33.2850,33.3100,33.2850,33.3050,3358
295,33.3100,33.3100,33.3000,33.3000,1900
296,33.3050,33.3050,33.2800,33.2800,9455
297,33.2700,33.2800,33.2700,33.2800,1310
298,33.2800,33.2900,33.2800,33.2800,1400
299,33.2850,33.2900,33.2750,33.2800,3190
300,33.2800,33.2800,33.2700,33.2700,300
301,33.2700,33.2769,33.2700,33.2700,2980
302,33.2713,33.2800,33.2700,33.2800,2826
303,33.2800,33.2850,33.2700,33.2850,6434
304,33.2850,33.2900,33.2800,33.2850,5184
305,33.2800,33.2900,33.2800,33.2893,1140
306,33.2850,33.2900,33.2800,33.2900,400
307,33.2890,33.2900,33.2850,33.2900,2235
308,33.2900,33.2900,33.2800,33.2850,4823
309,33.2900,33.2900,33.2800,33.2900,10400
310,33.2900,33.2900,33.2800,33.2850,1600
311,33.2900,33.2900,33.2700,33.2750,5915
312,33.2750,33.2850,33.2700,33.2750,14149
313,33.2700,33.2800,33.2650,33.2700,7971
314,33.2750,33.2800,33.2750,33.2750,1800
315,33.2800,33.3000,33.2750,33.2950,15840
316,33.3000,33.3000,33.2950,33.2980,1750
317,33.3000,33.3000,33.2850,33.2850,7386
318,33.2900,33.3000,33.2850,33.2950,2819
319,33.2900,33.3000,33.2900,33.3000,1200
320,33.3000,33.3000,33.2900,33.2950,803
321,33.2978,33.3000,33.2900,33.2950,7831
322,33.2900,33.3000,33.2900,33.2950,700
323,33.3000,33.3000,33.2950,33.2950,2000
324,33.3000,33.3000,33.2900,33.3000,7208
325,33.2900,33.3000,33.2900,33.2950,1300
326,33.2950,33.3000,33.2900,33.3000,1600
327,33.3000,33.3000,33.3000,33.3000,200
328,33.3000,33.3000,33.2800,33.2800,10146
329,33.2700,33.2800,33.2700,33.2800,600
330,33.2750,33.2800,33.2600,33.2600,6348
331,33.2600,33.2650,33.2500,33.2600,3932
332,33.2600,33.2600,33.2510,33.2510,362
333,33.2566,33.2600,33.2500,33.2500,4210
334,33.2600,33.2600,33.2400,33.2400,5149
335,33.2300,33.2400,33.2300,33.2300,1100
336,33.2350,33.2600,33.2300,33.2350,10309
337,33.2300,33.2350,33.2300,33.2300,2575
338,33.2300,33.2300,33.2200,33.2300,1400
339,33.2400,33.2500,33.2350,33.2350,2400
340,33.2400,33.2450,33.2350,33.2350,2000
341,33.2300,33.2400,33.2300,33.2400,1650
342,33.2400,33.2550,33.2250,33.2250,33798
343,33.2300,33.2475,33.2300,33.2400,3900
344,33.2300,33.2500,33.2300,33.2482,6452
345,33.2500,33.2600,33.2500,33.2550,7212
346,33.2500,33.2550,33.2450,33.2500,8216
347,33.2500,33.2800,33.2500,33.2800,8768
348,33.2800,33.2800,33.2700,33.2700,400
349,33.2700,33.2750,33.2600,33.2650,11454
350,33.2600,33.2650,33.2400,33.2600,16225
351,33.2700,33.2800,33.2600,33.2600,3089
352,33.2700,33.2700,33.2700,33.2700,200
353,33.2700,33.2750,33.2600,33.2600,4663
354,33.2600,33.2800,33.2600,33.2700,3492
355,33.2700,33.2750,33.2650,33.2750,2589
356,33.2700,33.3000,33.2700,33.2850,10010
357,33.2850,33.2900,33.2750,33.2850,6192
358,33.2900,33.3000,33.2900,33.2900,3600
359,33.2950,33.3000,33.2800,33.2800,9412
360,33.2800,33.3400,33.2800,33.3200,13998
361,33.3200,33.3500,33.3100,33.3150,19034
362,33.3100,33.3300,33.3100,33.3250,3496
363,33.3200,33.3200,33.3000,33.3000,4053
364,33.3100,33.3100,33.3000,33.3000,1600
365,33.3000,33.3100,33.3000,33.3100,2000
366,33.3000,33.3200,33.3000,33.3150,8727
367,33.3100,33.3150,33.3100,33.3100,1300
368,33.3100,33.3200,33.3100,33.3150,3000
369,33.3100,33.3150,33.3000,33.3050,12239
370,33.3000,33.3050,33.2900,33.2900,13973
371,33.2900,33.3000,33.2700,33.2900,16111
372,33.2850,33.2900,33.2700,33.2800,3484
373,33.2750,33.2750,33.2700,33.2700,1754
374,33.2750,33.2900,33.2750,33.2900,6446
375,33.2800,33.2900,33.2700,33.2800,12793
376,33.2800,33.2800,33.2700,33.2800,4385
377,33.2800,33.2850,33.2600,33.2600,14905
378,33.2600,33.2650,33.2500,33.2500,4684
379,33.2550,33.2550,33.2500,33.2500,2400
380,33.2500,33.2600,33.2500,33.2550,6500
381,33.2550,33.2600,33.2400,33.2400,11716
382,33.2400,33.2500,33.2400,33.2450,9239
383,33.2450,33.2700,33.2450,33.2650,16095
384,33.2700,33.2700,33.2550,33.2600,17157
385,33.2600,33.2700,33.2600,33.2650,5306
386,33.2650,33.2700,33.2600,33.2700,26984
387,33.2700,33.2700,33.2600,33.2700,25939
388,33.2700,33.2700,33.2600,33.2700,10073
389,33.2700,33.2700,33.2600,33.2650,15755
390,33.2650,33.2900,33.2600,33.2900,126542