EXPD,Expeditors International,Industrials,6,Air Freight & Logistics,9953245890,1355987
a149927220082,54.8450,54.8500,54.8200,54.8200,11092
383,54.8200,54.8650,54.8200,54.8300,20328
384,54.8200,54.8200,54.7800,54.7800,5018
385,54.7800,54.7800,54.7400,54.7400,12654
386,54.7400,54.7850,54.7300,54.7750,17540
387,54.7800,54.8000,54.7700,54.7700,14635
388,54.7700,54.7900,54.7600,54.7700,15866
389,54.7700,54.7700,54.7500,54.7600,14670
390,54.7600,54.7600,54.7400,54.7400,102697
0,54.5100,54.5100,54.5100,54.5100,17628
1,54.2300,54.4300,54.2300,54.4300,200
2,54.4700,54.4950,54.3000,54.3000,1613
3,54.4300,54.5900,54.4300,54.5900,4320
4,54.6300,54.6300,54.5300,54.5300,320
6,54.5800,54.5800,54.5800,54.5800,100
7,54.5800,54.5800,54.5800,54.5800,300
8,54.6000,54.7300,54.6000,54.6700,8551
9,54.6700,54.7400,54.6700,54.7200,3569
10,54.7400,54.8100,54.7300,54.8100,2100
11,54.8300,54.8700,54.7800,54.8000,2761
12,54.8000,54.8100,54.7900,54.7900,25200
13,54.8100,54.8700,54.8050,54.8700,2000
14,54.8300,54.8500,54.8300,54.8500,2839
15,54.8600,54.8700,54.8600,54.8600,4324
16,54.8800,54.9000,54.8600,54.9000,2578
17,54.8900,54.8900,54.8800,54.8900,1768
18,54.8840,54.8900,54.8800,54.8900,2800
19,54.8900,54.9000,54.8800,54.9000,2200
20,54.8850,54.9000,54.8700,54.8700,740
21,54.8800,54.9100,54.8800,54.9000,4700
22,54.8700,54.8700,54.8500,54.8550,973
23,54.8500,54.8500,54.8400,54.8500,1742
24,54.8500,54.8700,54.8500,54.8700,2405
25,54.8700,54.8800,54.8600,54.8700,2298
26,54.8700,54.8900,54.8600,54.8600,3200
27,54.8500,54.8500,54.8300,54.8300,1200
28,54.8300,54.8500,54.8200,54.8500,2393
29,54.8400,54.8400,54.8300,54.8300,1287
30,54.8300,54.8350,54.8200,54.8350,2000
31,54.8400,54.8700,54.8300,54.8569,4329
32,54.8405,54.8550,54.8100,54.8300,2362
33,54.8400,54.8600,54.8400,54.8600,500
34,54.8600,54.8800,54.8600,54.8800,500
35,54.8550,54.8550,54.8550,54.8550,100
36,54.8500,54.8700,54.8500,54.8700,3198
37,54.8700,54.9250,54.8700,54.9200,4000
38,54.9300,54.9400,54.9300,54.9350,900
39,54.9500,54.9800,54.9500,54.9800,800
40,54.9600,54.9600,54.9600,54.9600,2500
41,54.9600,54.9800,54.9600,54.9775,5053
42,54.9800,54.9800,54.9600,54.9600,2672
43,54.9600,54.9600,54.9300,54.9300,2700
44,54.9300,54.9300,54.9200,54.9200,1100
46,54.9000,54.9000,54.8800,54.8800,2200
47,54.8900,54.9300,54.8854,54.9200,6558
48,54.9000,54.9200,54.9000,54.9200,300
49,54.9200,54.9200,54.9100,54.9100,200
50,54.9200,54.9200,54.9200,54.9200,500
51,54.9200,54.9300,54.9150,54.9200,4199
52,54.9100,54.9300,54.9100,54.9300,1100
53,54.9300,54.9300,54.9300,54.9300,600
54,54.9300,54.9300,54.9200,54.9200,1960
55,54.9100,54.9100,54.8800,54.8800,1200
56,54.8936,54.8936,54.8900,54.8900,319
57,54.8900,54.9000,54.8900,54.8900,1200
58,54.9000,54.9300,54.9000,54.9200,3956
59,54.9200,54.9200,54.9200,54.9200,500
60,54.9200,54.9200,54.8600,54.8600,2150
61,54.8600,54.9000,54.8600,54.9000,1985
62,54.8800,54.9000,54.8800,54.9000,200
63,54.8900,54.9150,54.8900,54.9100,2600
64,54.9000,54.9000,54.9000,54.9000,100
65,54.9200,54.9200,54.9200,54.9200,900
66,54.9200,54.9500,54.9200,54.9400,4394
67,54.9400,54.9600,54.9400,54.9400,2106
68,54.9200,54.9200,54.9200,54.9200,200
69,54.9200,54.9200,54.9200,54.9200,400
70,54.9200,54.9310,54.9200,54.9310,1200
71,54.9300,54.9300,54.9300,54.9300,1500
72,54.9400,54.9400,54.9400,54.9400,400
73,54.9400,54.9407,54.9300,54.9400,5163
74,54.9500,54.9500,54.9500,54.9500,225
75,54.9386,54.9400,54.9300,54.9300,1886
76,54.9300,54.9300,54.9200,54.9200,1553
77,54.9100,54.9100,54.8700,54.8700,1678
78,54.8501,54.8600,54.8500,54.8600,1700
79,54.8500,54.8500,54.8400,54.8400,300
80,54.8300,54.8350,54.8300,54.8350,3900
81,54.8300,54.8400,54.8300,54.8400,3022
82,54.8500,54.8600,54.8450,54.8600,1600
83,54.8600,54.8700,54.8600,54.8700,1100
84,54.8700,54.8800,54.8700,54.8800,1950
85,54.8800,54.8800,54.8800,54.8800,600
86,54.8800,54.8800,54.8762,54.8762,860
87,54.8700,54.9100,54.8700,54.9000,4814
88,54.9100,54.9300,54.9100,54.9300,4188
89,54.9400,54.9600,54.9400,54.9500,11664
90,54.9400,54.9600,54.9400,54.9600,1600
91,54.9410,54.9600,54.9250,54.9250,3544
92,54.9200,54.9250,54.9000,54.9000,4000
93,54.8900,54.9400,54.8900,54.9000,5199
94,54.9100,54.9100,54.9000,54.9100,1986
95,54.8900,54.8950,54.8900,54.8900,500
96,54.8800,54.8800,54.8600,54.8600,800
97,54.8700,54.8800,54.8700,54.8750,1402
98,54.8800,54.8900,54.8800,54.8800,1400
99,54.8700,54.8800,54.8600,54.8800,2112
100,54.8700,54.8806,54.8700,54.8806,445
101,54.8800,54.9450,54.8800,54.9400,7162
102,54.9500,54.9500,54.9500,54.9500,400
103,54.9500,54.9800,54.9500,54.9800,1700
104,54.9800,55.0000,54.9800,54.9900,7553
105,54.9750,54.9900,54.9750,54.9850,1589
106,54.9800,54.9800,54.9600,54.9600,3778
107,54.9600,54.9800,54.9600,54.9700,4078
108,54.9800,54.9800,54.9700,54.9700,300
109,54.9700,54.9800,54.9650,54.9800,3900
111,54.9700,54.9850,54.9700,54.9800,4263
112,54.9800,54.9800,54.9800,54.9800,1995
113,54.9800,54.9900,54.9700,54.9700,1319
114,54.9800,54.9800,54.9800,54.9800,100
115,54.9900,54.9900,54.9700,54.9800,1425
116,54.9843,54.9900,54.9800,54.9800,2824
118,54.9800,54.9900,54.9650,54.9650,11770
119,54.9800,54.9800,54.9800,54.9800,1003
120,54.9700,54.9700,54.9650,54.9700,1400
121,54.9600,54.9601,54.9400,54.9400,3686
122,54.9300,54.9300,54.9200,54.9200,2853
123,54.9100,54.9100,54.9100,54.9100,400
124,54.9100,54.9100,54.9100,54.9100,1300
125,54.9100,54.9200,54.9100,54.9150,500
126,54.9100,54.9200,54.9050,54.9050,3699
127,54.9000,54.9000,54.8300,54.8300,2900
128,54.8200,54.8200,54.7800,54.7800,2517
129,54.7900,54.8100,54.7900,54.8100,3989
130,54.8200,54.8300,54.8200,54.8250,4481
131,54.8300,54.8400,54.8100,54.8100,9846
132,54.8100,54.8100,54.8000,54.8000,1000
133,54.8000,54.8100,54.8000,54.8050,1900
134,54.8100,54.8250,54.8100,54.8250,3590
135,54.8250,54.8250,54.8200,54.8200,1941
136,54.8200,54.8200,54.8200,54.8200,972
137,54.8200,54.8300,54.8200,54.8200,1800
138,54.8229,54.8350,54.8229,54.8350,870
139,54.8400,54.8600,54.8350,54.8600,5131
140,54.8700,54.8750,54.8600,54.8700,3189
141,54.8700,54.8800,54.8700,54.8800,1736
142,54.8900,54.9000,54.8800,54.8900,7048
143,54.8900,54.9090,54.8900,54.9090,1279
144,54.9000,54.9100,54.9000,54.9050,4098
145,54.9000,54.9010,54.8900,54.9000,2100
146,54.8900,54.9000,54.8900,54.8900,1500
147,54.8800,54.8800,54.8800,54.8800,400
148,54.8900,54.8910,54.8900,54.8910,1400
149,54.9000,54.9300,54.9000,54.9300,1600
150,54.9300,54.9400,54.9300,54.9400,2357
151,54.9400,54.9400,54.9400,54.9400,200
152,54.9400,54.9400,54.9400,54.9400,112
153,54.9600,54.9600,54.9500,54.9500,708
154,54.9500,54.9550,54.9500,54.9550,1600
155,54.9600,54.9700,54.9550,54.9600,5088
156,54.9700,54.9900,54.9650,54.9800,5988
157,54.9800,54.9800,54.9600,54.9600,1833
158,54.9600,54.9700,54.9600,54.9600,700
159,54.9500,54.9500,54.9500,54.9500,100
160,54.9500,54.9500,54.8800,54.9000,3400
161,54.9100,54.9100,54.8800,54.8800,698
162,54.9100,54.9100,54.9000,54.9100,600
163,54.9000,54.9100,54.9000,54.9100,2300
164,54.9100,54.9100,54.9100,54.9100,600
165,54.9100,54.9200,54.9100,54.9200,1500
166,54.9256,54.9256,54.9200,54.9249,2256
167,54.9200,54.9300,54.9200,54.9200,700
168,54.9200,54.9300,54.9100,54.9100,2796
169,54.9100,54.9300,54.9100,54.9300,3900
170,54.9350,54.9400,54.9300,54.9350,2200
171,54.9350,54.9350,54.9350,54.9350,100
172,54.9350,54.9350,54.9300,54.9300,200
173,54.9400,54.9500,54.9400,54.9500,1876
174,54.9500,54.9590,54.9500,54.9590,560
175,54.9600,54.9800,54.9600,54.9800,1600
176,54.9800,55.0000,54.9800,54.9950,3100
177,54.9900,54.9950,54.9900,54.9950,200
178,54.9950,54.9950,54.9739,54.9800,8018
179,54.9800,55.0270,54.9800,55.0270,5332
182,55.0100,55.0100,55.0100,55.0100,100
183,55.0100,55.0100,55.0100,55.0100,200
184,55.0200,55.0200,54.9800,54.9800,7200
185,54.9700,54.9799,54.9700,54.9700,534
186,54.9700,54.9700,54.9700,54.9700,1342
187,54.9749,54.9749,54.9700,54.9700,226
188,54.9700,54.9900,54.9700,54.9900,3400
189,54.9900,55.0000,54.9900,54.9900,3500
190,54.9900,54.9900,54.9800,54.9800,800
191,54.9900,54.9900,54.9800,54.9800,2400
192,54.9800,54.9800,54.9700,54.9700,600
193,54.9500,54.9500,54.9400,54.9500,2200
194,54.9400,54.9400,54.9300,54.9300,700
195,54.9300,54.9400,54.9270,54.9400,3100
196,54.9399,54.9500,54.9399,54.9500,2801
197,54.9600,54.9600,54.9500,54.9500,1066
198,54.9500,54.9600,54.9467,54.9467,2150
199,54.9500,54.9500,54.9500,54.9500,100
200,54.9600,54.9700,54.9550,54.9600,2073
201,54.9600,54.9700,54.9400,54.9400,5494
203,54.9499,54.9499,54.9499,54.9499,105
204,54.9500,54.9700,54.9500,54.9700,1300
205,54.9800,54.9800,54.9700,54.9800,525
206,54.9700,54.9700,54.9600,54.9600,2536
207,54.9600,54.9900,54.9600,54.9900,5105
208,54.9839,54.9900,54.9800,54.9900,1542
209,54.9900,54.9900,54.9850,54.9875,1300
210,55.0000,55.0000,54.9950,55.0000,500
211,55.0000,55.0000,54.9900,54.9900,4493
212,54.9800,54.9800,54.9800,54.9800,100
213,54.9800,55.0000,54.9800,55.0000,498
214,54.9869,54.9869,54.9869,54.9869,334
215,54.9944,55.0200,54.9944,55.0100,2446
216,55.0200,55.0200,55.0200,55.0200,125
217,55.0100,55.0200,55.0000,55.0200,3940
218,55.0100,55.0100,55.0100,55.0100,400
219,55.0100,55.0199,55.0099,55.0099,2100
220,55.0000,55.0100,55.0000,55.0050,2400
222,54.9900,54.9900,54.9900,54.9900,300
223,55.0000,55.0200,55.0000,55.0150,4850
224,55.0150,55.0300,55.0150,55.0200,1125
226,55.0200,55.0300,55.0100,55.0100,6168
228,55.0100,55.0100,55.0100,55.0100,100
229,55.0100,55.0200,55.0100,55.0200,4160
230,55.0100,55.0100,54.9999,55.0000,2000
231,55.0100,55.0100,54.9900,54.9900,3007
232,55.0000,55.0150,54.9950,55.0100,4363
233,55.0138,55.0138,55.0100,55.0138,600
234,55.0200,55.0300,55.0200,55.0300,1000
235,55.0400,55.0500,55.0399,55.0500,3713
236,55.0500,55.0600,55.0500,55.0600,4641
237,55.0600,55.0700,55.0600,55.0600,2372
238,55.0600,55.0700,55.0600,55.0600,400
239,55.0700,55.0800,55.0700,55.0750,1450
240,55.0767,55.0767,55.0700,55.0700,1718
241,55.0700,55.0750,55.0700,55.0750,2117
242,55.0700,55.0700,55.0200,55.0200,6210
243,55.0000,55.0078,55.0000,55.0078,550
244,55.0000,55.0001,55.0000,55.0000,300
245,55.0000,55.0000,55.0000,55.0000,100
246,54.9900,54.9999,54.9900,54.9900,1000
247,54.9900,55.0150,54.9900,55.0150,3248
248,55.0149,55.0149,55.0101,55.0149,1613
249,55.0101,55.0200,55.0100,55.0100,5276
250,55.0100,55.0300,55.0100,55.0200,4600
251,55.0300,55.0300,55.0200,55.0200,2628
252,55.0200,55.0300,55.0200,55.0300,1200
253,55.0249,55.0249,55.0249,55.0249,100
254,55.0249,55.0400,55.0249,55.0300,1650
255,55.0349,55.0400,55.0349,55.0400,650
256,55.0500,55.0500,55.0475,55.0475,1800
257,55.0400,55.0449,55.0400,55.0449,3707
258,55.0400,55.0400,55.0299,55.0400,4318
259,55.0449,55.0449,55.0400,55.0400,2700
260,55.0400,55.0453,55.0400,55.0400,1300
261,55.0400,55.0400,55.0400,55.0400,700
262,55.0400,55.0502,55.0400,55.0500,6052
263,55.0500,55.0500,55.0400,55.0500,2707
264,55.0500,55.0500,55.0500,55.0500,1750
265,55.0600,55.0600,55.0500,55.0500,1100
266,55.0500,55.0500,55.0499,55.0500,5298
267,55.0500,55.0549,55.0499,55.0499,1320
268,55.0500,55.0500,55.0200,55.0300,3675
269,55.0200,55.0275,55.0200,55.0275,1046
270,55.0200,55.0249,55.0200,55.0200,950
271,55.0300,55.0300,55.0300,55.0300,2495
272,55.0300,55.0300,55.0299,55.0299,1636
273,55.0375,55.0500,55.0350,55.0500,3200
274,55.0600,55.0600,55.0400,55.0400,4400
275,55.0500,55.0500,55.0299,55.0299,3184
276,55.0199,55.0199,54.9900,54.9900,1050
277,54.9900,55.0000,54.9900,55.0000,3413
278,55.0100,55.0100,55.0100,55.0100,200
279,55.0100,55.0100,55.0050,55.0100,2300
280,55.0100,55.0200,54.9900,54.9900,4300
281,55.0000,55.0100,55.0000,55.0000,900
282,54.9998,54.9998,54.9998,54.9998,250
283,54.9900,54.9999,54.9900,54.9900,5270
284,54.9900,54.9970,54.9800,54.9800,750
285,54.9800,55.0000,54.9800,54.9900,2000
286,54.9800,54.9800,54.9800,54.9800,1295
287,54.9800,55.0050,54.9800,55.0001,5267
288,55.0100,55.0200,55.0100,55.0200,866
289,55.0200,55.0300,55.0200,55.0300,4696
290,55.0400,55.0400,55.0200,55.0200,2128
291,55.0300,55.0300,55.0200,55.0200,1800
292,55.0200,55.0200,55.0200,55.0200,300
293,55.0300,55.0500,55.0300,55.0400,6325
294,55.0300,55.0399,55.0300,55.0301,1615
295,55.0299,55.0300,55.0200,55.0200,900
296,55.0400,55.0500,55.0300,55.0300,4502
297,55.0200,55.0200,55.0200,55.0200,500
298,55.0200,55.0200,55.0150,55.0150,500
299,55.0200,55.0200,55.0200,55.0200,600
300,55.0200,55.0200,55.0200,55.0200,427
301,55.0200,55.0300,54.9999,54.9999,6600
302,55.0100,55.0100,54.9700,54.9900,2782
303,54.9600,54.9600,54.9600,54.9600,200
304,54.9600,54.9700,54.9500,54.9700,2894
305,54.9600,54.9700,54.9400,54.9500,4026
306,54.9500,54.9500,54.9300,54.9300,2359
307,54.9500,54.9500,54.9300,54.9400,1800
308,54.9350,54.9350,54.9350,54.9350,300
309,54.9400,54.9700,54.9400,54.9700,4102
310,54.9750,54.9900,54.9750,54.9800,2431
311,54.9700,54.9800,54.9600,54.9800,2475
312,54.9800,54.9800,54.9800,54.9800,100
313,54.9800,54.9850,54.9800,54.9800,5350
314,54.9800,54.9800,54.9700,54.9700,3241
315,54.9657,54.9657,54.9600,54.9600,876
316,54.9700,54.9700,54.9700,54.9700,2100
317,54.9700,54.9800,54.9700,54.9800,1908
318,54.9609,54.9799,54.9609,54.9799,353
319,54.9600,55.0200,54.9600,55.0200,3039
320,55.0200,55.0200,55.0100,55.0100,3000
321,55.0150,55.0200,55.0000,55.0200,2400
322,55.0132,55.0132,55.0132,55.0132,108
323,55.0200,55.0300,55.0200,55.0300,1345
324,55.0200,55.0300,55.0200,55.0300,1578
325,55.0400,55.0400,55.0300,55.0300,5637
326,55.0300,55.0366,55.0297,55.0300,6295
327,55.0400,55.0500,55.0400,55.0400,5352
328,55.0200,55.0200,54.9800,54.9801,1846
329,55.0100,55.0100,55.0100,55.0100,1100
330,54.9900,55.0000,54.9800,55.0000,2900
331,54.9950,54.9950,54.9600,54.9600,5374
332,54.9700,54.9700,54.9600,54.9700,1468
333,54.9700,54.9900,54.9700,54.9900,5723
334,54.9900,54.9900,54.9857,54.9857,1287
335,54.9800,54.9800,54.9800,54.9800,3440
336,54.9800,54.9900,54.9700,54.9850,1800
337,54.9900,54.9900,54.9850,54.9900,3243
338,54.9800,54.9900,54.9700,54.9700,5115
339,54.9700,54.9700,54.9700,54.9700,200
340,54.9800,54.9800,54.9750,54.9800,7622
341,54.9800,54.9800,54.9700,54.9700,2507
342,54.9750,54.9900,54.9750,54.9800,2110
343,54.9850,54.9850,54.9600,54.9600,4255
344,54.9600,54.9600,54.9400,54.9500,3700
345,54.9400,54.9400,54.9050,54.9050,4414
346,54.9100,54.9100,54.8900,54.9050,3365
347,54.9100,54.9100,54.9000,54.9100,2860
348,54.9000,54.9100,54.8900,54.8900,4844
349,54.8800,54.8800,54.8600,54.8600,2945
350,54.8600,54.8700,54.8600,54.8650,2000
351,54.8743,54.9000,54.8743,54.9000,1026
352,54.8900,54.8901,54.8900,54.8900,6481
353,54.8900,54.8900,54.8800,54.8800,4500
354,54.8800,54.8800,54.8701,54.8701,200
355,54.8800,54.8800,54.8700,54.8800,6800
356,54.8700,54.8800,54.8600,54.8600,3300
357,54.8700,54.8700,54.8550,54.8700,1900
358,54.8700,54.8800,54.8650,54.8800,4752
359,54.8800,54.8800,54.8700,54.8800,4400
360,54.8700,54.9000,54.8700,54.9000,7121
361,54.9100,54.9200,54.8900,54.8900,7300
362,54.9000,54.9000,54.8900,54.8900,2600
363,54.8950,54.8950,54.8900,54.8900,2500
364,54.8950,54.9000,54.8950,54.8950,700
365,54.8900,54.9100,54.8900,54.9000,9662
366,54.9100,54.9500,54.9100,54.9500,4003
367,54.9500,54.9500,54.9400,54.9400,4854
368,54.9400,54.9450,54.9400,54.9400,6715
369,54.9300,54.9300,54.9100,54.9150,1404
370,54.9150,54.9200,54.9150,54.9200,3900
371,54.9200,54.9250,54.8600,54.8697,12604
372,54.8700,54.8800,54.8700,54.8800,2200
373,54.8700,54.8800,54.8700,54.8800,6350
374,54.8800,54.9000,54.8750,54.9000,4178
375,54.9100,54.9100,54.9000,54.9000,10028
376,54.9050,54.9050,54.8900,54.8900,2370
377,54.8900,54.9000,54.8900,54.9000,5055
378,54.8900,54.8950,54.8850,54.8900,7411
379,54.8950,54.9000,54.8900,54.8900,2553
380,54.8800,54.8800,54.8100,54.8200,10453
381,54.8100,54.8400,54.8100,54.8150,9946
382,54.8100,54.8200,54.7900,54.8000,8430
383,54.7950,54.7999,54.7700,54.7900,7286
384,54.7800,54.7900,54.7600,54.7600,5896
385,54.7650,54.7700,54.7400,54.7500,9486
386,54.7600,54.7600,54.7300,54.7300,16011
387,54.7400,54.7428,54.7300,54.7350,20742
388,54.7400,54.7450,54.7000,54.7100,9986
389,54.7050,54.7100,54.6900,54.7050,9136
390,54.7000,54.7100,54.6600,54.6700,275443