FMC,FMC Corporation,Materials,8,Fertilizers & Agricultural Chemicals,10204027642,1356576
a149927220039,76.3300,76.3300,76.3300,76.3300,700
340,76.3400,76.3400,76.3250,76.3300,2268
341,76.3300,76.3400,76.3250,76.3325,800
342,76.3400,76.3400,76.3200,76.3200,2100
343,76.3100,76.3100,76.2813,76.2813,1344
344,76.2800,76.3200,76.2800,76.3200,3145
345,76.3300,76.3300,76.3100,76.3250,2306
346,76.3300,76.3300,76.3000,76.3000,1000
347,76.3100,76.3200,76.3100,76.3150,800
348,76.3200,76.3250,76.2900,76.2900,2295
349,76.2900,76.2900,76.2825,76.2900,700
350,76.2900,76.3000,76.2900,76.2900,1400
351,76.2950,76.3500,76.2950,76.3500,1700
352,76.3600,76.3600,76.3400,76.3400,2000
353,76.3500,76.3500,76.3200,76.3200,2800
354,76.3300,76.3400,76.3300,76.3400,800
355,76.3300,76.3400,76.3100,76.3400,2600
356,76.3500,76.3500,76.3500,76.3500,900
357,76.3600,76.3700,76.3400,76.3600,2933
358,76.3500,76.3500,76.3400,76.3400,1850
359,76.3500,76.3600,76.3400,76.3400,1900
360,76.3400,76.3450,76.3300,76.3300,1400
361,76.3300,76.3550,76.3250,76.3250,3294
362,76.3200,76.3500,76.3199,76.3500,1800
363,76.3500,76.3500,76.3400,76.3400,2104
364,76.3450,76.3450,76.3400,76.3400,500
365,76.3300,76.3500,76.3300,76.3500,4000
366,76.3600,76.3700,76.3600,76.3700,3283
367,76.3800,76.3900,76.3800,76.3850,2645
368,76.3900,76.4300,76.3900,76.4300,2200
369,76.4300,76.4500,76.4250,76.4250,5199
370,76.4250,76.4300,76.4150,76.4300,3200
371,76.4300,76.4400,76.4300,76.4350,2135
372,76.4400,76.4400,76.4000,76.4000,4000
373,76.4000,76.4000,76.3800,76.3900,1600
374,76.4000,76.4000,76.3700,76.3700,3399
375,76.3600,76.3600,76.3400,76.3600,7319
376,76.3700,76.4200,76.3700,76.4100,6666
377,76.4100,76.4800,76.4100,76.4800,6649
378,76.4900,76.5000,76.4500,76.4700,8316
379,76.4800,76.4900,76.4600,76.4800,5600
380,76.4765,76.4900,76.4600,76.4900,6192
381,76.5000,76.5150,76.4600,76.4850,8400
382,76.4850,76.5300,76.4850,76.5300,3918
383,76.5300,76.5600,76.5250,76.5350,7695
384,76.5300,76.5500,76.5000,76.5300,9100
385,76.5300,76.5400,76.5000,76.5000,10499
386,76.5000,76.5200,76.4950,76.5200,10893
387,76.5300,76.5500,76.4900,76.5100,11590
388,76.5100,76.5400,76.5000,76.5100,10252
389,76.5150,76.5150,76.4700,76.4800,11549
390,76.4800,76.4900,76.4500,76.4700,27805
3,76.1300,76.3700,76.1300,76.2592,6689
4,76.3400,76.3400,76.2700,76.2700,500
5,76.3000,76.3200,76.2800,76.3200,300
6,76.3600,76.3800,76.2600,76.3300,2200
7,76.3300,76.3480,76.3200,76.3480,400
8,76.3900,76.3900,76.3400,76.3600,652
9,76.3400,76.3400,76.2100,76.2100,757
10,76.2900,76.5900,76.2800,76.4800,3200
11,76.4000,76.4000,76.4000,76.4000,207
13,76.3600,76.4400,76.2800,76.3800,2300
14,76.3584,76.3584,76.3584,76.3584,300
15,76.4100,76.4500,76.3800,76.3800,1200
16,76.3600,76.4400,76.3600,76.4400,500
17,76.3800,76.3800,76.2900,76.3200,1101
18,76.3699,76.3699,76.2900,76.3050,2450
19,76.3000,76.3150,76.3000,76.3000,1324
20,76.3000,76.3000,76.2900,76.2900,700
21,76.2500,76.2900,76.2500,76.2900,363
22,76.2500,76.2500,76.2500,76.2500,361
24,76.2500,76.2800,76.2500,76.2800,500
25,76.3000,76.3200,76.2900,76.2900,1451
26,76.3000,76.3000,76.2300,76.2300,1224
27,76.2300,76.2300,76.1900,76.2000,750
28,76.2700,76.3200,76.2700,76.3100,1251
29,76.2903,76.2903,76.2700,76.2700,574
30,76.2300,76.2656,76.2300,76.2656,2506
31,76.2300,76.3000,76.2300,76.3000,300
32,76.3050,76.3200,76.2800,76.2800,2067
33,76.3000,76.3200,76.2900,76.3000,901
34,76.2700,76.2700,76.2700,76.2700,106
35,76.2800,76.2800,76.2800,76.2800,100
36,76.2500,76.2500,76.2500,76.2500,200
37,76.2000,76.2000,76.1700,76.1700,200
39,76.2500,76.2900,76.2300,76.2300,2350
41,76.2200,76.2400,76.2200,76.2400,200
42,76.1700,76.1700,76.1200,76.1200,500
43,76.1690,76.1690,76.1200,76.1200,700
44,76.1200,76.1200,76.0700,76.0700,700
45,76.1100,76.1900,76.1100,76.1700,700
47,76.2100,76.2300,76.2000,76.2000,1052
50,76.1600,76.1600,76.1300,76.1300,202
51,76.1000,76.1000,76.1000,76.1000,100
52,76.1200,76.1400,76.1200,76.1200,603
53,76.1700,76.1800,76.1700,76.1800,990
54,76.1380,76.1380,76.1380,76.1380,190
57,76.2000,76.2600,76.2000,76.2600,402
58,76.2700,76.2700,76.2100,76.2100,1500
60,76.2100,76.2100,76.1900,76.1900,300
61,76.1800,76.2525,76.1700,76.2300,1400
64,76.2800,76.2800,76.2540,76.2540,600
65,76.2700,76.2700,76.2700,76.2700,500
66,76.3025,76.3200,76.2900,76.2900,1200
67,76.2800,76.2800,76.2700,76.2800,300
68,76.2600,76.2600,76.2300,76.2500,900
69,76.2400,76.2500,76.2400,76.2500,200
70,76.2500,76.2600,76.2500,76.2600,705
71,76.2800,76.2800,76.2800,76.2800,100
72,76.3000,76.3000,76.2900,76.2900,400
73,76.3300,76.3300,76.2900,76.2900,1300
74,76.3100,76.3100,76.3100,76.3100,300
75,76.2900,76.3100,76.2900,76.3000,700
76,76.3325,76.3325,76.3325,76.3325,100
77,76.3000,76.3200,76.2500,76.3000,700
78,76.3100,76.3200,76.2900,76.2900,300
80,76.3500,76.3500,76.3400,76.3400,600
81,76.3300,76.3300,76.3000,76.3000,700
82,76.2850,76.2850,76.2850,76.2850,100
83,76.2900,76.2900,76.2400,76.2500,915
84,76.2600,76.2700,76.2600,76.2600,800
86,76.2900,76.3000,76.2900,76.3000,1000
88,76.3280,76.3280,76.3280,76.3280,108
89,76.3400,76.3500,76.3300,76.3500,800
90,76.3500,76.3500,76.3500,76.3500,100
91,76.3600,76.4200,76.3300,76.4000,5235
92,76.4100,76.4100,76.3600,76.3600,1082
93,76.3500,76.3500,76.3500,76.3500,100
94,76.3800,76.3900,76.3300,76.3300,1500
95,76.3200,76.3200,76.2500,76.3100,701
96,76.2800,76.3000,76.2400,76.2500,1900
97,76.2100,76.3100,76.2100,76.3100,1000
98,76.3100,76.3100,76.2975,76.3100,300
100,76.2980,76.2980,76.2800,76.2800,350
101,76.2800,76.3100,76.2300,76.3099,2384
102,76.2800,76.2800,76.2700,76.2800,1900
103,76.2800,76.2800,76.2400,76.2400,4376
104,76.2300,76.2350,76.1800,76.2200,1467
105,76.2000,76.2000,76.1900,76.2000,1590
106,76.1900,76.1900,76.1800,76.1800,2300
107,76.2000,76.2300,76.2000,76.2300,2077
108,76.2000,76.2000,76.1800,76.2000,600
109,76.1900,76.2400,76.1700,76.2150,1100
110,76.2000,76.2100,76.1800,76.1800,1300
111,76.1800,76.1800,76.1700,76.1700,200
112,76.1800,76.1900,76.1700,76.1900,400
115,76.2100,76.2100,76.1300,76.1420,1127
116,76.1300,76.1400,76.1300,76.1400,1436
117,76.1600,76.1600,76.1600,76.1600,100
118,76.1500,76.1725,76.1500,76.1500,400
119,76.1500,76.1541,76.1000,76.1000,800
120,76.0700,76.1248,76.0700,76.1000,900
121,76.1300,76.1500,76.1300,76.1500,500
122,76.1600,76.1700,76.1600,76.1700,600
123,76.1800,76.1800,76.1800,76.1800,400
124,76.2000,76.2000,76.1800,76.1800,500
125,76.1800,76.1800,76.1500,76.1800,1400
126,76.1600,76.1600,76.1600,76.1600,100
127,76.1300,76.1300,76.1000,76.1000,550
129,76.0700,76.0700,76.0700,76.0700,500
131,76.1100,76.1100,76.0600,76.0600,900
132,76.0800,76.0800,76.0800,76.0800,100
133,76.1100,76.1100,76.0900,76.0900,200
134,76.0600,76.1100,76.0600,76.1100,200
135,76.0600,76.0800,76.0600,76.0600,300
136,76.0591,76.0600,76.0591,76.0600,798
137,76.0300,76.0500,76.0100,76.0300,1100
138,76.0500,76.0500,76.0500,76.0500,100
139,76.0200,76.0300,76.0100,76.0200,1100
140,76.0300,76.0300,76.0300,76.0300,200
141,76.0200,76.0200,76.0000,76.0000,500
142,75.9700,75.9800,75.9500,75.9500,1550
143,75.9300,75.9300,75.9300,75.9300,100
144,75.9300,75.9500,75.9000,75.9400,900
145,75.9700,75.9900,75.9500,75.9800,900
146,75.9600,75.9600,75.9600,75.9600,100
147,75.9900,76.0700,75.9900,76.0500,1100
148,76.0630,76.0630,76.0500,76.0500,449
149,76.0400,76.0400,76.0000,76.0300,700
150,76.0400,76.0700,76.0400,76.0700,1311
151,76.0400,76.0400,76.0400,76.0400,100
152,76.0400,76.0800,76.0300,76.0800,500
153,76.0700,76.0800,76.0700,76.0800,200
154,76.0900,76.1000,76.0900,76.0900,500
155,76.0900,76.1500,76.0900,76.1100,1150
156,76.1100,76.1100,76.1100,76.1100,100
157,76.1000,76.1100,76.0500,76.0700,1350
158,76.0200,76.0200,76.0200,76.0200,200
159,76.0000,76.0000,76.0000,76.0000,100
160,76.0000,76.0200,76.0000,76.0199,300
161,75.9700,75.9700,75.9300,75.9300,200
162,75.9720,75.9720,75.9720,75.9720,150
163,75.9500,75.9500,75.9500,75.9500,100
164,75.9600,76.0000,75.9500,75.9800,1500
166,75.9900,75.9900,75.9900,75.9900,100
169,75.9900,76.0800,75.9900,76.0800,1800
170,76.0700,76.1400,76.0700,76.1400,5200
171,76.1350,76.1500,76.1275,76.1475,1800
172,76.1600,76.1600,76.1600,76.1600,400
173,76.1700,76.1800,76.1700,76.1800,200
174,76.1800,76.1800,76.1800,76.1800,200
175,76.1900,76.1900,76.1900,76.1900,327
176,76.1950,76.1950,76.1950,76.1950,300
177,76.2000,76.2050,76.1450,76.1450,3700
178,76.1700,76.1700,76.1300,76.1300,1000
180,76.1900,76.2125,76.1200,76.1200,2375
181,76.1200,76.1900,76.1200,76.1900,600
184,76.1704,76.1704,76.1704,76.1704,100
186,76.1700,76.1700,76.1700,76.1700,100
188,76.2000,76.2100,76.1900,76.1900,1479
189,76.1900,76.1900,76.1500,76.1500,500
192,76.1200,76.1500,76.1200,76.1500,200
193,76.1538,76.1538,76.1538,76.1538,200
194,76.1500,76.1500,76.1500,76.1500,100
196,76.2100,76.2100,76.2000,76.2000,200
198,76.1700,76.1700,76.1500,76.1500,600
200,76.1800,76.2100,76.1800,76.2100,1000
201,76.1900,76.2000,76.1400,76.1400,1200
202,76.1400,76.1400,76.1400,76.1400,100
203,76.1200,76.1200,76.1200,76.1200,300
204,76.1600,76.1800,76.1500,76.1800,600
205,76.1900,76.1900,76.1800,76.1800,300
206,76.1750,76.1750,76.1750,76.1750,100
208,76.2100,76.2100,76.2100,76.2100,100
209,76.2000,76.2300,76.2000,76.2300,450
210,76.2100,76.2100,76.2050,76.2050,400
212,76.2200,76.2600,76.2200,76.2500,1500
213,76.2600,76.2700,76.2600,76.2700,400
214,76.3000,76.3000,76.3000,76.3000,100
215,76.2600,76.2600,76.2500,76.2500,800
216,76.2600,76.2700,76.2400,76.2700,500
217,76.2900,76.2900,76.2400,76.2400,600
218,76.2600,76.3100,76.2600,76.3100,500
220,76.2600,76.2600,76.2600,76.2600,100
221,76.2600,76.2600,76.2600,76.2600,100
222,76.2500,76.2500,76.2500,76.2500,200
223,76.2300,76.2300,76.2300,76.2300,200
225,76.2331,76.2331,76.2331,76.2331,137
226,76.2250,76.2250,76.2000,76.2000,300
227,76.1900,76.2050,76.1600,76.1600,608
228,76.1600,76.1600,76.1600,76.1600,100
229,76.2100,76.2200,76.2000,76.2150,1214
231,76.1900,76.1900,76.1600,76.1600,720
232,76.1100,76.1300,76.1100,76.1300,200
233,76.1800,76.2073,76.1700,76.2073,600
234,76.2000,76.2120,76.1700,76.2100,800
235,76.2000,76.2000,76.1900,76.1900,400
236,76.2100,76.2100,76.1900,76.2000,400
237,76.2200,76.2200,76.1900,76.1900,2546
239,76.2150,76.2150,76.1800,76.1800,1209
240,76.1700,76.1700,76.1679,76.1679,223
241,76.1600,76.1600,76.1600,76.1600,100
242,76.1300,76.1300,76.0900,76.0900,800
244,76.1200,76.1200,76.0900,76.0900,200
245,76.0900,76.0900,76.0900,76.0900,300
246,76.1000,76.1000,76.1000,76.1000,200
247,76.1400,76.1567,76.1400,76.1500,900
248,76.1400,76.1400,76.1300,76.1300,600
250,76.1300,76.1500,76.1300,76.1500,479
251,76.1399,76.1399,76.0800,76.0800,930
252,76.0500,76.0500,76.0500,76.0500,100
253,76.0300,76.0300,76.0300,76.0300,100
254,76.0300,76.0300,76.0300,76.0300,100
255,76.0300,76.0300,76.0100,76.0300,697
256,76.0600,76.0600,76.0600,76.0600,100
257,76.0600,76.0800,76.0600,76.0700,936
258,76.0700,76.0700,76.0000,76.0200,12059
259,76.0000,76.0200,75.9500,75.9700,1850
260,76.0000,76.0000,75.9700,75.9900,500
261,76.0100,76.0200,76.0100,76.0200,500
263,76.0300,76.0300,76.0200,76.0200,200
264,76.0100,76.0100,76.0100,76.0100,200
265,76.0000,76.0000,75.9600,75.9600,300
266,75.9500,75.9500,75.9500,75.9500,200
267,75.9600,75.9600,75.9203,75.9203,1787
268,75.9200,75.9200,75.9200,75.9200,100
269,75.9400,75.9600,75.9300,75.9508,2485
270,75.9100,75.9100,75.9100,75.9100,300
272,75.9500,75.9500,75.9500,75.9500,100
273,75.9600,75.9700,75.8900,75.8900,3322
274,75.9200,75.9200,75.8500,75.8500,1294
275,75.8900,75.8900,75.8900,75.8900,100
276,75.8700,75.8700,75.8300,75.8300,900
277,75.8300,75.8300,75.8300,75.8300,200
278,75.8200,75.8200,75.7700,75.7700,2450
279,75.7900,75.7900,75.7500,75.7500,700
280,75.7800,75.7800,75.7400,75.7800,1984
281,75.7800,75.8000,75.7650,75.7700,1000
282,75.7500,75.7500,75.7400,75.7400,300
283,75.7400,75.7400,75.7400,75.7400,400
284,75.7500,75.7600,75.7300,75.7580,900
286,75.7590,75.7590,75.7590,75.7590,100
287,75.7547,75.7598,75.7450,75.7500,622
288,75.7700,75.7800,75.7700,75.7800,500
289,75.8000,75.8200,75.7500,75.7500,1540
290,75.7500,75.7900,75.7500,75.7900,700
291,75.7900,75.8200,75.7700,75.8200,1544
292,75.8300,75.8500,75.8000,75.8500,700
293,75.8800,75.9000,75.8800,75.9000,520
294,75.8900,75.8900,75.8900,75.8900,300
295,75.9000,75.9700,75.9000,75.9400,1551
296,75.9800,76.0000,75.9566,76.0000,1953
297,76.0000,76.0000,76.0000,76.0000,400
298,76.0000,76.0300,76.0000,76.0300,500
299,76.0132,76.0500,76.0132,76.0500,1512
300,76.0700,76.0700,76.0700,76.0700,508
301,76.0700,76.0700,76.0300,76.0300,700
303,76.0500,76.0600,76.0500,76.0600,300
304,76.0500,76.0500,76.0200,76.0400,600
305,76.0200,76.0600,76.0000,76.0600,2191
306,76.0400,76.0500,76.0300,76.0500,400
307,76.0900,76.0900,76.0900,76.0900,200
308,76.0900,76.0900,76.0800,76.0800,200
310,76.1500,76.1500,76.1500,76.1500,100
311,76.1600,76.1700,76.1600,76.1700,300
312,76.1300,76.1400,76.1100,76.1300,1500
313,76.0900,76.0900,76.0900,76.0900,200
314,76.1200,76.1300,76.0900,76.1100,2121
315,76.0800,76.0800,76.0550,76.0700,520
316,76.0500,76.0650,76.0500,76.0500,501
318,76.0600,76.0600,76.0300,76.0300,500
319,76.0300,76.0300,76.0100,76.0100,200
320,76.0200,76.0300,76.0150,76.0150,900
321,76.0150,76.0400,76.0150,76.0400,500
322,76.0600,76.0600,76.0300,76.0300,936
323,76.0200,76.0300,76.0100,76.0300,900
324,76.0328,76.0328,76.0100,76.0100,437
325,76.0300,76.0300,75.9900,75.9900,1065
326,75.9952,76.0000,75.9800,75.9900,547
327,76.0100,76.0100,76.0100,76.0100,187
328,76.0100,76.0100,75.9600,75.9800,923
329,75.9900,75.9900,75.9600,75.9600,276
330,75.9800,75.9800,75.9200,75.9200,500
331,75.9240,75.9800,75.9240,75.9700,698
332,75.9501,75.9900,75.9500,75.9900,3192
333,75.9800,76.0000,75.9700,76.0000,1708
334,76.0000,76.0000,75.9600,75.9825,300
335,75.9600,75.9600,75.9600,75.9600,100
336,75.9600,75.9600,75.9500,75.9600,1126
337,75.9700,76.0000,75.9700,76.0000,1000
338,75.9800,75.9800,75.9300,75.9300,1800
340,75.9500,75.9700,75.9500,75.9680,650
341,75.9700,75.9700,75.9501,75.9700,1300
342,75.9500,75.9500,75.9500,75.9500,100
344,75.9600,75.9650,75.9500,75.9500,1400
345,75.9400,75.9400,75.9200,75.9200,800
346,75.9150,75.9200,75.9100,75.9100,559
347,75.9200,75.9400,75.9200,75.9400,2383
348,75.9300,75.9300,75.9100,75.9169,1244
349,75.9100,75.9100,75.9000,75.9000,463
350,75.9100,75.9100,75.9000,75.9050,900
351,75.9200,75.9214,75.9100,75.9200,1839
352,75.9300,75.9300,75.9100,75.9100,1900
353,75.9200,75.9200,75.9200,75.9200,100
354,75.9100,75.9100,75.8900,75.8910,993
355,75.8900,75.8900,75.8900,75.8900,550
356,75.9100,75.9200,75.9000,75.9200,500
358,75.9100,75.9500,75.9100,75.9500,2500
359,75.9600,75.9600,75.9400,75.9500,2498
360,75.9600,75.9800,75.9500,75.9800,800
361,75.9800,75.9900,75.9650,75.9700,2014
362,75.9650,76.0100,75.9650,76.0000,1611
363,76.0150,76.0150,75.9900,76.0000,814
364,76.0000,76.0200,76.0000,76.0150,1123
365,76.0100,76.0200,76.0050,76.0200,1953
366,76.0200,76.0200,76.0000,76.0000,2778
367,76.0100,76.0100,76.0000,76.0000,953
368,76.0000,76.0300,76.0000,76.0200,1746
369,76.0150,76.0199,76.0100,76.0100,1300
370,76.0200,76.0300,76.0200,76.0200,2656
371,76.0200,76.0300,76.0100,76.0300,1898
372,76.0200,76.0200,76.0000,76.0000,1732
373,76.0000,76.0000,75.9600,75.9600,1900
374,75.9700,75.9800,75.9700,75.9800,807
375,75.9800,75.9800,75.9600,75.9600,2643
376,75.9600,75.9600,75.9400,75.9500,2121
377,75.9500,75.9500,75.9200,75.9300,1643
378,75.9200,75.9300,75.8900,75.9300,3508
379,75.9200,75.9200,75.8900,75.9000,1400
380,75.9000,75.9100,75.8900,75.9100,1762
381,75.9100,75.9100,75.8900,75.9100,2464
382,75.9000,75.9000,75.8700,75.8700,1850
383,75.8750,75.9100,75.8700,75.9000,6961
384,75.9000,75.9000,75.8900,75.9000,3400
385,75.8900,75.8900,75.8800,75.8800,1100
386,75.8800,75.9000,75.8750,75.8800,3179
387,75.8800,75.8800,75.8400,75.8600,5341
388,75.8500,75.8500,75.8350,75.8350,3412
389,75.8350,75.8400,75.8000,75.8000,3056
390,75.8000,75.8200,75.8000,75.8100,5300