FOX,Twenty-First Century Fox Class B,Consumer Discretionary,1,Publishing,51113291247,3126768
a149927220075,27.5800,27.5800,27.5700,27.5750,14787
376,27.5750,27.5900,27.5700,27.5800,23049
377,27.5800,27.5900,27.5800,27.5900,12067
378,27.5950,27.6000,27.5850,27.5850,16305
379,27.5900,27.5900,27.5700,27.5700,6200
380,27.5700,27.6200,27.5600,27.6050,38749
381,27.6000,27.6100,27.5900,27.5950,21879
382,27.5950,27.6100,27.5900,27.6000,13974
383,27.6050,27.6200,27.6000,27.6050,20088
384,27.6000,27.6090,27.5950,27.6000,16491
385,27.6000,27.6050,27.5800,27.6000,18421
386,27.5900,27.6050,27.5900,27.6000,18457
387,27.6050,27.6100,27.5800,27.5900,23908
388,27.5950,27.5975,27.5800,27.5800,16091
389,27.5850,27.5900,27.5700,27.5800,56571
390,27.5750,27.6000,27.5700,27.6000,326358
0,27.6000,27.6000,27.6000,27.6000,16379
1,27.6000,27.6000,27.5000,27.5100,6638
2,27.5300,27.5300,27.5200,27.5200,200
3,27.5000,27.5100,27.4700,27.5000,5025
4,27.5050,27.5400,27.4900,27.5300,4468
5,27.5300,27.5400,27.5200,27.5300,3050
6,27.5150,27.5300,27.4700,27.4800,11292
7,27.4700,27.4700,27.3650,27.4000,23544
8,27.4100,27.4300,27.3400,27.3401,5669
9,27.3500,27.3500,27.2900,27.2900,5451
10,27.3000,27.3100,27.2500,27.2500,3604
11,27.2500,27.2700,27.2300,27.2301,5314
12,27.2300,27.2400,27.2200,27.2400,1900
13,27.2300,27.2400,27.2200,27.2200,3096
14,27.2100,27.2100,27.1900,27.1900,800
15,27.2000,27.2200,27.1900,27.2200,2100
16,27.2400,27.2500,27.2400,27.2500,1100
17,27.2400,27.2400,27.1800,27.1800,6487
18,27.1800,27.1800,27.1400,27.1500,7425
19,27.1600,27.1900,27.1600,27.1900,5008
20,27.1800,27.1800,27.1500,27.1700,3200
21,27.1700,27.1700,27.1400,27.1400,3736
22,27.1400,27.1400,27.1200,27.1300,1291
23,27.1200,27.1200,27.0700,27.1100,8225
24,27.1000,27.1050,27.1000,27.1000,1688
25,27.1100,27.1400,27.1100,27.1300,2500
26,27.1300,27.1300,27.1000,27.1200,4651
27,27.1200,27.1300,27.1100,27.1150,6731
28,27.1200,27.1400,27.1200,27.1400,5991
29,27.1400,27.1400,27.1400,27.1400,100
30,27.1400,27.1400,27.1100,27.1100,918
31,27.0900,27.1100,27.0800,27.1100,6559
32,27.1100,27.1300,27.1100,27.1300,400
33,27.1400,27.1600,27.1400,27.1500,9670
34,27.1500,27.1900,27.1500,27.1650,10892
35,27.1500,27.1900,27.1500,27.1900,5650
36,27.1800,27.1950,27.1800,27.1950,300
37,27.1900,27.1900,27.1800,27.1900,9839
38,27.1800,27.2400,27.1800,27.2400,5057
39,27.2400,27.2650,27.2400,27.2600,1600
40,27.2500,27.2500,27.2300,27.2400,2549
41,27.2500,27.2500,27.2500,27.2500,500
42,27.2500,27.2500,27.2400,27.2500,900
43,27.2500,27.2500,27.2500,27.2500,3000
44,27.2400,27.2400,27.2000,27.2000,5028
45,27.2000,27.2200,27.2000,27.2100,3200
46,27.2200,27.2200,27.2200,27.2200,100
47,27.2200,27.2300,27.2100,27.2100,12608
48,27.2000,27.2000,27.1800,27.1800,5003
49,27.1800,27.2000,27.1800,27.2000,2859
50,27.2000,27.2154,27.2000,27.2100,2300
51,27.2200,27.2200,27.1800,27.1800,2600
52,27.1900,27.2000,27.1850,27.2000,2037
53,27.2000,27.2100,27.1900,27.1900,5000
54,27.1800,27.1800,27.1700,27.1700,1533
55,27.1600,27.1850,27.1600,27.1850,2500
56,27.1800,27.1800,27.1700,27.1700,2800
57,27.1800,27.1800,27.1750,27.1800,1660
58,27.1800,27.2000,27.1750,27.1900,2600
59,27.2000,27.2000,27.1900,27.2000,2800
60,27.2100,27.2100,27.1900,27.1900,1200
61,27.1800,27.1800,27.1400,27.1400,6266
62,27.1500,27.1650,27.1500,27.1650,3232
63,27.1700,27.2000,27.1700,27.1800,4481
64,27.1700,27.1700,27.1650,27.1700,2219
65,27.1761,27.2000,27.1761,27.2000,2169
66,27.2000,27.2000,27.1900,27.2000,1651
67,27.1900,27.1900,27.1850,27.1850,1700
68,27.1800,27.1800,27.1500,27.1600,3469
69,27.1600,27.1800,27.1600,27.1800,3100
70,27.1800,27.1800,27.1600,27.1600,1611
71,27.1600,27.1600,27.1450,27.1500,1787
72,27.1500,27.1800,27.1500,27.1700,2700
73,27.1600,27.1600,27.1600,27.1600,200
74,27.1600,27.1650,27.1600,27.1650,600
75,27.1650,27.1700,27.1650,27.1700,1166
76,27.1700,27.1700,27.1550,27.1550,1900
77,27.1550,27.1650,27.1500,27.1600,3700
78,27.1700,27.1700,27.1650,27.1650,200
79,27.1600,27.1700,27.1600,27.1700,1500
80,27.1800,27.1800,27.1800,27.1800,300
81,27.1700,27.1700,27.1600,27.1600,4097
82,27.1600,27.1600,27.1550,27.1600,2339
83,27.1600,27.1700,27.1600,27.1650,667
84,27.1700,27.1750,27.1600,27.1600,3872
85,27.1561,27.1561,27.1561,27.1561,178
86,27.1500,27.1600,27.1500,27.1500,3105
87,27.1550,27.1600,27.1500,27.1500,1200
88,27.1500,27.1600,27.1450,27.1450,4254
89,27.1500,27.1500,27.1500,27.1500,1000
90,27.1400,27.1400,27.1300,27.1300,1400
91,27.1250,27.1250,27.1200,27.1200,1100
92,27.1200,27.1250,27.1200,27.1200,1400
93,27.1200,27.1300,27.1200,27.1250,1300
94,27.1200,27.1350,27.1200,27.1300,2300
95,27.1300,27.1400,27.1200,27.1400,3800
96,27.1500,27.1500,27.1400,27.1400,2300
97,27.1300,27.1300,27.1300,27.1300,300
98,27.1400,27.1400,27.1300,27.1300,300
99,27.1400,27.1600,27.1300,27.1400,4400
100,27.1400,27.1500,27.1400,27.1500,200
101,27.1500,27.1600,27.1500,27.1600,1200
102,27.1500,27.1500,27.1500,27.1500,400
103,27.1600,27.1700,27.1600,27.1600,900
104,27.1600,27.1600,27.1600,27.1600,900
105,27.1600,27.1800,27.1600,27.1800,2200
106,27.1700,27.1700,27.1700,27.1700,100
107,27.1800,27.1800,27.1800,27.1800,600
108,27.1800,27.2000,27.1800,27.2000,2613
109,27.1950,27.2000,27.1900,27.1900,1000
110,27.1900,27.1900,27.1850,27.1850,1300
112,27.1800,27.1850,27.1600,27.1600,1800
113,27.1600,27.1600,27.1500,27.1600,850
114,27.1500,27.1650,27.1500,27.1650,2836
115,27.1700,27.1800,27.1650,27.1800,1611
116,27.1800,27.1850,27.1800,27.1800,400
117,27.1900,27.2000,27.1800,27.1800,9810
119,27.1900,27.2000,27.1850,27.1900,7207
120,27.1900,27.1900,27.1800,27.1900,4150
121,27.1900,27.1900,27.1850,27.1900,400
122,27.2000,27.2000,27.2000,27.2000,5510
123,27.1900,27.1900,27.1850,27.1850,1900
124,27.1800,27.1800,27.1700,27.1700,1900
125,27.1600,27.1650,27.1600,27.1600,300
126,27.1700,27.1800,27.1650,27.1800,2300
127,27.1900,27.1900,27.1900,27.1900,300
128,27.1900,27.1900,27.1800,27.1800,2060
129,27.1800,27.2200,27.1800,27.2200,4447
130,27.2150,27.2200,27.2100,27.2100,2993
131,27.2100,27.2100,27.2000,27.2000,600
132,27.2100,27.2100,27.2100,27.2100,100
133,27.2050,27.2050,27.2000,27.2000,2000
134,27.2000,27.2200,27.2000,27.2200,2600
135,27.2300,27.2500,27.2250,27.2500,11184
136,27.2500,27.2500,27.2300,27.2300,700
137,27.2400,27.2400,27.2200,27.2200,400
138,27.2100,27.2200,27.2100,27.2200,3290
139,27.2200,27.2200,27.2200,27.2200,1500
140,27.2200,27.2200,27.2100,27.2100,1550
141,27.2150,27.2200,27.2100,27.2200,2865
142,27.2150,27.2200,27.2100,27.2100,1000
143,27.2100,27.2200,27.2100,27.2100,1100
144,27.2000,27.2200,27.2000,27.2200,1000
145,27.2200,27.2200,27.2200,27.2200,1000
146,27.2200,27.2400,27.2200,27.2400,1400
147,27.2400,27.2600,27.2400,27.2600,2000
148,27.2700,27.2800,27.2600,27.2650,4700
149,27.2700,27.2900,27.2700,27.2900,2403
150,27.3000,27.3200,27.3000,27.3000,4900
151,27.3000,27.3400,27.3000,27.3400,14198
152,27.3500,27.3700,27.3450,27.3700,27783
153,27.3700,27.3700,27.3500,27.3500,2133
154,27.3500,27.3600,27.3500,27.3600,900
155,27.3600,27.3900,27.3600,27.3600,6500
156,27.3500,27.3600,27.3500,27.3500,1300
157,27.3400,27.3400,27.3400,27.3400,1500
158,27.3300,27.3300,27.3200,27.3200,300
159,27.3000,27.3000,27.2800,27.2800,2673
160,27.2800,27.3000,27.2800,27.2800,3400
161,27.2800,27.3000,27.2800,27.3000,1700
162,27.3000,27.3000,27.3000,27.3000,600
163,27.2900,27.2900,27.2700,27.2700,800
164,27.2600,27.2800,27.2600,27.2800,3600
165,27.2900,27.2900,27.2850,27.2900,1200
166,27.2900,27.2900,27.2900,27.2900,200
167,27.2900,27.2900,27.2800,27.2850,11199
168,27.2800,27.2800,27.2600,27.2650,1300
169,27.2650,27.2650,27.2600,27.2600,200
170,27.2650,27.2650,27.2650,27.2650,100
171,27.2600,27.2700,27.2600,27.2600,700
172,27.2600,27.2600,27.2600,27.2600,300
173,27.2600,27.2753,27.2600,27.2747,2193
174,27.2700,27.2700,27.2650,27.2700,2000
175,27.2601,27.2601,27.2601,27.2601,100
176,27.2600,27.2600,27.2600,27.2600,800
177,27.2600,27.2600,27.2500,27.2500,1200
178,27.2500,27.2500,27.2300,27.2350,1300
180,27.2350,27.2500,27.2350,27.2350,5775
181,27.2350,27.2400,27.2350,27.2400,500
182,27.2400,27.2400,27.2400,27.2400,3300
183,27.2300,27.2300,27.2300,27.2300,2100
184,27.2300,27.2400,27.2300,27.2400,1700
185,27.2400,27.2400,27.2400,27.2400,500
186,27.2400,27.2500,27.2300,27.2500,2425
187,27.2500,27.2500,27.2500,27.2500,162
188,27.2600,27.2600,27.2600,27.2600,300
189,27.2700,27.2700,27.2700,27.2700,500
190,27.2800,27.2800,27.2800,27.2800,200
192,27.2700,27.2750,27.2650,27.2650,2274
193,27.2600,27.2600,27.2600,27.2600,942
195,27.2500,27.2550,27.2500,27.2500,692
196,27.2500,27.2600,27.2500,27.2600,2046
197,27.2700,27.2800,27.2700,27.2800,3765
198,27.2700,27.2700,27.2550,27.2550,2161
199,27.2550,27.2550,27.2550,27.2550,300
200,27.2600,27.2700,27.2600,27.2600,2328
201,27.2500,27.2600,27.2450,27.2450,2684
202,27.2450,27.2450,27.2450,27.2450,100
204,27.2500,27.2800,27.2500,27.2800,2900
205,27.2900,27.2900,27.2700,27.2700,6830
206,27.2600,27.2600,27.2600,27.2600,100
207,27.2650,27.2700,27.2650,27.2700,200
208,27.2600,27.2600,27.2600,27.2600,400
209,27.2600,27.2600,27.2500,27.2500,1052
210,27.2400,27.2400,27.2350,27.2400,4204
211,27.2400,27.2400,27.2400,27.2400,100
212,27.2400,27.2400,27.2400,27.2400,1638
213,27.2400,27.2600,27.2400,27.2600,3400
214,27.2600,27.2600,27.2500,27.2500,300
215,27.2500,27.2500,27.2400,27.2400,1300
216,27.2400,27.2500,27.2400,27.2500,900
217,27.2500,27.2500,27.2500,27.2500,1400
218,27.2600,27.2600,27.2600,27.2600,1500
219,27.2700,27.2700,27.2700,27.2700,900
220,27.2700,27.2800,27.2700,27.2750,500
221,27.2800,27.2800,27.2750,27.2750,1100
222,27.2800,27.2900,27.2750,27.2900,2331
223,27.2900,27.2900,27.2800,27.2800,1200
224,27.2800,27.3000,27.2700,27.3000,3412
225,27.3000,27.3000,27.3000,27.3000,800
226,27.3000,27.3000,27.2900,27.2900,824
227,27.2900,27.2900,27.2800,27.2800,1500
229,27.2700,27.2700,27.2700,27.2700,200
230,27.2600,27.2750,27.2600,27.2750,2909
231,27.2700,27.2700,27.2600,27.2600,610
232,27.2600,27.2800,27.2600,27.2800,1000
233,27.2700,27.2750,27.2700,27.2700,864
234,27.2600,27.2600,27.2600,27.2600,500
235,27.2600,27.2600,27.2600,27.2600,800
237,27.2650,27.2650,27.2600,27.2600,1240
238,27.2600,27.2600,27.2501,27.2501,400
239,27.2530,27.2530,27.2530,27.2530,161
240,27.2550,27.2600,27.2531,27.2531,456
241,27.2600,27.2700,27.2500,27.2500,4144
242,27.2500,27.2500,27.2300,27.2300,1223
243,27.2300,27.2300,27.2200,27.2250,700
244,27.2200,27.2300,27.2200,27.2250,900
245,27.2250,27.2300,27.2250,27.2300,300
246,27.2300,27.2700,27.2300,27.2700,3990
247,27.2700,27.2700,27.2700,27.2700,638
249,27.2700,27.2700,27.2600,27.2600,1684
250,27.2600,27.2650,27.2600,27.2650,400
251,27.2700,27.2700,27.2650,27.2700,800
252,27.2700,27.2900,27.2700,27.2900,1000
253,27.2900,27.2900,27.2800,27.2800,500
255,27.2800,27.2800,27.2800,27.2800,1000
256,27.2700,27.2800,27.2600,27.2700,10442
257,27.2700,27.2800,27.2700,27.2800,1981
260,27.2700,27.2750,27.2700,27.2750,300
261,27.2700,27.2800,27.2650,27.2800,8500
262,27.2800,27.2800,27.2800,27.2800,750
263,27.2900,27.3100,27.2900,27.3100,1600
264,27.3000,27.3000,27.3000,27.3000,1400
265,27.2900,27.2900,27.2900,27.2900,200
266,27.2900,27.2900,27.2800,27.2800,1800
267,27.2800,27.2850,27.2800,27.2850,1891
268,27.2900,27.3000,27.2900,27.3000,4100
269,27.2900,27.2900,27.2700,27.2800,1420
270,27.2750,27.2800,27.2750,27.2800,300
271,27.2800,27.2800,27.2800,27.2800,200
272,27.2800,27.2800,27.2700,27.2800,500
273,27.2800,27.2800,27.2750,27.2750,300
274,27.2700,27.2750,27.2700,27.2700,2294
276,27.2700,27.2700,27.2400,27.2400,6767
277,27.2400,27.2500,27.2350,27.2350,5081
278,27.2400,27.2400,27.2400,27.2400,500
279,27.2300,27.2350,27.2200,27.2200,1900
280,27.2100,27.2100,27.2050,27.2100,2900
281,27.2150,27.2250,27.2150,27.2200,1900
282,27.2100,27.2150,27.2000,27.2000,1011
283,27.2000,27.2150,27.2000,27.2100,2100
284,27.2100,27.2100,27.2000,27.2000,2802
286,27.1900,27.1950,27.1850,27.1900,2700
287,27.1850,27.1900,27.1800,27.1850,1268
288,27.1850,27.1850,27.1850,27.1850,100
289,27.1800,27.1850,27.1800,27.1800,600
290,27.1850,27.1900,27.1850,27.1850,2600
291,27.1850,27.1950,27.1800,27.1950,5552
292,27.1900,27.1950,27.1900,27.1950,400
293,27.2000,27.2200,27.1950,27.2150,5052
294,27.2100,27.2200,27.2050,27.2200,4110
295,27.2200,27.2200,27.2050,27.2100,3900
296,27.2050,27.2050,27.1900,27.1900,3388
297,27.1800,27.2000,27.1800,27.2000,2800
298,27.2050,27.2100,27.2050,27.2100,600
299,27.2100,27.2100,27.2000,27.2000,2210
300,27.2000,27.2000,27.2000,27.2000,100
301,27.2000,27.2000,27.1806,27.1850,1595
302,27.1900,27.2100,27.1900,27.2100,5127
303,27.2200,27.2200,27.2150,27.2150,900
304,27.2150,27.2150,27.2100,27.2100,200
305,27.2150,27.2150,27.2150,27.2150,100
306,27.2200,27.2200,27.2200,27.2200,100
307,27.2200,27.2200,27.2200,27.2200,200
308,27.2100,27.2150,27.2100,27.2150,2397
309,27.2100,27.2200,27.2100,27.2200,500
310,27.2200,27.2200,27.2150,27.2200,1000
311,27.2200,27.2200,27.2150,27.2150,200
312,27.2200,27.2300,27.2200,27.2250,2900
313,27.2200,27.2200,27.2200,27.2200,600
314,27.2200,27.2300,27.2150,27.2300,4981
315,27.2300,27.2300,27.2250,27.2300,4525
316,27.2400,27.2500,27.2300,27.2300,9900
317,27.2400,27.2500,27.2400,27.2500,7600
318,27.2438,27.2600,27.2438,27.2500,6671
319,27.2550,27.2800,27.2550,27.2700,10356
320,27.2700,27.2800,27.2650,27.2800,4706
321,27.2700,27.2800,27.2700,27.2800,5396
323,27.2700,27.2700,27.2700,27.2700,100
324,27.2700,27.3100,27.2650,27.3050,8510
325,27.3100,27.3100,27.2950,27.3000,4100
327,27.3050,27.3050,27.3000,27.3000,800
328,27.2900,27.2900,27.2900,27.2900,700
329,27.2900,27.2900,27.2850,27.2900,600
330,27.2900,27.2900,27.2900,27.2900,300
331,27.2800,27.3100,27.2800,27.3063,7634
332,27.3100,27.3300,27.3100,27.3300,8450
333,27.3200,27.3200,27.3100,27.3199,6600
334,27.3200,27.3200,27.3150,27.3150,4550
335,27.3100,27.3250,27.3100,27.3250,3100
336,27.3300,27.3500,27.3250,27.3400,3559
337,27.3477,27.3477,27.3350,27.3350,7050
338,27.3400,27.3400,27.3400,27.3400,600
339,27.3350,27.3400,27.3300,27.3300,2602
340,27.3250,27.3250,27.3200,27.3200,600
341,27.3250,27.3250,27.3200,27.3200,500
342,27.3200,27.3250,27.3200,27.3250,1300
343,27.3300,27.3300,27.3250,27.3264,883
344,27.3250,27.3450,27.3200,27.3400,9900
345,27.3400,27.3400,27.3350,27.3400,1400
346,27.3400,27.3400,27.3300,27.3300,6575
347,27.3300,27.3300,27.3200,27.3200,6297
348,27.3200,27.3200,27.3200,27.3200,1003
349,27.3200,27.3400,27.3000,27.3300,21555
350,27.3200,27.3200,27.3150,27.3200,600
351,27.3200,27.3200,27.3200,27.3200,5086
352,27.3150,27.3200,27.3150,27.3200,200
353,27.3199,27.3199,27.3199,27.3199,580
354,27.3100,27.3150,27.3100,27.3100,1100
356,27.3050,27.3200,27.3000,27.3050,8262
357,27.3000,27.3000,27.2900,27.3000,3301
358,27.3000,27.3000,27.2900,27.3000,700
359,27.2900,27.2900,27.2800,27.2850,2914
360,27.2800,27.3100,27.2800,27.3100,7960
361,27.3050,27.3200,27.3050,27.3050,4688
362,27.3100,27.3100,27.3000,27.3000,700
363,27.3000,27.3050,27.2900,27.3050,11564
364,27.3000,27.3000,27.3000,27.3000,200
365,27.3000,27.3050,27.2950,27.2950,2986
366,27.3000,27.3000,27.2900,27.3000,10500
367,27.2900,27.2950,27.2900,27.2900,1000
368,27.2900,27.3257,27.2900,27.3100,10398
369,27.3100,27.3100,27.2900,27.2900,2674
370,27.2900,27.3000,27.2900,27.3000,4100
371,27.2900,27.2950,27.2900,27.2900,1000
372,27.2900,27.2900,27.2700,27.2700,5000
373,27.2600,27.3000,27.2600,27.2900,13112
374,27.2900,27.3000,27.2900,27.2900,700
375,27.2900,27.2950,27.2900,27.2900,3400
376,27.2900,27.3000,27.2900,27.3000,4900
377,27.2900,27.2950,27.2900,27.2950,800
378,27.2900,27.2900,27.2850,27.2850,2664
379,27.2900,27.2900,27.2800,27.2850,1310
380,27.2800,27.2900,27.2800,27.2850,6597
381,27.2800,27.3000,27.2800,27.3000,7290
382,27.3000,27.3100,27.2950,27.3000,6835
383,27.2900,27.3000,27.2900,27.3000,4273
384,27.2950,27.3000,27.2900,27.3000,3861
385,27.2950,27.3000,27.2900,27.3000,5700
386,27.2950,27.3000,27.2900,27.3000,7489
387,27.2950,27.3200,27.2900,27.3150,47873
388,27.3150,27.3200,27.3100,27.3200,7222
389,27.3200,27.3400,27.3100,27.3250,53878
390,27.3250,27.3600,27.3250,27.3600,124381