HIG,Hartford Financial Svc.Gp.,Financials,4,Property & Casualty Insurance,18093094479,2459601
a149927220077,49.6050,49.6200,49.6050,49.6150,6006
378,49.6150,49.6200,49.6000,49.6100,14097
379,49.6200,49.6300,49.6100,49.6250,5733
380,49.6200,49.6300,49.5950,49.6100,23951
381,49.6100,49.6150,49.5800,49.5950,8157
382,49.5950,49.6100,49.5925,49.6100,4297
383,49.6050,49.6150,49.5925,49.6025,15576
384,49.6000,49.6000,49.5900,49.5900,7229
385,49.5950,49.6050,49.5900,49.6050,10031
386,49.6050,49.6300,49.6000,49.6300,20475
387,49.6350,49.6450,49.5900,49.5900,47609
388,49.5950,49.6100,49.5800,49.5950,30450
389,49.5900,49.5950,49.5500,49.5775,28004
390,49.5800,49.6300,49.5700,49.6200,147437
0,49.6000,49.6000,49.6000,49.6000,17378
1,49.6600,49.6600,49.6600,49.6600,100
2,49.5558,49.5558,49.5558,49.5558,300
3,49.5000,49.6000,49.5000,49.5900,300
4,49.5900,49.5900,49.5450,49.5800,2150
5,49.5800,49.5900,49.5300,49.5600,2000
6,49.5900,49.5900,49.5800,49.5800,700
7,49.5800,49.5800,49.5600,49.5600,2600
8,49.5900,49.6200,49.5900,49.6200,813
9,49.6200,49.6400,49.6100,49.6100,1400
10,49.6100,49.6400,49.5600,49.5600,5000
11,49.5700,49.5700,49.5200,49.5200,3310
12,49.5400,49.5400,49.5400,49.5400,300
13,49.5200,49.5300,49.5100,49.5300,1700
14,49.5400,49.5500,49.5350,49.5500,1762
15,49.5700,49.5800,49.5600,49.5800,2400
16,49.5900,49.5900,49.5601,49.5700,2200
17,49.5700,49.5700,49.5700,49.5700,242
18,49.5850,49.6150,49.5850,49.6100,2000
19,49.6150,49.6250,49.6150,49.6200,6590
20,49.6250,49.6300,49.6150,49.6150,8705
21,49.6300,49.6400,49.6250,49.6300,2920
22,49.6300,49.6300,49.6050,49.6050,3202
23,49.6000,49.6100,49.6000,49.6100,700
24,49.6100,49.6400,49.6050,49.6350,3707
26,49.6350,49.6400,49.6350,49.6400,5465
27,49.6400,49.6450,49.6400,49.6400,1600
28,49.6400,49.7050,49.6400,49.7050,2021
29,49.7050,49.7100,49.7000,49.7050,1698
30,49.7000,49.7000,49.6950,49.6950,1500
31,49.7000,49.7200,49.6950,49.7200,11704
32,49.7150,49.7200,49.7100,49.7100,1900
33,49.7100,49.7150,49.7000,49.7150,6100
34,49.7200,49.7500,49.7200,49.7400,5886
35,49.7350,49.7350,49.7300,49.7300,200
36,49.7301,49.7301,49.7200,49.7300,3182
37,49.7100,49.7100,49.7050,49.7050,700
38,49.7100,49.7200,49.7050,49.7100,3000
39,49.7200,49.7200,49.7200,49.7200,1163
40,49.7200,49.7350,49.7200,49.7350,1000
41,49.7300,49.7350,49.7300,49.7350,200
42,49.7350,49.7500,49.7301,49.7450,2200
43,49.7450,49.7450,49.7200,49.7300,4900
44,49.7300,49.7300,49.7250,49.7300,2300
45,49.7500,49.7600,49.7450,49.7550,1131
46,49.7550,49.7600,49.7550,49.7550,1200
47,49.7600,49.7661,49.7500,49.7661,4073
48,49.7650,49.7650,49.7500,49.7600,2500
49,49.7550,49.7600,49.7500,49.7500,1200
50,49.7500,49.7500,49.7500,49.7500,400
51,49.7500,49.7500,49.7100,49.7100,5869
52,49.7000,49.7000,49.7000,49.7000,100
53,49.7000,49.7000,49.6800,49.7000,3326
54,49.7100,49.7100,49.7100,49.7100,1000
55,49.7100,49.7300,49.7100,49.7300,2824
56,49.7300,49.7400,49.7300,49.7400,4300
57,49.7400,49.7500,49.7400,49.7500,725
58,49.7401,49.7500,49.7400,49.7400,4088
59,49.7450,49.7500,49.7400,49.7400,700
60,49.7400,49.7500,49.7300,49.7400,2000
61,49.7400,49.7400,49.7400,49.7400,1663
62,49.7490,49.7490,49.7490,49.7490,100
63,49.7500,49.7700,49.7500,49.7700,3600
64,49.7700,49.7700,49.7600,49.7700,2584
65,49.7800,49.7800,49.7800,49.7800,100
66,49.7750,49.7800,49.7700,49.7700,5205
67,49.7600,49.7650,49.7400,49.7500,3513
68,49.7401,49.7401,49.7401,49.7401,100
69,49.7500,49.7500,49.7200,49.7200,6048
70,49.7150,49.7200,49.6810,49.6900,3226
71,49.6810,49.6810,49.6800,49.6800,300
72,49.6800,49.6900,49.6800,49.6900,1055
73,49.6800,49.7000,49.6800,49.7000,2550
74,49.7000,49.7000,49.6900,49.6950,2266
76,49.6999,49.7000,49.6950,49.7000,1600
77,49.7000,49.7100,49.6950,49.7050,1200
78,49.7100,49.7100,49.6900,49.7100,2745
79,49.7100,49.7200,49.7100,49.7150,400
80,49.7150,49.7150,49.7150,49.7150,200
81,49.7200,49.7200,49.7100,49.7100,4853
83,49.7050,49.7050,49.7050,49.7050,100
84,49.7050,49.7200,49.7050,49.7100,4643
85,49.7200,49.7200,49.7150,49.7200,2800
86,49.7100,49.7200,49.7000,49.7000,2355
87,49.7000,49.7000,49.7000,49.7000,373
88,49.6950,49.7000,49.6950,49.6950,500
89,49.7000,49.7100,49.7000,49.7050,1910
90,49.7050,49.7100,49.7050,49.7050,1100
91,49.7050,49.7050,49.6550,49.6550,6526
92,49.6600,49.6600,49.6550,49.6600,1300
94,49.6500,49.6600,49.6500,49.6550,602
95,49.6500,49.6550,49.6100,49.6300,6001
96,49.6301,49.6400,49.6301,49.6400,200
97,49.6300,49.6400,49.6300,49.6400,1400
98,49.6500,49.6500,49.6500,49.6500,400
99,49.6500,49.6550,49.6300,49.6400,3700
101,49.6500,49.6500,49.6500,49.6500,200
102,49.6450,49.6500,49.6450,49.6500,1600
103,49.6600,49.6700,49.6500,49.6500,3032
104,49.6600,49.6600,49.6500,49.6500,463
105,49.6600,49.6750,49.6450,49.6450,4153
106,49.6400,49.6400,49.6300,49.6300,1300
107,49.6300,49.6300,49.6300,49.6300,200
108,49.6400,49.6400,49.6400,49.6400,100
109,49.6350,49.6350,49.6200,49.6200,2041
110,49.6200,49.6200,49.6200,49.6200,100
111,49.6200,49.6300,49.6200,49.6300,600
112,49.6200,49.6300,49.6200,49.6200,700
113,49.6300,49.6300,49.6234,49.6234,2200
114,49.6300,49.6400,49.6200,49.6200,7170
116,49.6100,49.6100,49.6000,49.6100,2358
117,49.6200,49.6200,49.6200,49.6200,100
118,49.6100,49.6150,49.6100,49.6150,500
119,49.6200,49.6300,49.6150,49.6300,2038
120,49.6200,49.6200,49.6200,49.6200,600
121,49.6200,49.6200,49.6150,49.6200,2658
122,49.6200,49.6250,49.6200,49.6200,1500
123,49.6200,49.6200,49.6200,49.6200,600
124,49.6200,49.6300,49.6200,49.6300,1800
125,49.6200,49.6200,49.6000,49.6000,1747
126,49.6100,49.6200,49.6100,49.6100,900
127,49.6200,49.6200,49.6200,49.6200,400
129,49.6200,49.6300,49.6150,49.6200,1654
130,49.6300,49.6300,49.6100,49.6100,6357
131,49.6050,49.6050,49.6050,49.6050,100
132,49.6050,49.6050,49.6050,49.6050,200
133,49.6000,49.6200,49.6000,49.6200,1402
134,49.6300,49.6300,49.6200,49.6200,1785
135,49.6100,49.6100,49.5900,49.5900,2694
136,49.5800,49.5800,49.5800,49.5800,200
137,49.5900,49.5900,49.5900,49.5900,1000
138,49.5900,49.5950,49.5900,49.5900,800
139,49.5900,49.6000,49.5900,49.6000,530
140,49.6000,49.6000,49.5900,49.6000,2178
141,49.6000,49.6100,49.6000,49.6100,1400
142,49.6200,49.6300,49.6200,49.6300,300
143,49.6300,49.6300,49.6100,49.6100,3138
144,49.6100,49.6200,49.6100,49.6200,1058
145,49.6200,49.6350,49.6200,49.6350,1300
146,49.6300,49.6400,49.6300,49.6400,3553
148,49.6350,49.6600,49.6350,49.6600,1799
149,49.6600,49.6750,49.6600,49.6750,900
150,49.6800,49.7000,49.6800,49.7000,2333
151,49.6950,49.6950,49.6800,49.6900,2809
152,49.6938,49.6938,49.6800,49.6852,870
153,49.6900,49.6900,49.6900,49.6900,400
154,49.6925,49.6950,49.6800,49.6800,2194
155,49.6900,49.7050,49.6900,49.7000,3950
156,49.7000,49.7150,49.6900,49.6900,2700
157,49.7000,49.7000,49.6800,49.6800,1150
158,49.6800,49.6800,49.6700,49.6700,1900
159,49.6750,49.6750,49.6750,49.6750,100
161,49.6700,49.6700,49.6600,49.6600,1607
162,49.6600,49.6600,49.6500,49.6550,700
163,49.6600,49.6600,49.6500,49.6500,600
164,49.6550,49.6600,49.6500,49.6500,3300
165,49.6500,49.6500,49.6300,49.6350,2693
166,49.6400,49.6400,49.6300,49.6300,500
167,49.6300,49.6300,49.6100,49.6200,2400
168,49.6200,49.6200,49.6100,49.6101,1206
169,49.6100,49.6150,49.6000,49.6100,1500
171,49.6050,49.6100,49.6050,49.6100,1360
172,49.6100,49.6100,49.6100,49.6100,300
173,49.6200,49.6200,49.6200,49.6200,1350
174,49.6300,49.6300,49.6000,49.6000,4175
175,49.6050,49.6100,49.6000,49.6050,4000
176,49.6100,49.6100,49.6100,49.6100,300
177,49.6100,49.6200,49.6050,49.6200,2483
178,49.6300,49.6300,49.6200,49.6250,5405
179,49.6300,49.6500,49.6300,49.6500,29700
180,49.6600,49.6600,49.6600,49.6600,1000
181,49.6500,49.6650,49.6500,49.6650,11751
182,49.6700,49.6700,49.6600,49.6650,700
183,49.6600,49.6600,49.6500,49.6550,7201
184,49.6600,49.6600,49.6600,49.6600,700
185,49.6600,49.6600,49.6600,49.6600,100
186,49.6600,49.6600,49.6600,49.6600,100
187,49.6650,49.6650,49.6500,49.6500,1871
188,49.6500,49.6650,49.6500,49.6650,2095
189,49.6600,49.6600,49.6300,49.6350,4091
190,49.6300,49.6350,49.6200,49.6300,4800
191,49.6200,49.6200,49.6200,49.6200,600
192,49.6250,49.6250,49.6050,49.6100,6718
193,49.6000,49.6100,49.6000,49.6050,500
194,49.6100,49.6100,49.6100,49.6100,1000
195,49.6150,49.6150,49.6000,49.6000,3638
196,49.6001,49.6100,49.6000,49.6100,2235
197,49.6100,49.6150,49.6100,49.6150,900
198,49.6100,49.6157,49.6000,49.6157,3430
199,49.6100,49.6200,49.6100,49.6200,2300
200,49.6200,49.6300,49.6200,49.6300,3844
201,49.6200,49.6250,49.6100,49.6200,4061
202,49.6100,49.6200,49.6100,49.6200,600
203,49.6300,49.6300,49.6300,49.6300,300
204,49.6300,49.6550,49.6300,49.6500,2802
205,49.6500,49.6550,49.6400,49.6400,1800
206,49.6500,49.6500,49.6500,49.6500,1809
207,49.6600,49.6600,49.6500,49.6500,200
208,49.6500,49.6550,49.6500,49.6550,600
209,49.6600,49.6600,49.6600,49.6600,200
210,49.6600,49.6700,49.6500,49.6700,2200
211,49.6700,49.6700,49.6650,49.6700,600
212,49.6650,49.6650,49.6400,49.6500,6380
214,49.6432,49.6450,49.6432,49.6450,400
215,49.6401,49.6401,49.6400,49.6400,400
216,49.6500,49.6500,49.6450,49.6500,4494
217,49.6500,49.6500,49.6300,49.6300,3550
219,49.6300,49.6450,49.6300,49.6450,2600
220,49.6400,49.6400,49.6300,49.6350,2907
221,49.6300,49.6300,49.6300,49.6300,200
222,49.6400,49.6400,49.6300,49.6300,1800
223,49.6350,49.6400,49.6350,49.6400,200
224,49.6400,49.6400,49.6350,49.6350,400
225,49.6400,49.6500,49.6400,49.6500,2260
226,49.6500,49.6600,49.6500,49.6500,14364
227,49.6600,49.6600,49.6400,49.6400,3256
228,49.6450,49.6450,49.6300,49.6300,1291
229,49.6300,49.6400,49.6300,49.6300,700
230,49.6350,49.6350,49.6300,49.6350,300
231,49.6300,49.6350,49.6300,49.6350,400
232,49.6400,49.6500,49.6300,49.6300,5882
233,49.6400,49.6400,49.6300,49.6400,3799
234,49.6470,49.6470,49.6300,49.6300,3301
235,49.6300,49.6350,49.6200,49.6350,2571
236,49.6330,49.6350,49.6300,49.6350,306
237,49.6400,49.6400,49.6400,49.6400,400
238,49.6400,49.6400,49.6300,49.6400,500
239,49.6400,49.6400,49.6300,49.6400,2700
240,49.6307,49.6400,49.6300,49.6399,2142
241,49.6300,49.6400,49.6300,49.6400,1100
242,49.6300,49.6300,49.6000,49.6000,11279
243,49.6100,49.6300,49.6100,49.6200,3868
244,49.6200,49.6200,49.6150,49.6150,200
245,49.6200,49.6200,49.6100,49.6200,1500
246,49.6150,49.6200,49.6100,49.6100,600
247,49.6100,49.6200,49.6100,49.6150,3829
248,49.6200,49.6200,49.6200,49.6200,1700
249,49.6142,49.6200,49.5900,49.6100,12078
250,49.6100,49.6100,49.6050,49.6100,1800
251,49.6100,49.6100,49.5900,49.5900,3047
252,49.5900,49.6000,49.5900,49.6000,1900
254,49.6100,49.6100,49.5900,49.5900,4900
256,49.5900,49.5937,49.5900,49.5900,400
257,49.5950,49.6000,49.5800,49.5900,7096
258,49.5800,49.5800,49.5800,49.5800,100
259,49.5800,49.5800,49.5700,49.5800,1005
260,49.5700,49.5750,49.5600,49.5600,1350
261,49.5600,49.5700,49.5600,49.5700,400
262,49.5650,49.5700,49.5650,49.5700,2144
263,49.5800,49.5850,49.5800,49.5800,2606
264,49.5800,49.5800,49.5800,49.5800,200
265,49.5900,49.6000,49.5900,49.5950,1601
266,49.5950,49.5950,49.5700,49.5700,3081
267,49.5800,49.5800,49.5700,49.5750,1300
268,49.5750,49.5750,49.5600,49.5600,2064
269,49.5650,49.5700,49.5650,49.5700,2447
270,49.5668,49.5668,49.5600,49.5650,929
272,49.5700,49.5700,49.5600,49.5600,2400
273,49.5700,49.5800,49.5700,49.5800,900
274,49.5700,49.5800,49.5600,49.5700,1700
275,49.5700,49.5700,49.5700,49.5700,600
276,49.5700,49.5700,49.5600,49.5600,900
277,49.5700,49.5700,49.5600,49.5600,1091
278,49.5700,49.5700,49.5600,49.5600,4409
279,49.5600,49.5650,49.5500,49.5600,2660
280,49.5600,49.5600,49.5500,49.5500,1000
281,49.5600,49.5700,49.5550,49.5650,1766
282,49.5610,49.5700,49.5600,49.5601,800
283,49.5650,49.5700,49.5500,49.5550,6449
284,49.5550,49.5600,49.5400,49.5450,2800
285,49.5400,49.5400,49.5200,49.5200,1300
286,49.5200,49.5250,49.5200,49.5200,900
287,49.5200,49.5201,49.5100,49.5100,1815
288,49.5100,49.5100,49.4800,49.4800,4925
289,49.4825,49.4900,49.4800,49.4807,3802
290,49.4850,49.4900,49.4800,49.4800,984
291,49.4800,49.4900,49.4800,49.4800,600
292,49.4800,49.4900,49.4800,49.4900,540
293,49.4900,49.4950,49.4800,49.4950,3400
294,49.4950,49.5050,49.4950,49.5000,2238
295,49.5062,49.5062,49.5000,49.5000,970
296,49.5050,49.5050,49.4900,49.5000,4000
297,49.4900,49.4900,49.4900,49.4900,200
298,49.4950,49.5100,49.4950,49.5000,2274
299,49.5100,49.5100,49.5050,49.5050,500
300,49.5050,49.5100,49.5000,49.5000,2340
301,49.5050,49.5050,49.5000,49.5000,800
302,49.5050,49.5100,49.5000,49.5000,2100
303,49.5067,49.5100,49.4900,49.4950,4519
304,49.5000,49.5100,49.4900,49.4900,1592
305,49.4900,49.4900,49.4800,49.4800,1221
306,49.4800,49.4900,49.4800,49.4900,600
307,49.4850,49.4950,49.4850,49.4950,2874
308,49.4950,49.4950,49.4900,49.4900,2175
309,49.4950,49.5100,49.4900,49.5050,5361
310,49.5050,49.5300,49.5000,49.5250,9031
311,49.5250,49.5250,49.5250,49.5250,1900
312,49.5200,49.5250,49.5100,49.5101,2256
313,49.5150,49.5150,49.5150,49.5150,300
314,49.5200,49.5200,49.5000,49.5050,30864
315,49.5000,49.5100,49.5000,49.5007,1312
316,49.5100,49.5250,49.5100,49.5200,2685
317,49.5200,49.5250,49.5200,49.5250,2200
318,49.5300,49.5450,49.5250,49.5425,4279
319,49.5425,49.5600,49.5425,49.5599,2402
320,49.5600,49.5700,49.5550,49.5700,1700
321,49.5700,49.5700,49.5600,49.5600,500
322,49.5650,49.5700,49.5600,49.5661,1383
323,49.5700,49.5700,49.5700,49.5700,300
324,49.5600,49.5650,49.5300,49.5300,6183
325,49.5300,49.5300,49.5100,49.5150,3800
326,49.5150,49.5150,49.5100,49.5100,700
327,49.5100,49.5100,49.4800,49.4850,3400
328,49.4800,49.4950,49.4800,49.4950,4700
329,49.4950,49.4950,49.4900,49.4943,729
330,49.4950,49.4950,49.4800,49.4800,1689
331,49.4800,49.4900,49.4800,49.4850,2200
332,49.4850,49.4850,49.4825,49.4850,500
333,49.4867,49.5050,49.4850,49.4950,6941
334,49.4900,49.4900,49.4800,49.4850,3302
335,49.4850,49.5000,49.4850,49.4900,1700
336,49.4950,49.4950,49.4900,49.4938,678
337,49.4900,49.5000,49.4900,49.4900,900
338,49.4950,49.4950,49.4800,49.4800,3600
339,49.4850,49.4900,49.4800,49.4850,900
340,49.4850,49.4850,49.4800,49.4800,2189
341,49.4850,49.5000,49.4850,49.4950,5822
342,49.4950,49.4950,49.4850,49.4850,1600
343,49.4800,49.4900,49.4800,49.4900,4308
344,49.4900,49.4950,49.4900,49.4950,900
345,49.4900,49.5000,49.4900,49.4900,4018
346,49.4950,49.5200,49.4900,49.5150,4319
347,49.5150,49.5150,49.5150,49.5150,600
348,49.5150,49.5400,49.5101,49.5400,6753
349,49.5350,49.5700,49.5350,49.5700,8451
350,49.5700,49.5700,49.5600,49.5600,9944
351,49.5650,49.5699,49.5600,49.5600,1792
352,49.5700,49.5700,49.5600,49.5600,12943
353,49.5650,49.5700,49.5600,49.5650,900
354,49.5600,49.5650,49.5600,49.5650,700
355,49.5650,49.5650,49.5200,49.5200,18220
356,49.5300,49.5500,49.5250,49.5450,10964
357,49.5450,49.5599,49.5400,49.5400,11689
358,49.5400,49.5450,49.5400,49.5400,2000
359,49.5450,49.5450,49.5400,49.5400,1900
360,49.5400,49.5650,49.5400,49.5650,7990
361,49.5700,49.5700,49.5500,49.5500,14767
362,49.5450,49.5500,49.5200,49.5200,5880
363,49.5200,49.5299,49.5100,49.5150,5900
364,49.5150,49.5250,49.5100,49.5250,6392
365,49.5250,49.5299,49.5200,49.5250,2246
366,49.5250,49.5650,49.5200,49.5650,12223
367,49.5650,49.5800,49.5600,49.5650,10647
368,49.5600,49.5699,49.5600,49.5600,1400
369,49.5600,49.5650,49.5500,49.5585,14078
370,49.5500,49.5600,49.5500,49.5550,3622
371,49.5550,49.5550,49.5200,49.5250,15154
372,49.5200,49.5248,49.4800,49.4900,18974
373,49.4900,49.4950,49.4900,49.4950,999
374,49.4950,49.5200,49.4900,49.5200,15401
375,49.5200,49.5200,49.5048,49.5048,5800
376,49.5100,49.5100,49.5000,49.5050,1800
377,49.5100,49.5100,49.5000,49.5050,10092
378,49.5050,49.5100,49.4600,49.4630,12711
379,49.4600,49.4700,49.4500,49.4500,8090
380,49.4500,49.4700,49.4500,49.4700,16204
381,49.4650,49.5000,49.4625,49.4950,20618
382,49.5000,49.5000,49.4800,49.4800,14246
383,49.4850,49.4900,49.4800,49.4800,7800
384,49.4850,49.5000,49.4800,49.4950,12498
385,49.4950,49.5000,49.4650,49.4700,25221
386,49.4700,49.4850,49.4700,49.4750,16911
387,49.4700,49.4750,49.4600,49.4600,24509
388,49.4650,49.4700,49.4600,49.4650,22195
389,49.4700,49.4900,49.4500,49.4599,44963
390,49.4500,49.4800,49.4500,49.4700,43968