HRL,Hormel Foods Corp.,Consumer Staples,2,Packaged Foods & Meats,18174238112,2303902
a149927220078,34.0900,34.0950,34.0800,34.0800,4400
379,34.0800,34.1000,34.0800,34.0950,13421
380,34.0950,34.1000,34.0900,34.1000,8186
381,34.0950,34.1000,34.0900,34.0950,11296
382,34.0950,34.0950,34.0900,34.0950,3044
383,34.0900,34.1200,34.0900,34.1200,23183
384,34.1150,34.1200,34.1100,34.1200,3500
385,34.1150,34.1200,34.1100,34.1101,10837
386,34.1100,34.1100,34.0900,34.1100,36991
387,34.1100,34.1300,34.1100,34.1200,36420
388,34.1150,34.1250,34.1000,34.1200,40175
389,34.1200,34.1200,34.1000,34.1050,36156
390,34.1000,34.1100,34.1000,34.1100,47815
0,34.0700,34.0700,34.0700,34.0700,14696
1,34.0700,34.0700,34.0100,34.0200,1300
2,34.0400,34.0700,34.0400,34.0538,2600
3,34.0600,34.0600,34.0400,34.0466,850
4,34.0300,34.0300,34.0200,34.0200,700
5,34.0000,34.0000,33.9800,33.9800,1619
6,33.9900,34.0200,33.9800,34.0000,4493
7,33.9900,34.0000,33.9900,34.0000,200
8,34.0000,34.0200,34.0000,34.0100,713
9,34.0300,34.0400,34.0200,34.0200,2635
10,34.0100,34.0200,33.9900,34.0200,5042
11,34.0400,34.0400,34.0300,34.0400,3902
12,34.0500,34.0500,34.0500,34.0500,501
13,34.0489,34.0489,34.0400,34.0400,301
14,34.0356,34.0356,33.9900,34.0000,1176
15,33.9950,34.0100,33.9700,34.0100,5216
16,34.0400,34.0400,34.0000,34.0000,3300
17,33.9993,34.0100,33.9993,34.0000,1500
18,34.0003,34.0100,34.0003,34.0050,800
19,34.0100,34.0100,34.0000,34.0000,2949
20,34.0000,34.0100,34.0000,34.0000,500
21,34.0400,34.0400,34.0400,34.0400,500
22,34.0300,34.0300,34.0300,34.0300,641
23,34.0300,34.0500,34.0300,34.0400,1667
24,34.0300,34.0300,34.0100,34.0100,600
25,34.0200,34.0200,34.0200,34.0200,704
26,34.0300,34.0356,34.0300,34.0300,613
27,34.0400,34.0500,34.0390,34.0400,1088
28,34.0600,34.0600,34.0600,34.0600,100
29,34.0500,34.0500,34.0500,34.0500,100
30,34.0600,34.0600,34.0300,34.0370,1445
31,34.0300,34.0300,34.0300,34.0300,300
32,34.0400,34.0400,34.0400,34.0400,100
34,34.0300,34.0400,34.0300,34.0400,200
35,34.0345,34.0345,34.0345,34.0345,219
36,34.0300,34.0400,34.0300,34.0300,400
37,34.0300,34.0700,34.0300,34.0700,4113
38,34.0700,34.0800,34.0600,34.0725,3824
39,34.0700,34.0750,34.0500,34.0510,1920
40,34.0600,34.0600,34.0600,34.0600,100
42,34.0600,34.0647,34.0600,34.0600,1076
43,34.0700,34.0850,34.0700,34.0850,1955
44,34.0900,34.1100,34.0900,34.1000,4778
45,34.1100,34.1100,34.1000,34.1000,3859
46,34.1050,34.1200,34.1050,34.1200,6311
47,34.1200,34.1200,34.0950,34.0950,4128
48,34.1000,34.1000,34.1000,34.1000,1611
49,34.1000,34.1000,34.1000,34.1000,300
50,34.1000,34.1050,34.0950,34.0954,14910
51,34.0900,34.1100,34.0900,34.1000,7284
52,34.1000,34.1000,34.1000,34.1000,100
53,34.1000,34.1034,34.0900,34.1034,2244
54,34.1000,34.1000,34.0900,34.0900,334
55,34.0957,34.0957,34.0957,34.0957,300
56,34.0900,34.0950,34.0700,34.0700,3800
57,34.0600,34.0700,34.0600,34.0700,700
59,34.0600,34.0650,34.0200,34.0400,9808
60,34.0450,34.0800,34.0450,34.0750,7367
61,34.0800,34.0900,34.0650,34.0900,13700
62,34.0850,34.0850,34.0650,34.0650,10090
63,34.0600,34.0800,34.0600,34.0800,1371
64,34.0800,34.0850,34.0700,34.0700,1400
65,34.0750,34.0900,34.0600,34.0900,4640
66,34.0900,34.0900,34.0700,34.0700,2100
67,34.0553,34.0600,34.0550,34.0550,845
68,34.0550,34.0550,34.0400,34.0400,1512
69,34.0300,34.0350,34.0300,34.0350,300
70,34.0300,34.0300,34.0300,34.0300,100
71,34.0300,34.0345,34.0300,34.0345,475
72,34.0350,34.0350,34.0300,34.0300,300
73,34.0300,34.0350,34.0200,34.0200,2000
74,34.0200,34.0300,34.0200,34.0250,700
75,34.0250,34.0400,34.0250,34.0360,3966
76,34.0300,34.0400,34.0200,34.0400,4050
77,34.0400,34.0600,34.0400,34.0600,1700
78,34.0600,34.0900,34.0500,34.0500,20300
79,34.0400,34.0500,34.0200,34.0200,1500
80,34.0300,34.0300,34.0300,34.0300,2000
81,34.0300,34.0300,34.0150,34.0239,1017
82,34.0201,34.0250,34.0200,34.0200,4300
83,34.0300,34.0300,34.0250,34.0250,450
84,34.0200,34.0250,34.0100,34.0100,400
85,34.0100,34.0100,34.0100,34.0100,100
86,34.0150,34.0150,34.0147,34.0147,1050
87,34.0100,34.0161,34.0100,34.0161,475
88,34.0200,34.0200,34.0100,34.0150,400
89,34.0200,34.0200,34.0100,34.0100,900
90,34.0100,34.0100,34.0000,34.0000,3647
91,34.0000,34.0053,34.0000,34.0053,800
92,34.0000,34.0050,34.0000,34.0000,400
93,34.0100,34.0100,33.9743,33.9743,6430
94,33.9700,33.9700,33.9600,33.9600,6533
95,33.9500,33.9500,33.9300,33.9300,8000
96,33.9300,33.9300,33.9100,33.9200,5927
97,33.9100,33.9200,33.9100,33.9138,1012
98,33.9200,33.9200,33.9200,33.9200,100
99,33.9100,33.9200,33.9100,33.9200,400
100,33.9200,33.9200,33.9100,33.9100,305
101,33.9200,33.9200,33.9100,33.9200,900
102,33.9200,33.9200,33.9100,33.9100,400
103,33.9200,33.9200,33.9100,33.9150,1200
104,33.9100,33.9200,33.9100,33.9100,700
106,33.9200,33.9200,33.8750,33.8800,7210
107,33.8700,33.8700,33.8600,33.8700,2500
108,33.8670,33.8800,33.8600,33.8700,2419
109,33.8800,33.8900,33.8750,33.8900,2800
111,33.9000,33.9100,33.9000,33.9100,1211
112,33.9200,33.9300,33.9200,33.9300,1000
113,33.9300,33.9300,33.9300,33.9300,200
114,33.9300,33.9300,33.9300,33.9300,100
115,33.9300,33.9300,33.9300,33.9300,100
116,33.9200,33.9400,33.9200,33.9400,1769
117,33.9400,33.9650,33.9400,33.9650,3701
119,33.9700,33.9700,33.9500,33.9500,1962
120,33.9600,33.9600,33.9530,33.9530,1000
121,33.9550,33.9550,33.9500,33.9501,465
122,33.9500,33.9550,33.9500,33.9550,400
123,33.9550,33.9600,33.9500,33.9600,500
124,33.9550,33.9550,33.9400,33.9400,2476
125,33.9300,33.9400,33.9300,33.9400,2402
126,33.9350,33.9400,33.9350,33.9400,646
127,33.9500,33.9500,33.9500,33.9500,200
128,33.9500,33.9500,33.9500,33.9500,100
129,33.9400,33.9500,33.9400,33.9450,300
130,33.9490,33.9500,33.9490,33.9499,500
131,33.9400,33.9500,33.9400,33.9400,728
132,33.9500,33.9500,33.9500,33.9500,100
133,33.9500,33.9700,33.9500,33.9700,4137
134,33.9700,33.9700,33.9700,33.9700,200
135,33.9700,33.9700,33.9700,33.9700,800
136,33.9800,33.9800,33.9800,33.9800,200
137,33.9800,33.9900,33.9800,33.9900,1300
138,33.9900,33.9900,33.9900,33.9900,400
139,33.9900,33.9900,33.9900,33.9900,100
140,33.9900,33.9900,33.9900,33.9900,200
141,33.9900,33.9900,33.9850,33.9900,1748
142,33.9900,33.9900,33.9900,33.9900,300
143,34.0000,34.0000,33.9900,33.9908,500
144,33.9950,34.0000,33.9900,33.9900,3176
145,33.9900,33.9900,33.9800,33.9900,2400
146,33.9900,34.0000,33.9900,34.0000,200
147,34.0000,34.0000,34.0000,34.0000,169
148,34.0000,34.0000,33.9962,33.9962,200
149,34.0000,34.0000,34.0000,34.0000,400
150,34.0000,34.0000,33.9900,34.0000,1774
151,33.9950,34.0300,33.9930,34.0300,3893
152,34.0300,34.0400,34.0200,34.0350,2026
153,34.0400,34.0400,34.0400,34.0400,200
154,34.0400,34.0600,34.0400,34.0600,1700
155,34.0700,34.0750,34.0600,34.0625,4300
156,34.0700,34.0800,34.0600,34.0600,6227
157,34.0500,34.0550,34.0400,34.0425,700
159,34.0500,34.0500,34.0400,34.0400,700
160,34.0350,34.0350,34.0300,34.0300,695
161,34.0300,34.0300,34.0200,34.0200,1141
162,34.0100,34.0150,34.0100,34.0100,800
163,34.0150,34.0300,34.0143,34.0300,2695
164,34.0300,34.0400,34.0300,34.0400,700
165,34.0400,34.0400,34.0300,34.0300,734
166,34.0400,34.0400,34.0400,34.0400,100
167,34.0400,34.0400,34.0300,34.0300,1100
168,34.0300,34.0350,34.0200,34.0200,1300
169,34.0100,34.0100,34.0100,34.0100,100
170,34.0100,34.0100,34.0100,34.0100,400
171,34.0100,34.0200,34.0100,34.0200,500
172,34.0200,34.0200,34.0150,34.0200,600
174,34.0100,34.0200,34.0100,34.0200,429
175,34.0150,34.0200,34.0100,34.0150,1610
176,34.0100,34.0200,34.0100,34.0200,637
177,34.0100,34.0150,33.9900,34.0000,3100
178,33.9900,33.9910,33.9900,33.9910,250
180,33.9900,34.0000,33.9900,33.9900,300
181,33.9900,33.9900,33.9900,33.9900,100
182,34.0000,34.0000,33.9900,33.9901,520
183,33.9900,33.9957,33.9900,33.9950,1240
184,33.9900,33.9900,33.9900,33.9900,200
185,33.9900,34.0000,33.9900,34.0000,400
186,33.9900,34.0000,33.9900,34.0000,400
187,34.0000,34.0000,33.9900,34.0000,400
188,34.0000,34.0100,33.9950,34.0100,4940
189,34.0200,34.0200,34.0100,34.0100,300
190,34.0200,34.0200,34.0200,34.0200,300
191,34.0200,34.0300,34.0100,34.0300,1700
192,34.0400,34.0500,34.0400,34.0500,300
193,34.0500,34.0500,34.0457,34.0457,500
194,34.0450,34.0450,34.0450,34.0450,100
195,34.0400,34.0500,34.0400,34.0461,700
196,34.0450,34.0500,34.0300,34.0300,3153
197,34.0300,34.0400,34.0300,34.0400,200
198,34.0400,34.0400,34.0400,34.0400,300
199,34.0400,34.0400,34.0400,34.0400,100
200,34.0400,34.0400,34.0400,34.0400,1300
201,34.0500,34.0500,34.0300,34.0300,1100
202,34.0300,34.0300,34.0250,34.0250,300
203,34.0300,34.0300,34.0250,34.0250,200
204,34.0300,34.0300,34.0250,34.0250,300
205,34.0300,34.0350,34.0300,34.0300,1800
206,34.0300,34.0300,34.0300,34.0300,100
207,34.0300,34.0400,34.0300,34.0390,1100
208,34.0350,34.0350,34.0335,34.0335,200
209,34.0350,34.0400,34.0200,34.0200,1129
210,34.0200,34.0250,34.0200,34.0250,1600
211,34.0100,34.0300,34.0100,34.0270,1937
212,34.0300,34.0300,34.0300,34.0300,800
213,34.0350,34.0350,34.0350,34.0350,100
214,34.0350,34.0400,34.0350,34.0400,200
215,34.0350,34.0400,34.0350,34.0400,200
216,34.0350,34.0350,34.0300,34.0300,200
217,34.0300,34.0399,34.0300,34.0399,457
218,34.0350,34.0350,34.0200,34.0300,2120
219,34.0300,34.0300,34.0200,34.0300,2400
220,34.0300,34.0350,34.0300,34.0350,500
221,34.0300,34.0350,34.0100,34.0100,3066
223,34.0100,34.0150,34.0100,34.0100,300
224,34.0100,34.0100,34.0000,34.0000,400
225,34.0000,34.0150,34.0000,34.0150,2325
226,34.0100,34.0100,34.0100,34.0100,700
227,34.0000,34.0100,34.0000,34.0100,1235
228,34.0200,34.0200,34.0150,34.0150,1680
229,34.0150,34.0150,34.0150,34.0150,200
230,34.0150,34.0200,34.0150,34.0200,300
231,34.0200,34.0200,34.0100,34.0150,2891
233,34.0150,34.0200,34.0150,34.0200,4060
234,34.0250,34.0250,34.0200,34.0200,200
236,34.0250,34.0300,34.0210,34.0300,2425
237,34.0200,34.0250,34.0100,34.0100,1003
238,34.0100,34.0100,34.0000,34.0000,800
239,34.0050,34.0100,34.0050,34.0100,3488
240,34.0150,34.0150,34.0100,34.0100,200
241,34.0100,34.0200,34.0100,34.0200,500
242,34.0100,34.0150,34.0000,34.0000,1202
244,34.0000,34.0000,34.0000,34.0000,100
245,34.0050,34.0050,34.0000,34.0000,300
246,34.0100,34.0100,34.0100,34.0100,400
247,34.0050,34.0100,34.0000,34.0100,300
248,34.0050,34.0050,34.0000,34.0000,300
249,34.0100,34.0100,34.0000,34.0000,1230
250,34.0050,34.0050,34.0000,34.0000,400
251,34.0050,34.0050,34.0000,34.0000,1000
252,34.0007,34.0007,34.0007,34.0007,100
253,34.0050,34.0050,34.0000,34.0000,200
254,34.0060,34.0060,34.0000,34.0000,400
255,34.0050,34.0050,34.0000,34.0050,400
256,34.0050,34.0100,34.0000,34.0000,900
258,34.0100,34.0400,34.0100,34.0350,4493
259,34.0300,34.0400,34.0300,34.0350,300
260,34.0400,34.0400,34.0200,34.0200,2534
261,34.0200,34.0300,34.0200,34.0300,1700
262,34.0350,34.0350,34.0200,34.0200,1250
263,34.0300,34.0300,34.0300,34.0300,600
264,34.0400,34.0450,34.0400,34.0450,593
265,34.0450,34.0450,34.0450,34.0450,310
266,34.0500,34.0500,34.0450,34.0450,300
267,34.0450,34.0450,34.0450,34.0450,100
268,34.0450,34.0500,34.0400,34.0500,700
269,34.0450,34.0450,34.0300,34.0350,2755
270,34.0300,34.0400,34.0300,34.0300,938
271,34.0300,34.0400,34.0300,34.0400,1800
272,34.0450,34.0500,34.0413,34.0413,695
273,34.0450,34.0500,34.0450,34.0500,300
274,34.0450,34.0450,34.0450,34.0450,400
275,34.0450,34.0450,34.0450,34.0450,500
276,34.0450,34.0500,34.0450,34.0500,200
277,34.0450,34.0450,34.0200,34.0200,3132
278,34.0250,34.0250,34.0200,34.0200,700
279,34.0200,34.0250,34.0200,34.0250,400
280,34.0200,34.0250,34.0100,34.0100,2130
281,34.0100,34.0150,34.0100,34.0150,400
282,34.0100,34.0150,34.0100,34.0150,500
283,34.0199,34.0250,34.0100,34.0250,3653
284,34.0200,34.0200,34.0200,34.0200,446
285,34.0250,34.0350,34.0250,34.0300,2411
286,34.0400,34.0700,34.0400,34.0600,6537
287,34.0650,34.0700,34.0600,34.0650,3870
288,34.0650,34.0800,34.0650,34.0800,1400
289,34.0800,34.0800,34.0700,34.0800,699
290,34.0800,34.0800,34.0800,34.0800,300
291,34.0700,34.0750,34.0650,34.0650,2000
292,34.0700,34.0700,34.0600,34.0600,1080
293,34.0650,34.0750,34.0650,34.0750,1900
294,34.0700,34.0700,34.0700,34.0700,100
295,34.0750,34.0750,34.0500,34.0500,4206
296,34.0600,34.0600,34.0500,34.0500,200
297,34.0550,34.0550,34.0400,34.0400,1100
298,34.0300,34.0300,34.0300,34.0300,300
299,34.0300,34.0350,34.0300,34.0300,400
300,34.0300,34.0300,34.0300,34.0300,100
301,34.0300,34.0350,34.0300,34.0300,1200
302,34.0300,34.0500,34.0300,34.0400,5100
303,34.0500,34.0550,34.0350,34.0350,2143
304,34.0320,34.0500,34.0300,34.0500,3400
305,34.0450,34.0450,34.0400,34.0450,1011
306,34.0400,34.0450,34.0300,34.0300,3500
307,34.0400,34.0400,34.0200,34.0200,3574
308,34.0250,34.0250,34.0200,34.0250,400
309,34.0250,34.0250,34.0200,34.0200,1000
310,34.0300,34.0400,34.0300,34.0350,2065
311,34.0300,34.0350,34.0300,34.0350,600
312,34.0350,34.0350,34.0330,34.0330,708
313,34.0399,34.0399,34.0350,34.0350,600
314,34.0350,34.0350,34.0200,34.0250,3143
315,34.0200,34.0250,34.0200,34.0200,800
316,34.0200,34.0257,34.0200,34.0257,414
317,34.0200,34.0200,34.0200,34.0200,200
318,34.0250,34.0350,34.0250,34.0300,3100
319,34.0200,34.0250,34.0200,34.0200,1570
320,34.0246,34.0250,34.0200,34.0200,2250
321,34.0100,34.0150,34.0000,34.0000,1300
322,34.0100,34.0200,34.0050,34.0150,2623
323,34.0150,34.0250,34.0150,34.0250,1400
324,34.0250,34.0250,34.0201,34.0201,200
325,34.0250,34.0300,34.0250,34.0299,745
326,34.0250,34.0300,34.0200,34.0300,500
327,34.0250,34.0250,34.0200,34.0200,700
328,34.0200,34.0250,34.0200,34.0250,2300
329,34.0250,34.0350,34.0200,34.0300,3401
330,34.0350,34.0400,34.0350,34.0350,500
331,34.0400,34.0400,34.0350,34.0400,1401
332,34.0400,34.0500,34.0400,34.0500,2782
333,34.0600,34.0700,34.0550,34.0700,2900
334,34.0800,34.0900,34.0800,34.0900,1650
335,34.0850,34.0900,34.0850,34.0900,500
336,34.0850,34.0900,34.0850,34.0900,300
337,34.0900,34.1000,34.0850,34.1000,4405
338,34.1000,34.1100,34.0906,34.1100,5445
339,34.1000,34.1100,34.1000,34.1050,1115
340,34.1000,34.1100,34.0950,34.0950,2825
341,34.0950,34.1000,34.0900,34.1000,2900
342,34.1000,34.1050,34.0950,34.1050,1916
343,34.1050,34.1100,34.1050,34.1100,600
344,34.1050,34.1100,34.1000,34.1000,1220
345,34.1050,34.1100,34.1050,34.1100,500
346,34.1050,34.1350,34.1050,34.1350,8270
347,34.1400,34.1500,34.1350,34.1500,2300
348,34.1400,34.1501,34.1400,34.1501,6897
349,34.1500,34.1600,34.1300,34.1400,3547
350,34.1350,34.1400,34.1300,34.1300,3300
351,34.1350,34.1350,34.1300,34.1350,500
352,34.1300,34.1500,34.1300,34.1500,4400
353,34.1450,34.1500,34.1400,34.1466,950
354,34.1450,34.1600,34.1400,34.1600,4206
355,34.1600,34.1600,34.1550,34.1600,1000
356,34.1500,34.1600,34.1500,34.1550,1700
357,34.1599,34.1600,34.1400,34.1400,6026
358,34.1450,34.1500,34.1300,34.1300,4479
359,34.1300,34.1350,34.1300,34.1350,900
360,34.1300,34.1450,34.1300,34.1450,5150
361,34.1450,34.1500,34.1400,34.1500,900
362,34.1450,34.1500,34.1400,34.1450,2175
363,34.1450,34.1650,34.1400,34.1650,10497
364,34.1700,34.1800,34.1600,34.1687,9339
365,34.1699,34.1700,34.1600,34.1600,1250
366,34.1650,34.1700,34.1650,34.1700,1600
367,34.1700,34.1700,34.1600,34.1600,1200
368,34.1600,34.1700,34.1600,34.1600,3214
369,34.1600,34.1900,34.1600,34.1850,8177
370,34.1850,34.2000,34.1850,34.1900,10629
371,34.1950,34.2000,34.1900,34.1950,3993
372,34.1950,34.2000,34.1900,34.1950,3324
373,34.1950,34.2073,34.1900,34.2000,6000
374,34.2100,34.2200,34.2050,34.2150,5100
375,34.2150,34.2200,34.1900,34.1900,13236
376,34.1900,34.1900,34.1800,34.1900,1652
377,34.1850,34.1850,34.1800,34.1800,1763
378,34.1800,34.1850,34.1600,34.1600,5627
379,34.1600,34.1600,34.1500,34.1500,3900
380,34.1500,34.1600,34.1500,34.1500,5800
381,34.1550,34.1600,34.1500,34.1600,3494
382,34.1550,34.1600,34.1500,34.1500,3800
383,34.1550,34.1600,34.1500,34.1550,7374
384,34.1600,34.1600,34.1500,34.1600,6070
385,34.1550,34.1750,34.1550,34.1600,19459
386,34.1600,34.1700,34.1500,34.1650,16825
387,34.1700,34.1800,34.1600,34.1750,7478
388,34.1775,34.1900,34.1700,34.1850,9712
389,34.1850,34.1900,34.1700,34.1750,19854
390,34.1700,34.1750,34.1600,34.1700,12971