HSY,The Hershey Company,Consumer Staples,2,Packaged Foods & Meats,24574690271,1103553
a149927220044,115.7600,115.7700,115.7600,115.7600,1400
345,115.7598,115.7700,115.7586,115.7600,1201
346,115.7700,115.8000,115.7600,115.7850,2400
347,115.8000,115.8600,115.8000,115.8200,2879
348,115.8400,115.8400,115.8400,115.8400,300
349,115.8600,115.8600,115.8600,115.8600,200
350,115.8600,115.8600,115.8500,115.8500,1951
351,115.8450,115.8500,115.8300,115.8500,1257
352,115.8500,115.8600,115.8400,115.8600,3400
353,115.8600,115.8600,115.8400,115.8400,1785
354,115.8400,115.8500,115.8300,115.8400,2194
355,115.8400,115.8500,115.8300,115.8500,1154
356,115.8500,115.8500,115.8400,115.8500,1000
357,115.8400,115.8500,115.8300,115.8450,800
358,115.8500,115.8500,115.8450,115.8500,400
359,115.8500,115.8600,115.8500,115.8500,4224
360,115.8400,115.8500,115.8400,115.8500,2169
361,115.8600,115.8600,115.8500,115.8500,1944
362,115.8450,115.8600,115.8450,115.8600,3732
363,115.8697,115.9000,115.8650,115.9000,5913
364,115.9100,115.9400,115.9100,115.9400,2200
365,115.9300,115.9400,115.9300,115.9400,2482
366,115.9500,115.9500,115.9100,115.9100,9753
367,115.9100,115.9200,115.9000,115.9000,4404
368,115.9000,115.9100,115.9000,115.9000,4100
369,115.9000,115.9100,115.8800,115.9100,10591
370,115.9200,115.9425,115.9200,115.9300,5250
371,115.9300,115.9500,115.9200,115.9500,4830
372,115.9600,115.9700,115.9500,115.9600,2447
373,115.9700,115.9900,115.9700,115.9800,2495
374,115.9900,116.0000,115.9700,115.9700,7879
375,115.9750,115.9900,115.9500,115.9800,6911
376,115.9800,115.9900,115.8500,115.8500,7951
377,115.8700,115.8899,115.8500,115.8500,5162
378,115.8500,115.8700,115.8500,115.8650,2617
379,115.8600,115.8800,115.8600,115.8600,3415
380,115.8600,115.8600,115.7400,115.7900,11905
381,115.7900,115.8400,115.7900,115.8350,10129
382,115.8300,115.8500,115.8300,115.8500,3736
383,115.8600,115.8900,115.8500,115.8600,9612
384,115.8500,115.8601,115.8300,115.8601,3593
385,115.8600,115.8600,115.8300,115.8400,8224
386,115.8450,115.8550,115.8300,115.8550,13697
387,115.8600,115.8600,115.8450,115.8450,15082
388,115.8500,115.8800,115.8200,115.8600,13311
389,115.8800,115.8800,115.8200,115.8400,20025
390,115.8500,115.8700,115.8200,115.8400,40117
0,115.7200,115.7200,115.7200,115.7200,6129
1,115.2050,115.2700,115.2000,115.2700,325
3,115.2700,115.4000,115.2600,115.4000,500
4,115.4100,115.4100,115.4000,115.4000,200
6,115.3453,115.4200,115.2700,115.2700,2192
7,115.2400,115.2800,115.1900,115.2800,1200
8,115.2600,115.3900,115.2600,115.3500,1500
9,115.4400,115.4400,115.4400,115.4400,100
10,115.4900,115.4900,115.4728,115.4728,600
11,115.5219,115.5600,115.5200,115.5200,513
12,115.5100,115.5500,115.5100,115.5500,1200
13,115.5400,115.5700,115.5000,115.5500,2053
15,115.5100,115.5100,115.5100,115.5100,100
16,115.5400,115.5400,115.4965,115.4965,274
17,115.4820,115.5400,115.4820,115.5200,400
18,115.5000,115.6000,115.5000,115.6000,900
19,115.5100,115.5500,115.4500,115.5000,1600
20,115.5000,115.5199,115.4300,115.4300,1000
22,115.5300,115.5400,115.5300,115.5400,500
23,115.5600,115.5600,115.5200,115.5200,200
24,115.5400,115.5400,115.5000,115.5300,546
25,115.5596,115.5596,115.5596,115.5596,100
29,115.5800,115.5800,115.5800,115.5800,100
31,115.5700,115.5700,115.5700,115.5700,100
32,115.5400,115.5400,115.4700,115.4700,897
33,115.5200,115.5300,115.4700,115.4700,1202
34,115.5000,115.5000,115.5000,115.5000,200
36,115.4650,115.5000,115.4650,115.4900,900
37,115.4800,115.5300,115.4500,115.5300,1500
38,115.5000,115.5000,115.5000,115.5000,100
39,115.5000,115.5000,115.5000,115.5000,100
40,115.4750,115.4800,115.4400,115.4700,900
41,115.4700,115.4900,115.4600,115.4900,500
42,115.5200,115.5200,115.5200,115.5200,300
43,115.5700,115.6200,115.5700,115.5900,800
44,115.5700,115.5700,115.5300,115.5550,1204
45,115.5800,115.5818,115.5800,115.5818,300
46,115.5781,115.6400,115.5781,115.6400,1653
47,115.6200,115.6399,115.5900,115.6399,1100
48,115.6200,115.6200,115.5700,115.5700,800
49,115.6000,115.6400,115.6000,115.6400,800
50,115.6500,115.6800,115.6500,115.6800,200
51,115.7000,115.7300,115.6800,115.7300,600
52,115.7400,115.7400,115.7400,115.7400,100
53,115.7100,115.7100,115.6700,115.6800,1300
54,115.6700,115.7000,115.6700,115.7000,4809
55,115.7000,115.7327,115.7000,115.7327,1429
56,115.7600,115.7600,115.6900,115.6900,1500
57,115.6700,115.6700,115.6700,115.6700,200
58,115.6962,115.6962,115.6800,115.6800,200
59,115.6800,115.6800,115.5800,115.5800,1900
60,115.5800,115.5900,115.5650,115.5650,400
61,115.5900,115.6100,115.5900,115.6100,715
62,115.5900,115.5900,115.5600,115.5900,1100
63,115.5900,115.6200,115.5900,115.6200,2857
64,115.6261,115.6261,115.6100,115.6100,320
65,115.6100,115.6700,115.5600,115.6700,3200
66,115.6400,115.6400,115.5500,115.5600,1501
67,115.6000,115.6000,115.5700,115.5700,500
68,115.5869,115.5869,115.5600,115.5600,609
70,115.5700,115.5734,115.5400,115.5400,600
71,115.5010,115.5080,115.5000,115.5000,600
72,115.5400,115.6250,115.5400,115.6250,1000
73,115.6400,115.6400,115.5900,115.5900,800
74,115.5785,115.5785,115.5600,115.5600,518
75,115.5254,115.5260,115.5254,115.5260,767
76,115.5000,115.5000,115.4900,115.5000,600
78,115.5200,115.5700,115.5200,115.5700,1119
79,115.6000,115.6000,115.5800,115.6000,600
80,115.6000,115.6000,115.6000,115.6000,200
81,115.5800,115.5800,115.5600,115.5600,500
82,115.5800,115.6000,115.5800,115.6000,801
84,115.6100,115.6100,115.5900,115.5900,417
85,115.5900,115.5900,115.5900,115.5900,100
86,115.6100,115.6100,115.5500,115.5500,900
87,115.5400,115.5500,115.5400,115.5500,200
90,115.5400,115.5500,115.5300,115.5400,1375
92,115.5200,115.5900,115.5200,115.5800,1505
93,115.6000,115.6000,115.6000,115.6000,100
94,115.5600,115.5750,115.5500,115.5500,700
95,115.5800,115.5864,115.5700,115.5800,526
96,115.5700,115.5700,115.5700,115.5700,105
97,115.5600,115.5600,115.5600,115.5600,400
98,115.5800,115.6000,115.5200,115.5200,2100
99,115.5100,115.5460,115.5100,115.5100,500
101,115.4950,115.5200,115.4800,115.4800,1600
102,115.4999,115.5300,115.4900,115.5200,1525
103,115.5300,115.5300,115.5300,115.5300,200
104,115.5200,115.5600,115.5200,115.5600,700
105,115.5600,115.5600,115.5401,115.5401,400
106,115.5300,115.5300,115.5000,115.5000,800
107,115.4600,115.4750,115.4400,115.4400,1000
108,115.4500,115.4500,115.4500,115.4500,351
109,115.4900,115.4900,115.4700,115.4700,500
110,115.4800,115.4900,115.4700,115.4700,500
112,115.4900,115.4900,115.4900,115.4900,100
113,115.4500,115.4500,115.4500,115.4500,100
114,115.4500,115.4500,115.4200,115.4200,300
115,115.4350,115.4700,115.4350,115.4400,1000
116,115.4900,115.4900,115.4200,115.4700,1000
117,115.4200,115.4200,115.4200,115.4200,100
119,115.4600,115.4600,115.4100,115.4100,1626
120,115.4200,115.4400,115.4000,115.4000,1305
121,115.4000,115.4200,115.3900,115.4200,400
122,115.3900,115.3900,115.3700,115.3700,906
124,115.3900,115.4200,115.3900,115.4100,1329
125,115.4100,115.4100,115.4000,115.4100,400
126,115.4100,115.4700,115.4100,115.4700,1566
127,115.4900,115.4900,115.4600,115.4897,939
128,115.4600,115.4600,115.4600,115.4600,200
129,115.4600,115.4700,115.4400,115.4500,1700
130,115.4900,115.5000,115.4800,115.4800,1100
131,115.5123,115.5123,115.4800,115.4800,360
132,115.5200,115.5200,115.4900,115.4900,200
133,115.5100,115.5100,115.4900,115.4900,206
135,115.5200,115.5300,115.5200,115.5300,400
136,115.5500,115.5700,115.5200,115.5700,300
137,115.5400,115.5600,115.5400,115.5600,400
138,115.5500,115.5550,115.5300,115.5300,1303
140,115.5400,115.5400,115.5400,115.5400,100
141,115.5400,115.5700,115.5400,115.5700,500
142,115.5600,115.5600,115.5100,115.5400,1900
143,115.5400,115.5400,115.5400,115.5400,300
144,115.5600,115.5600,115.5600,115.5600,100
145,115.5300,115.5300,115.5300,115.5300,600
146,115.5250,115.5250,115.5250,115.5250,800
147,115.5243,115.5400,115.5100,115.5400,1700
148,115.5400,115.5450,115.4500,115.4500,4456
149,115.4600,115.4800,115.4600,115.4800,400
150,115.4800,115.4900,115.4800,115.4900,300
151,115.4900,115.5000,115.4900,115.5000,200
152,115.4800,115.4800,115.4800,115.4800,100
153,115.4610,115.5000,115.4610,115.5000,630
154,115.4716,115.5050,115.4716,115.4900,1875
155,115.4900,115.5100,115.4800,115.5100,3906
156,115.5000,115.5090,115.4800,115.4800,1987
157,115.4700,115.4750,115.4700,115.4750,1000
158,115.4800,115.5100,115.4800,115.5000,400
159,115.5000,115.5100,115.4800,115.4900,2001
160,115.5100,115.5100,115.5100,115.5100,100
164,115.5100,115.5100,115.5100,115.5100,100
165,115.4800,115.4800,115.4700,115.4700,700
166,115.4500,115.4500,115.4500,115.4500,300
167,115.4600,115.4700,115.4400,115.4575,10600
168,115.4600,115.4700,115.4300,115.4300,3095
169,115.4600,115.4700,115.4600,115.4700,6021
170,115.4700,115.4800,115.4200,115.4200,10548
171,115.4400,115.5000,115.4400,115.5000,2779
172,115.4900,115.4900,115.4850,115.4850,400
174,115.5000,115.5400,115.5000,115.5400,500
175,115.5400,115.5400,115.5300,115.5400,400
176,115.5400,115.5400,115.5400,115.5400,100
177,115.5100,115.5100,115.4900,115.4900,700
178,115.4800,115.4800,115.4700,115.4700,300
179,115.5000,115.5000,115.5000,115.5000,200
180,115.5100,115.5200,115.5100,115.5200,400
181,115.5200,115.5200,115.5000,115.5000,400
182,115.4800,115.4900,115.4800,115.4800,966
184,115.4900,115.5000,115.4800,115.4800,927
185,115.5100,115.5200,115.5000,115.5050,601
186,115.5300,115.5300,115.5000,115.5000,805
188,115.4900,115.5150,115.4750,115.5150,1555
189,115.5300,115.5300,115.5300,115.5300,100
190,115.5100,115.5100,115.5000,115.5000,200
191,115.4800,115.4800,115.4800,115.4800,100
193,115.4700,115.4800,115.4600,115.4700,800
194,115.4600,115.4600,115.4400,115.4500,1408
195,115.4500,115.4500,115.4300,115.4300,1100
196,115.4100,115.4100,115.4100,115.4100,100
197,115.4200,115.4200,115.4000,115.4000,300
199,115.4000,115.4000,115.3900,115.3900,200
200,115.3900,115.3900,115.3700,115.3700,1500
201,115.3600,115.3600,115.3400,115.3400,300
202,115.3400,115.3600,115.3400,115.3600,609
203,115.3500,115.3500,115.3450,115.3450,1037
206,115.3300,115.3600,115.3300,115.3450,400
207,115.3600,115.3600,115.3500,115.3500,500
209,115.3400,115.3400,115.3250,115.3250,700
210,115.3200,115.3200,115.2600,115.2900,2550
211,115.3000,115.3200,115.2900,115.3200,879
212,115.3300,115.3300,115.3200,115.3200,500
214,115.3300,115.3300,115.3000,115.3300,700
215,115.3250,115.3250,115.3250,115.3250,200
216,115.3300,115.3500,115.3300,115.3500,689
218,115.3600,115.3600,115.3600,115.3600,100
219,115.3800,115.3800,115.3800,115.3800,100
221,115.3600,115.3700,115.2900,115.2900,2203
223,115.3200,115.3200,115.3200,115.3200,500
224,115.3200,115.3300,115.3200,115.3300,600
225,115.3600,115.3600,115.3600,115.3600,200
227,115.3300,115.3350,115.3300,115.3350,200
228,115.3500,115.3600,115.3500,115.3600,300
229,115.3550,115.3550,115.3550,115.3550,300
230,115.3550,115.3550,115.3300,115.3300,775
231,115.3400,115.3600,115.3400,115.3600,705
233,115.3500,115.3500,115.3400,115.3400,400
234,115.3400,115.4100,115.3400,115.4100,1200
235,115.3918,115.4200,115.3918,115.4200,400
236,115.4300,115.4600,115.4300,115.4600,400
237,115.4400,115.4400,115.4100,115.4250,1504
238,115.4100,115.4200,115.4100,115.4200,500
239,115.4100,115.4500,115.4100,115.4500,1300
240,115.4600,115.4800,115.4600,115.4600,1400
241,115.4400,115.4550,115.4400,115.4550,700
242,115.4350,115.4350,115.4100,115.4200,995
243,115.4200,115.4400,115.4200,115.4400,1510
245,115.4400,115.4700,115.4400,115.4700,700
246,115.4700,115.4700,115.4200,115.4600,1500
247,115.4350,115.4500,115.4350,115.4500,500
248,115.4400,115.4400,115.4400,115.4400,100
249,115.4500,115.4500,115.4300,115.4300,200
250,115.4400,115.4500,115.4400,115.4500,819
251,115.4400,115.4400,115.4400,115.4400,500
252,115.4500,115.4600,115.4500,115.4600,800
253,115.4500,115.4700,115.4200,115.4700,2308
254,115.4500,115.4600,115.4400,115.4600,613
255,115.4600,115.4600,115.4600,115.4600,300
256,115.4500,115.4800,115.4400,115.4750,1200
259,115.4500,115.4700,115.4500,115.4700,500
260,115.4800,115.4800,115.4400,115.4400,242
261,115.4800,115.5100,115.4800,115.5000,1000
262,115.4900,115.4900,115.4800,115.4800,660
263,115.4700,115.4900,115.4700,115.4900,900
264,115.5100,115.5200,115.5100,115.5200,200
266,115.4800,115.4800,115.4600,115.4600,502
267,115.5000,115.5000,115.5000,115.5000,200
268,115.5000,115.5100,115.5000,115.5100,1090
269,115.4950,115.5200,115.4950,115.5100,1242
270,115.5300,115.5300,115.4900,115.4900,1200
271,115.4900,115.4900,115.4900,115.4900,400
272,115.4900,115.5350,115.4900,115.5301,1522
273,115.5500,115.5500,115.5500,115.5500,300
275,115.5500,115.5700,115.5500,115.5700,1000
276,115.5500,115.5600,115.5300,115.5300,700
277,115.5000,115.5100,115.5000,115.5000,869
278,115.4800,115.4800,115.4800,115.4800,700
279,115.4700,115.4700,115.4600,115.4600,300
280,115.4600,115.4600,115.4450,115.4600,700
281,115.4600,115.4600,115.4500,115.4500,1434
282,115.4700,115.4800,115.4600,115.4800,900
283,115.4800,115.4800,115.4600,115.4800,500
285,115.4600,115.5000,115.4600,115.4700,700
286,115.5200,115.6000,115.5200,115.6000,1300
287,115.5800,115.6000,115.5700,115.5700,900
288,115.6000,115.6300,115.6000,115.6000,600
289,115.6300,115.6400,115.6200,115.6400,800
290,115.6500,115.6500,115.6000,115.6000,850
291,115.5700,115.5700,115.5300,115.5300,600
292,115.5200,115.5200,115.5200,115.5200,100
293,115.5500,115.6100,115.5500,115.6000,2100
294,115.5800,115.5800,115.5600,115.5600,500
295,115.5300,115.5300,115.5300,115.5300,200
297,115.4900,115.4900,115.4900,115.4900,100
298,115.4900,115.5400,115.4900,115.5300,830
299,115.5500,115.5500,115.5500,115.5500,100
300,115.5500,115.5500,115.5000,115.5000,1116
301,115.5000,115.5300,115.5000,115.5300,500
302,115.5500,115.5900,115.5500,115.5700,2078
303,115.5400,115.5400,115.4700,115.4847,2483
304,115.4700,115.5098,115.4700,115.4800,850
305,115.5000,115.5100,115.4800,115.4800,1675
306,115.5100,115.5100,115.4500,115.4500,1500
307,115.4500,115.4500,115.4300,115.4500,300
308,115.4300,115.4300,115.4300,115.4300,100
310,115.4500,115.4700,115.4200,115.4200,2216
311,115.4200,115.4200,115.4200,115.4200,226
312,115.4200,115.4400,115.4200,115.4400,500
313,115.4200,115.4200,115.3900,115.3900,400
314,115.3900,115.3900,115.3600,115.3600,500
315,115.3620,115.3620,115.3620,115.3620,100
316,115.3900,115.3900,115.3700,115.3900,1030
317,115.3600,115.3900,115.3600,115.3900,200
318,115.3900,115.4200,115.3800,115.4100,800
319,115.3700,115.3700,115.3400,115.3700,800
320,115.3700,115.3700,115.3400,115.3400,700
321,115.3400,115.3500,115.3300,115.3500,700
323,115.3500,115.3600,115.3400,115.3400,2650
325,115.3400,115.3400,115.3300,115.3300,400
326,115.3400,115.3400,115.3100,115.3200,1399
327,115.3100,115.3100,115.3000,115.3000,400
328,115.3200,115.3200,115.3200,115.3200,454
329,115.3300,115.3400,115.3200,115.3250,1000
330,115.3200,115.3300,115.3200,115.3300,1100
331,115.3400,115.3700,115.3400,115.3610,2170
332,115.3800,115.4100,115.3600,115.4000,1400
333,115.4030,115.4300,115.4000,115.4300,1115
334,115.4600,115.4800,115.4600,115.4800,500
335,115.4900,115.4900,115.4800,115.4800,500
336,115.4700,115.4700,115.4400,115.4400,2628
337,115.4600,115.5200,115.4600,115.5200,2100
338,115.5100,115.5300,115.4650,115.5300,2500
339,115.5400,115.5400,115.5200,115.5200,900
340,115.5100,115.5100,115.4900,115.4900,1400
341,115.4900,115.5100,115.4900,115.4950,314
342,115.4900,115.5100,115.4900,115.4946,1903
343,115.5200,115.5400,115.5200,115.5300,900
344,115.5400,115.5500,115.5350,115.5400,800
345,115.5600,115.5600,115.5450,115.5450,200
346,115.5600,115.5700,115.5600,115.5700,552
347,115.5700,115.6000,115.5700,115.6000,700
348,115.5798,115.5800,115.5600,115.5800,1262
349,115.5800,115.5800,115.5500,115.5500,1462
350,115.5500,115.5500,115.5200,115.5400,2504
351,115.5500,115.5500,115.5200,115.5300,3679
352,115.5300,115.5400,115.5200,115.5200,2228
353,115.5500,115.5500,115.5100,115.5100,4382
354,115.5400,115.5400,115.5100,115.5300,2765
355,115.5200,115.5300,115.5150,115.5300,1600
356,115.5300,115.5400,115.4900,115.5000,2200
357,115.5100,115.5200,115.5100,115.5100,856
358,115.5400,115.5400,115.5250,115.5300,800
359,115.5500,115.5500,115.5100,115.5100,600
360,115.5400,115.5400,115.5100,115.5200,1947
361,115.5300,115.5300,115.4600,115.4600,7378
362,115.4600,115.4600,115.4100,115.4600,5921
363,115.4600,115.4700,115.4200,115.4500,9420
364,115.4500,115.5000,115.4500,115.4850,4500
365,115.4900,115.4900,115.4300,115.4300,5279
366,115.4300,115.4300,115.4000,115.4000,9086
367,115.4100,115.4150,115.3800,115.3800,4944
368,115.3850,115.3850,115.3700,115.3700,1166
369,115.3800,115.3800,115.3700,115.3800,1701
370,115.3700,115.3900,115.3700,115.3900,1200
371,115.3900,115.4000,115.3700,115.4000,5770
372,115.4000,115.4100,115.3900,115.3900,1636
373,115.4050,115.4100,115.3900,115.4100,600
374,115.4100,115.5000,115.4000,115.4800,3022
375,115.5000,115.5300,115.4800,115.4990,5701
376,115.5300,115.5400,115.5300,115.5350,1149
377,115.5350,115.5400,115.5300,115.5300,300
378,115.5300,115.5300,115.4900,115.4900,4627
379,115.5000,115.5000,115.4300,115.4400,3190
380,115.4400,115.5500,115.4400,115.5500,3810
381,115.5300,115.5300,115.4800,115.4800,6300
382,115.4800,115.4800,115.4300,115.4400,4801
383,115.4300,115.4300,115.4050,115.4100,5651
384,115.4100,115.4200,115.4000,115.4100,5402
385,115.4100,115.4500,115.4100,115.4400,5153
386,115.4500,115.5000,115.4500,115.5000,6486
387,115.5000,115.5400,115.5000,115.5400,16483
388,115.5300,115.6200,115.5300,115.6000,26367
389,115.5950,115.5950,115.5200,115.5500,18019
390,115.5500,115.5700,115.4300,115.4400,36856