KR,Kroger Co.,Consumer Staples,2,Food Retail,27351302821,8756260
a149927220090,30.1100,30.1200,30.1000,30.1100,286243
1,30.0200,30.0400,29.9500,29.9500,7967
3,29.9100,29.9800,29.9000,29.9200,100155
4,29.9150,29.9200,29.8800,29.9200,8298
5,29.9150,29.9300,29.8500,29.9200,11298
6,29.9300,29.9400,29.8500,29.8500,11100
7,29.8550,29.8550,29.8000,29.8200,12741
8,29.8200,29.8700,29.7600,29.7600,16839
9,29.7650,29.7850,29.7300,29.7500,22736
10,29.7400,29.7400,29.7200,29.7300,22106
11,29.7400,29.7599,29.7400,29.7450,13600
12,29.7500,29.8000,29.7500,29.7850,13983
13,29.7850,29.7900,29.7200,29.7200,35059
14,29.7200,29.7600,29.6800,29.6850,44218
15,29.6850,29.7800,29.6850,29.7800,13879
16,29.7900,29.8100,29.7300,29.7900,158729
17,29.7900,29.7900,29.7700,29.7900,12038
18,29.7900,29.8250,29.7900,29.8210,20920
19,29.8300,29.8500,29.8210,29.8400,16615
20,29.8400,29.8550,29.8200,29.8465,12971
21,29.8450,29.8450,29.8210,29.8210,10110
22,29.8238,29.8290,29.8200,29.8250,3098
23,29.8250,29.8350,29.8250,29.8250,10078
24,29.8250,29.8250,29.8050,29.8200,11118
25,29.8150,29.8300,29.8150,29.8300,5682
26,29.8250,29.8500,29.8250,29.8400,3900
27,29.8400,29.8450,29.8100,29.8150,8615
28,29.8100,29.8200,29.8100,29.8133,2446
29,29.8150,29.8200,29.7950,29.7975,21148
30,29.7950,29.7950,29.7850,29.7850,5100
31,29.7850,29.7900,29.7800,29.7850,11820
32,29.7850,29.8250,29.7800,29.8200,11981
33,29.8276,29.8300,29.8000,29.8038,12302
34,29.8100,29.8400,29.8100,29.8325,9670
35,29.8350,29.8700,29.8300,29.8658,9359
36,29.8600,29.8600,29.8500,29.8550,2210
37,29.8600,29.9000,29.8600,29.8953,12342
38,29.9000,29.9200,29.9000,29.9050,11592
39,29.9100,29.9300,29.8900,29.8950,12598
40,29.8950,29.8950,29.8800,29.8800,3447
41,29.8800,29.9000,29.8600,29.8900,13166
42,29.8900,29.9000,29.8800,29.8900,8355
43,29.8900,29.9100,29.8900,29.9054,8008
44,29.9000,29.9050,29.8700,29.8800,15528
45,29.8800,29.8800,29.8700,29.8700,5600
46,29.8750,29.8773,29.8700,29.8722,1200
47,29.8800,29.8900,29.8750,29.8900,6300
48,29.8900,29.8900,29.8500,29.8700,11702
49,29.8700,29.8700,29.8300,29.8300,131041
50,29.8350,29.8500,29.8300,29.8450,9200
51,29.8600,29.8950,29.8550,29.8750,20809
52,29.8800,29.9200,29.8800,29.9025,77498
53,29.9000,29.9150,29.9000,29.9100,4829
54,29.9000,29.9050,29.8900,29.9050,2600
55,29.9000,29.9400,29.9000,29.9200,67303
56,29.9200,29.9200,29.8950,29.9000,19188
57,29.9000,29.9600,29.9000,29.9550,43214
58,29.9550,29.9550,29.9500,29.9550,900
59,29.9550,29.9550,29.9300,29.9400,17382
60,29.9500,29.9596,29.9400,29.9550,3050
61,29.9600,29.9650,29.9450,29.9550,22178
62,29.9500,29.9800,29.9500,29.9700,46620
63,29.9800,30.0100,29.9750,30.0100,23427
64,30.0100,30.0100,29.9900,29.9900,26063
65,30.0000,30.0000,29.9900,29.9950,2817
66,29.9900,30.0300,29.9900,30.0100,12994
67,30.0100,30.0200,30.0100,30.0150,3300
68,30.0200,30.0300,29.9900,30.0000,32944
69,29.9950,29.9950,29.9900,29.9950,1200
70,30.0000,30.0000,29.9947,30.0000,2540
71,30.0000,30.0000,29.9900,29.9950,3300
72,30.0000,30.0000,29.9900,30.0000,6000
73,29.9900,29.9950,29.9700,29.9800,15480
74,29.9800,29.9800,29.9700,29.9750,2838
75,29.9800,29.9900,29.9800,29.9900,4868
76,29.9900,30.0000,29.9850,30.0000,4710
77,29.9900,30.0000,29.9900,29.9950,8200
78,30.0000,30.0000,29.9900,30.0000,2700
79,30.0000,30.0100,29.9900,29.9900,15662
80,30.0000,30.0000,29.9900,29.9985,2450
81,30.0000,30.0000,29.9950,29.9950,2035
82,30.0000,30.0100,29.9900,29.9900,29471
83,29.9999,30.0000,29.9800,29.9800,6210
84,29.9800,29.9900,29.9800,29.9900,8641
85,30.0000,30.0000,29.9800,29.9800,5374
86,29.9800,29.9850,29.9700,29.9700,4089
87,29.9750,29.9900,29.9700,29.9900,6343
88,29.9900,29.9900,29.9700,29.9700,6646
89,29.9800,29.9800,29.9746,29.9800,2140
90,29.9747,29.9800,29.9700,29.9700,2275
91,29.9800,29.9900,29.9750,29.9850,14508
92,29.9850,29.9900,29.9800,29.9800,15990
93,29.9800,29.9850,29.9700,29.9850,5006
94,29.9900,29.9900,29.9833,29.9833,300
95,29.9899,29.9900,29.9700,29.9800,6703
96,29.9750,29.9800,29.9400,29.9500,28527
97,29.9500,29.9550,29.9500,29.9503,1400
98,29.9550,29.9550,29.9500,29.9550,1200
99,29.9550,29.9800,29.9550,29.9800,22715
100,29.9800,29.9900,29.9750,29.9850,4700
101,29.9900,29.9900,29.9800,29.9900,2100
102,29.9900,29.9900,29.9700,29.9750,23189
103,29.9800,29.9900,29.9700,29.9900,13515
104,29.9850,29.9900,29.9800,29.9850,5750
105,29.9850,29.9900,29.9850,29.9900,600
106,29.9900,29.9900,29.9800,29.9850,1800
107,29.9800,29.9900,29.9600,29.9600,15286
108,29.9650,29.9750,29.9650,29.9700,5894
109,29.9700,29.9900,29.9700,29.9900,8003
110,29.9900,29.9900,29.9832,29.9850,2665
111,29.9900,30.0100,29.9900,30.0100,27915
112,30.0100,30.0100,30.0000,30.0100,7260
113,30.0100,30.0100,30.0000,30.0000,2643
114,30.0000,30.0100,30.0000,30.0050,17385
115,30.0100,30.0100,30.0033,30.0100,1277
116,30.0000,30.0050,29.9900,30.0000,18484
117,30.0000,30.0100,29.9950,30.0100,14265
118,30.0100,30.0100,30.0000,30.0050,35551
119,30.0050,30.0100,30.0000,30.0100,12787
120,30.0028,30.0100,30.0000,30.0100,27716
121,30.0100,30.0100,30.0000,30.0050,14112
122,30.0100,30.0300,29.9950,30.0300,52310
123,30.0300,30.0300,30.0233,30.0300,5150
124,30.0250,30.0300,30.0200,30.0300,13111
125,30.0250,30.0300,30.0200,30.0250,17100
126,30.0300,30.0300,30.0200,30.0300,14150
127,30.0250,30.0300,30.0200,30.0250,18520
128,30.0300,30.0300,30.0250,30.0300,9800
129,30.0300,30.0300,30.0100,30.0150,15733
130,30.0200,30.0200,30.0140,30.0200,2593
131,30.0200,30.0200,30.0100,30.0100,2725
132,30.0200,30.0200,30.0100,30.0200,12300
133,30.0100,30.0200,30.0000,30.0050,62042
134,30.0050,30.0100,30.0000,30.0050,1700
135,30.0009,30.0100,30.0000,30.0050,6265
136,30.0000,30.0050,29.9900,29.9900,7982
137,29.9950,30.0100,29.9900,30.0050,23575
138,30.0100,30.0100,30.0000,30.0050,15613
139,30.0050,30.0050,30.0050,30.0050,800
140,30.0100,30.0100,30.0000,30.0100,2339
141,30.0057,30.0100,30.0050,30.0100,31828
142,30.0050,30.0100,30.0050,30.0100,1983
143,30.0100,30.0100,30.0050,30.0100,1600
144,30.0100,30.0100,30.0035,30.0050,10017
145,30.0100,30.0100,30.0000,30.0050,2272
146,30.0100,30.0100,30.0010,30.0050,2730
147,30.0000,30.0100,30.0000,30.0100,2207
148,30.0100,30.0100,29.9950,30.0040,50243
149,30.0010,30.0100,30.0010,30.0049,1049
150,30.0050,30.0100,30.0001,30.0001,30894
151,30.0050,30.0050,30.0050,30.0050,500
152,30.0100,30.0100,30.0025,30.0100,30099
153,30.0100,30.0350,30.0050,30.0300,18048
154,30.0400,30.0600,30.0400,30.0600,9797
155,30.0650,30.0800,30.0620,30.0800,6836
156,30.0750,30.0900,30.0700,30.0850,11448
157,30.0850,30.0900,30.0800,30.0847,2143
158,30.0850,30.0900,30.0850,30.0900,3500
159,30.0850,30.0900,30.0850,30.0850,2400
160,30.0900,30.0900,30.0800,30.0900,4561
161,30.0800,30.0900,30.0800,30.0850,2105
162,30.0800,30.0900,30.0800,30.0800,3177
163,30.0900,30.0900,30.0700,30.0750,10324
164,30.0700,30.0800,30.0700,30.0759,1965
165,30.0700,30.0800,30.0700,30.0749,10639
166,30.0800,30.0800,30.0700,30.0800,6021
167,30.0800,30.0800,30.0600,30.0600,16517
168,30.0650,30.0650,30.0500,30.0500,11899
169,30.0500,30.0550,30.0300,30.0450,17142
170,30.0450,30.0500,30.0401,30.0401,4976
171,30.0450,30.0600,30.0450,30.0550,24467
172,30.0550,30.0600,30.0500,30.0500,4012
173,30.0550,30.0600,30.0500,30.0546,16701
174,30.0550,30.0600,30.0500,30.0600,7735
175,30.0500,30.0600,30.0350,30.0450,34949
176,30.0450,30.0500,30.0200,30.0200,16145
177,30.0252,30.0275,30.0200,30.0200,11807
178,30.0200,30.0250,30.0000,30.0000,22371
179,30.0000,30.0050,30.0000,30.0000,10249
180,30.0015,30.0100,29.9850,29.9850,25883
181,29.9850,29.9900,29.9800,29.9850,14552
182,29.9850,29.9900,29.9800,29.9800,6600
183,29.9850,30.0100,29.9850,30.0050,24979
184,30.0050,30.0100,29.9900,29.9950,23161
185,29.9950,30.0000,29.9950,29.9975,7905
186,29.9950,30.0000,29.9950,29.9950,4611
187,30.0000,30.0000,29.9950,30.0000,41619
188,30.0000,30.0200,30.0000,30.0150,19291
189,30.0100,30.0200,30.0100,30.0100,3193
190,30.0200,30.0300,30.0100,30.0250,12906
191,30.0250,30.0300,30.0200,30.0250,6010
192,30.0200,30.0300,30.0200,30.0200,2733
193,30.0300,30.0300,30.0100,30.0150,13010
194,30.0175,30.0175,30.0100,30.0150,3010
195,30.0100,30.0200,30.0100,30.0150,4746
196,30.0150,30.0200,30.0100,30.0150,9199
197,30.0150,30.0200,30.0100,30.0150,3400
198,30.0200,30.0200,30.0100,30.0200,11892
199,30.0200,30.0400,30.0200,30.0350,25964
200,30.0350,30.0400,30.0338,30.0338,4270
201,30.0350,30.0400,30.0300,30.0375,3600
202,30.0400,30.0400,30.0200,30.0250,25514
203,30.0250,30.0300,30.0200,30.0250,2017
204,30.0250,30.0358,30.0200,30.0300,10326
205,30.0400,30.0450,30.0350,30.0400,10104
206,30.0400,30.0450,30.0400,30.0450,300
207,30.0500,30.0500,30.0400,30.0400,2608
208,30.0400,30.0500,30.0400,30.0400,1300
209,30.0450,30.0500,30.0300,30.0300,7998
210,30.0300,30.0500,30.0200,30.0400,19196
211,30.0500,30.0600,30.0450,30.0500,8432
212,30.0550,30.0764,30.0500,30.0764,24322
213,30.0800,30.0800,30.0700,30.0700,4239
214,30.0750,30.0800,30.0700,30.0700,4189
215,30.0700,30.0750,30.0600,30.0600,11599
216,30.0700,30.0700,30.0600,30.0600,1700
217,30.0645,30.0700,30.0500,30.0550,8499
218,30.0500,30.0600,30.0500,30.0500,3138
219,30.0600,30.0650,30.0500,30.0650,24900
220,30.0650,30.0700,30.0600,30.0600,2000
221,30.0600,30.0625,30.0500,30.0500,5706
222,30.0500,30.0550,30.0500,30.0500,1500
223,30.0500,30.0575,30.0475,30.0500,17427
224,30.0500,30.0625,30.0500,30.0600,26349
225,30.0600,30.0700,30.0500,30.0500,15400
226,30.0500,30.0550,30.0500,30.0550,1299
227,30.0550,30.0600,30.0500,30.0600,6685
228,30.0600,30.0700,30.0500,30.0500,11406
229,30.0500,30.0500,30.0500,30.0500,300
230,30.0500,30.0500,30.0500,30.0500,100
231,30.0500,30.0600,30.0500,30.0500,3150
232,30.0600,30.0600,30.0500,30.0500,18841
233,30.0500,30.0600,30.0500,30.0500,9347
234,30.0500,30.0550,30.0500,30.0500,300
235,30.0600,30.0650,30.0500,30.0600,14058
236,30.0500,30.0750,30.0500,30.0750,16717
237,30.0700,30.0800,30.0600,30.0600,12204
238,30.0700,30.0700,30.0600,30.0600,2500
239,30.0600,30.0700,30.0600,30.0600,3400
240,30.0650,30.0700,30.0600,30.0600,2166
241,30.0650,30.0650,30.0600,30.0650,3900
242,30.0600,30.0700,30.0400,30.0500,61800
243,30.0500,30.0557,30.0500,30.0500,3231
244,30.0500,30.0550,30.0500,30.0500,2100
245,30.0500,30.0600,30.0500,30.0550,1400
246,30.0500,30.0550,30.0450,30.0500,15691
247,30.0500,30.0561,30.0450,30.0500,7761
248,30.0500,30.0554,30.0500,30.0500,1559
249,30.0500,30.0600,30.0500,30.0550,2600
250,30.0550,30.0600,30.0500,30.0500,3500
251,30.0500,30.0600,30.0500,30.0510,1993
252,30.0600,30.0600,30.0500,30.0500,2900
253,30.0550,30.0600,30.0500,30.0600,2326
254,30.0550,30.0600,30.0500,30.0500,2700
255,30.0500,30.0600,30.0500,30.0501,6843
256,30.0550,30.0600,30.0500,30.0500,3314
257,30.0500,30.0600,30.0400,30.0400,26533
258,30.0400,30.0466,30.0400,30.0400,8314
259,30.0500,30.0500,30.0400,30.0400,13250
260,30.0400,30.0500,30.0300,30.0451,57495
261,30.0400,30.0450,30.0400,30.0450,1084
262,30.0450,30.0450,30.0400,30.0400,700
263,30.0500,30.0700,30.0450,30.0666,29789
264,30.0700,30.0700,30.0600,30.0600,4588
265,30.0600,30.0700,30.0600,30.0600,2000
266,30.0600,30.0650,30.0500,30.0500,10215
267,30.0600,30.0750,30.0550,30.0750,17036
268,30.0700,30.0750,30.0700,30.0700,3716
269,30.0700,30.0750,30.0600,30.0600,11630
270,30.0600,30.0700,30.0600,30.0600,5632
271,30.0650,30.0700,30.0600,30.0600,2649
272,30.0600,30.0700,30.0500,30.0700,41300
273,30.0800,30.0890,30.0700,30.0890,11400
274,30.0850,30.0900,30.0800,30.0800,1100
275,30.0850,30.0900,30.0800,30.0800,2726
276,30.0800,30.0900,30.0600,30.0600,18100
277,30.0600,30.0650,30.0500,30.0500,6800
278,30.0500,30.0600,30.0500,30.0500,5300
279,30.0500,30.0550,30.0400,30.0550,11157
280,30.0500,30.0600,30.0500,30.0500,4516
281,30.0500,30.0600,30.0500,30.0550,6961
282,30.0500,30.0600,30.0500,30.0550,1680
283,30.0600,30.0600,30.0500,30.0550,4900
284,30.0550,30.0600,30.0500,30.0550,7200
285,30.0550,30.0600,30.0500,30.0600,4600
286,30.0600,30.0700,30.0550,30.0700,31813
287,30.0642,30.0700,30.0600,30.0650,3801
288,30.0650,30.0700,30.0600,30.0650,3888
289,30.0650,30.0700,30.0600,30.0650,4020
290,30.0650,30.0700,30.0600,30.0600,11658
291,30.0700,30.0700,30.0600,30.0600,7974
292,30.0650,30.0700,30.0600,30.0650,6525
293,30.0650,30.0700,30.0600,30.0700,6300
294,30.0650,30.0700,30.0600,30.0650,9565
295,30.0650,30.0700,30.0600,30.0700,4551
296,30.0700,30.0700,30.0600,30.0700,6312
297,30.0650,30.0800,30.0600,30.0750,21276
298,30.0750,30.0900,30.0700,30.0850,15661
299,30.0850,30.0900,30.0850,30.0899,3600
300,30.0900,30.0900,30.0800,30.0850,4544
301,30.0850,30.0900,30.0800,30.0900,6811
302,30.0850,30.1000,30.0800,30.0950,20453
303,30.0900,30.1000,30.0900,30.0950,6623
304,30.0950,30.0950,30.0900,30.0900,1500
305,30.0950,30.1000,30.0900,30.0900,3616
306,30.0950,30.0950,30.0900,30.0950,2600
307,30.0950,30.1100,30.0900,30.1050,31509
308,30.1000,30.1100,30.1000,30.1099,600
309,30.1050,30.1050,30.1000,30.1050,3618
310,30.1087,30.1100,30.1050,30.1050,11900
311,30.1050,30.1100,30.1000,30.1050,17596
312,30.1100,30.1600,30.1050,30.1550,26887
313,30.1600,30.1600,30.1500,30.1500,9002
314,30.1500,30.1500,30.1400,30.1500,11744
315,30.1500,30.1550,30.1450,30.1500,11151
316,30.1500,30.1600,30.1500,30.1550,3623
317,30.1600,30.1600,30.1500,30.1500,3200
318,30.1600,30.1700,30.1550,30.1650,7500
319,30.1650,30.1700,30.1600,30.1650,3688
320,30.1650,30.1700,30.1500,30.1500,14463
321,30.1500,30.1550,30.1500,30.1500,1900
322,30.1500,30.1553,30.1350,30.1350,12925
323,30.1350,30.1400,30.1300,30.1350,11610
324,30.1350,30.1500,30.1350,30.1500,4646
325,30.1450,30.1500,30.1400,30.1450,2200
326,30.1450,30.1500,30.1400,30.1400,4448
327,30.1450,30.1450,30.1400,30.1400,3416
328,30.1400,30.1400,30.1200,30.1200,17489
329,30.1250,30.1250,30.1200,30.1250,3202
330,30.1250,30.1300,30.1200,30.1250,4266
331,30.1250,30.1250,30.1200,30.1250,2551
332,30.1250,30.1400,30.1200,30.1350,19196
333,30.1310,30.1450,30.1300,30.1450,14639
334,30.1450,30.1500,30.1447,30.1450,2605
335,30.1500,30.1500,30.1400,30.1450,4025
336,30.1450,30.1500,30.1400,30.1450,1800
337,30.1450,30.1550,30.1200,30.1200,61721
338,30.1200,30.1250,30.1100,30.1100,6718
339,30.1100,30.1300,30.1100,30.1250,12251
340,30.1250,30.1250,30.1250,30.1250,2800
341,30.1250,30.1300,30.1200,30.1250,11842
342,30.1250,30.1300,30.1200,30.1300,15779
343,30.1250,30.1300,30.1000,30.1050,55216
344,30.1100,30.1150,30.1000,30.1150,22661
345,30.1150,30.1150,30.1000,30.1090,9422
346,30.1050,30.1100,30.1000,30.1050,11497
347,30.1050,30.1150,30.1000,30.1100,17768
348,30.1100,30.1300,30.1100,30.1300,16194
349,30.1300,30.1300,30.1200,30.1250,3836
350,30.1250,30.1300,30.1200,30.1300,6207
351,30.1250,30.1400,30.1200,30.1350,19044
352,30.1400,30.1400,30.1300,30.1400,5500
353,30.1400,30.1400,30.1300,30.1350,13318
354,30.1400,30.1500,30.1300,30.1450,19276
355,30.1450,30.1500,30.1400,30.1425,7937
356,30.1450,30.1500,30.1400,30.1450,7824
357,30.1450,30.1450,30.1200,30.1290,35649
358,30.1200,30.1275,30.1200,30.1200,4140
359,30.1200,30.1275,30.1200,30.1200,5539
360,30.1200,30.1300,30.1200,30.1200,9300
361,30.1200,30.1275,30.1200,30.1250,9500
362,30.1250,30.1250,30.1100,30.1150,22633
363,30.1150,30.1200,30.1100,30.1100,25650
364,30.1100,30.1150,30.1050,30.1100,35267
365,30.1100,30.1150,30.1000,30.1050,29200
366,30.1050,30.1200,30.1050,30.1100,79339
367,30.1100,30.1250,30.1100,30.1200,29588
368,30.1150,30.1200,30.1100,30.1150,9457
369,30.1150,30.1285,30.1100,30.1285,74100
370,30.1250,30.1300,30.1200,30.1250,22594
371,30.1250,30.1250,30.1100,30.1150,26522
372,30.1150,30.1200,30.1100,30.1200,4049
373,30.1200,30.1200,30.1100,30.1100,14455
374,30.1150,30.1200,30.0900,30.0950,73732
375,30.0900,30.1100,30.0900,30.1000,51515
376,30.1050,30.1200,30.1000,30.1150,13301
377,30.1200,30.1200,30.1000,30.1000,44571
378,30.1000,30.1100,30.1000,30.1100,8827
379,30.1050,30.1100,30.1000,30.1050,14861
380,30.1050,30.1100,30.1000,30.1100,21480
381,30.1100,30.1200,30.1050,30.1200,51599
382,30.1150,30.1200,30.1100,30.1150,24885
383,30.1150,30.1200,30.1100,30.1150,29606
384,30.1150,30.1200,30.1100,30.1200,28577
385,30.1150,30.1200,30.1100,30.1200,43041
386,30.1150,30.1200,30.1100,30.1100,43642
387,30.1200,30.1200,30.1100,30.1100,67319
388,30.1100,30.1200,30.0800,30.1050,139553
389,30.1000,30.1100,30.0900,30.0950,90482
390,30.0950,30.1000,30.0800,30.0800,108559