LNC,Lincoln National,Financials,4,Multi-line Insurance,14333102954,1526169
a149927220087,65.8200,65.8200,65.7500,65.7700,24385
388,65.7600,65.7700,65.7100,65.7100,30050
389,65.7050,65.7300,65.6700,65.7200,32117
390,65.7300,65.7900,65.7000,65.7800,36909
0,65.9000,66.4900,65.9000,66.4800,9856
1,66.5000,66.5000,65.8400,65.8400,290
2,65.8500,65.8600,65.8500,65.8600,200
3,65.8600,65.8600,65.5100,65.5100,1794
4,65.6500,65.7700,65.5700,65.7700,2792
5,65.7700,65.8600,65.7300,65.8500,1200
6,65.7900,65.9200,65.7700,65.9100,3200
7,65.9000,65.9000,65.8400,65.8500,925
8,65.9000,65.9000,65.9000,65.9000,100
9,65.8100,65.8100,65.7100,65.7100,1100
10,65.6700,65.6700,65.6500,65.6500,200
11,65.6200,65.6200,65.5600,65.5600,2052
12,65.5600,65.5900,65.5600,65.5600,400
13,65.6100,65.6700,65.5900,65.6700,3100
14,65.7200,65.7600,65.7200,65.7500,600
15,65.7100,65.7300,65.6400,65.7300,2400
16,65.7500,65.7800,65.7000,65.7000,1301
17,65.6800,65.6800,65.6000,65.6100,26100
18,65.6300,65.7100,65.6200,65.6450,7800
19,65.6200,65.6300,65.5800,65.6300,1900
20,65.6100,65.6200,65.5600,65.6000,3100
21,65.6000,65.6500,65.5800,65.6100,3350
22,65.6100,65.6100,65.5000,65.5000,2586
23,65.4900,65.5400,65.4600,65.5400,2850
24,65.5200,65.6400,65.5200,65.6400,1900
25,65.6300,65.6400,65.6200,65.6400,700
26,65.6400,65.6900,65.6200,65.6500,3000
27,65.6500,65.6500,65.6100,65.6300,800
28,65.6300,65.7600,65.6300,65.7600,1600
29,65.7400,65.7700,65.7200,65.7700,1900
31,65.7400,65.8700,65.7000,65.8700,2000
32,65.8700,65.9000,65.8200,65.8800,1900
33,65.9100,65.9400,65.8900,65.9400,400
34,65.9400,66.0000,65.8900,65.9200,8200
35,65.9200,65.9600,65.9000,65.9100,2400
36,65.9100,65.9100,65.8200,65.8200,3693
37,65.8100,65.8500,65.7900,65.8200,3899
38,65.8500,65.9650,65.8500,65.9650,4200
39,65.9400,65.9400,65.9400,65.9400,150
41,65.9800,66.0100,65.9600,65.9800,2800
42,65.9800,66.0500,65.9800,66.0000,1550
43,65.9900,66.0000,65.9500,65.9800,3701
44,65.9900,66.0100,65.9600,66.0100,2600
45,66.0000,66.0400,66.0000,66.0100,4300
46,66.0100,66.0290,65.9700,66.0290,4873
47,66.0250,66.0700,66.0200,66.0600,2197
48,66.0550,66.1000,66.0550,66.1000,1900
49,66.1100,66.1100,66.0800,66.1000,1200
50,66.0500,66.0500,66.0300,66.0300,400
51,66.0300,66.0300,65.9400,65.9700,3911
52,65.9600,65.9800,65.9200,65.9800,2674
53,65.9700,66.0000,65.9500,65.9700,3197
54,65.9700,65.9700,65.9600,65.9700,300
55,65.9500,65.9890,65.8800,65.9890,3700
56,65.9900,66.0300,65.9800,65.9800,5440
57,66.0100,66.0100,65.9650,65.9900,2500
58,66.0000,66.0000,65.9600,65.9600,3750
59,65.9600,65.9600,65.9450,65.9450,400
60,65.9600,65.9600,65.8900,65.8900,900
61,65.9200,65.9500,65.9000,65.9000,900
62,65.8900,65.9000,65.8800,65.9000,1300
63,65.9200,65.9400,65.9100,65.9400,1000
64,65.9400,65.9400,65.9200,65.9200,300
65,65.9600,65.9600,65.9400,65.9400,200
66,65.9400,65.9900,65.9300,65.9700,1500
67,65.9600,65.9686,65.9150,65.9150,3591
68,65.9100,65.9300,65.8900,65.9000,2767
69,65.9100,65.9100,65.8500,65.8900,900
70,65.9100,65.9100,65.8800,65.8800,400
71,65.9000,65.9100,65.9000,65.9100,200
72,65.9050,65.9300,65.9050,65.9300,4516
73,65.9500,65.9900,65.9400,65.9900,12700
74,66.0000,66.0100,65.9700,65.9950,7150
75,65.9800,66.0400,65.9700,66.0300,2100
76,66.0200,66.0200,65.9900,66.0000,8399
77,65.9800,66.0100,65.9500,65.9700,4749
78,65.9850,65.9850,65.9400,65.9500,5900
79,65.9500,65.9600,65.9400,65.9500,1400
80,65.9350,65.9400,65.9200,65.9250,2700
81,65.9200,65.9200,65.8900,65.8900,600
82,65.9100,65.9100,65.9000,65.9000,300
83,65.9000,65.9100,65.8900,65.9000,1700
84,65.9100,65.9300,65.9100,65.9290,900
85,65.9200,65.9200,65.9000,65.9050,1200
86,65.9100,65.9100,65.8600,65.8700,2108
87,65.8600,65.8600,65.8300,65.8300,400
88,65.8400,65.8850,65.8400,65.8400,3364
89,65.8500,65.9000,65.8500,65.8600,2800
90,65.8450,65.8500,65.8350,65.8350,2200
91,65.8200,65.8400,65.7200,65.7300,3600
92,65.7200,65.7800,65.7100,65.7500,6500
93,65.7400,65.7600,65.7200,65.7400,3400
94,65.7300,65.7300,65.6700,65.6700,6000
95,65.6700,65.6700,65.5200,65.5200,8203
96,65.5100,65.5500,65.4600,65.4800,14928
97,65.5400,65.5800,65.5200,65.5400,9839
98,65.5600,65.6000,65.5300,65.5550,8351
99,65.5600,65.5850,65.4600,65.5150,19513
100,65.5150,65.5900,65.5150,65.5800,5000
101,65.5800,65.6572,65.5700,65.6500,9469
102,65.6300,65.6500,65.5500,65.5500,11806
103,65.5500,65.5500,65.4500,65.5000,17502
104,65.5200,65.5700,65.5150,65.5600,3400
105,65.5600,65.6500,65.5500,65.6100,7200
106,65.5850,65.6200,65.5800,65.6100,2300
107,65.6400,65.6400,65.6000,65.6000,2614
108,65.5900,65.5900,65.5400,65.5700,8151
109,65.5700,65.6000,65.5700,65.6000,400
110,65.5900,65.5900,65.5600,65.5700,1000
111,65.5700,65.5700,65.5300,65.5500,3600
112,65.5600,65.5900,65.5300,65.5750,4500
113,65.5800,65.6100,65.5500,65.5650,3808
114,65.5600,65.5900,65.5350,65.5500,2850
115,65.5600,65.5600,65.5300,65.5300,600
116,65.5100,65.5100,65.4600,65.4600,16248
117,65.4700,65.5500,65.4700,65.5500,4600
118,65.5400,65.5400,65.4600,65.4978,4678
119,65.5100,65.5150,65.4850,65.5000,3184
120,65.4700,65.5000,65.4500,65.4500,830
121,65.4700,65.5000,65.4400,65.4900,1891
122,65.4900,65.4900,65.4050,65.4200,3900
123,65.4300,65.4500,65.4200,65.4500,1700
124,65.4300,65.4500,65.4000,65.4000,2352
125,65.4000,65.4000,65.3400,65.3400,2700
126,65.3400,65.4000,65.3400,65.3600,3600
127,65.3900,65.3900,65.3100,65.3400,8076
128,65.3500,65.3500,65.2800,65.3050,9140
129,65.2800,65.3200,65.2100,65.2100,9250
130,65.2100,65.3200,65.1800,65.3200,20404
131,65.3200,65.3200,65.3000,65.3150,2200
132,65.3100,65.3100,65.2700,65.2900,3000
133,65.2750,65.3400,65.2750,65.3400,2990
134,65.3300,65.3400,65.3100,65.3350,800
135,65.3200,65.3200,65.2600,65.2600,1300
136,65.2750,65.2750,65.2240,65.2240,1600
137,65.2600,65.2600,65.2350,65.2500,2600
138,65.2300,65.2300,65.2200,65.2200,800
139,65.2200,65.2500,65.2100,65.2500,2085
140,65.2450,65.2450,65.2000,65.2300,2311
141,65.2300,65.2700,65.2300,65.2700,984
142,65.2700,65.2700,65.2499,65.2499,2000
143,65.2400,65.2400,65.2200,65.2200,544
144,65.1900,65.2500,65.1900,65.2500,1400
145,65.2600,65.2900,65.2450,65.2800,1800
146,65.2700,65.2700,65.2400,65.2400,400
147,65.2450,65.2450,65.2272,65.2272,1200
148,65.2600,65.2800,65.2400,65.2600,3830
149,65.2600,65.2910,65.2600,65.2900,4506
150,65.2800,65.3100,65.2701,65.2800,6364
151,65.2700,65.3500,65.2500,65.3300,7557
152,65.3300,65.3500,65.3200,65.3400,1841
153,65.3400,65.3800,65.3400,65.3600,3102
154,65.3799,65.3799,65.3500,65.3500,2200
155,65.3500,65.4200,65.3500,65.3750,5385
156,65.3900,65.4000,65.3500,65.3500,3285
157,65.3700,65.3900,65.3500,65.3500,1863
158,65.3706,65.3706,65.3500,65.3500,450
159,65.3400,65.3600,65.3300,65.3400,1691
160,65.3300,65.3300,65.3000,65.3100,3402
161,65.3100,65.3100,65.2600,65.2600,2000
162,65.2500,65.2700,65.2497,65.2700,758
163,65.2700,65.2700,65.2400,65.2500,800
164,65.2700,65.2700,65.2500,65.2500,400
165,65.2500,65.2500,65.2200,65.2400,1500
166,65.2500,65.2500,65.2200,65.2250,600
167,65.2250,65.2300,65.1900,65.1900,2000
168,65.2100,65.2200,65.2000,65.2000,900
169,65.1700,65.1900,65.1700,65.1800,1200
170,65.1900,65.1950,65.1900,65.1950,1400
171,65.1950,65.2500,65.1950,65.2500,3700
173,65.2400,65.2600,65.2200,65.2600,1100
174,65.2600,65.2600,65.2250,65.2500,2900
175,65.2520,65.2800,65.2520,65.2800,700
176,65.2650,65.3000,65.2600,65.3000,1200
177,65.3000,65.3000,65.2700,65.2700,800
178,65.2800,65.2800,65.2500,65.2500,1300
179,65.2200,65.2600,65.2100,65.2600,1450
180,65.2600,65.2600,65.2500,65.2500,600
181,65.2400,65.2900,65.2400,65.2900,1100
182,65.2800,65.2800,65.2600,65.2600,1000
183,65.2500,65.3000,65.2400,65.2900,7600
184,65.2900,65.3000,65.2800,65.2800,3521
185,65.2800,65.2800,65.2400,65.2400,2225
186,65.2400,65.2400,65.2400,65.2400,200
187,65.2450,65.2450,65.2358,65.2400,1100
188,65.2400,65.2500,65.2100,65.2300,3205
189,65.2250,65.2250,65.2100,65.2100,700
190,65.2200,65.2200,65.2000,65.2000,400
191,65.2000,65.2000,65.1900,65.1900,412
192,65.1600,65.1700,65.1600,65.1700,500
193,65.1500,65.1800,65.1500,65.1800,1800
194,65.1750,65.1750,65.1600,65.1600,1000
195,65.1600,65.1600,65.1200,65.1300,1200
196,65.1500,65.1500,65.1200,65.1400,5462
197,65.1500,65.1500,65.0900,65.1100,3168
198,65.1100,65.1100,65.0500,65.0800,2313
199,65.0800,65.1000,65.0800,65.1000,1300
200,65.1200,65.1500,65.1200,65.1400,1788
201,65.1400,65.1600,65.1400,65.1400,1495
202,65.1400,65.1500,65.1300,65.1400,1500
203,65.1400,65.1400,65.1300,65.1300,545
204,65.1500,65.1900,65.1400,65.1900,1000
205,65.2000,65.2000,65.1700,65.1700,1639
206,65.1600,65.1900,65.1600,65.1900,900
207,65.2000,65.2000,65.1900,65.1950,400
208,65.2100,65.2100,65.1800,65.1800,2100
209,65.1700,65.2100,65.1700,65.1800,2600
210,65.1700,65.1900,65.1600,65.1900,1100
211,65.1950,65.1950,65.1900,65.1900,450
212,65.1900,65.2100,65.1800,65.2050,2600
213,65.2200,65.2300,65.2000,65.2150,2400
214,65.2100,65.2200,65.2000,65.2000,900
215,65.2100,65.2300,65.2000,65.2200,3041
216,65.2300,65.2600,65.2300,65.2300,1848
217,65.2300,65.2390,65.1900,65.1900,1500
218,65.2100,65.2200,65.1900,65.2200,1500
219,65.2100,65.2500,65.1900,65.2500,3400
220,65.2200,65.2200,65.2000,65.2100,889
221,65.2100,65.2200,65.2000,65.2200,1029
222,65.2000,65.2100,65.1900,65.1980,2066
224,65.2000,65.2100,65.2000,65.2000,800
225,65.2100,65.2100,65.1700,65.1900,3350
226,65.1980,65.1980,65.1800,65.1800,400
227,65.1850,65.2000,65.1700,65.1700,3596
228,65.1600,65.1600,65.1300,65.1400,1400
229,65.1200,65.1200,65.1200,65.1200,500
230,65.1100,65.1100,65.0900,65.0900,400
231,65.0900,65.0900,65.0700,65.0800,1300
232,65.0900,65.1100,65.0800,65.0800,1700
233,65.0700,65.0800,65.0700,65.0800,700
234,65.0700,65.0800,65.0700,65.0700,450
235,65.0700,65.0800,65.0700,65.0800,300
236,65.0700,65.0700,65.0600,65.0600,300
237,65.0600,65.0700,65.0500,65.0700,1707
238,65.0500,65.0500,65.0500,65.0500,100
239,65.0500,65.0700,65.0400,65.0650,2286
240,65.0650,65.0700,65.0600,65.0700,739
241,65.0500,65.0600,65.0300,65.0300,967
242,65.0500,65.0500,64.9900,64.9900,2517
243,65.0000,65.0200,65.0000,65.0100,1200
244,64.9900,64.9900,64.9700,64.9900,1560
245,65.0000,65.0100,64.9900,64.9950,1505
247,64.9900,64.9950,64.9700,64.9800,1656
248,64.9900,64.9900,64.9900,64.9900,100
249,64.9800,64.9900,64.9600,64.9800,3300
250,64.9900,65.0000,64.9900,65.0000,600
251,65.0100,65.0100,64.9633,64.9800,2999
252,64.9900,64.9900,64.9600,64.9600,4422
253,64.9650,64.9800,64.9500,64.9600,4100
254,64.9700,65.0100,64.9700,64.9900,1200
255,65.0200,65.0200,65.0000,65.0050,400
256,64.9900,65.0100,64.9900,64.9900,400
257,65.0200,65.0200,65.0200,65.0200,100
258,65.0200,65.0300,65.0100,65.0100,1001
259,65.0300,65.0300,64.9900,64.9900,2300
260,65.0000,65.0000,64.9800,64.9800,1900
261,64.9500,64.9700,64.9500,64.9700,400
262,64.9900,64.9900,64.9500,64.9750,2753
263,64.9800,65.0400,64.9800,65.0100,2400
264,65.0200,65.0200,64.9800,64.9800,400
265,64.9800,64.9900,64.9700,64.9700,1400
266,64.9500,64.9700,64.9400,64.9600,1232
267,64.9700,64.9700,64.9700,64.9700,200
268,64.9800,65.0000,64.9700,65.0000,704
269,65.0000,65.0000,64.9800,65.0000,2418
270,64.9850,65.0000,64.9700,64.9700,500
271,64.9900,65.0000,64.9750,65.0000,1400
272,65.0000,65.0100,64.9900,65.0100,875
273,65.0100,65.0400,65.0100,65.0300,400
274,65.0200,65.0200,65.0000,65.0200,3200
275,65.0100,65.0200,65.0050,65.0100,1710
276,65.0200,65.0300,65.0200,65.0200,1800
277,65.0200,65.0400,65.0200,65.0350,600
278,65.0400,65.0500,65.0300,65.0300,3196
279,65.0200,65.0400,65.0200,65.0400,1800
280,65.0300,65.0400,65.0250,65.0400,844
281,65.0450,65.0500,65.0450,65.0500,200
282,65.0480,65.0500,65.0300,65.0400,1100
283,65.0580,65.0800,65.0580,65.0700,6021
284,65.0700,65.0700,65.0500,65.0600,1200
285,65.0690,65.0690,65.0600,65.0600,400
286,65.0600,65.0650,65.0500,65.0500,3008
287,65.0600,65.0700,65.0150,65.0150,4716
288,65.0100,65.0300,65.0100,65.0300,2300
289,65.0300,65.0500,65.0200,65.0500,2105
290,65.0450,65.0450,65.0400,65.0400,200
291,65.0400,65.0450,65.0200,65.0300,2590
292,65.0400,65.0600,65.0400,65.0500,2909
293,65.0500,65.0800,65.0500,65.0700,905
294,65.0800,65.1000,65.0700,65.1000,1295
295,65.1100,65.1100,65.0900,65.0900,400
296,65.0900,65.1000,65.0700,65.0700,4044
297,65.0800,65.1000,65.0800,65.1000,1400
298,65.1000,65.1300,65.1000,65.1300,1200
299,65.1300,65.1350,65.1300,65.1300,600
300,65.1400,65.1400,65.1300,65.1300,900
301,65.1300,65.1400,65.1200,65.1200,2100
302,65.1400,65.1500,65.1300,65.1500,500
303,65.1400,65.1400,65.1000,65.1400,6585
304,65.1250,65.1400,65.0800,65.1000,1423
305,65.0800,65.0800,65.0800,65.0800,400
306,65.0900,65.1000,65.0900,65.1000,1136
307,65.1000,65.1000,65.1000,65.1000,400
308,65.0900,65.1000,65.0800,65.0800,2291
309,65.0800,65.1300,65.0800,65.1300,1680
310,65.1300,65.1400,65.1150,65.1400,1850
311,65.1200,65.1500,65.1200,65.1200,1500
312,65.1100,65.1200,65.1000,65.1200,1677
313,65.1100,65.1100,65.1000,65.1100,1599
314,65.1000,65.1000,65.0800,65.0900,1046
315,65.0800,65.1000,65.0600,65.1000,3437
316,65.1050,65.1050,65.1050,65.1050,100
317,65.1000,65.1000,65.0900,65.1000,888
318,65.1200,65.1300,65.1100,65.1200,651
319,65.1400,65.1500,65.1400,65.1500,700
320,65.1400,65.1400,65.1300,65.1300,1951
321,65.1400,65.1400,65.1300,65.1400,1600
322,65.1400,65.1400,65.1300,65.1300,500
323,65.1400,65.1550,65.1400,65.1500,1297
324,65.1500,65.1500,65.1400,65.1400,5232
325,65.1400,65.1400,65.0900,65.0900,2158
326,65.1000,65.1200,65.1000,65.1200,1600
327,65.1200,65.1200,65.0900,65.0900,600
328,65.1000,65.1000,65.0800,65.0800,300
329,65.1000,65.1000,65.0700,65.0700,1915
330,65.0800,65.0800,65.0500,65.0500,1518
331,65.0400,65.0500,65.0300,65.0400,1623
332,65.0500,65.0500,65.0100,65.0450,2500
333,65.0500,65.0500,65.0200,65.0200,1700
334,65.0200,65.0200,64.9900,64.9900,1349
335,64.9800,64.9950,64.9600,64.9700,2903
336,64.9700,64.9800,64.9600,64.9700,1501
337,64.9703,64.9900,64.9700,64.9700,750
338,64.9799,64.9799,64.9500,64.9600,1460
339,64.9700,64.9900,64.9700,64.9900,1300
340,64.9700,64.9800,64.9500,64.9500,1110
341,64.9500,64.9800,64.9500,64.9800,2069
342,64.9900,64.9950,64.9900,64.9900,1600
343,64.9800,64.9900,64.9600,64.9600,1851
344,64.9500,64.9600,64.9500,64.9600,600
345,64.9700,64.9900,64.9700,64.9900,2100
346,64.9800,64.9800,64.9400,64.9400,2400
347,64.9400,64.9500,64.9400,64.9400,1000
348,64.9350,64.9400,64.9200,64.9200,800
349,64.9300,64.9400,64.9300,64.9400,1100
350,64.9400,64.9400,64.9200,64.9348,2435
351,64.9300,64.9500,64.9300,64.9400,813
352,64.9400,64.9400,64.9200,64.9200,1000
353,64.9250,64.9250,64.9000,64.9000,1409
354,64.9000,64.9100,64.8900,64.8900,1216
355,64.8900,64.8900,64.8700,64.8800,3069
356,64.8900,64.9300,64.8900,64.9100,3600
357,64.9100,64.9100,64.8900,64.9000,1200
358,64.9100,64.9300,64.9100,64.9100,1700
359,64.9300,64.9400,64.9100,64.9100,1100
360,64.9150,64.9700,64.9100,64.9700,1900
361,64.9600,64.9650,64.9200,64.9200,3426
362,64.9300,64.9400,64.9200,64.9400,1800
363,64.9400,64.9500,64.9190,64.9500,5213
364,64.9600,64.9750,64.9500,64.9700,1800
365,64.9700,64.9800,64.9550,64.9800,4400
366,64.9800,65.0100,64.9800,65.0000,2382
367,65.0100,65.0250,65.0000,65.0200,4721
368,65.0200,65.0300,65.0100,65.0200,3752
369,65.0200,65.0200,64.9700,64.9800,5344
370,64.9700,64.9900,64.9600,64.9700,3359
371,64.9650,64.9650,64.9200,64.9200,3492
372,64.9200,64.9248,64.8600,64.9000,8811
373,64.9000,64.9200,64.9000,64.9200,4924
374,64.9200,64.9600,64.9200,64.9550,5000
375,64.9550,64.9700,64.9300,64.9300,8584
376,64.9200,64.9200,64.9000,64.9200,4726
377,64.9200,64.9400,64.9100,64.9300,4536
378,64.9400,64.9400,64.8900,64.9000,5915
379,64.9000,64.9000,64.8800,64.8900,4307
380,64.8700,64.8700,64.8400,64.8550,4452
381,64.8400,64.8500,64.8250,64.8350,6234
382,64.8300,64.8400,64.7900,64.8100,12400
383,64.8000,64.8550,64.8000,64.8550,8575
384,64.8600,64.8600,64.8200,64.8250,6671
385,64.8200,64.8300,64.8200,64.8250,5002
386,64.8250,64.8500,64.8200,64.8452,13870
387,64.8450,64.8750,64.8400,64.8750,16500
388,64.8750,64.8750,64.8600,64.8750,12235
389,64.8750,64.8750,64.8150,64.8150,10355
390,64.8100,64.8800,64.8100,64.8600,11433