MO,Altria Group Inc,Consumer Staples,2,Tobacco,144450874806,6218872
a1499272200,75.1700,75.2000,75.1100,75.2000,7830
2,75.2300,75.2600,75.1900,75.2600,13427
3,75.2600,75.2600,75.1396,75.1875,12045
4,75.2000,75.2400,75.1600,75.1714,19004
5,75.1700,75.1700,75.1101,75.1101,8360
6,75.1200,75.1800,74.9800,74.9800,25960
7,74.9800,74.9800,74.9000,74.9301,43748
8,74.9500,75.0600,74.9500,75.0200,10802
9,75.0200,75.0800,75.0200,75.0300,13658
10,75.0300,75.0400,75.0000,75.0072,9263
11,75.0000,75.0099,74.9600,74.9920,10047
12,75.0000,75.0000,74.9500,74.9846,18019
13,74.9800,75.0100,74.9600,75.0000,12746
14,75.0050,75.0050,74.9700,75.0000,19411
15,75.0050,75.0300,75.0000,75.0250,11384
16,75.0300,75.0400,75.0200,75.0200,14160
17,75.0137,75.0200,74.9900,74.9900,19593
18,74.9800,74.9900,74.9101,74.9200,22404
19,74.9200,74.9230,74.9100,74.9200,14681
20,74.9100,74.9200,74.8901,74.9200,8661
21,74.9200,74.9600,74.9200,74.9600,8467
22,74.9600,74.9900,74.9500,74.9500,23468
23,74.9600,74.9699,74.9400,74.9500,9498
24,74.9400,74.9400,74.8500,74.8650,27615
25,74.8700,74.9200,74.8700,74.9100,7190
26,74.9100,74.9600,74.9100,74.9500,3600
27,74.9586,74.9900,74.9550,74.9700,5316
28,74.9799,74.9799,74.9300,74.9350,19527
29,74.9400,74.9600,74.9200,74.9600,9809
30,74.9550,74.9600,74.9400,74.9400,7667
31,74.9300,74.9400,74.8800,74.9400,11785
32,74.9331,74.9500,74.9300,74.9400,7170
33,74.9500,74.9500,74.8800,74.8855,23019
34,74.8800,74.8800,74.8600,74.8609,12439
35,74.8682,74.8800,74.8650,74.8700,15604
36,74.8790,74.8800,74.8700,74.8737,4451
37,74.8700,74.9000,74.8700,74.8901,8197
38,74.9000,74.9150,74.8900,74.9150,12829
39,74.9150,74.9300,74.9000,74.9000,12436
40,74.9038,74.9100,74.9038,74.9046,950
41,74.9050,74.9300,74.9001,74.9100,18604
42,74.9100,74.9200,74.9100,74.9100,5079
43,74.9200,74.9750,74.9200,74.9750,14762
44,74.9800,74.9800,74.9400,74.9446,23464
45,74.9443,74.9500,74.9200,74.9500,13117
46,74.9600,74.9800,74.9600,74.9700,2762
47,74.9700,74.9700,74.9200,74.9200,13573
48,74.9248,74.9500,74.9100,74.9500,15272
49,74.9466,74.9700,74.9400,74.9700,5135
50,74.9700,74.9910,74.9700,74.9900,7309
51,75.0000,75.0100,74.9900,75.0034,11023
52,75.0063,75.0063,74.9832,74.9900,6447
53,75.0000,75.0200,75.0000,75.0100,6343
54,75.0123,75.0250,75.0100,75.0200,8173
55,75.0200,75.0300,74.9826,74.9826,14971
56,74.9800,74.9801,74.9200,74.9400,14194
57,74.9400,74.9600,74.9400,74.9600,4019
58,74.9700,74.9800,74.9500,74.9500,8934
59,74.9500,74.9500,74.9200,74.9246,8730
60,74.9300,74.9400,74.9200,74.9400,12870
61,74.9400,74.9450,74.9300,74.9400,7327
62,74.9430,74.9500,74.9400,74.9500,2653
63,74.9450,75.0100,74.9443,75.0053,10133
64,75.0000,75.0050,74.9900,74.9950,13221
65,74.9960,75.0099,74.9800,75.0050,9915
66,75.0100,75.0100,75.0000,75.0041,2478
67,75.0033,75.0100,74.9500,74.9530,10500
68,74.9600,74.9650,74.9550,74.9642,5290
69,74.9700,74.9700,74.9600,74.9700,2395
70,74.9653,75.0200,74.9650,75.0100,16275
71,75.0100,75.0100,74.9900,74.9950,6143
72,74.9950,75.0100,74.9934,75.0033,2985
73,75.0000,75.0200,75.0000,75.0200,5052
74,75.0166,75.0300,75.0130,75.0250,1926
75,75.0300,75.0300,75.0200,75.0290,5793
76,75.0300,75.0300,74.9800,74.9900,20091
77,74.9930,75.0300,74.9930,75.0300,5600
78,75.0300,75.0300,75.0100,75.0100,3755
79,75.0177,75.0177,75.0000,75.0050,3239
80,75.0100,75.0200,75.0039,75.0200,1886
81,75.0100,75.0200,74.9800,74.9900,9722
82,74.9956,75.0100,74.9900,74.9900,4564
83,75.0000,75.0100,74.9900,74.9900,5100
84,74.9850,74.9850,74.9300,74.9501,42505
85,74.9500,74.9550,74.9500,74.9550,1900
86,74.9500,74.9600,74.9200,74.9300,17920
87,74.9220,74.9600,74.9220,74.9500,10710
88,74.9500,74.9587,74.9500,74.9500,3478
89,74.9500,74.9600,74.9400,74.9500,3912
90,74.9400,74.9400,74.9100,74.9100,9103
91,74.9200,74.9300,74.9100,74.9300,6369
92,74.9300,74.9400,74.9300,74.9300,1830
93,74.9310,74.9400,74.9300,74.9400,21632
94,74.9387,74.9387,74.9000,74.9000,24780
95,74.9050,74.9200,74.9000,74.9200,10053
96,74.9200,74.9400,74.9200,74.9300,7111
97,74.9346,74.9700,74.9300,74.9650,7195
98,74.9700,74.9700,74.9400,74.9450,6570
99,74.9500,74.9600,74.9400,74.9550,3528
100,74.9600,74.9600,74.9300,74.9300,11368
101,74.9300,74.9346,74.9100,74.9270,8337
102,74.9250,74.9250,74.9200,74.9210,900
103,74.9300,74.9300,74.9200,74.9300,6037
104,74.9400,74.9500,74.9400,74.9450,6753
105,74.9450,74.9600,74.9450,74.9600,4340
106,74.9600,74.9600,74.9500,74.9500,1650
107,74.9600,74.9600,74.9543,74.9550,855
108,74.9500,74.9600,74.9500,74.9600,1000
109,74.9600,74.9900,74.9550,74.9800,7698
110,74.9900,74.9900,74.9810,74.9900,400
111,74.9900,75.0000,74.9700,74.9800,13949
112,74.9800,74.9800,74.9600,74.9600,3211
113,74.9640,74.9700,74.9600,74.9600,2067
114,74.9650,74.9650,74.9500,74.9500,12821
115,74.9500,74.9800,74.9500,74.9700,9620
116,74.9700,74.9700,74.9450,74.9700,17094
117,74.9690,74.9900,74.9690,74.9900,2956
118,74.9800,75.0000,74.9700,74.9900,6484
119,74.9900,75.0000,74.9862,74.9862,4367
120,74.9900,75.0100,74.9900,75.0052,4146
121,75.0000,75.0060,74.9900,75.0000,9163
122,75.0100,75.0100,75.0000,75.0000,1390
123,75.0000,75.0000,74.9810,74.9900,9651
124,74.9950,75.0200,74.9900,75.0200,4121
125,75.0150,75.0400,75.0150,75.0400,4522
126,75.0400,75.0500,75.0352,75.0400,5620
127,75.0352,75.0400,75.0200,75.0400,5338
128,75.0400,75.0500,75.0400,75.0450,750
129,75.0400,75.0400,75.0100,75.0145,7428
130,75.0199,75.0200,75.0132,75.0200,4440
131,75.0300,75.0300,75.0240,75.0246,973
132,75.0300,75.0400,75.0248,75.0300,3378
133,75.0400,75.0600,75.0400,75.0600,7990
134,75.0500,75.0600,75.0250,75.0400,21446
135,75.0400,75.0492,75.0300,75.0450,5403
136,75.0400,75.0400,75.0200,75.0200,6496
137,75.0300,75.0500,75.0300,75.0500,5877
138,75.0404,75.0600,75.0404,75.0600,750
139,75.0599,75.1000,75.0599,75.1000,10509
140,75.1000,75.1000,75.0800,75.0900,8528
141,75.0900,75.1200,75.0900,75.1100,14453
142,75.1100,75.1100,75.0700,75.0700,14870
143,75.0700,75.1000,75.0600,75.0900,8930
144,75.0933,75.1000,75.0832,75.0900,5740
145,75.0969,75.1000,75.0900,75.1000,2813
146,75.0931,75.1300,75.0900,75.1300,6714
147,75.1300,75.1300,75.1200,75.1200,5429
148,75.1139,75.1400,75.1139,75.1300,12994
149,75.1300,75.1300,75.1300,75.1300,6200
150,75.1200,75.1200,75.1100,75.1100,5103
151,75.1150,75.1150,75.1100,75.1150,952
152,75.1100,75.1100,75.1000,75.1000,12181
153,75.1000,75.1000,75.0600,75.0600,11683
154,75.0600,75.0750,75.0600,75.0739,10266
155,75.0700,75.0701,75.0300,75.0300,16707
156,75.0300,75.0450,75.0250,75.0350,18455
157,75.0300,75.0381,75.0300,75.0350,1917
158,75.0350,75.0400,75.0300,75.0400,1065
159,75.0350,75.0400,75.0300,75.0400,1856
160,75.0325,75.0350,75.0050,75.0200,14535
161,75.0200,75.0300,75.0200,75.0250,4155
162,75.0300,75.0300,75.0200,75.0250,1973
163,75.0200,75.0250,75.0200,75.0200,879
164,75.0300,75.0300,75.0200,75.0200,22277
165,75.0151,75.0250,75.0100,75.0200,4326
166,75.0300,75.0400,75.0250,75.0300,4803
167,75.0352,75.0400,75.0339,75.0350,1105
168,75.0400,75.0400,75.0300,75.0350,12863
169,75.0350,75.0400,75.0200,75.0250,12619
170,75.0250,75.0250,75.0200,75.0250,4383
171,75.0250,75.0300,75.0200,75.0300,3298
172,75.0200,75.0350,75.0110,75.0110,31151
173,75.0100,75.0100,75.0000,75.0000,5339
174,75.0050,75.0200,75.0000,75.0110,5475
175,75.0100,75.0100,75.0000,75.0000,4300
176,75.0071,75.0071,75.0061,75.0061,200
177,75.0000,75.0100,75.0000,75.0050,2099
178,75.0150,75.0200,75.0000,75.0100,12780
179,75.0144,75.0144,75.0100,75.0100,504
180,75.0200,75.0200,75.0110,75.0156,1449
181,75.0100,75.0150,75.0000,75.0000,10148
182,75.0000,75.0100,75.0000,75.0038,793
183,75.0100,75.0200,75.0000,75.0100,5058
184,75.0100,75.0100,75.0000,75.0000,10567
185,75.0050,75.0300,75.0000,75.0300,9452
186,75.0200,75.0200,75.0100,75.0100,6812
187,75.0100,75.0150,75.0050,75.0150,5924
188,75.0100,75.0300,75.0100,75.0285,10596
189,75.0200,75.0200,75.0100,75.0100,14179
190,75.0127,75.0200,75.0100,75.0114,2379
191,75.0200,75.0200,75.0100,75.0100,814
192,75.0150,75.0300,75.0150,75.0250,4265
193,75.0250,75.0300,75.0100,75.0100,12340
194,75.0100,75.0100,75.0000,75.0050,3421
195,75.0000,75.0000,74.9800,74.9900,6715
196,74.9800,74.9800,74.9700,74.9800,2300
197,74.9750,74.9800,74.9600,74.9600,3136
198,74.9600,74.9600,74.9450,74.9450,8030
199,74.9458,74.9500,74.9300,74.9470,12096
200,74.9410,74.9410,74.9300,74.9300,4153
201,74.9300,74.9300,74.9000,74.9000,13394
202,74.9000,74.9100,74.8900,74.9100,2400
203,74.9100,74.9166,74.9100,74.9166,4421
204,74.9150,74.9200,74.9000,74.9000,2486
205,74.9000,74.9000,74.8800,74.8900,5637
206,74.8900,74.9000,74.8900,74.9000,1179
207,74.9000,74.9000,74.8931,74.9000,1742
208,74.9000,74.9050,74.9000,74.9000,3167
209,74.9046,74.9047,74.8900,74.8900,2358
210,74.9000,74.9000,74.8900,74.9000,884
211,74.9000,74.9000,74.8800,74.8800,8638
212,74.8869,74.9200,74.8869,74.9200,11814
213,74.9200,74.9200,74.9100,74.9139,1446
214,74.9130,74.9200,74.9130,74.9200,637
215,74.9101,74.9105,74.9000,74.9044,9508
216,74.9100,74.9400,74.9100,74.9400,7664
217,74.9400,74.9600,74.9400,74.9600,2382
218,74.9564,74.9600,74.9500,74.9537,2297
219,74.9600,74.9800,74.9600,74.9800,6251
220,74.9800,74.9900,74.9750,74.9900,9745
221,74.9800,74.9850,74.9500,74.9500,24462
222,74.9500,74.9500,74.9500,74.9500,5744
223,74.9400,74.9500,74.9400,74.9500,1677
224,74.9568,74.9600,74.9500,74.9500,13957
225,74.9400,74.9500,74.9400,74.9500,3200
226,74.9410,74.9500,74.9410,74.9500,4089
227,74.9467,74.9600,74.9400,74.9600,5247
228,74.9600,74.9600,74.9500,74.9501,1100
229,74.9600,74.9700,74.9501,74.9601,4000
230,74.9700,74.9700,74.9600,74.9600,400
231,74.9601,74.9900,74.9601,74.9900,8025
232,74.9900,75.0000,74.9900,75.0000,5289
233,74.9970,75.0000,74.9700,74.9850,19682
234,74.9800,74.9843,74.9690,74.9690,7648
235,74.9700,74.9900,74.9650,74.9800,6693
236,74.9800,74.9900,74.9700,74.9900,3136
237,74.9800,74.9800,74.9600,74.9600,8885
238,74.9639,74.9800,74.9639,74.9700,3675
239,74.9800,74.9800,74.9800,74.9800,300
240,74.9750,74.9900,74.9700,74.9900,6904
241,74.9900,74.9900,74.9837,74.9850,2245
242,74.9825,74.9900,74.9500,74.9500,17148
243,74.9500,74.9516,74.9500,74.9500,900
244,74.9600,74.9700,74.9600,74.9700,1916
245,74.9700,74.9855,74.9700,74.9700,7452
246,74.9700,74.9800,74.9700,74.9700,8405
247,74.9750,74.9858,74.9750,74.9850,1558
248,74.9834,74.9850,74.9700,74.9750,7492
249,74.9700,74.9800,74.9700,74.9700,4801
250,74.9799,74.9799,74.9550,74.9700,9164
251,74.9700,74.9700,74.9500,74.9658,9732
252,74.9693,74.9800,74.9500,74.9588,8270
253,74.9558,74.9561,74.9300,74.9300,14443
254,74.9400,74.9450,74.9400,74.9400,3846
255,74.9438,74.9450,74.9400,74.9450,892
256,74.9450,74.9450,74.9100,74.9200,16771
257,74.9150,74.9300,74.9100,74.9239,4090
258,74.9300,74.9400,74.9300,74.9344,17218
259,74.9300,74.9374,74.9300,74.9349,11067
260,74.9300,74.9500,74.9300,74.9500,4750
261,74.9500,74.9600,74.9500,74.9550,1924
262,74.9550,74.9600,74.9542,74.9600,1306
263,74.9599,74.9700,74.9542,74.9600,8306
264,74.9650,74.9700,74.9600,74.9600,2817
265,74.9700,74.9750,74.9700,74.9750,6077
266,74.9600,74.9650,74.9400,74.9450,10570
267,74.9439,74.9500,74.9400,74.9450,808
268,74.9444,74.9550,74.9400,74.9500,6034
269,74.9499,74.9499,74.9300,74.9300,7410
270,74.9300,74.9300,74.9257,74.9290,1420
271,74.9300,74.9400,74.9228,74.9400,15914
272,74.9400,74.9500,74.9400,74.9400,3541
273,74.9500,74.9500,74.9350,74.9401,5248
274,74.9500,74.9699,74.9500,74.9699,6691
275,74.9650,74.9750,74.9600,74.9690,13105
276,74.9600,74.9800,74.9600,74.9700,10878
277,74.9700,74.9700,74.9500,74.9600,16061
278,74.9600,74.9800,74.9522,74.9800,10631
279,74.9800,74.9800,74.9600,74.9600,5176
280,74.9600,74.9800,74.9600,74.9800,3575
281,74.9750,74.9800,74.9700,74.9750,11402
282,74.9742,74.9750,74.9500,74.9501,12341
283,74.9500,74.9500,74.9400,74.9500,11693
284,74.9500,74.9700,74.9500,74.9700,9801
285,74.9756,74.9756,74.9650,74.9700,4660
286,74.9700,74.9800,74.9650,74.9700,20538
287,74.9800,74.9800,74.9750,74.9750,200
288,74.9700,74.9900,74.9700,74.9900,9855
289,74.9900,75.0000,74.9800,75.0000,2663
290,75.0000,75.0000,74.9900,75.0000,1080
291,75.0000,75.0000,74.9500,74.9531,21782
292,74.9500,74.9550,74.9400,74.9500,19886
293,74.9500,74.9750,74.9500,74.9750,8339
294,74.9750,74.9800,74.9700,74.9750,836
295,74.9758,74.9800,74.9700,74.9700,5245
296,74.9700,74.9800,74.9600,74.9800,5753
297,74.9750,74.9800,74.9400,74.9486,12712
298,74.9400,74.9600,74.9400,74.9600,4295
299,74.9600,74.9700,74.9550,74.9700,1969
300,74.9650,74.9800,74.9600,74.9650,9600
301,74.9600,74.9650,74.9500,74.9510,7116
302,74.9500,74.9800,74.9500,74.9700,15329
303,74.9700,74.9700,74.9600,74.9700,16393
304,74.9650,74.9700,74.9649,74.9699,5904
305,74.9650,74.9800,74.9650,74.9700,3588
306,74.9710,74.9800,74.9400,74.9400,12336
307,74.9400,74.9500,74.9300,74.9500,6377
308,74.9450,74.9600,74.9400,74.9530,6125
309,74.9600,74.9600,74.9200,74.9200,20157
310,74.9258,74.9450,74.9258,74.9450,5982
311,74.9400,74.9500,74.9100,74.9100,12888
312,74.9100,74.9200,74.9100,74.9200,3634
313,74.9300,74.9300,74.9250,74.9259,1208
314,74.9300,74.9450,74.9000,74.9000,27350
315,74.9000,74.9007,74.8700,74.9000,23142
316,74.8933,74.9100,74.8900,74.9100,6355
317,74.9011,74.9100,74.9011,74.9038,1511
318,74.9100,74.9350,74.9100,74.9246,12269
319,74.9250,74.9300,74.9200,74.9254,2906
320,74.9250,74.9400,74.9250,74.9350,2859
321,74.9350,74.9400,74.9300,74.9400,6793
322,74.9400,74.9400,74.9350,74.9350,3890
323,74.9400,74.9600,74.9300,74.9600,9668
324,74.9550,74.9550,74.9473,74.9500,3972
325,74.9600,74.9800,74.9510,74.9800,5328
326,74.9750,74.9800,74.9648,74.9800,4448
327,74.9750,74.9850,74.9566,74.9610,11657
328,74.9600,74.9700,74.9550,74.9634,3143
329,74.9700,74.9900,74.9700,74.9900,4613
330,74.9900,74.9967,74.9800,74.9800,12054
331,74.9850,75.0000,74.9750,75.0000,16165
332,75.0000,75.0200,75.0000,75.0200,12549
333,75.0149,75.0400,75.0149,75.0369,13228
334,75.0350,75.0500,75.0350,75.0450,24590
335,75.0450,75.0500,75.0300,75.0350,27899
336,75.0334,75.0375,75.0150,75.0375,21345
337,75.0350,75.0500,75.0300,75.0350,18442
338,75.0350,75.0400,75.0300,75.0400,9735
339,75.0350,75.0400,75.0000,75.0100,28944
340,75.0100,75.0200,75.0050,75.0200,6407
341,75.0200,75.0300,75.0200,75.0210,17413
342,75.0201,75.0300,74.9900,75.0157,38236
343,75.0200,75.0200,75.0000,75.0200,21672
344,75.0100,75.0250,74.9950,74.9950,26495
345,75.0000,75.0200,75.0000,75.0200,5475
346,75.0150,75.0300,75.0100,75.0250,9088
347,75.0250,75.0300,75.0200,75.0250,14563
348,75.0250,75.0300,75.0146,75.0300,44072
349,75.0338,75.0350,75.0100,75.0250,10370
350,75.0300,75.0300,75.0200,75.0250,8182
351,75.0218,75.0300,75.0210,75.0300,4618
352,75.0300,75.0400,75.0200,75.0200,21155
353,75.0150,75.0200,75.0100,75.0150,3408
354,75.0139,75.0300,75.0100,75.0250,11755
355,75.0300,75.0300,75.0000,75.0000,31016
356,75.0050,75.0100,75.0050,75.0100,1112
357,75.0100,75.0300,74.9950,74.9950,26008
358,74.9950,75.0100,74.9950,75.0050,7118
359,75.0050,75.0100,75.0000,75.0050,7099
360,75.0050,75.0300,75.0000,75.0100,31652
361,75.0100,75.0100,75.0000,75.0100,5184
362,75.0050,75.0150,75.0000,75.0139,10398
363,75.0150,75.0300,75.0000,75.0250,37953
364,75.0250,75.0650,75.0250,75.0625,20954
365,75.0600,75.0700,75.0400,75.0401,28313
366,75.0450,75.0500,75.0200,75.0325,40858
367,75.0300,75.0400,75.0200,75.0300,14842
368,75.0325,75.0400,75.0300,75.0300,8579
369,75.0325,75.0325,75.0100,75.0250,50143
370,75.0250,75.0300,75.0200,75.0200,9870
371,75.0200,75.0300,75.0039,75.0039,18318
372,75.0050,75.0150,75.0000,75.0050,19479
373,75.0100,75.0250,75.0099,75.0225,15455
374,75.0300,75.0500,75.0300,75.0500,9581
375,75.0500,75.0800,75.0500,75.0700,33314
376,75.0750,75.0800,75.0650,75.0650,26293
377,75.0600,75.0700,75.0600,75.0600,10887
378,75.0650,75.0700,75.0200,75.0200,28148
379,75.0250,75.0300,74.9900,75.0250,45392
380,75.0250,75.0500,75.0200,75.0450,25962
381,75.0425,75.0800,75.0400,75.0700,33663
382,75.0800,75.0900,75.0750,75.0850,28105
383,75.0900,75.1200,75.0800,75.1100,42471
384,75.1100,75.1100,75.0700,75.0850,51021
385,75.0900,75.1500,75.0900,75.1400,39175
386,75.1400,75.1500,75.1000,75.1100,68506
387,75.1000,75.1100,75.0900,75.1069,58314
388,75.1050,75.1150,75.0800,75.1100,49257
389,75.1100,75.1200,75.0900,75.0900,41903
390,75.0900,75.1000,75.0300,75.0500,292655