NWL,Newell Brands,Consumer Discretionary,1,Housewares & Specialties,25812275944,4368929
a149927220083,53.3850,53.4100,53.3800,53.3850,16639
384,53.3850,53.3966,53.3700,53.3900,7048
385,53.3950,53.4000,53.3350,53.3400,42572
386,53.3300,53.3500,53.3300,53.3450,21112
387,53.3500,53.3550,53.3200,53.3250,36311
388,53.3300,53.3500,53.3100,53.3300,32950
389,53.3300,53.3350,53.2900,53.3000,42368
390,53.3000,53.3300,53.2901,53.3300,93362
0,53.1600,53.1600,53.0800,53.0800,14349
1,53.1100,53.1300,53.0600,53.0600,855
2,53.0500,53.1100,52.9900,53.0900,4000
3,53.0800,53.0900,53.0300,53.0300,2060
4,53.0700,53.0900,53.0700,53.0900,500
5,53.1100,53.1200,53.1000,53.1200,3218
6,53.1300,53.1300,53.0600,53.0600,1300
7,53.0800,53.0800,52.9600,52.9600,10320
8,52.9650,52.9700,52.9200,52.9300,1800
9,52.9400,52.9400,52.9100,52.9100,200
10,52.9400,53.0000,52.9400,53.0000,2598
11,53.0000,53.0400,52.9901,53.0400,2200
12,53.0500,53.0700,53.0500,53.0700,900
13,53.0600,53.0700,52.9800,52.9800,2000
15,53.0100,53.0500,53.0100,53.0200,1300
16,53.0500,53.0897,53.0500,53.0897,3250
17,53.0800,53.0800,53.0300,53.0400,3971
18,53.0500,53.0700,53.0500,53.0700,816
19,53.0900,53.1000,53.0650,53.1000,7178
20,53.1100,53.1200,53.0900,53.1100,1150
21,53.1200,53.1500,53.1200,53.1300,1619
22,53.1300,53.1450,53.1300,53.1400,2105
23,53.1450,53.1800,53.1450,53.1800,1500
24,53.1800,53.1800,53.1350,53.1700,4600
25,53.1550,53.2100,53.1550,53.2100,1500
26,53.2100,53.2400,53.2100,53.2300,2100
27,53.2300,53.2400,53.1800,53.1800,4000
28,53.1825,53.1825,53.1500,53.1600,3599
29,53.1600,53.2100,53.1550,53.2000,3351
30,53.1900,53.1900,53.1700,53.1700,2200
31,53.1600,53.1800,53.1550,53.1600,2020
32,53.1650,53.1700,53.1500,53.1600,4100
33,53.1500,53.1550,53.1200,53.1200,6734
34,53.1300,53.1400,53.1200,53.1300,2118
35,53.1450,53.1800,53.1100,53.1200,11300
36,53.1200,53.1200,53.1100,53.1100,764
37,53.1050,53.1050,53.0800,53.0800,2200
38,53.0701,53.0950,53.0700,53.0700,6521
39,53.0600,53.0650,53.0600,53.0600,600
40,53.0650,53.0700,53.0650,53.0700,2500
41,53.0750,53.1050,53.0750,53.1000,3497
42,53.1000,53.1000,53.0850,53.0925,2180
43,53.0900,53.1000,53.0800,53.0800,4000
44,53.0800,53.0851,53.0800,53.0851,200
45,53.0850,53.1100,53.0801,53.1050,2670
46,53.1000,53.1700,53.1000,53.1700,3851
47,53.1700,53.2100,53.1400,53.1400,5428
48,53.1450,53.1500,53.1300,53.1336,2500
49,53.1350,53.1600,53.1200,53.1200,3843
50,53.1250,53.1800,53.1250,53.1800,3250
51,53.1800,53.1800,53.1700,53.1700,857
52,53.1601,53.1601,53.1601,53.1601,100
53,53.1600,53.1700,53.1500,53.1500,1603
54,53.1600,53.2000,53.1600,53.1900,3374
55,53.2000,53.2600,53.1950,53.2350,4602
56,53.2300,53.2300,53.2000,53.2000,1307
57,53.2000,53.2300,53.1950,53.2300,2595
58,53.2300,53.2300,53.2150,53.2300,2643
59,53.2400,53.2400,53.2054,53.2054,2973
60,53.2100,53.2500,53.2050,53.2400,2900
61,53.2400,53.2550,53.2100,53.2100,5074
62,53.2000,53.2090,53.1800,53.1800,5567
63,53.1800,53.2000,53.1600,53.2000,5001
64,53.1900,53.1900,53.1500,53.1700,2100
65,53.1800,53.1850,53.1400,53.1500,2800
66,53.1500,53.1700,53.1400,53.1700,3002
67,53.1700,53.1700,53.1600,53.1650,800
68,53.1600,53.1600,53.1300,53.1400,3464
69,53.1450,53.1500,53.1450,53.1500,1552
70,53.1599,53.1599,53.1599,53.1599,110
71,53.1600,53.1600,53.1200,53.1200,3200
72,53.1150,53.1200,53.1100,53.1100,500
73,53.1100,53.1300,53.1100,53.1150,2967
74,53.1150,53.1200,53.0850,53.1100,2605
75,53.1134,53.1162,53.1000,53.1000,2275
76,53.0943,53.1129,53.0943,53.1129,2265
77,53.1134,53.1200,53.1100,53.1100,2001
78,53.1000,53.1000,53.0800,53.0901,1562
79,53.1000,53.1000,53.0750,53.0801,2600
80,53.0800,53.0800,53.0800,53.0800,300
81,53.0900,53.1000,53.0850,53.1000,1737
82,53.0950,53.1199,53.0950,53.1199,1945
83,53.1200,53.1300,53.1000,53.1054,5806
84,53.1000,53.1700,53.1000,53.1700,8726
85,53.1700,53.1700,53.1500,53.1500,2900
86,53.1600,53.1800,53.1500,53.1800,2281
87,53.1700,53.1800,53.1550,53.1700,3502
88,53.1700,53.1700,53.1300,53.1300,1600
89,53.1250,53.1500,53.0800,53.1200,15369
90,53.1000,53.1000,53.1000,53.1000,300
91,53.1100,53.1201,53.0700,53.0800,4705
92,53.0712,53.0712,53.0600,53.0600,2200
93,53.0600,53.0600,53.0250,53.0500,1400
94,53.0500,53.0500,53.0100,53.0100,3201
95,52.9900,53.0000,52.9800,52.9900,4500
96,52.9900,52.9950,52.9650,52.9750,5559
97,52.9800,52.9900,52.9550,52.9800,4429
98,52.9700,52.9800,52.9700,52.9700,300
99,52.9800,52.9800,52.9700,52.9800,1100
100,52.9810,52.9810,52.9800,52.9800,400
101,52.9800,52.9900,52.9800,52.9800,3996
102,52.9800,52.9850,52.9800,52.9850,300
103,52.9900,52.9900,52.9900,52.9900,200
104,52.9850,53.0100,52.9850,53.0100,3502
106,53.0050,53.0100,53.0050,53.0100,300
107,53.0000,53.0000,52.9900,52.9900,1607
108,53.0000,53.0000,52.9900,52.9900,400
109,53.0000,53.0100,52.9950,53.0050,2606
110,53.0050,53.0200,53.0050,53.0100,2180
111,53.0200,53.0200,53.0200,53.0200,300
112,53.0200,53.0200,53.0150,53.0150,700
113,53.0150,53.0300,53.0150,53.0250,1885
114,53.0200,53.0200,53.0100,53.0100,1700
115,53.0100,53.0300,53.0050,53.0100,2567
116,53.0250,53.0300,53.0200,53.0300,1100
117,53.0250,53.0350,53.0250,53.0350,1121
118,53.0350,53.0350,53.0350,53.0350,100
119,53.0400,53.0500,53.0100,53.0100,5157
120,53.0000,53.0131,52.9950,53.0000,2294
121,53.0100,53.0200,53.0050,53.0200,1100
122,53.0300,53.0400,53.0150,53.0200,3474
123,53.0200,53.0300,53.0150,53.0200,1556
124,53.0350,53.0350,53.0350,53.0350,100
125,53.0300,53.0300,52.9900,53.0089,3735
126,53.0100,53.0200,53.0050,53.0179,1200
128,53.0150,53.0400,53.0150,53.0300,2835
129,53.0300,53.0350,53.0300,53.0350,300
130,53.0350,53.0600,53.0350,53.0600,1900
131,53.0600,53.0800,53.0600,53.0600,2210
133,53.0650,53.0650,53.0650,53.0650,200
134,53.0600,53.0600,53.0600,53.0600,100
135,53.0600,53.0700,53.0600,53.0700,1164
136,53.0699,53.0750,53.0100,53.0100,6560
137,53.0200,53.0200,52.9900,52.9900,1220
138,52.9901,52.9901,52.9750,52.9750,1700
139,52.9700,53.0000,52.9700,53.0000,5500
140,52.9950,53.0151,52.9950,53.0151,1855
141,53.0200,53.0500,53.0200,53.0500,1818
142,53.0521,53.0521,53.0100,53.0100,2761
143,53.0100,53.0100,52.9950,53.0100,2154
144,53.0164,53.0200,53.0164,53.0200,1043
145,53.0200,53.0400,53.0150,53.0300,3308
146,53.0350,53.0350,53.0350,53.0350,100
147,53.0350,53.0400,53.0350,53.0400,533
148,53.0300,53.0300,53.0050,53.0300,3773
149,53.0250,53.0400,53.0234,53.0234,1847
150,53.0300,53.0400,53.0300,53.0300,3720
151,53.0250,53.0300,53.0250,53.0250,700
152,53.0250,53.0300,53.0240,53.0240,862
153,53.0250,53.0250,53.0200,53.0200,400
154,53.0250,53.0500,53.0250,53.0500,2199
155,53.0500,53.0700,53.0500,53.0700,1200
156,53.0800,53.0950,53.0800,53.0900,2900
157,53.0900,53.0900,53.0900,53.0900,37800
158,53.0930,53.0930,53.0400,53.0400,15833
159,53.0434,53.0434,53.0350,53.0400,2782
160,53.0400,53.0400,53.0100,53.0300,4064
161,53.0300,53.0600,53.0200,53.0600,1600
162,53.0649,53.0823,53.0649,53.0823,814
163,53.0900,53.0900,53.0650,53.0650,2300
164,53.0700,53.1000,53.0400,53.0400,4658
165,53.0400,53.0500,53.0250,53.0401,3300
166,53.0450,53.0550,53.0450,53.0500,700
167,53.0500,53.0500,53.0200,53.0200,2000
168,53.0250,53.0300,53.0000,53.0000,4800
169,53.0150,53.0150,53.0150,53.0150,200
170,53.0150,53.0150,53.0100,53.0100,200
171,53.0100,53.0100,53.0000,53.0100,5014
172,53.0054,53.0054,52.9750,52.9750,1623
173,52.9750,52.9995,52.9750,52.9995,1999
174,52.9900,52.9900,52.9750,52.9750,2800
175,52.9750,52.9750,52.9750,52.9750,100
176,52.9747,52.9800,52.9550,52.9550,2800
177,52.9500,52.9600,52.9500,52.9550,1299
178,52.9600,52.9600,52.9450,52.9550,2720
179,52.9600,52.9650,52.9500,52.9500,1800
180,52.9600,52.9600,52.9500,52.9500,600
181,52.9500,52.9500,52.9500,52.9500,100
183,52.9541,52.9600,52.9500,52.9500,845
184,52.9500,52.9500,52.9400,52.9400,4833
185,52.9450,52.9500,52.9300,52.9300,2500
186,52.9400,52.9500,52.9350,52.9450,2400
187,52.9500,52.9600,52.9500,52.9599,942
188,52.9600,52.9800,52.9600,52.9800,1200
189,52.9766,52.9766,52.9536,52.9536,2896
190,52.9550,53.0100,52.9550,53.0050,2914
191,53.0051,53.0500,53.0051,53.0200,4057
192,53.0300,53.0500,53.0300,53.0500,500
193,53.0500,53.0700,53.0500,53.0600,1500
194,53.0500,53.0500,53.0500,53.0500,200
195,53.0500,53.0650,53.0500,53.0650,1342
196,53.0600,53.0600,53.0550,53.0600,1604
197,53.0800,53.1100,53.0800,53.1100,1000
198,53.1000,53.1000,53.0786,53.0786,3626
199,53.0700,53.0758,53.0700,53.0700,400
200,53.0800,53.0900,53.0600,53.0600,4872
201,53.0500,53.0550,53.0500,53.0550,400
202,53.0500,53.0500,53.0350,53.0450,3100
203,53.0450,53.0450,53.0200,53.0300,1901
204,53.0200,53.0400,53.0200,53.0400,2256
205,53.0400,53.0400,53.0200,53.0200,2332
207,53.0200,53.0300,53.0100,53.0300,2142
208,53.0200,53.0250,52.9900,52.9900,5020
209,52.9901,53.0000,52.9900,52.9900,949
210,52.9900,52.9900,52.9900,52.9900,100
211,52.9900,53.0000,52.9900,53.0000,2200
212,53.0000,53.0300,52.9908,53.0200,2802
213,53.0200,53.0200,53.0200,53.0200,200
214,53.0200,53.0200,53.0200,53.0200,200
215,53.0300,53.0300,53.0100,53.0100,1200
217,53.0200,53.0200,53.0100,53.0100,300
218,53.0100,53.0200,53.0100,53.0200,2323
219,53.0200,53.0400,53.0150,53.0200,2700
220,53.0100,53.0200,53.0100,53.0200,200
221,53.0150,53.0200,53.0150,53.0200,906
222,53.0300,53.0500,53.0300,53.0500,800
223,53.0600,53.0700,53.0450,53.0500,3142
224,53.0400,53.0800,53.0400,53.0800,1300
225,53.0800,53.1100,53.0800,53.1100,500
226,53.1100,53.1100,53.0950,53.1000,14144
227,53.1050,53.1400,53.1050,53.1400,2959
228,53.1400,53.1450,53.1300,53.1300,2002
229,53.1300,53.1400,53.1000,53.1000,6455
230,53.1100,53.1163,53.1100,53.1100,2700
231,53.1200,53.1210,53.1100,53.1150,4362
232,53.1200,53.1200,53.1200,53.1200,100
233,53.1150,53.1150,53.0900,53.0900,1900
234,53.0800,53.0800,53.0800,53.0800,518
235,53.0800,53.1000,53.0800,53.0850,5400
236,53.0900,53.1100,53.0900,53.1100,1200
237,53.1053,53.1100,53.1000,53.1034,3430
238,53.1000,53.1000,53.1000,53.1000,100
239,53.1100,53.1100,53.0900,53.0900,3097
240,53.1000,53.1000,53.1000,53.1000,439
241,53.0928,53.0928,53.0500,53.0500,4837
242,53.0500,53.0500,53.0200,53.0200,2200
243,53.0200,53.0400,53.0200,53.0300,2802
244,53.0300,53.0300,53.0200,53.0250,1269
245,53.0250,53.0750,53.0200,53.0400,24440
246,53.0450,53.0500,53.0450,53.0450,500
247,53.0400,53.0550,53.0400,53.0550,4297
248,53.0400,53.1000,53.0400,53.0900,3599
249,53.0900,53.0900,53.0400,53.0500,10695
250,53.0600,53.0800,53.0600,53.0800,800
251,53.0900,53.0900,53.0800,53.0800,700
252,53.0900,53.0900,53.0700,53.0700,3165
253,53.0700,53.1100,53.0700,53.0900,2190
255,53.1100,53.1150,53.1000,53.1100,1789
256,53.1000,53.1300,53.1000,53.1300,1100
257,53.1200,53.1250,53.1000,53.1000,2500
258,53.0900,53.1100,53.0900,53.1100,1347
259,53.1050,53.1350,53.1050,53.1200,2699
260,53.1100,53.1200,53.1100,53.1200,500
262,53.1100,53.1200,53.1000,53.1000,2000
263,53.1000,53.1250,53.0900,53.1200,3555
264,53.1100,53.1100,53.1100,53.1100,100
265,53.1100,53.1200,53.1100,53.1200,1000
266,53.1100,53.1100,53.1000,53.1050,2351
267,53.1000,53.1000,53.1000,53.1000,200
268,53.1100,53.1100,53.1000,53.1000,2192
269,53.1000,53.1100,53.0900,53.0900,4519
270,53.0800,53.0839,53.0700,53.0700,1547
271,53.0700,53.0700,53.0600,53.0600,984
272,53.0700,53.0700,53.0600,53.0700,501
273,53.0700,53.0900,53.0700,53.0900,4099
274,53.0850,53.0900,53.0700,53.0700,3570
275,53.0762,53.0800,53.0762,53.0800,248
276,53.0700,53.0700,53.0200,53.0500,4287
277,53.0600,53.0600,53.0500,53.0600,1537
278,53.0501,53.0501,53.0300,53.0300,2005
279,53.0200,53.0300,53.0100,53.0100,6819
280,53.0100,53.0100,52.9900,52.9950,2201
281,52.9900,52.9900,52.9900,52.9900,600
282,52.9830,52.9900,52.9400,52.9400,7282
283,52.9400,52.9400,52.9300,52.9350,4264
284,52.9300,52.9300,52.9000,52.9150,3392
285,52.9100,52.9350,52.9100,52.9350,1941
286,52.9400,52.9700,52.9350,52.9639,3633
287,52.9700,52.9800,52.9650,52.9800,600
288,52.9700,52.9700,52.9700,52.9700,300
289,52.9800,53.0000,52.9800,53.0000,1197
290,53.0100,53.0200,53.0100,53.0200,600
291,53.0100,53.0100,52.9950,52.9950,4219
292,52.9950,53.0200,52.9950,53.0150,2000
293,53.0150,53.0300,53.0100,53.0200,1413
294,53.0200,53.0200,53.0131,53.0131,1200
295,53.0200,53.0300,53.0200,53.0300,452
296,53.0250,53.0250,53.0200,53.0200,1601
297,53.0200,53.0200,53.0200,53.0200,800
298,53.0250,53.0400,53.0250,53.0350,2098
299,53.0400,53.0500,53.0400,53.0500,3024
300,53.0500,53.0500,53.0450,53.0450,931
301,53.0400,53.0400,53.0200,53.0200,3331
302,53.0150,53.0150,52.9950,53.0000,3065
303,53.0100,53.0200,52.9900,52.9900,1914
304,52.9900,53.0100,52.9850,53.0100,2289
305,53.0000,53.0000,52.9900,52.9900,1200
306,52.9700,53.0000,52.9650,53.0000,2901
307,52.9900,53.0400,52.9900,53.0400,2692
308,53.0500,53.0500,53.0300,53.0350,2418
309,53.0300,53.0400,53.0300,53.0350,1622
310,53.0400,53.0800,53.0350,53.0800,3200
311,53.0750,53.0800,53.0700,53.0700,1797
312,53.0600,53.0800,53.0550,53.0800,1959
313,53.0700,53.0700,53.0537,53.0537,1360
314,53.0550,53.0700,53.0550,53.0550,1926
315,53.0550,53.0700,53.0500,53.0500,3642
316,53.0600,53.0700,53.0550,53.0650,2100
317,53.0650,53.0700,53.0600,53.0600,1273
318,53.0700,53.0800,53.0650,53.0750,2285
319,53.0750,53.0900,53.0750,53.0850,2435
320,53.0900,53.0900,53.0700,53.0700,4075
321,53.0800,53.0900,53.0500,53.0500,5621
322,53.0500,53.0550,53.0500,53.0550,300
323,53.0550,53.0550,53.0250,53.0400,4636
324,53.0450,53.0600,53.0450,53.0500,3100
325,53.0500,53.0500,53.0300,53.0300,1419
326,53.0200,53.0400,53.0200,53.0400,4805
327,53.0400,53.0500,53.0300,53.0300,3225
328,53.0200,53.0200,53.0100,53.0100,900
329,53.0100,53.0100,52.9900,52.9900,2309
330,52.9900,53.0000,52.9800,53.0000,5094
331,52.9950,53.0000,52.9850,53.0000,3361
332,52.9950,52.9950,52.9800,52.9800,2120
333,52.9882,52.9900,52.9800,52.9900,1564
334,52.9900,52.9900,52.9600,52.9600,3799
335,52.9600,52.9700,52.9550,52.9700,2706
336,52.9600,52.9800,52.9600,52.9750,3698
337,52.9750,52.9800,52.9700,52.9750,1000
338,52.9800,52.9800,52.9700,52.9800,2475
339,52.9700,52.9800,52.9700,52.9800,932
340,52.9700,52.9800,52.9500,52.9500,5823
341,52.9500,52.9500,52.9300,52.9300,6305
342,52.9350,52.9700,52.9350,52.9500,7885
343,52.9500,52.9600,52.9500,52.9550,600
344,52.9500,52.9550,52.9400,52.9400,3350
345,52.9400,52.9600,52.9400,52.9600,6085
346,52.9600,52.9600,52.9500,52.9600,2790
347,52.9550,52.9600,52.8900,52.8900,75685
348,52.8900,52.8982,52.8900,52.8900,1732
349,52.8900,52.8900,52.8500,52.8800,25759
350,52.8750,52.8900,52.8600,52.8600,11501
351,52.8650,52.8950,52.8600,52.8950,4086
352,52.9000,52.9250,52.9000,52.9200,4200
353,52.9200,52.9500,52.9100,52.9450,3594
354,52.9450,52.9700,52.9450,52.9700,2575
355,52.9700,52.9750,52.9350,52.9400,7168
356,52.9313,52.9450,52.9313,52.9450,1065
357,52.9450,52.9600,52.9350,52.9350,5226
358,52.9350,52.9500,52.9350,52.9400,2448
359,52.9400,52.9400,52.9200,52.9300,2575
360,52.9250,52.9650,52.9250,52.9600,8633
361,52.9650,52.9800,52.9650,52.9800,2098
362,52.9900,52.9950,52.9800,52.9900,9262
363,52.9800,53.0000,52.9800,53.0000,3665
364,52.9900,53.0100,52.9900,53.0000,12487
365,53.0050,53.0100,53.0000,53.0100,4200
366,53.0000,53.0100,53.0000,53.0050,1200
367,53.0000,53.0300,53.0000,53.0250,14704
368,53.0250,53.0500,53.0250,53.0500,4399
369,53.0450,53.0851,53.0300,53.0851,14760
370,53.0900,53.1050,53.0850,53.0900,6986
371,53.0850,53.0900,53.0797,53.0900,5077
372,53.0900,53.1000,53.0650,53.0700,10659
373,53.0700,53.1100,53.0700,53.1000,14834
374,53.1050,53.1300,53.1000,53.1000,9906
375,53.1100,53.1100,53.1000,53.1100,11948
376,53.1150,53.1200,53.0900,53.0900,11978
377,53.0900,53.1000,53.0900,53.0900,3468
378,53.0900,53.1000,53.0500,53.0600,22879
379,53.0600,53.0600,53.0500,53.0550,2322
380,53.0500,53.0900,53.0500,53.0800,15252
381,53.0800,53.0950,53.0700,53.0850,15873
382,53.0850,53.0850,53.0400,53.0400,11642
383,53.0400,53.0700,53.0400,53.0600,9391
384,53.0600,53.0700,53.0600,53.0600,5173
385,53.0650,53.0800,53.0600,53.0800,12120
386,53.0800,53.0800,53.0700,53.0700,8191
387,53.0750,53.0800,53.0700,53.0750,12047
388,53.0800,53.0900,53.0700,53.0850,36062
389,53.0800,53.0900,53.0700,53.0700,38743
390,53.0700,53.1000,53.0700,53.0900,45215