OKE,ONEOK,Energy,3,Oil & Gas Storage & Transportation,10216483960,2553472
a149927220083,49.5650,49.5800,49.5550,49.5600,13794
384,49.5600,49.5950,49.5600,49.5900,10741
385,49.5800,49.5800,49.5400,49.5500,12382
386,49.5450,49.6100,49.5400,49.6100,18451
387,49.6100,49.6100,49.5250,49.5350,22777
388,49.5350,49.5750,49.5350,49.5700,18368
389,49.5700,49.5700,49.5300,49.5450,23021
390,49.5400,49.5700,49.5200,49.5500,45997
0,48.7300,49.2200,48.7300,49.0700,17752
1,49.0000,49.1800,48.9900,49.1800,4941
2,49.1570,49.1570,49.1570,49.1570,170
3,49.2200,49.3600,49.2200,49.3484,1753
4,49.3500,49.3500,49.3200,49.3200,700
5,49.3500,49.3600,49.3000,49.3600,721
6,49.3600,49.4700,49.3600,49.4296,1540
7,49.4400,49.4400,49.3400,49.3400,2336
8,49.3700,49.3700,49.3700,49.3700,600
9,49.3800,49.3900,49.3600,49.3900,1900
10,49.4300,49.5300,49.4300,49.5200,13506
11,49.5000,49.5700,49.4900,49.5500,12086
12,49.5350,49.5350,49.5000,49.5100,2200
13,49.5050,49.5200,49.5050,49.5200,1601
14,49.5490,49.5490,49.5200,49.5300,2416
15,49.5274,49.5300,49.4200,49.4400,4577
16,49.4600,49.5300,49.4400,49.4800,2422
17,49.4800,49.4900,49.3300,49.3300,4000
18,49.2810,49.4000,49.2810,49.4000,1282
19,49.4100,49.4192,49.3900,49.4120,1400
20,49.3800,49.3900,49.3600,49.3800,2413
21,49.3850,49.4050,49.3850,49.3900,1410
22,49.3900,49.3900,49.3800,49.3800,600
23,49.3800,49.4500,49.3800,49.4400,1700
24,49.4300,49.4300,49.4081,49.4100,673
25,49.4400,49.4500,49.4309,49.4400,1100
26,49.4650,49.4650,49.3900,49.4000,3716
27,49.4100,49.4200,49.3900,49.4000,4270
28,49.4100,49.4600,49.4100,49.4500,3400
29,49.4600,49.4900,49.4300,49.4750,8741
30,49.4900,49.4900,49.4500,49.4500,5836
31,49.4500,49.5500,49.4000,49.5400,45435
32,49.5300,49.5600,49.5200,49.5600,2240
33,49.5700,49.6000,49.5500,49.5500,3710
34,49.5500,49.5800,49.5500,49.5750,1600
35,49.5600,49.5600,49.5500,49.5600,1800
36,49.5500,49.6000,49.5500,49.6000,2999
37,49.6100,49.6100,49.6100,49.6100,700
38,49.6400,49.6700,49.6400,49.6700,1000
39,49.6700,49.6700,49.6700,49.6700,100
40,49.6900,49.6900,49.6900,49.6900,700
41,49.6700,49.6700,49.5600,49.5900,7654
42,49.5800,49.6100,49.5800,49.5800,1800
43,49.5650,49.5650,49.5500,49.5500,400
44,49.5400,49.5900,49.5100,49.5100,1300
45,49.5500,49.5800,49.5500,49.5800,400
46,49.5600,49.5600,49.5500,49.5600,500
47,49.5600,49.5900,49.5000,49.5000,6365
49,49.5296,49.5296,49.4700,49.4700,700
50,49.4500,49.4600,49.4200,49.4500,5000
51,49.4700,49.4700,49.4300,49.4300,400
52,49.4200,49.4300,49.4000,49.4000,1600
53,49.4200,49.4400,49.3900,49.4200,3500
54,49.3900,49.3900,49.3700,49.3700,800
55,49.3800,49.4000,49.3800,49.3800,800
56,49.3700,49.4400,49.3700,49.4200,5403
57,49.4600,49.5300,49.4600,49.5200,1330
58,49.5400,49.5400,49.5200,49.5200,300
59,49.5000,49.5000,49.4800,49.4964,2584
60,49.5100,49.5300,49.5100,49.5100,2100
61,49.5200,49.5200,49.4700,49.4700,1800
62,49.4600,49.4650,49.4300,49.4650,3300
63,49.4600,49.4600,49.4200,49.4500,2800
64,49.4699,49.4699,49.4500,49.4500,1200
65,49.4400,49.4400,49.4300,49.4300,781
66,49.4100,49.4800,49.4100,49.4800,856
68,49.4700,49.4700,49.4500,49.4500,600
69,49.4600,49.4600,49.4400,49.4500,501
70,49.4300,49.4500,49.3800,49.3800,1500
71,49.4000,49.4000,49.3500,49.3600,3600
72,49.3800,49.3900,49.3800,49.3900,900
73,49.3900,49.4000,49.3899,49.4000,768
74,49.4000,49.4000,49.3400,49.3500,4350
75,49.3400,49.4000,49.3400,49.4000,2583
76,49.3900,49.3900,49.3800,49.3800,700
77,49.3700,49.3700,49.3200,49.3200,1600
78,49.3500,49.3650,49.2800,49.3000,6740
79,49.3000,49.3200,49.3000,49.3200,800
80,49.3201,49.3400,49.3201,49.3300,3100
81,49.3300,49.3300,49.3100,49.3100,2000
83,49.3100,49.3100,49.2800,49.2800,1064
84,49.3000,49.3500,49.3000,49.3300,6744
85,49.3250,49.3300,49.2900,49.2900,2600
86,49.3100,49.3100,49.2900,49.2900,1000
87,49.2800,49.2800,49.2600,49.2600,1100
88,49.2600,49.2600,49.2300,49.2300,1400
89,49.2400,49.2700,49.2300,49.2700,2300
90,49.2700,49.2800,49.2500,49.2500,1688
91,49.2600,49.2700,49.2200,49.2200,3805
92,49.2300,49.2300,49.1600,49.1900,6400
93,49.1900,49.2400,49.1750,49.2400,6733
94,49.2200,49.2200,49.1800,49.1850,2200
95,49.2000,49.2100,49.1900,49.1900,4900
96,49.1600,49.1600,49.1600,49.1600,300
97,49.1600,49.2100,49.1600,49.2000,5723
98,49.2000,49.2300,49.1700,49.1750,12920
99,49.1700,49.2100,49.1300,49.2000,11638
100,49.1800,49.1800,49.1500,49.1547,2041
101,49.1650,49.1650,49.1500,49.1500,877
102,49.1500,49.1500,49.1200,49.1400,5709
103,49.1700,49.1700,49.1300,49.1300,2277
104,49.1200,49.1400,49.1200,49.1400,800
105,49.1400,49.1400,49.1100,49.1100,2600
106,49.1100,49.1400,49.1100,49.1400,3743
107,49.1400,49.1600,49.1200,49.1550,3307
108,49.1500,49.1500,49.1300,49.1300,3100
109,49.1200,49.1600,49.1100,49.1300,3920
110,49.1300,49.1300,49.0800,49.0800,5136
111,49.0800,49.1200,49.0800,49.1100,4300
112,49.1148,49.1236,49.0800,49.0800,3587
113,49.0800,49.1200,49.0800,49.0900,7700
114,49.1000,49.1000,49.0600,49.0700,3198
115,49.0700,49.0900,49.0400,49.0400,1769
116,49.0464,49.0505,48.9900,48.9900,12570
117,49.0100,49.0500,48.9900,48.9900,15614
118,48.9957,48.9957,48.9600,48.9600,1802
119,49.0100,49.0300,48.9800,48.9800,4700
120,48.9800,49.0100,48.9703,49.0000,5131
121,49.0000,49.0400,48.9800,49.0400,16606
122,49.0600,49.0900,49.0500,49.0900,2500
123,49.1000,49.1200,49.0900,49.1200,2745
124,49.1100,49.1100,49.0800,49.0800,600
125,49.1100,49.1500,49.1100,49.1500,2724
126,49.1600,49.1636,49.1300,49.1400,1519
127,49.1424,49.1424,49.1000,49.1000,1600
128,49.0900,49.0900,49.0619,49.0619,420
129,49.0400,49.0900,49.0400,49.0721,1493
130,49.1100,49.1100,49.1000,49.1100,1732
131,49.1200,49.1500,49.1200,49.1400,1200
132,49.1500,49.1700,49.1400,49.1400,1584
133,49.1300,49.1300,49.0900,49.1200,2369
134,49.1000,49.1200,49.1000,49.1200,896
135,49.1200,49.1200,49.1200,49.1200,100
136,49.1100,49.1100,49.0700,49.0800,1445
137,49.0500,49.0800,49.0500,49.0700,2000
138,49.0600,49.0600,49.0550,49.0550,900
139,49.0700,49.0800,49.0620,49.0700,4000
140,49.0750,49.0750,49.0100,49.0300,3950
141,49.0500,49.0700,49.0500,49.0700,551
142,49.0650,49.0800,49.0600,49.0700,1087
143,49.0700,49.1100,49.0600,49.1000,2904
145,49.0900,49.1100,49.0850,49.1100,1602
146,49.1200,49.1200,49.0900,49.1000,2775
147,49.1000,49.1080,49.1000,49.1000,1000
148,49.0900,49.0900,49.0700,49.0700,2531
149,49.0650,49.0800,49.0650,49.0800,700
150,49.0991,49.1200,49.0991,49.1099,2813
151,49.1100,49.1100,49.0900,49.1000,819
152,49.1000,49.1000,49.0700,49.0800,2444
153,49.0900,49.1100,49.0900,49.1000,1000
154,49.1100,49.1300,49.1100,49.1200,1000
155,49.1200,49.1700,49.1200,49.1500,6756
156,49.1700,49.1800,49.1700,49.1800,1100
157,49.1900,49.1900,49.1700,49.1800,3536
158,49.2000,49.2000,49.2000,49.2000,1298
159,49.1800,49.2200,49.1800,49.2200,2400
160,49.2200,49.2300,49.1800,49.2000,3870
161,49.1903,49.1903,49.1600,49.1700,2265
162,49.1400,49.1700,49.1400,49.1700,1282
164,49.1800,49.1900,49.1600,49.1900,5059
165,49.1900,49.1996,49.1900,49.1996,459
166,49.1900,49.1900,49.1900,49.1900,1219
167,49.1900,49.2000,49.1800,49.2000,1300
168,49.2100,49.2100,49.2000,49.2000,259
169,49.1800,49.1800,49.1600,49.1600,1214
170,49.1600,49.1600,49.1500,49.1600,1471
171,49.1800,49.1900,49.1350,49.1350,5400
172,49.1350,49.1350,49.0850,49.0900,4346
173,49.0900,49.1277,49.0900,49.1100,1400
174,49.1037,49.1037,49.0863,49.0863,1175
176,49.1000,49.1600,49.1000,49.1600,1601
177,49.1800,49.1800,49.1310,49.1400,1445
179,49.1500,49.1800,49.1500,49.1560,2118
181,49.1700,49.1800,49.1700,49.1800,2805
182,49.2000,49.2000,49.1900,49.1950,5856
183,49.1900,49.1900,49.1700,49.1700,4100
184,49.1700,49.1800,49.1600,49.1700,5029
185,49.1500,49.1500,49.1000,49.1000,4139
186,49.1200,49.1800,49.1200,49.1800,3107
187,49.1600,49.1611,49.1500,49.1500,1100
188,49.1500,49.1600,49.1400,49.1550,1700
189,49.1500,49.1500,49.1300,49.1300,3318
190,49.1300,49.1300,49.1135,49.1135,1647
191,49.1200,49.1200,49.1000,49.1000,1400
192,49.1100,49.1300,49.1100,49.1300,2100
193,49.1200,49.1700,49.1200,49.1700,800
194,49.1600,49.1600,49.1200,49.1300,700
195,49.1300,49.1400,49.1300,49.1400,850
196,49.1400,49.1400,49.1200,49.1200,1400
197,49.1300,49.1400,49.1300,49.1400,900
198,49.1300,49.1300,49.1200,49.1200,1275
199,49.1200,49.1500,49.1100,49.1300,3589
200,49.1300,49.1400,49.1250,49.1400,3000
201,49.1400,49.1600,49.1200,49.1400,7846
202,49.1400,49.1500,49.1300,49.1400,3945
203,49.1371,49.1371,49.1100,49.1100,2960
204,49.1100,49.1200,49.1100,49.1150,1500
205,49.1200,49.1200,49.1100,49.1100,3219
206,49.1000,49.1100,49.0800,49.1100,1813
207,49.1000,49.1000,49.0850,49.1000,1200
208,49.1000,49.1000,49.0950,49.0950,1956
209,49.1000,49.1200,49.1000,49.1200,3661
210,49.1100,49.1100,49.0700,49.0700,1700
211,49.0800,49.1200,49.0800,49.1100,2081
212,49.1300,49.1450,49.1300,49.1400,2100
213,49.1750,49.1900,49.1500,49.1500,5899
214,49.1500,49.1500,49.1300,49.1300,1200
215,49.1400,49.1400,49.1300,49.1300,1800
216,49.1200,49.1200,49.0900,49.0900,3203
217,49.0900,49.1200,49.0900,49.1000,2400
218,49.1000,49.1100,49.0900,49.0900,5046
219,49.0900,49.1100,49.0900,49.0900,2382
220,49.0800,49.1000,49.0600,49.0800,1750
221,49.0800,49.0800,49.0800,49.0800,100
222,49.0800,49.0800,49.0600,49.0600,1573
223,49.0500,49.0700,49.0500,49.0700,1100
224,49.1000,49.1000,49.1000,49.1000,600
225,49.1000,49.1200,49.1000,49.1100,13455
226,49.1100,49.1100,49.0900,49.1050,30230
227,49.0900,49.1700,49.0900,49.1700,7414
228,49.1600,49.1600,49.1600,49.1600,100
229,49.1600,49.1600,49.1600,49.1600,100
230,49.1600,49.1600,49.1550,49.1600,400
231,49.1600,49.1800,49.1554,49.1800,2400
232,49.1900,49.2200,49.1900,49.2200,2884
233,49.2200,49.2300,49.2200,49.2200,4995
234,49.2200,49.2200,49.1800,49.1800,14800
235,49.1800,49.2200,49.1700,49.1850,21150
236,49.1900,49.2100,49.1900,49.2100,19800
237,49.2100,49.2200,49.2000,49.2000,2019
238,49.2000,49.2100,49.2000,49.2100,1100
239,49.2100,49.2200,49.2100,49.2200,1619
240,49.2335,49.2335,49.2335,49.2335,253
241,49.2203,49.2203,49.1950,49.1950,5965
242,49.1900,49.1900,49.1500,49.1800,6745
243,49.1700,49.1900,49.1700,49.1900,2521
244,49.2100,49.2200,49.2100,49.2200,672
245,49.2200,49.2290,49.2200,49.2200,3617
246,49.2300,49.2400,49.2300,49.2400,709
247,49.2600,49.2600,49.2400,49.2500,3602
248,49.2600,49.2600,49.2600,49.2600,100
249,49.2700,49.2700,49.2700,49.2700,1163
250,49.2700,49.2800,49.2650,49.2700,1559
251,49.2800,49.2800,49.2300,49.2400,5000
252,49.2400,49.2600,49.2400,49.2500,1750
253,49.2500,49.2600,49.2500,49.2500,1700
254,49.2400,49.2700,49.2400,49.2500,6200
255,49.2600,49.3100,49.2600,49.2950,7804
256,49.3000,49.3100,49.2900,49.3100,3959
257,49.3100,49.3100,49.2800,49.2800,1000
259,49.3000,49.3000,49.3000,49.3000,200
260,49.3000,49.3100,49.2854,49.2854,2328
261,49.2800,49.3000,49.2800,49.2900,1100
262,49.2900,49.3200,49.2900,49.3000,1108
263,49.3200,49.3700,49.3200,49.3200,2200
264,49.3200,49.3200,49.3200,49.3200,400
265,49.3200,49.3414,49.3100,49.3300,1364
266,49.3300,49.3300,49.3300,49.3300,700
267,49.3470,49.3800,49.3470,49.3700,3999
268,49.3900,49.4000,49.3700,49.3700,4975
269,49.3800,49.3800,49.3571,49.3571,1150
270,49.3700,49.3900,49.3700,49.3800,1810
271,49.3800,49.3900,49.3671,49.3900,4228
272,49.3900,49.3950,49.3800,49.3900,400
273,49.3800,49.3800,49.3700,49.3700,1900
274,49.3799,49.3800,49.3650,49.3800,600
275,49.3700,49.3700,49.3500,49.3500,1000
276,49.3500,49.3600,49.3500,49.3500,1600
277,49.3600,49.3700,49.3500,49.3600,3619
278,49.3644,49.3700,49.3644,49.3700,1507
279,49.3800,49.3800,49.3600,49.3600,2631
280,49.3600,49.3600,49.3300,49.3400,6800
281,49.3500,49.3500,49.3100,49.3150,2529
282,49.3139,49.3200,49.3100,49.3100,1917
283,49.3200,49.3600,49.3200,49.3400,1700
284,49.3300,49.3300,49.3000,49.3000,2068
285,49.3000,49.3050,49.3000,49.3050,1200
286,49.3100,49.3300,49.3100,49.3100,2300
287,49.3000,49.3000,49.2900,49.2900,500
288,49.3000,49.3400,49.3000,49.3300,2704
289,49.3300,49.3300,49.2900,49.2950,3700
290,49.2950,49.3164,49.2800,49.2900,3077
291,49.2900,49.2900,49.2700,49.2700,2705
292,49.2750,49.2750,49.2750,49.2750,200
293,49.2800,49.2800,49.2600,49.2600,2700
294,49.2600,49.3100,49.2551,49.3100,4200
295,49.3000,49.3100,49.2900,49.3100,1400
296,49.3000,49.3200,49.2800,49.2980,4900
297,49.2900,49.2900,49.2700,49.2700,500
298,49.2700,49.2900,49.2700,49.2850,1400
299,49.2900,49.3200,49.2900,49.3200,1789
300,49.3100,49.3100,49.2800,49.2800,2207
301,49.2700,49.2800,49.2600,49.2800,1450
302,49.2700,49.2700,49.2700,49.2700,100
303,49.2800,49.3000,49.2600,49.2800,4171
304,49.2800,49.2800,49.2500,49.2600,3206
305,49.2580,49.2900,49.2580,49.2700,4307
306,49.2800,49.2800,49.2700,49.2700,1070
307,49.2746,49.3100,49.2746,49.3100,1329
308,49.3100,49.3100,49.3100,49.3100,300
309,49.3200,49.3400,49.3150,49.3400,3050
310,49.3500,49.3500,49.3300,49.3500,28400
311,49.3600,49.3700,49.3600,49.3700,1119
312,49.3700,49.3700,49.3700,49.3700,300
313,49.3600,49.3700,49.3450,49.3450,2950
314,49.3500,49.3550,49.3500,49.3550,300
315,49.3500,49.3800,49.3500,49.3657,2058
316,49.3700,49.3900,49.3700,49.3700,2100
317,49.3650,49.3700,49.3650,49.3700,400
318,49.3600,49.3700,49.3600,49.3700,1626
319,49.3600,49.3900,49.3600,49.3900,1700
320,49.4100,49.4100,49.3500,49.3500,8300
321,49.3600,49.3800,49.3500,49.3750,6568
322,49.3700,49.3800,49.3700,49.3800,200
323,49.3800,49.4300,49.3800,49.4300,4934
324,49.4200,49.4200,49.4100,49.4100,2600
325,49.4100,49.4200,49.4050,49.4200,2500
326,49.4100,49.4100,49.4050,49.4100,1659
327,49.4100,49.4200,49.4050,49.4100,3900
328,49.4100,49.4450,49.4050,49.4450,7387
329,49.4500,49.4700,49.4500,49.4600,1514
330,49.4600,49.4800,49.4550,49.4800,1919
331,49.4850,49.4850,49.4700,49.4800,2110
332,49.4800,49.4900,49.4700,49.4900,2457
333,49.4800,49.4850,49.4700,49.4700,1100
334,49.4700,49.4700,49.4550,49.4550,1629
335,49.4500,49.4500,49.4300,49.4300,3700
336,49.4400,49.4400,49.4300,49.4400,4400
337,49.4400,49.4500,49.4300,49.4300,3617
338,49.4200,49.4200,49.4000,49.4100,3100
339,49.4100,49.4400,49.4050,49.4400,5326
340,49.4400,49.4400,49.4350,49.4375,10200
341,49.4300,49.4300,49.4200,49.4250,2500
342,49.4250,49.4500,49.4250,49.4400,5115
343,49.4450,49.4650,49.4450,49.4650,1900
344,49.4700,49.4750,49.4700,49.4750,1107
345,49.4700,49.4700,49.4500,49.4500,3600
346,49.4400,49.4400,49.4200,49.4200,1700
347,49.4100,49.4400,49.4100,49.4300,2106
348,49.4300,49.4350,49.4150,49.4350,2500
349,49.4300,49.4300,49.4200,49.4300,3969
350,49.4350,49.4500,49.4350,49.4500,2864
351,49.4500,49.4500,49.4400,49.4400,1204
352,49.4400,49.4550,49.4400,49.4450,9943
353,49.4500,49.4500,49.4200,49.4200,2414
354,49.4200,49.4300,49.4200,49.4300,1200
355,49.4400,49.4400,49.4299,49.4300,2618
356,49.4400,49.4700,49.4400,49.4600,2240
357,49.4700,49.4700,49.4500,49.4500,2100
358,49.4500,49.4500,49.4450,49.4500,400
359,49.4400,49.4400,49.4346,49.4400,1105
360,49.4300,49.4500,49.4200,49.4500,5142
361,49.4500,49.4600,49.4432,49.4450,3648
362,49.4600,49.4600,49.4500,49.4600,1292
363,49.4600,49.4600,49.4300,49.4350,8320
364,49.4400,49.4500,49.4350,49.4450,2968
365,49.4500,49.4500,49.4400,49.4400,3067
366,49.4400,49.4550,49.4350,49.4350,6748
367,49.4400,49.4500,49.4350,49.4400,5322
368,49.4400,49.4400,49.4300,49.4300,4611
369,49.4200,49.4200,49.3900,49.4000,27545
370,49.4100,49.4700,49.4100,49.4600,16987
371,49.4500,49.4600,49.4400,49.4500,8112
372,49.4500,49.4500,49.4100,49.4150,8555
373,49.4150,49.4300,49.4100,49.4300,8652
374,49.4400,49.4500,49.4350,49.4400,4400
375,49.4350,49.4400,49.3900,49.3950,9250
376,49.3900,49.3900,49.3600,49.3700,9324
377,49.3700,49.3800,49.3550,49.3600,5688
378,49.3600,49.3700,49.3452,49.3700,3131
379,49.3700,49.3800,49.3450,49.3500,10131
380,49.3500,49.3500,49.3250,49.3300,17426
381,49.3250,49.3300,49.3100,49.3250,9092
382,49.3257,49.3300,49.3200,49.3250,13688
383,49.3300,49.3700,49.3250,49.3550,12319
384,49.3550,49.3550,49.3400,49.3450,8285
385,49.3400,49.3500,49.3400,49.3450,6807
386,49.3405,49.3700,49.3300,49.3700,18082
387,49.3700,49.3900,49.3500,49.3500,17202
388,49.3500,49.3500,49.3250,49.3450,14722
389,49.3450,49.3500,49.3100,49.3250,13164
390,49.3250,49.3400,49.3100,49.3380,19274