PGR,Progressive Corp.,Financials,4,Property & Casualty Insurance,25200835576,2696403
a149927220090,43.0800,43.0800,43.0600,43.0700,110581
1,43.0400,43.0400,43.0400,43.0400,7955
2,43.1150,43.1150,43.1150,43.1150,100
3,43.1600,43.1600,43.1100,43.1100,280
4,43.0900,43.1000,43.0400,43.0400,800
5,43.0200,43.0500,43.0200,43.0300,4081
6,43.0200,43.0200,42.9900,42.9900,1434
7,42.9900,43.0400,42.9700,43.0300,9200
8,43.0400,43.0700,43.0100,43.0300,11154
9,43.0100,43.0100,42.9800,42.9816,3249
10,42.9800,42.9800,42.9500,42.9550,8906
11,42.9500,42.9500,42.9150,42.9299,5899
12,42.9200,42.9250,42.9000,42.9050,1702
13,42.9100,42.9200,42.8900,42.9000,4766
14,42.9100,42.9300,42.9100,42.9300,2198
15,42.9400,42.9650,42.9400,42.9650,1200
16,42.9700,42.9700,42.9650,42.9690,900
17,42.9600,42.9700,42.9542,42.9700,3639
18,42.9800,43.0100,42.9800,43.0100,4503
19,43.0050,43.0200,42.9950,43.0200,3200
20,43.0200,43.0300,43.0100,43.0300,1900
21,43.0300,43.0600,43.0300,43.0600,1950
22,43.0600,43.0700,43.0400,43.0400,5098
23,43.0490,43.0490,43.0300,43.0400,1100
24,43.0350,43.0700,43.0350,43.0700,3600
25,43.0699,43.0900,43.0699,43.0750,4096
26,43.0800,43.0800,43.0700,43.0800,1000
27,43.0793,43.0900,43.0650,43.0900,3130
28,43.0900,43.1300,43.0900,43.1300,3909
29,43.1300,43.1400,43.1300,43.1400,3971
30,43.1400,43.1850,43.1400,43.1850,2932
31,43.1700,43.1900,43.1450,43.1900,3799
32,43.1900,43.2100,43.1700,43.1700,7300
33,43.1700,43.1700,43.1500,43.1600,1700
34,43.1600,43.1800,43.1600,43.1700,3423
35,43.1700,43.1900,43.1700,43.1890,1100
36,43.1850,43.1850,43.1600,43.1600,2211
37,43.1600,43.1650,43.1500,43.1600,3700
38,43.1650,43.1650,43.1401,43.1450,1900
39,43.1450,43.1490,43.1000,43.1100,3505
40,43.1190,43.1200,43.1190,43.1200,1700
41,43.1190,43.1200,43.1150,43.1150,2028
42,43.1200,43.1200,43.1200,43.1200,200
43,43.1100,43.1200,43.0950,43.1100,6128
44,43.1200,43.1400,43.1200,43.1400,5834
45,43.1400,43.1500,43.1390,43.1500,3000
46,43.1450,43.1500,43.1400,43.1500,3200
47,43.1500,43.1600,43.1400,43.1600,3101
48,43.1550,43.1600,43.1450,43.1600,2404
49,43.1600,43.1700,43.1550,43.1600,3908
50,43.1600,43.1600,43.1528,43.1600,1867
51,43.1700,43.1700,43.1601,43.1700,1400
52,43.1600,43.1600,43.1550,43.1600,3120
53,43.1600,43.1800,43.1590,43.1600,3626
54,43.1600,43.1790,43.1600,43.1700,1715
55,43.1800,43.1800,43.1700,43.1800,1600
56,43.1750,43.1900,43.1750,43.1890,2200
57,43.1893,43.2000,43.1801,43.2000,2501
58,43.2000,43.2100,43.1900,43.2000,3900
59,43.2000,43.2000,43.1850,43.1900,1279
60,43.1900,43.1900,43.1850,43.1893,1100
61,43.1800,43.1850,43.1701,43.1800,2000
62,43.1790,43.1800,43.1750,43.1793,3037
63,43.1800,43.2000,43.1800,43.1950,4701
64,43.2000,43.2000,43.1850,43.1900,2597
65,43.1900,43.2000,43.1900,43.2000,2463
66,43.1993,43.2000,43.1900,43.1900,1598
67,43.1800,43.1800,43.1700,43.1800,3375
68,43.1800,43.1800,43.1700,43.1800,4514
69,43.1700,43.2000,43.1700,43.1900,6367
70,43.2000,43.2200,43.2000,43.2100,9389
71,43.2000,43.2050,43.2000,43.2000,900
72,43.2000,43.2000,43.1841,43.1900,2611
73,43.1900,43.2000,43.1850,43.1900,8036
74,43.2000,43.2000,43.1600,43.1600,3580
75,43.1700,43.1800,43.1650,43.1800,1590
76,43.1750,43.1900,43.1750,43.1900,2996
77,43.1850,43.1900,43.1750,43.1800,1500
78,43.1800,43.1800,43.1560,43.1650,2898
79,43.1650,43.1700,43.1650,43.1700,2900
80,43.1650,43.1650,43.1500,43.1590,3100
81,43.1500,43.1500,43.1400,43.1400,1000
82,43.1400,43.1400,43.1350,43.1400,700
83,43.1400,43.1400,43.1400,43.1400,300
84,43.1390,43.1600,43.1390,43.1600,6900
85,43.1700,43.1750,43.1700,43.1750,1500
86,43.1700,43.1700,43.1590,43.1600,1210
87,43.1590,43.1600,43.1501,43.1550,600
88,43.1600,43.1700,43.1600,43.1650,3298
89,43.1700,43.1790,43.1600,43.1600,5659
90,43.1600,43.1800,43.1500,43.1750,7600
91,43.1750,43.1750,43.1500,43.1500,6298
92,43.1500,43.1500,43.1400,43.1500,2500
93,43.1400,43.1400,43.1300,43.1350,1100
94,43.1300,43.1300,43.1200,43.1250,800
95,43.1300,43.1300,43.1100,43.1200,4055
96,43.1200,43.1200,43.1100,43.1101,800
97,43.1150,43.1200,43.1050,43.1100,4496
98,43.1100,43.1250,43.1000,43.1000,9481
99,43.1050,43.1100,43.0800,43.1100,11315
100,43.1100,43.1200,43.1100,43.1200,2900
101,43.1100,43.1100,43.1050,43.1100,2800
102,43.1100,43.1170,43.1100,43.1150,2223
103,43.1200,43.1300,43.1150,43.1250,10437
104,43.1250,43.1299,43.1200,43.1200,1700
105,43.1300,43.1300,43.1200,43.1200,2059
106,43.1250,43.1250,43.1100,43.1150,3200
107,43.1100,43.1200,43.1100,43.1150,1700
108,43.1150,43.1150,43.0900,43.0900,4824
109,43.0900,43.1000,43.0900,43.1000,3087
110,43.1000,43.1050,43.0900,43.1050,5302
111,43.1050,43.1100,43.0900,43.1000,10067
112,43.1000,43.1100,43.0950,43.1100,1900
113,43.1100,43.1200,43.1050,43.1200,2437
114,43.1200,43.1200,43.1100,43.1100,3800
115,43.1100,43.1400,43.1090,43.1350,6546
116,43.1400,43.1500,43.1350,43.1500,2500
117,43.1493,43.1500,43.1400,43.1450,1400
118,43.1400,43.1400,43.1350,43.1400,3443
119,43.1400,43.1500,43.1400,43.1400,1704
120,43.1300,43.1300,43.1200,43.1200,1399
121,43.1150,43.1200,43.1100,43.1150,800
122,43.1150,43.1200,43.1000,43.1050,2600
123,43.1000,43.1050,43.0900,43.0900,1700
124,43.0900,43.0950,43.0800,43.0800,1700
125,43.0800,43.0900,43.0650,43.0850,4700
126,43.0870,43.0900,43.0870,43.0900,395
127,43.0900,43.0900,43.0700,43.0700,1600
128,43.0700,43.0700,43.0700,43.0700,400
129,43.0700,43.0850,43.0700,43.0850,2900
130,43.0800,43.0850,43.0800,43.0800,1100
131,43.0800,43.0800,43.0700,43.0800,1700
132,43.0800,43.0900,43.0800,43.0850,2397
133,43.0899,43.1100,43.0850,43.1100,3918
134,43.1099,43.1100,43.1099,43.1099,400
135,43.1000,43.1050,43.0650,43.0800,7600
136,43.0900,43.0900,43.0850,43.0850,500
137,43.0900,43.1000,43.0850,43.1000,3800
138,43.1100,43.1100,43.0900,43.0900,2390
139,43.0900,43.0900,43.0800,43.0900,1645
140,43.0900,43.1000,43.0900,43.1000,3600
141,43.1000,43.1199,43.1000,43.1199,1633
142,43.1200,43.1300,43.1200,43.1300,1000
143,43.1300,43.1300,43.1250,43.1250,700
144,43.1250,43.1300,43.1249,43.1300,1200
145,43.1299,43.1399,43.1250,43.1399,5036
146,43.1400,43.1400,43.1300,43.1300,1200
147,43.1350,43.1400,43.1350,43.1350,3821
148,43.1400,43.1500,43.1399,43.1500,4492
149,43.1600,43.1600,43.1550,43.1550,400
150,43.1600,43.1700,43.1600,43.1650,2085
151,43.1650,43.1650,43.1600,43.1600,300
152,43.1600,43.1600,43.1500,43.1553,1343
153,43.1600,43.1600,43.1550,43.1550,800
154,43.1600,43.1600,43.1500,43.1500,3122
155,43.1500,43.1600,43.1450,43.1550,3550
156,43.1600,43.1700,43.1600,43.1700,2100
157,43.1650,43.1700,43.1650,43.1650,800
158,43.1650,43.1650,43.1550,43.1550,1281
159,43.1550,43.1550,43.1400,43.1400,1000
160,43.1400,43.1400,43.1300,43.1300,721
161,43.1350,43.1350,43.1300,43.1300,200
162,43.1300,43.1300,43.1249,43.1249,1485
163,43.1200,43.1400,43.1200,43.1400,4180
164,43.1400,43.1400,43.1350,43.1350,1000
165,43.1300,43.1350,43.1200,43.1200,2479
166,43.1200,43.1250,43.1000,43.1000,3093
167,43.1100,43.1200,43.1000,43.1001,10222
168,43.1100,43.1100,43.1000,43.1000,4096
169,43.1000,43.1100,43.1000,43.1050,700
170,43.1050,43.1050,43.1050,43.1050,300
171,43.1050,43.1050,43.1050,43.1050,200
172,43.1050,43.1100,43.0900,43.1050,8510
173,43.1100,43.1100,43.1090,43.1090,1600
174,43.1200,43.1200,43.1150,43.1200,700
175,43.1200,43.1200,43.1150,43.1200,900
176,43.1200,43.1200,43.1150,43.1150,700
177,43.1200,43.1200,43.1150,43.1150,700
178,43.1200,43.1200,43.1150,43.1200,600
179,43.1200,43.1200,43.1200,43.1200,1100
180,43.1200,43.1250,43.1150,43.1250,5822
181,43.1250,43.1300,43.1250,43.1300,1530
182,43.1300,43.1400,43.1300,43.1400,2620
183,43.1400,43.1400,43.1334,43.1350,758
184,43.1400,43.1400,43.1300,43.1400,4007
185,43.1350,43.1400,43.1300,43.1400,1000
186,43.1400,43.1400,43.1350,43.1400,700
187,43.1350,43.1400,43.1350,43.1400,800
188,43.1400,43.1500,43.1350,43.1500,4000
189,43.1500,43.1500,43.1400,43.1500,1175
190,43.1500,43.1500,43.1450,43.1450,1300
191,43.1500,43.1500,43.1400,43.1500,3041
192,43.1500,43.1600,43.1500,43.1600,1100
193,43.1550,43.1600,43.1500,43.1600,1200
194,43.1550,43.1550,43.1400,43.1450,2735
195,43.1450,43.1450,43.1300,43.1300,2222
196,43.1400,43.1400,43.1400,43.1400,3000
197,43.1500,43.1500,43.1500,43.1500,1300
198,43.1500,43.1500,43.1300,43.1350,3076
199,43.1350,43.1400,43.1300,43.1350,1200
200,43.1400,43.1400,43.1300,43.1400,1100
201,43.1300,43.1350,43.1200,43.1240,3323
202,43.1200,43.1250,43.1100,43.1200,8700
204,43.1200,43.1300,43.1150,43.1300,2700
205,43.1300,43.1300,43.1200,43.1200,3253
206,43.1200,43.1200,43.1150,43.1150,300
207,43.1150,43.1250,43.1150,43.1250,2100
208,43.1250,43.1261,43.1200,43.1200,1786
209,43.1200,43.1200,43.1100,43.1101,1439
210,43.1150,43.1150,43.0800,43.0900,6385
211,43.0800,43.1000,43.0800,43.1000,3595
212,43.1100,43.1100,43.1000,43.1000,1200
213,43.1099,43.1100,43.1099,43.1100,476
214,43.1050,43.1100,43.1050,43.1100,1277
215,43.1050,43.1100,43.1050,43.1100,1150
216,43.1100,43.1250,43.1100,43.1200,4498
217,43.1300,43.1300,43.1250,43.1250,1000
218,43.1300,43.1300,43.1250,43.1300,2100
219,43.1300,43.1400,43.1300,43.1400,1405
220,43.1300,43.1350,43.1200,43.1300,4364
221,43.1250,43.1250,43.1150,43.1200,14548
222,43.1200,43.1300,43.1150,43.1250,2700
223,43.1200,43.1300,43.1200,43.1300,400
224,43.1200,43.1300,43.1200,43.1300,200
225,43.1300,43.1300,43.1200,43.1300,800
226,43.1300,43.1450,43.1250,43.1400,8700
227,43.1400,43.1450,43.1300,43.1300,1700
228,43.1300,43.1350,43.1200,43.1300,4247
229,43.1300,43.1350,43.1300,43.1300,986
230,43.1300,43.1350,43.1300,43.1350,1100
231,43.1400,43.1400,43.1300,43.1300,2432
232,43.1350,43.1500,43.1300,43.1300,10718
233,43.1250,43.1300,43.1200,43.1250,600
234,43.1200,43.1300,43.1200,43.1300,1900
235,43.1350,43.1400,43.1300,43.1400,800
236,43.1350,43.1500,43.1330,43.1500,1985
237,43.1450,43.1500,43.1300,43.1350,3703
238,43.1350,43.1350,43.1350,43.1350,200
239,43.1300,43.1350,43.1300,43.1350,400
240,43.1368,43.1400,43.1200,43.1250,6983
241,43.1250,43.1299,43.1100,43.1200,11031
242,43.1200,43.1200,43.1000,43.1000,4524
243,43.1000,43.1100,43.1000,43.1000,800
244,43.1000,43.1350,43.1000,43.1300,5016
245,43.1300,43.1300,43.1250,43.1300,1200
246,43.1300,43.1300,43.1200,43.1250,1300
247,43.1300,43.1300,43.1250,43.1300,1100
248,43.1300,43.1500,43.1300,43.1500,2200
249,43.1450,43.1500,43.1400,43.1500,1000
250,43.1500,43.1600,43.1500,43.1600,6270
251,43.1550,43.1600,43.1450,43.1600,3500
252,43.1600,43.1700,43.1600,43.1600,3179
253,43.1600,43.1750,43.1600,43.1700,4234
254,43.1800,43.1800,43.1700,43.1800,1895
255,43.1800,43.1800,43.1700,43.1700,1500
256,43.1800,43.1800,43.1650,43.1650,4846
257,43.1600,43.1700,43.1600,43.1700,2019
258,43.1700,43.1800,43.1700,43.1800,3750
259,43.1800,43.1900,43.1800,43.1850,1700
260,43.1850,43.1900,43.1800,43.1900,1500
261,43.1900,43.1900,43.1800,43.1800,1100
262,43.1900,43.1900,43.1800,43.1850,1300
263,43.1850,43.1900,43.1800,43.1900,2850
264,43.1900,43.1900,43.1850,43.1900,800
265,43.1900,43.1900,43.1800,43.1800,2246
266,43.1800,43.1800,43.1700,43.1750,1300
267,43.1800,43.1900,43.1750,43.1900,2186
268,43.1900,43.1900,43.1900,43.1900,900
269,43.1900,43.1900,43.1700,43.1700,3854
270,43.1700,43.1800,43.1650,43.1700,1600
271,43.1650,43.1650,43.1450,43.1500,3046
272,43.1500,43.1500,43.1500,43.1500,1100
273,43.1600,43.1600,43.1550,43.1600,900
274,43.1500,43.1600,43.1500,43.1600,1100
275,43.1600,43.1600,43.1400,43.1450,3008
276,43.1500,43.1600,43.1450,43.1600,1200
277,43.1600,43.1600,43.1500,43.1600,2000
278,43.1600,43.1600,43.1534,43.1550,1885
279,43.1600,43.1600,43.1450,43.1450,6554
280,43.1400,43.1500,43.1400,43.1500,1586
281,43.1500,43.1700,43.1500,43.1500,4800
282,43.1500,43.1600,43.1500,43.1512,1125
283,43.1600,43.1650,43.1500,43.1550,11900
284,43.1600,43.1700,43.1600,43.1600,2214
285,43.1650,43.1650,43.1600,43.1650,1200
286,43.1700,43.1800,43.1600,43.1600,5412
287,43.1650,43.1650,43.1500,43.1500,4247
288,43.1600,43.1600,43.1500,43.1500,1543
289,43.1500,43.1550,43.1350,43.1500,5699
290,43.1500,43.1500,43.1450,43.1500,700
291,43.1450,43.1500,43.1450,43.1500,600
292,43.1450,43.1500,43.1450,43.1500,2601
293,43.1500,43.1700,43.1500,43.1500,6716
294,43.1400,43.1500,43.1350,43.1450,4200
295,43.1500,43.1600,43.1500,43.1600,1500
296,43.1600,43.1600,43.1510,43.1550,1716
297,43.1550,43.1550,43.1400,43.1500,2608
298,43.1450,43.1600,43.1450,43.1600,2063
299,43.1600,43.1600,43.1500,43.1600,1532
300,43.1600,43.1600,43.1550,43.1600,400
301,43.1600,43.1600,43.1600,43.1600,700
302,43.1600,43.1700,43.1600,43.1700,1373
303,43.1700,43.1700,43.1650,43.1700,1600
304,43.1700,43.1700,43.1600,43.1650,2070
305,43.1700,43.1700,43.1700,43.1700,800
306,43.1700,43.1700,43.1650,43.1700,1200
307,43.1700,43.1700,43.1600,43.1700,900
308,43.1700,43.1700,43.1550,43.1600,3925
309,43.1600,43.1800,43.1600,43.1750,4281
310,43.1700,43.1750,43.1550,43.1600,5091
311,43.1650,43.1700,43.1600,43.1600,2400
312,43.1600,43.1650,43.1600,43.1600,2346
313,43.1650,43.1650,43.1600,43.1600,300
314,43.1600,43.1700,43.1600,43.1700,5240
315,43.1800,43.1900,43.1750,43.1800,13104
316,43.1800,43.1850,43.1700,43.1800,4050
317,43.1800,43.1900,43.1750,43.1900,1992
318,43.1900,43.2000,43.1900,43.1900,3949
319,43.1850,43.2000,43.1800,43.1900,2220
320,43.1900,43.1900,43.1850,43.1900,700
321,43.1900,43.1900,43.1800,43.1900,700
322,43.1900,43.1900,43.1700,43.1750,2396
323,43.1650,43.1800,43.1650,43.1800,3600
324,43.1800,43.1800,43.1700,43.1769,4689
325,43.1800,43.1800,43.1700,43.1800,1000
326,43.1750,43.1800,43.1700,43.1800,6884
327,43.1700,43.1850,43.1700,43.1800,16678
328,43.1800,43.1950,43.1701,43.1701,7800
329,43.1800,43.1850,43.1700,43.1700,6025
330,43.1700,43.1800,43.1700,43.1800,5000
331,43.1700,43.1900,43.1700,43.1900,18145
332,43.1800,43.1900,43.1750,43.1800,9687
333,43.1800,43.1900,43.1750,43.1900,900
334,43.1800,43.1850,43.1700,43.1800,1242
335,43.1800,43.1800,43.1700,43.1800,1017
336,43.1800,43.1800,43.1750,43.1800,1400
337,43.1800,43.1900,43.1750,43.1850,3400
338,43.1900,43.1900,43.1801,43.1801,1069
339,43.1900,43.1900,43.1900,43.1900,1100
340,43.1900,43.1900,43.1650,43.1700,10851
341,43.1700,43.1700,43.1650,43.1700,900
342,43.1700,43.1700,43.1700,43.1700,1000
343,43.1700,43.1700,43.1650,43.1667,1637
344,43.1700,43.1700,43.1650,43.1650,2300
345,43.1700,43.1700,43.1650,43.1700,1300
346,43.1672,43.1700,43.1500,43.1700,7093
347,43.1700,43.1700,43.1650,43.1700,2200
348,43.1700,43.1700,43.1550,43.1700,6890
349,43.1700,43.1800,43.1633,43.1800,5647
350,43.1800,43.1800,43.1800,43.1800,1500
351,43.1799,43.1800,43.1700,43.1750,6991
352,43.1700,43.1800,43.1600,43.1650,2850
353,43.1650,43.1700,43.1450,43.1450,7066
354,43.1462,43.1600,43.1450,43.1600,4569
355,43.1500,43.1550,43.1400,43.1400,5311
356,43.1450,43.1700,43.1450,43.1500,13219
357,43.1500,43.1550,43.1300,43.1350,7121
358,43.1400,43.1500,43.1300,43.1300,4961
359,43.1350,43.1350,43.1250,43.1300,1832
360,43.1250,43.1400,43.1200,43.1400,3521
361,43.1400,43.1400,43.1150,43.1200,8623
362,43.1300,43.1400,43.1250,43.1400,5359
363,43.1400,43.1500,43.1300,43.1500,6399
364,43.1500,43.1500,43.1450,43.1500,3200
365,43.1500,43.1600,43.1500,43.1600,3653
366,43.1600,43.1900,43.1600,43.1900,6078
367,43.1900,43.1900,43.1700,43.1700,8935
368,43.1700,43.1700,43.1600,43.1600,3070
369,43.1600,43.1650,43.1400,43.1600,14569
370,43.1600,43.1600,43.1500,43.1600,2700
371,43.1500,43.1600,43.1500,43.1550,3012
372,43.1600,43.1600,43.1450,43.1500,5887
373,43.1450,43.1500,43.1400,43.1500,1920
374,43.1500,43.1600,43.1400,43.1600,7667
375,43.1500,43.1600,43.1300,43.1300,8548
376,43.1400,43.1400,43.1300,43.1300,5672
377,43.1350,43.1399,43.1150,43.1200,16976
378,43.1250,43.1250,43.0950,43.0950,4053
379,43.1000,43.1100,43.0900,43.1050,11424
380,43.1000,43.1150,43.1000,43.1100,14587
381,43.1000,43.1100,43.1000,43.1000,3500
382,43.1050,43.1100,43.0800,43.0800,16015
383,43.0800,43.0900,43.0800,43.0800,6329
384,43.0850,43.0850,43.0650,43.0700,21234
385,43.0700,43.0800,43.0700,43.0700,8203
386,43.0700,43.0800,43.0700,43.0750,9660
387,43.0800,43.0800,43.0700,43.0750,8079
388,43.0750,43.0800,43.0500,43.0500,20758
389,43.0500,43.0600,43.0500,43.0600,17415
390,43.0600,43.0700,43.0500,43.0700,39758