ROK,Rockwell Automation Inc.,Industrials,6,Electrical Components & Equipment,21063161846,1038355
a149927220031,163.3800,163.4100,163.3700,163.3800,700
332,163.3800,163.4200,163.3300,163.4200,1581
333,163.4000,163.4000,163.4000,163.4000,200
334,163.3950,163.4700,163.3950,163.4700,950
335,163.4800,163.4900,163.3900,163.4150,1508
336,163.3800,163.4400,163.2700,163.4000,3500
338,163.3500,163.3700,163.3000,163.3000,1700
339,163.2900,163.2900,163.2600,163.2700,600
341,163.2300,163.2700,163.2000,163.2300,2102
342,163.2200,163.2700,163.1800,163.2700,1900
343,163.2200,163.2200,163.1700,163.1700,1000
344,163.1600,163.1900,163.1500,163.1800,1500
345,163.1300,163.1500,163.1300,163.1400,300
346,163.1100,163.1100,163.0300,163.0400,2675
347,163.0100,163.0700,163.0100,163.0600,1200
348,163.0590,163.0800,162.9750,162.9750,1500
349,162.9550,162.9550,162.8600,162.8600,400
350,162.9200,163.0400,162.9200,163.0100,4100
351,163.0100,163.0300,162.9850,163.0300,1600
352,163.0300,163.2400,163.0300,163.2400,3408
353,163.2150,163.3500,163.2000,163.3100,9798
354,163.2800,163.3600,163.2400,163.2400,6940
355,163.2300,163.2300,163.1500,163.2000,2673
356,163.2000,163.3300,163.2000,163.3300,8896
357,163.3250,163.3800,163.3250,163.3800,6005
358,163.3400,163.3600,163.3300,163.3600,1634
359,163.3300,163.4000,163.3300,163.3900,4262
360,163.4000,163.4200,163.3800,163.3800,2000
361,163.3400,163.3600,163.1900,163.1950,2710
362,163.2200,163.3400,163.2200,163.3300,6374
363,163.3059,163.3300,163.2500,163.2500,1380
364,163.2100,163.2100,163.0900,163.1600,4100
365,163.1800,163.2200,163.0700,163.0800,8474
366,162.9700,162.9900,162.9500,162.9900,1203
367,163.0000,163.0200,163.0000,163.0200,700
368,163.0200,163.0200,162.9200,162.9500,2057
369,162.9600,163.0100,162.9600,162.9600,6750
370,162.9600,162.9600,162.9200,162.9250,4611
371,162.9250,162.9600,162.9100,162.9600,4256
372,162.9700,162.9800,162.9200,162.9200,1841
373,162.9000,162.9000,162.8700,162.8800,500
374,162.9000,162.9100,162.7700,162.7700,2485
375,162.7300,162.7300,162.6600,162.6900,7700
376,162.6800,162.7100,162.6100,162.6100,3400
377,162.6300,162.6800,162.6175,162.6700,2918
378,162.6600,162.6600,162.5575,162.6000,4085
379,162.6100,162.6700,162.5500,162.5600,3338
380,162.5800,162.6650,162.4800,162.5100,4404
381,162.4900,162.9200,162.4200,162.5200,7214
382,162.4900,162.5150,162.4600,162.4900,1910
383,162.4900,162.5800,162.4600,162.4850,4700
384,162.4700,162.5800,162.4300,162.5300,3185
385,162.5100,162.5100,162.3900,162.3900,3670
386,162.4200,162.4300,162.3500,162.4100,8881
387,162.4100,162.4100,162.2900,162.3300,15451
388,162.3700,162.6300,162.3100,162.6100,12486
389,162.5500,162.5750,162.3000,162.3600,24097
390,162.3700,162.4500,162.3100,162.3600,29094
0,162.2100,162.2100,162.2100,162.2100,6021
1,162.1200,162.1200,162.1200,162.1200,100
6,162.0000,162.0000,161.7500,161.7950,3835
7,161.8100,161.8200,161.7600,161.7600,1734
8,161.8850,162.0000,161.8000,161.8050,3270
10,161.9100,161.9300,161.8600,161.9050,700
11,161.8400,161.8800,161.6200,161.7400,1640
12,161.7650,161.7650,161.7650,161.7650,100
13,161.7300,161.9000,161.7300,161.9000,400
14,161.8400,162.2500,161.8400,162.2500,2400
15,162.2500,162.2500,162.0600,162.0600,1203
16,162.0100,162.1800,162.0100,162.1800,300
17,162.0100,162.0100,161.9400,162.0000,1800
18,161.8450,161.9900,161.8000,161.8000,1454
19,161.8650,161.8650,161.8600,161.8600,200
20,161.8414,161.8800,161.8000,161.8000,300
21,161.9450,161.9600,161.7900,161.7900,1200
22,161.7900,161.7900,161.7400,161.7400,600
23,161.7450,162.0200,161.6200,162.0000,4263
24,161.9800,162.1000,161.9400,162.1000,1800
25,162.1435,162.1435,162.0800,162.0800,405
26,162.1600,162.1700,162.1380,162.1380,541
27,162.2100,162.2100,162.2100,162.2100,300
28,162.2400,162.5100,162.2400,162.5100,1800
29,162.5100,162.5100,162.4900,162.5000,300
30,162.4900,162.4900,162.4100,162.4100,889
31,162.3700,162.6000,162.3700,162.6000,849
32,162.6100,162.7500,162.6100,162.7500,400
33,162.6300,162.6300,162.6300,162.6300,100
34,162.8500,162.9000,162.7600,162.7600,1100
35,162.8400,162.8700,162.8400,162.8700,200
36,162.7500,162.8900,162.7100,162.7100,1564
37,162.7800,162.8200,162.6600,162.6600,914
38,162.7370,162.7600,162.6800,162.7600,350
39,162.7600,162.7800,162.7150,162.7150,800
41,162.6900,162.7000,162.5900,162.6400,1500
42,162.6600,162.6600,162.6600,162.6600,200
43,162.6000,162.6700,162.5900,162.6525,3200
44,162.6500,162.6500,162.6200,162.6200,200
46,162.7100,162.7600,162.6600,162.7600,1191
47,162.7300,162.8900,162.7300,162.8900,1200
48,162.8200,162.8200,162.7400,162.7400,1150
49,162.7100,162.7100,162.6600,162.6600,400
50,162.7100,162.7200,162.7100,162.7150,300
51,162.6900,162.6900,162.6900,162.6900,200
52,162.6800,162.6800,162.6000,162.6000,1000
53,162.5800,162.6500,162.5500,162.6400,1430
54,162.6100,162.6100,162.6100,162.6100,500
55,162.6900,162.7700,162.6800,162.7700,1166
56,162.7700,162.7700,162.7700,162.7700,200
57,162.8800,162.9600,162.8800,162.9600,810
58,162.9500,162.9500,162.8400,162.8400,500
60,162.8600,162.8716,162.7800,162.7800,1350
61,162.7600,162.8300,162.7500,162.8300,1100
62,162.7500,162.7500,162.7300,162.7400,600
63,162.7900,162.8800,162.7700,162.7700,1400
64,162.7900,162.7900,162.7150,162.7400,958
66,162.8000,162.8400,162.7600,162.8300,900
67,162.8700,162.8800,162.8700,162.8800,200
68,162.7900,162.8000,162.7100,162.7100,600
70,162.7392,162.7392,162.6500,162.6500,900
71,162.7089,162.7089,162.7089,162.7089,100
72,162.7100,162.7100,162.7100,162.7100,500
73,162.7700,162.8700,162.7700,162.8700,600
74,162.8600,162.8800,162.8100,162.8100,400
75,162.8900,162.8900,162.8450,162.8600,427
76,162.9100,162.9400,162.9100,162.9400,300
77,162.8700,162.9100,162.8700,162.9100,388
78,162.9300,162.9500,162.8700,162.9500,1300
80,162.9800,163.0200,162.9650,162.9650,3595
81,162.9900,163.0000,162.7700,162.7900,1900
85,162.7400,162.7908,162.7400,162.7900,400
86,162.8300,162.8500,162.8100,162.8200,1300
87,162.8600,162.8700,162.8100,162.8100,400
88,162.8600,162.8900,162.8100,162.8900,1000
89,162.8900,162.9200,162.8800,162.9200,600
91,162.8800,162.8800,162.7600,162.7800,1200
92,162.7100,162.7500,162.7100,162.7500,500
94,162.7200,162.7200,162.5800,162.5800,900
95,162.5700,162.5700,162.5100,162.5100,700
96,162.5700,162.5700,162.5700,162.5700,100
97,162.5150,162.5150,162.4600,162.4600,800
98,162.3800,162.3800,162.3800,162.3800,100
99,162.4300,162.4300,162.3800,162.3800,700
100,162.3500,162.4800,162.3500,162.4500,3500
101,162.4700,162.5400,162.4700,162.5400,1400
102,162.5900,162.5900,162.5900,162.5900,100
103,162.5950,162.6200,162.5300,162.5300,1119
104,162.4800,162.4800,162.4800,162.4800,200
105,162.4800,162.5100,162.3600,162.3600,2356
106,162.3897,162.4150,162.3600,162.3600,700
107,162.3900,162.4600,162.3900,162.4600,200
108,162.4000,162.4000,162.3800,162.3800,300
109,162.4500,162.4800,162.4400,162.4800,1100
111,162.4400,162.4700,162.4100,162.4700,1191
113,162.4000,162.5100,162.4000,162.5100,2000
114,162.5500,162.5500,162.5500,162.5500,300
115,162.5400,162.5400,162.4400,162.4400,1500
116,162.4000,162.4900,162.4000,162.4700,2200
118,162.5400,162.5500,162.5400,162.5500,250
119,162.5900,162.6000,162.5900,162.6000,300
120,162.5200,162.5300,162.4300,162.4800,1600
121,162.5600,162.6100,162.5100,162.5100,1500
123,162.4900,162.5300,162.4400,162.4400,3400
124,162.5500,162.5700,162.4800,162.4800,600
125,162.5500,162.5500,162.4900,162.4900,500
126,162.4900,162.4900,162.4300,162.4700,900
127,162.3900,162.3900,162.3100,162.3100,500
129,162.2900,162.3500,162.2400,162.3500,1799
132,162.3534,162.3534,162.3534,162.3534,100
133,162.3100,162.3300,162.3000,162.3300,1100
134,162.3200,162.3400,162.3200,162.3400,300
135,162.2900,162.2900,162.2700,162.2800,600
137,162.3200,162.3800,162.2900,162.3800,1204
138,162.3850,162.4200,162.2800,162.2900,2735
139,162.2000,162.3200,162.1800,162.3200,2200
140,162.2700,162.2700,162.2600,162.2600,500
141,162.2800,162.3400,162.2750,162.3350,1000
142,162.4300,162.4400,162.3800,162.3800,600
143,162.4200,162.4200,162.3400,162.3400,600
144,162.3296,162.3900,162.3296,162.3350,1100
145,162.4000,162.4300,162.3850,162.3850,300
146,162.4000,162.4000,162.3900,162.4000,500
147,162.3510,162.5200,162.3510,162.5200,1323
148,162.5600,162.5600,162.5600,162.5600,100
149,162.6000,162.6600,162.6000,162.6600,400
150,162.6900,162.6900,162.6200,162.6200,300
151,162.7100,162.7300,162.7100,162.7300,300
154,162.8000,162.8400,162.8000,162.8400,500
155,162.8500,162.8900,162.8100,162.8100,1500
156,162.8000,162.8000,162.7800,162.7900,800
158,162.7600,162.7600,162.7000,162.7150,900
159,162.6600,162.6600,162.6600,162.6600,100
160,162.6309,162.6309,162.5200,162.5200,500
161,162.5473,162.5550,162.5000,162.5308,450
162,162.5700,162.6300,162.5650,162.6150,1500
163,162.6400,162.6400,162.5550,162.5900,1750
166,162.5959,162.5959,162.5600,162.5700,578
167,162.5000,162.5800,162.5000,162.5800,540
168,162.6100,162.6300,162.6100,162.6300,200
169,162.5800,162.5800,162.5800,162.5800,100
170,162.6150,162.6190,162.5900,162.5900,941
172,162.6000,162.6700,162.5800,162.6700,1100
173,162.6800,162.7300,162.6800,162.7300,300
174,162.6600,162.7000,162.6000,162.6000,1400
177,162.6100,162.6400,162.6100,162.6200,800
178,162.6200,162.6300,162.5200,162.5200,1200
179,162.5300,162.6800,162.5300,162.6800,1707
180,162.7000,162.7000,162.7000,162.7000,100
184,162.7700,162.7900,162.7700,162.7900,500
185,162.7900,162.7900,162.7900,162.7900,200
186,162.7600,162.7990,162.7600,162.7990,500
187,162.7800,162.7800,162.6800,162.6900,1300
188,162.6500,162.7500,162.6100,162.7200,2417
189,162.7200,162.7200,162.7200,162.7200,200
191,162.6700,162.6700,162.6200,162.6450,600
192,162.5800,162.6500,162.5800,162.6500,500
193,162.5800,162.5800,162.5800,162.5800,100
194,162.5800,162.5800,162.5800,162.5800,400
195,162.5400,162.5400,162.5400,162.5400,100
196,162.5600,162.6200,162.5600,162.6200,1599
197,162.6150,162.6150,162.5800,162.5800,300
198,162.5600,162.5600,162.4100,162.4100,900
199,162.4700,162.4700,162.4700,162.4700,100
200,162.4750,162.4999,162.4750,162.4999,207
201,162.4750,162.4780,162.4750,162.4780,220
202,162.4400,162.4900,162.4400,162.4700,500
203,162.4500,162.4600,162.4300,162.4600,400
204,162.4900,162.5600,162.4900,162.5600,1712
207,162.5600,162.5900,162.5500,162.5600,1019
208,162.5899,162.5899,162.5500,162.5500,605
209,162.5100,162.5100,162.5100,162.5100,200
211,162.4200,162.4200,162.4100,162.4100,500
212,162.4900,162.5000,162.4900,162.5000,200
213,162.4500,162.4500,162.4500,162.4500,200
214,162.5200,162.5300,162.4600,162.5300,1000
215,162.5300,162.5500,162.4800,162.4800,902
216,162.5700,162.6100,162.5550,162.6100,531
217,162.6100,162.6100,162.4500,162.4600,1778
218,162.4000,162.4800,162.4000,162.4800,800
220,162.4400,162.4400,162.4000,162.4000,300
221,162.3700,162.3700,162.3400,162.3650,700
223,162.4300,162.4300,162.3800,162.3800,300
224,162.4300,162.4400,162.4300,162.4300,500
225,162.4900,162.5090,162.4900,162.5090,300
226,162.4500,162.4500,162.4500,162.4500,400
227,162.4200,162.4700,162.4100,162.4700,400
228,162.3900,162.3900,162.3900,162.3900,100
229,162.3900,162.3900,162.3800,162.3800,200
230,162.3400,162.3400,162.3400,162.3400,200
231,162.3300,162.3300,162.2900,162.2900,200
233,162.2900,162.2900,162.2900,162.2900,500
234,162.3200,162.3200,162.3200,162.3200,100
235,162.3300,162.3300,162.3204,162.3300,2195
236,162.3100,162.3700,162.3100,162.3700,200
237,162.3766,162.4100,162.3100,162.3100,2216
238,162.3200,162.3200,162.3200,162.3200,300
239,162.2800,162.3112,162.2800,162.3000,443
240,162.3093,162.3700,162.3093,162.3700,287
241,162.2800,162.2800,162.2800,162.2800,100
242,162.2800,162.3000,162.1900,162.1900,700
243,162.1700,162.1700,162.1700,162.1700,100
245,162.2500,162.3000,162.2400,162.2400,900
248,162.3100,162.3600,162.3100,162.3600,734
249,162.3100,162.3100,162.2700,162.2700,380
251,162.2700,162.2800,162.1850,162.2560,1200
254,162.3600,162.3600,162.3202,162.3202,2155
255,162.3000,162.3000,162.2500,162.2500,600
256,162.2500,162.2500,162.2500,162.2500,100
257,162.2300,162.3000,162.2300,162.3000,1000
259,162.3000,162.3000,162.3000,162.3000,200
260,162.3300,162.3300,162.2944,162.3007,443
261,162.3000,162.3200,162.3000,162.3200,300
262,162.3400,162.3400,162.3050,162.3050,300
263,162.3500,162.3600,162.3500,162.3600,300
265,162.3300,162.3300,162.2700,162.3000,2200
266,162.2700,162.2700,162.2700,162.2700,400
267,162.2900,162.3000,162.2900,162.2950,400
269,162.2800,162.3400,162.2800,162.3400,700
270,162.3500,162.3500,162.3500,162.3500,200
271,162.3200,162.3200,162.3200,162.3200,100
273,162.3700,162.4400,162.3700,162.4400,1517
274,162.4600,162.4600,162.4600,162.4600,200
275,162.4790,162.4790,162.3600,162.3600,1336
276,162.3600,162.3600,162.2900,162.2900,965
277,162.2800,162.2800,162.2800,162.2800,100
278,162.2500,162.2500,162.2500,162.2500,100
279,162.2500,162.2500,162.2500,162.2500,100
280,162.2500,162.2500,162.1900,162.2350,1300
281,162.2100,162.2100,162.2100,162.2100,100
283,162.1800,162.2150,162.1800,162.2150,300
284,162.2600,162.2700,162.2600,162.2700,800
285,162.2800,162.2800,162.2400,162.2600,916
287,162.2700,162.2700,162.1600,162.1600,1400
288,162.1650,162.2500,162.1650,162.2450,2100
289,162.2300,162.2300,162.2100,162.2200,885
291,162.2250,162.2250,162.2250,162.2250,500
292,162.2400,162.2400,162.2200,162.2200,1037
293,162.2400,162.2700,162.2400,162.2700,900
294,162.2400,162.2800,162.2100,162.2800,2400
295,162.3400,162.3600,162.3400,162.3600,200
296,162.3800,162.3800,162.3100,162.3100,448
297,162.3000,162.3400,162.3000,162.3400,400
298,162.3500,162.4000,162.3500,162.3936,500
299,162.4100,162.4100,162.4100,162.4100,100
301,162.3900,162.3900,162.3100,162.3100,972
302,162.3100,162.3300,162.2900,162.3300,780
304,162.3300,162.3300,162.2800,162.2800,500
306,162.2900,162.2900,162.2900,162.2900,100
307,162.3700,162.3700,162.3700,162.3700,300
308,162.3700,162.3700,162.3700,162.3700,100
309,162.3800,162.3900,162.3800,162.3800,600
310,162.4500,162.4500,162.4500,162.4500,100
311,162.4000,162.4000,162.3400,162.3400,1700
312,162.3900,162.3900,162.3300,162.3300,847
313,162.3750,162.4400,162.3750,162.4400,200
314,162.3900,162.3900,162.3900,162.3900,100
315,162.3800,162.3800,162.3700,162.3700,500
316,162.3500,162.4200,162.3500,162.4100,800
317,162.3800,162.3800,162.3600,162.3600,264
319,162.3700,162.4300,162.3700,162.4000,600
320,162.3800,162.3800,162.3300,162.3300,700
321,162.3900,162.3900,162.3900,162.3900,300
322,162.3300,162.3300,162.3100,162.3100,200
323,162.3200,162.3200,162.3000,162.3000,238
324,162.3700,162.3700,162.3700,162.3700,100
325,162.3100,162.3100,162.3100,162.3100,200
326,162.3700,162.3700,162.3700,162.3700,279
327,162.3700,162.3700,162.2600,162.2600,2100
328,162.2400,162.2400,162.2400,162.2400,100
329,162.2800,162.2800,162.2800,162.2800,100
330,162.2900,162.2900,162.2800,162.2800,500
331,162.2800,162.3100,162.2750,162.3100,700
332,162.3200,162.3200,162.3200,162.3200,409
333,162.3400,162.3600,162.2800,162.2800,900
334,162.2600,162.2700,162.2100,162.2350,1300
335,162.2000,162.2400,162.1900,162.2200,1400
336,162.2200,162.2400,162.2200,162.2400,500
337,162.2700,162.2800,162.2500,162.2500,600
338,162.2200,162.2550,162.2200,162.2400,700
339,162.2800,162.3100,162.2800,162.2901,824
340,162.2900,162.2900,162.2800,162.2800,300
341,162.2999,162.3100,162.2800,162.3000,1100
342,162.2800,162.3000,162.2700,162.2800,790
343,162.2800,162.3000,162.2800,162.2900,2200
344,162.2900,162.3100,162.2900,162.3100,700
345,162.3000,162.3000,162.2400,162.2400,1500
346,162.2800,162.2800,162.2600,162.2650,1125
347,162.2400,162.2700,162.2400,162.2600,900
348,162.2800,162.2800,162.2500,162.2500,1335
349,162.2500,162.2800,162.2300,162.2550,2583
350,162.2900,162.2900,162.2900,162.2900,300
351,162.2500,162.2500,162.2500,162.2500,300
352,162.2800,162.3200,162.2800,162.3200,7364
353,162.3000,162.3000,162.2700,162.2900,1547
354,162.2900,162.3200,162.2725,162.3100,1036
355,162.2800,162.2900,162.2800,162.2900,400
356,162.3000,162.3100,162.2867,162.2867,544
357,162.2700,162.2700,162.2600,162.2600,677
358,162.2800,162.2900,162.2750,162.2900,450
359,162.2800,162.2800,162.2650,162.2650,1369
360,162.2500,162.3200,162.2400,162.3100,3130
361,162.2900,162.3050,162.2700,162.2800,1750
362,162.3000,162.3000,162.3000,162.3000,800
363,162.3000,162.3000,162.2600,162.2700,2286
364,162.2700,162.3000,162.2700,162.2900,1546
365,162.3100,162.3300,162.3100,162.3200,2762
366,162.3300,162.3500,162.3200,162.3500,2144
367,162.3500,162.3600,162.3400,162.3400,1500
368,162.3600,162.4000,162.3600,162.3900,3444
369,162.3800,162.3900,162.3600,162.3648,1898
370,162.3600,162.3700,162.3200,162.3300,3791
371,162.3100,162.3400,162.2800,162.3100,9621
372,162.3300,162.3500,162.2600,162.2800,5906
373,162.3100,162.3300,162.2900,162.3200,6058
374,162.3300,162.3700,162.3200,162.3700,3774
375,162.3800,162.4000,162.3500,162.3850,6329
376,162.3700,162.3900,162.3700,162.3700,3000
377,162.3700,162.3900,162.3510,162.3600,4655
378,162.3500,162.3500,162.3100,162.3300,8886
379,162.3400,162.4090,162.3300,162.3800,5857
380,162.3700,162.3700,162.3300,162.3600,4103
381,162.3600,162.3600,162.2900,162.3000,6455
382,162.3000,162.3100,162.2500,162.3100,9600
383,162.3100,162.3150,162.2850,162.3000,4671
384,162.3100,162.3800,162.3000,162.3100,6000
385,162.3200,162.3600,162.2800,162.3100,4400
386,162.3100,162.3100,162.2400,162.2700,7675
387,162.2700,162.3000,162.2100,162.2500,7450
388,162.2600,162.2600,162.1600,162.1900,4710
389,162.1900,162.1900,162.1100,162.1300,5465
390,162.1200,162.2300,162.1200,162.1600,12255