ROST,Ross Stores,Consumer Discretionary,1,Apparel Retail,24844797109,3017395
a1499272200,63.8700,63.8700,63.8700,63.8700,22208
1,63.8800,63.8800,63.6400,63.8500,6352
2,63.8500,63.8700,63.8200,63.8400,2200
3,63.8400,63.8400,63.7000,63.7100,8011
4,63.7100,63.7200,63.6800,63.7100,4132
5,63.7000,63.7400,63.6900,63.7100,6655
6,63.7500,63.8100,63.6800,63.8100,7535
7,63.8100,63.8100,63.7200,63.7500,8902
8,63.7500,63.8150,63.7500,63.7750,2400
9,63.7500,63.7900,63.7100,63.7500,6761
10,63.7600,63.7700,63.7300,63.7700,5100
11,63.7800,63.8300,63.7300,63.7500,2300
12,63.7300,63.7300,63.7300,63.7300,100
13,63.7200,63.7400,63.7200,63.7400,200
14,63.7600,63.8100,63.7600,63.7800,1000
15,63.7600,63.8400,63.7300,63.8400,3000
16,63.8500,63.8500,63.7800,63.8000,2200
17,63.7800,63.8000,63.7590,63.7590,2300
18,63.7500,63.8100,63.7500,63.8100,1300
19,63.8400,63.8600,63.8400,63.8590,2000
20,63.8300,63.8500,63.8100,63.8100,3440
21,63.8200,63.8300,63.8100,63.8100,500
22,63.8100,63.8100,63.7500,63.7600,2500
23,63.7700,63.7800,63.7600,63.7600,3113
24,63.7800,63.7800,63.7800,63.7800,200
25,63.8000,63.8100,63.7900,63.8100,2855
26,63.7982,63.8100,63.7982,63.8100,710
27,63.8000,63.8000,63.7500,63.7500,3300
28,63.7500,63.7700,63.7500,63.7700,1000
29,63.7900,63.7900,63.7900,63.7900,500
30,63.7700,63.7900,63.7700,63.7900,950
31,63.8300,63.8500,63.8000,63.8100,2120
32,63.8100,63.8500,63.8100,63.8400,2000
33,63.8400,63.8400,63.7700,63.8100,5025
34,63.8300,63.8300,63.8300,63.8300,100
35,63.8200,63.8200,63.7900,63.8000,2700
36,63.8100,63.8200,63.8100,63.8100,2200
37,63.8300,63.8400,63.8200,63.8400,1518
38,63.8300,63.8400,63.7900,63.8200,4117
39,63.8050,63.8100,63.7800,63.7800,1503
40,63.7600,63.7700,63.7450,63.7500,4541
41,63.7400,63.7800,63.7400,63.7750,1492
42,63.8000,63.8000,63.7300,63.7300,2673
43,63.7300,63.7500,63.7300,63.7300,1403
44,63.7300,63.7450,63.7100,63.7350,3200
45,63.7400,63.7500,63.7000,63.7125,1900
46,63.7100,63.7200,63.7000,63.7100,1833
47,63.7200,63.7400,63.7100,63.7300,1703
48,63.7300,63.7300,63.6700,63.6800,4200
49,63.6900,63.7100,63.6500,63.6950,14700
50,63.6950,63.7100,63.6600,63.6750,3700
51,63.6750,63.6750,63.6000,63.6150,2763
52,63.6300,63.6700,63.6200,63.6550,3424
53,63.6400,63.6550,63.5700,63.5800,3400
54,63.5800,63.5800,63.5800,63.5800,100
55,63.6100,63.6400,63.6100,63.6200,3850
56,63.6100,63.6100,63.5600,63.5900,3326
57,63.5900,63.6100,63.5900,63.6000,1980
58,63.6000,63.6100,63.5400,63.5550,5600
59,63.5650,63.5700,63.5550,63.5550,3350
60,63.5500,63.5500,63.4876,63.5000,5076
61,63.5100,63.5200,63.4800,63.4800,6900
62,63.4700,63.5200,63.4700,63.5200,1930
63,63.5200,63.5300,63.5000,63.5100,2816
64,63.5100,63.5150,63.4700,63.4700,1504
65,63.4800,63.4900,63.4800,63.4800,1506
66,63.5000,63.5300,63.5000,63.5100,1800
67,63.5000,63.5100,63.5000,63.5000,1454
68,63.5000,63.5000,63.4800,63.5000,2000
69,63.5000,63.5600,63.4900,63.5600,2069
70,63.5700,63.5700,63.5300,63.5300,2900
71,63.5500,63.5600,63.5400,63.5600,1900
72,63.5600,63.5650,63.5300,63.5500,2320
73,63.5500,63.5800,63.5450,63.5700,3000
74,63.5700,63.5800,63.5400,63.5800,3100
75,63.5800,63.5900,63.5600,63.5900,2100
76,63.6000,63.6000,63.5800,63.5850,901
77,63.5900,63.6000,63.5500,63.5900,4712
78,63.6000,63.6200,63.6000,63.6200,467
79,63.6150,63.6150,63.6100,63.6100,1300
80,63.6200,63.6200,63.6100,63.6100,1970
81,63.6000,63.6000,63.5600,63.5600,1500
82,63.5800,63.6000,63.5800,63.5850,2800
83,63.5875,63.5875,63.5875,63.5875,100
84,63.6000,63.6012,63.5700,63.5700,7161
85,63.5850,63.5898,63.5550,63.5550,1500
86,63.5600,63.5700,63.5550,63.5700,1300
87,63.5800,63.5800,63.5500,63.5700,2921
88,63.5800,63.5800,63.5300,63.5300,3400
89,63.5200,63.5400,63.5200,63.5300,2403
90,63.5400,63.5400,63.5200,63.5200,1500
91,63.5300,63.5800,63.5300,63.5800,2400
92,63.5800,63.6100,63.5600,63.5600,6500
93,63.5600,63.6050,63.5600,63.6050,1600
94,63.6100,63.6100,63.6000,63.6000,500
95,63.6000,63.6000,63.5300,63.5300,2500
96,63.5300,63.5500,63.5200,63.5500,2798
97,63.5600,63.5600,63.5300,63.5300,2053
98,63.5400,63.5400,63.5350,63.5400,600
99,63.5500,63.5700,63.5400,63.5500,1300
100,63.5600,63.5650,63.5300,63.5400,1805
101,63.5400,63.5765,63.5400,63.5600,3234
102,63.5700,63.5700,63.5600,63.5700,300
103,63.5800,63.5900,63.5700,63.5900,1774
104,63.5900,63.5950,63.5800,63.5900,1000
105,63.5900,63.5900,63.5900,63.5900,800
106,63.5900,63.6100,63.5750,63.6000,4495
107,63.6000,63.6000,63.6000,63.6000,200
108,63.6000,63.6000,63.5800,63.5900,2981
109,63.6000,63.6100,63.5700,63.5700,2132
110,63.5700,63.5750,63.5650,63.5750,1300
111,63.5800,63.6171,63.5800,63.6171,2900
112,63.6100,63.6100,63.5700,63.5900,3350
113,63.5800,63.5900,63.5700,63.5900,899
114,63.5900,63.5900,63.5550,63.5600,4150
115,63.5600,63.5600,63.5200,63.5250,3400
116,63.5250,63.5250,63.5100,63.5200,2942
117,63.5200,63.5300,63.5100,63.5100,2300
118,63.5200,63.5600,63.5100,63.5600,2100
119,63.5500,63.5600,63.5500,63.5500,900
120,63.5700,63.5700,63.4900,63.5200,4800
121,63.5100,63.5400,63.5100,63.5400,600
122,63.5300,63.5300,63.4800,63.4900,4920
123,63.4900,63.4900,63.4800,63.4900,400
124,63.5000,63.5100,63.4600,63.4600,3120
125,63.4600,63.4600,63.4300,63.4300,2335
126,63.4400,63.4500,63.4350,63.4500,3700
127,63.4550,63.4600,63.4300,63.4350,2500
128,63.4400,63.4500,63.4400,63.4400,1000
129,63.4200,63.4200,63.4100,63.4200,1500
130,63.4200,63.4200,63.3700,63.3800,3400
131,63.3910,63.4000,63.3700,63.4000,1700
132,63.4000,63.4000,63.3900,63.3900,500
133,63.4000,63.4400,63.4000,63.4400,2100
134,63.4400,63.4450,63.4300,63.4445,1088
135,63.4400,63.4400,63.4000,63.4000,2610
136,63.4100,63.4350,63.4100,63.4100,1800
137,63.4300,63.4400,63.4100,63.4100,1400
138,63.4300,63.4500,63.4200,63.4500,2014
139,63.4500,63.4900,63.4500,63.4900,2493
140,63.5000,63.5100,63.4900,63.4900,500
141,63.4900,63.4900,63.4500,63.4700,5149
142,63.4800,63.4900,63.4800,63.4800,800
143,63.4900,63.4900,63.4700,63.4700,1239
144,63.4900,63.5100,63.4900,63.5100,911
145,63.5100,63.5200,63.4801,63.4801,3499
146,63.4900,63.4951,63.4900,63.4951,800
147,63.5000,63.5000,63.5000,63.5000,800
148,63.5200,63.5300,63.5100,63.5100,2563
149,63.5100,63.5200,63.5100,63.5200,700
150,63.5200,63.5200,63.5100,63.5100,600
151,63.5150,63.5500,63.5000,63.5500,3885
152,63.5400,63.5400,63.5300,63.5300,1100
154,63.5350,63.5400,63.5350,63.5400,1500
155,63.5600,63.6100,63.5600,63.6100,4507
156,63.6300,63.6400,63.6200,63.6200,700
157,63.6281,63.6281,63.6000,63.6200,1189
158,63.6200,63.6200,63.6100,63.6100,900
159,63.6100,63.6100,63.5800,63.5800,1119
160,63.5900,63.6000,63.5900,63.6000,800
161,63.6050,63.6050,63.6050,63.6050,100
162,63.6000,63.6000,63.5700,63.5700,2223
163,63.5700,63.5700,63.5600,63.5600,1115
164,63.5600,63.5700,63.5600,63.5600,900
165,63.5510,63.5510,63.5450,63.5450,1300
166,63.5500,63.5500,63.5200,63.5300,7160
167,63.5200,63.5200,63.5000,63.5000,1900
168,63.5100,63.5100,63.4800,63.4800,3000
169,63.4900,63.5300,63.4900,63.5300,1900
170,63.5400,63.5400,63.5100,63.5275,2021
171,63.5300,63.5500,63.5300,63.5300,3200
172,63.5400,63.5400,63.5100,63.5100,2083
173,63.5200,63.5200,63.5200,63.5200,100
174,63.5300,63.5400,63.5300,63.5400,1200
175,63.5300,63.5300,63.4900,63.5100,5100
176,63.5100,63.5100,63.5100,63.5100,600
177,63.5050,63.5100,63.4800,63.4850,1700
178,63.4800,63.4800,63.4700,63.4700,1967
179,63.4650,63.4900,63.4600,63.4900,1600
180,63.4900,63.4900,63.4600,63.4600,2412
181,63.4700,63.5000,63.4700,63.4900,2300
182,63.4950,63.4950,63.4700,63.4700,2560
183,63.4900,63.4900,63.4800,63.4900,600
184,63.5000,63.5000,63.4800,63.4800,1300
185,63.5000,63.5050,63.5000,63.5050,550
186,63.5000,63.5200,63.4700,63.5200,5068
187,63.5300,63.5300,63.5300,63.5300,100
188,63.5250,63.5250,63.4950,63.5000,5200
189,63.5000,63.5000,63.4900,63.4950,800
190,63.4900,63.5000,63.4900,63.5000,2200
191,63.5000,63.5100,63.4800,63.4900,3055
192,63.4800,63.4800,63.4550,63.4600,3000
193,63.4600,63.4600,63.4200,63.4300,3500
194,63.4300,63.4400,63.4100,63.4100,3630
195,63.4300,63.4500,63.4300,63.4450,1500
196,63.4500,63.4600,63.4400,63.4400,2400
197,63.4350,63.4550,63.4350,63.4550,800
198,63.4500,63.4500,63.4300,63.4350,6955
199,63.4400,63.4400,63.3900,63.3900,10530
200,63.4000,63.4000,63.4000,63.4000,100
201,63.4100,63.4100,63.3800,63.3900,4136
202,63.3800,63.3900,63.3600,63.3600,900
203,63.3734,63.3734,63.3400,63.3400,2849
204,63.3400,63.3500,63.3300,63.3500,2700
205,63.3500,63.3500,63.3150,63.3200,3100
206,63.3300,63.3400,63.3300,63.3300,2549
207,63.3350,63.3350,63.3100,63.3200,1300
208,63.3100,63.3200,63.3100,63.3200,500
209,63.3100,63.3100,63.3100,63.3100,100
210,63.3150,63.3550,63.3100,63.3550,6402
211,63.3600,63.3700,63.3600,63.3700,1400
212,63.3700,63.3700,63.3500,63.3500,4700
213,63.3550,63.3900,63.3550,63.3700,1500
214,63.3800,63.3900,63.3800,63.3900,2207
215,63.3800,63.3862,63.3600,63.3600,1350
216,63.3550,63.3700,63.3500,63.3700,2000
217,63.3600,63.3600,63.3550,63.3600,1700
218,63.3600,63.3700,63.3600,63.3600,1425
219,63.3600,63.3600,63.3400,63.3400,3800
220,63.3400,63.3500,63.3000,63.3000,3400
221,63.3200,63.3200,63.3100,63.3100,1700
222,63.3100,63.3161,63.3000,63.3150,2700
223,63.3100,63.3200,63.3000,63.3200,1400
224,63.3150,63.4200,63.3150,63.3900,6300
225,63.3900,63.3950,63.3800,63.3800,1650
226,63.3823,63.3823,63.3295,63.3300,14689
227,63.3350,63.3500,63.3300,63.3350,2700
228,63.3400,63.3550,63.3400,63.3550,2334
229,63.3500,63.3600,63.3400,63.3500,2319
230,63.3500,63.3500,63.3415,63.3415,770
231,63.3500,63.3500,63.3400,63.3500,5300
232,63.3600,63.3850,63.3550,63.3550,2991
233,63.3600,63.3700,63.3500,63.3568,2100
234,63.3600,63.3600,63.3400,63.3400,1685
235,63.3400,63.3500,63.3400,63.3450,400
236,63.3400,63.4000,63.3400,63.4000,4274
237,63.3984,63.3984,63.3700,63.3800,4369
238,63.3850,63.4000,63.3800,63.3950,3400
239,63.4000,63.4200,63.4000,63.4200,1000
240,63.4269,63.4273,63.4100,63.4175,3733
241,63.4100,63.4300,63.4100,63.4150,1600
242,63.4150,63.4150,63.3700,63.3700,4219
243,63.3800,63.4050,63.3800,63.4000,3500
244,63.4050,63.4100,63.3900,63.3900,1000
245,63.4000,63.4150,63.4000,63.4100,1400
246,63.4100,63.4100,63.3800,63.3800,2500
247,63.3750,63.3900,63.3600,63.3800,4900
248,63.3850,63.3850,63.3800,63.3800,600
249,63.3800,63.3800,63.3500,63.3600,2400
250,63.3500,63.3600,63.3500,63.3600,1000
251,63.3600,63.3700,63.3400,63.3500,2900
252,63.3600,63.3700,63.3550,63.3600,2000
253,63.3600,63.3800,63.3400,63.3400,8700
254,63.3400,63.3600,63.3400,63.3400,5869
255,63.3450,63.3500,63.3100,63.3300,5110
256,63.3300,63.3700,63.3300,63.3600,2500
257,63.3650,63.3650,63.3300,63.3300,1900
258,63.3300,63.3400,63.3300,63.3400,1600
259,63.3400,63.3500,63.3400,63.3500,1800
260,63.3500,63.3600,63.3450,63.3550,1700
261,63.3700,63.3750,63.3650,63.3700,2600
262,63.3750,63.3750,63.3600,63.3600,2552
263,63.3600,63.3700,63.3500,63.3700,3900
264,63.3700,63.3700,63.3400,63.3400,3700
265,63.3350,63.3400,63.3100,63.3350,3839
266,63.3300,63.3400,63.3200,63.3350,5155
267,63.3375,63.3800,63.3375,63.3800,4200
268,63.3850,63.3850,63.3600,63.3650,1700
269,63.3600,63.3700,63.3200,63.3700,20632
270,63.3600,63.3600,63.3550,63.3600,1159
271,63.3650,63.3800,63.3650,63.3800,1350
272,63.3800,63.3900,63.3750,63.3750,2137
273,63.3800,63.4400,63.3800,63.4300,4673
274,63.4250,63.4250,63.4100,63.4200,2150
275,63.4100,63.4300,63.3800,63.4000,3212
276,63.4100,63.4300,63.3800,63.3800,3653
277,63.3950,63.4000,63.3750,63.3800,3200
278,63.3800,63.3800,63.3500,63.3500,800
279,63.3500,63.3700,63.3350,63.3600,7348
280,63.3600,63.3600,63.3300,63.3500,10521
281,63.3500,63.3500,63.3350,63.3400,1300
282,63.3300,63.3400,63.3100,63.3300,10750
283,63.3250,63.3600,63.3250,63.3600,6361
284,63.3500,63.3600,63.3200,63.3300,6101
285,63.3300,63.3500,63.3300,63.3450,3000
286,63.3450,63.3600,63.3450,63.3600,1500
287,63.3511,63.3511,63.3275,63.3350,4123
288,63.3400,63.3500,63.3200,63.3200,7239
289,63.3300,63.3400,63.3200,63.3400,3899
290,63.3400,63.3400,63.3300,63.3300,400
291,63.3300,63.3300,63.3100,63.3300,10018
292,63.3278,63.3400,63.3278,63.3400,303
293,63.3300,63.3300,63.3150,63.3200,5426
294,63.3200,63.3200,63.3100,63.3150,6152
295,63.3200,63.3300,63.3139,63.3300,2603
296,63.3250,63.3300,63.3150,63.3200,3433
297,63.3200,63.3200,63.3100,63.3200,2900
298,63.3200,63.3200,63.3100,63.3150,1480
299,63.3100,63.3200,63.2950,63.3200,7839
300,63.3200,63.3250,63.3100,63.3150,1109
301,63.3100,63.3200,63.3100,63.3100,1400
302,63.3200,63.3300,63.2950,63.3300,7100
303,63.3200,63.3200,63.3039,63.3050,2661
304,63.3100,63.3200,63.2900,63.3200,6788
305,63.3149,63.3150,63.3100,63.3100,842
306,63.3150,63.3200,63.3000,63.3050,2542
307,63.3000,63.3100,63.3000,63.3000,1400
308,63.3000,63.3100,63.3000,63.3000,10639
309,63.3100,63.3150,63.3000,63.3000,3700
310,63.3100,63.3100,63.3000,63.3100,7818
311,63.3200,63.3200,63.3100,63.3200,2039
312,63.3150,63.3400,63.3100,63.3268,3389
313,63.3300,63.3350,63.3300,63.3350,2000
314,63.3300,63.3300,63.3050,63.3100,3266
315,63.3100,63.3100,63.2950,63.3000,5949
316,63.2900,63.3000,63.2900,63.3000,2613
317,63.3000,63.3000,63.2900,63.3000,4300
318,63.3000,63.3400,63.2950,63.3400,11086
319,63.3500,63.3500,63.3400,63.3500,1000
320,63.3450,63.3450,63.3200,63.3200,2200
321,63.3250,63.3500,63.3200,63.3400,4026
322,63.3400,63.3450,63.3200,63.3300,3004
323,63.3400,63.3700,63.3400,63.3700,3000
324,63.3750,63.3750,63.3700,63.3700,400
325,63.3700,63.3850,63.3700,63.3775,3738
326,63.3710,63.3800,63.3500,63.3500,3200
327,63.3500,63.3600,63.3500,63.3550,3033
328,63.3500,63.3600,63.3500,63.3500,1624
329,63.3500,63.3600,63.3500,63.3500,2934
330,63.3500,63.3600,63.3375,63.3375,10687
331,63.3500,63.3600,63.3400,63.3500,3693
332,63.3450,63.3600,63.3400,63.3400,4907
333,63.3499,63.3500,63.3400,63.3450,2465
334,63.3400,63.3450,63.3100,63.3100,2683
335,63.3100,63.3300,63.3100,63.3300,3800
336,63.3250,63.3300,63.3200,63.3250,720
337,63.3250,63.3250,63.3000,63.3100,5650
338,63.3100,63.3100,63.3000,63.3050,1046
339,63.3050,63.3600,63.3000,63.3500,11400
340,63.3500,63.3600,63.3400,63.3550,2128
341,63.3500,63.3600,63.3400,63.3500,3005
342,63.3500,63.3600,63.3500,63.3500,2480
343,63.3550,63.3700,63.3500,63.3610,3078
344,63.3650,63.3800,63.3650,63.3800,3334
345,63.3749,63.4200,63.3700,63.4200,15790
346,63.4200,63.4450,63.4200,63.4300,10625
347,63.4400,63.4500,63.4350,63.4500,2200
348,63.4400,63.4500,63.4200,63.4200,5501
349,63.4200,63.4300,63.4100,63.4200,4958
350,63.4200,63.4300,63.4200,63.4200,1572
351,63.4200,63.4300,63.4200,63.4200,900
352,63.4300,63.4400,63.4100,63.4200,6515
353,63.4300,63.4300,63.4050,63.4050,3800
354,63.4068,63.4100,63.3800,63.3900,4561
355,63.3950,63.3950,63.3800,63.3850,1700
356,63.3800,63.3900,63.3700,63.3700,5575
357,63.3700,63.3750,63.3650,63.3650,1900
358,63.3600,63.3700,63.3600,63.3650,2200
359,63.3700,63.3700,63.3600,63.3650,5100
360,63.3600,63.4200,63.3600,63.3900,20215
361,63.3700,63.4200,63.3700,63.3850,8868
362,63.3800,63.4000,63.3800,63.3950,3583
363,63.4000,63.4200,63.3800,63.4200,7303
364,63.4150,63.4200,63.4100,63.4150,1100
365,63.4175,63.4300,63.4100,63.4300,5343
366,63.4300,63.4400,63.4200,63.4400,4401
367,63.4400,63.4600,63.4400,63.4450,4110
368,63.4450,63.4500,63.4300,63.4450,6642
369,63.4455,63.4500,63.4400,63.4450,18237
370,63.4500,63.4700,63.4400,63.4650,10488
371,63.4600,63.4800,63.4600,63.4800,4450
372,63.4800,63.4900,63.4700,63.4750,8000
373,63.4700,63.4700,63.4600,63.4650,2938
374,63.4650,63.4700,63.4600,63.4650,2000
375,63.4650,63.4700,63.4600,63.4700,4837
376,63.4600,63.4650,63.4000,63.4100,9273
377,63.4000,63.4050,63.3900,63.3900,3800
378,63.3950,63.4000,63.3800,63.3800,4552
379,63.3700,63.3750,63.3400,63.3400,8691
380,63.3450,63.3750,63.3300,63.3600,19442
381,63.3600,63.3800,63.3600,63.3650,7793
382,63.3700,63.3700,63.3500,63.3600,8986
383,63.3550,63.3600,63.3400,63.3400,7516
384,63.3400,63.3500,63.3400,63.3400,4000
385,63.3500,63.3600,63.3400,63.3400,24158
386,63.3500,63.3600,63.3400,63.3500,8329
387,63.3500,63.3500,63.3200,63.3200,8522
388,63.3250,63.3300,63.3200,63.3250,8291
389,63.3200,63.3300,63.2900,63.3200,25817
390,63.3200,63.3400,63.3100,63.3200,275226