VRSN,Verisign Inc.,Information Technology,7,Internet Software & Services,9415993024,828984
a149927220062,92.7500,92.7700,92.7500,92.7700,200
263,92.7500,92.7700,92.7300,92.7300,600
265,92.7600,92.7600,92.7600,92.7600,100
268,92.7500,92.7600,92.7500,92.7500,500
269,92.7400,92.7400,92.7200,92.7400,1304
270,92.7500,92.7500,92.7500,92.7500,200
272,92.7700,92.7700,92.7700,92.7700,200
273,92.7600,92.7600,92.7600,92.7600,100
274,92.7500,92.7500,92.7400,92.7400,610
275,92.7300,92.7300,92.7300,92.7300,200
276,92.7200,92.7200,92.6900,92.6900,400
278,92.6800,92.7100,92.6800,92.7100,900
280,92.7300,92.7300,92.7300,92.7300,490
281,92.7100,92.7100,92.7100,92.7100,200
282,92.7200,92.7200,92.7200,92.7200,200
283,92.7000,92.7000,92.7000,92.7000,200
284,92.6900,92.6900,92.6300,92.6900,2398
285,92.6952,92.7000,92.6500,92.7000,2400
286,92.7000,92.7050,92.7000,92.7050,200
288,92.7100,92.7300,92.7100,92.7300,500
289,92.7331,92.7500,92.7331,92.7500,2700
290,92.7600,92.7600,92.7600,92.7600,100
291,92.7600,92.7700,92.7600,92.7700,200
292,92.7500,92.7600,92.7200,92.7300,1719
293,92.7250,92.7250,92.7250,92.7250,100
294,92.7300,92.7300,92.7300,92.7300,400
296,92.7300,92.7300,92.7300,92.7300,100
297,92.7200,92.7600,92.7200,92.7600,900
298,92.7700,92.7700,92.7700,92.7700,100
299,92.7500,92.7500,92.7300,92.7300,200
302,92.7150,92.7150,92.7150,92.7150,230
303,92.7099,92.7099,92.7000,92.7000,413
304,92.6650,92.7200,92.6650,92.7200,900
306,92.6200,92.6800,92.6200,92.6800,200
308,92.6800,92.6800,92.6700,92.6700,200
309,92.6700,92.6700,92.6700,92.6700,200
311,92.6400,92.6700,92.6400,92.6700,543
312,92.6800,92.6800,92.6726,92.6726,692
313,92.6900,92.6900,92.6800,92.6800,400
317,92.6900,92.6900,92.6800,92.6800,800
318,92.6800,92.6900,92.6800,92.6900,400
319,92.6900,92.7000,92.6900,92.6900,1041
320,92.6900,92.7000,92.6700,92.6700,1100
321,92.6650,92.6800,92.6650,92.6800,300
322,92.7000,92.7000,92.6700,92.6700,336
323,92.6700,92.6700,92.6400,92.6400,300
325,92.6400,92.6400,92.6200,92.6200,416
326,92.5700,92.5800,92.5600,92.5800,400
327,92.5800,92.5900,92.5800,92.5900,700
328,92.6100,92.6200,92.6000,92.6000,600
329,92.6100,92.6300,92.6100,92.6300,300
330,92.6300,92.6300,92.6300,92.6300,100
331,92.6000,92.6000,92.5900,92.5900,791
332,92.5700,92.5800,92.5600,92.5800,700
333,92.5900,92.5900,92.5800,92.5800,800
334,92.5700,92.5900,92.5500,92.5900,800
335,92.5850,92.5900,92.5850,92.5900,300
336,92.6000,92.6000,92.5900,92.6000,580
337,92.5900,92.5900,92.5800,92.5800,700
338,92.5800,92.5800,92.5800,92.5800,100
339,92.5800,92.5900,92.5800,92.5900,800
341,92.5900,92.6100,92.5900,92.6100,2100
342,92.6250,92.6250,92.6250,92.6250,100
343,92.6500,92.6600,92.6500,92.6600,200
344,92.6400,92.6500,92.6400,92.6400,800
345,92.6300,92.6300,92.6200,92.6200,400
346,92.6300,92.6400,92.6250,92.6400,800
347,92.6400,92.6500,92.6400,92.6500,400
348,92.6400,92.6400,92.6300,92.6300,850
349,92.6100,92.6100,92.6100,92.6100,100
350,92.6200,92.6300,92.6100,92.6300,1600
352,92.6750,92.6900,92.6750,92.6750,400
353,92.6700,92.6800,92.6500,92.6800,713
354,92.6700,92.6700,92.6700,92.6700,100
355,92.6400,92.6700,92.6400,92.6501,1600
356,92.6700,92.6700,92.6501,92.6501,500
357,92.6700,92.6700,92.6500,92.6500,1004
358,92.6700,92.6700,92.6600,92.6600,293
359,92.6700,92.6800,92.6550,92.6550,1100
360,92.6700,92.6700,92.6700,92.6700,100
361,92.6700,92.6800,92.6700,92.6800,2100
362,92.6700,92.6800,92.6700,92.6700,1200
363,92.6800,92.7000,92.6800,92.7000,500
364,92.7000,92.7000,92.6900,92.6900,1208
365,92.6800,92.6814,92.6800,92.6800,1200
366,92.6800,92.6800,92.6800,92.6800,500
367,92.6900,92.7000,92.6800,92.6800,3010
368,92.6700,92.6700,92.6700,92.6700,1100
369,92.6600,92.6600,92.6300,92.6300,200
370,92.6200,92.6200,92.6200,92.6200,100
371,92.6400,92.6500,92.6300,92.6400,2025
372,92.6500,92.6700,92.6500,92.6700,800
373,92.6800,92.6800,92.6600,92.6600,1200
374,92.6500,92.6500,92.6300,92.6300,300
375,92.6200,92.6200,92.5600,92.5600,1365
376,92.5700,92.5700,92.5100,92.5100,1436
377,92.5100,92.5400,92.5100,92.5300,1892
378,92.5100,92.5100,92.4700,92.4800,500
379,92.4900,92.5000,92.4800,92.4800,2384
380,92.4700,92.5200,92.4700,92.5200,4600
381,92.5100,92.5400,92.5000,92.5000,10171
382,92.4900,92.5000,92.4800,92.4900,2500
383,92.4900,92.4900,92.4500,92.4600,3421
384,92.4700,92.4800,92.4500,92.4700,1200
385,92.4750,92.4800,92.4600,92.4600,1811
386,92.4750,92.5100,92.4700,92.5100,2200
387,92.5200,92.5400,92.4900,92.4900,2428
388,92.5100,92.5100,92.4700,92.4796,9363
389,92.4800,92.5000,92.4400,92.4750,10241
390,92.5000,92.5500,92.4600,92.5500,48851
0,92.4500,92.4500,92.4500,92.4500,2867
1,91.4862,92.5500,91.1332,92.5500,1900
7,92.5000,92.5000,92.4800,92.4800,884
8,92.5400,92.7200,92.5150,92.7200,3200
9,92.6700,92.6700,92.6650,92.6650,229
10,92.7100,92.7100,92.7100,92.7100,100
11,92.7000,92.7100,92.6400,92.7050,2300
12,92.6900,92.6900,92.5400,92.5400,1300
13,92.5000,92.5000,92.4900,92.5000,2082
14,92.5200,92.6250,92.5000,92.6250,1951
15,92.5500,92.7000,92.5200,92.6400,6120
16,92.6350,92.6750,92.6000,92.6600,1400
17,92.6800,92.9000,92.6800,92.9000,4962
18,92.9200,93.0000,92.9050,92.9400,5015
19,92.8950,92.9400,92.7400,92.7700,2400
21,92.7600,92.7600,92.7250,92.7250,532
23,92.7600,92.7600,92.6600,92.7400,1500
26,92.7600,92.7600,92.7600,92.7600,200
28,92.7700,92.7800,92.7700,92.7800,500
29,92.7400,92.7400,92.6600,92.7300,1200
33,92.7300,92.7300,92.7300,92.7300,200
34,92.7400,92.7600,92.7400,92.7600,500
35,92.7700,92.7700,92.7100,92.7250,700
37,92.6800,92.7100,92.6800,92.7100,300
39,92.7000,92.7000,92.7000,92.7000,100
41,92.7000,92.7000,92.7000,92.7000,100
42,92.6800,92.6900,92.6800,92.6900,200
44,92.6900,92.7600,92.6800,92.7600,1640
45,92.7800,92.8000,92.7800,92.8000,500
46,92.8500,92.8500,92.8500,92.8500,100
47,92.8600,92.8600,92.8600,92.8600,200
49,92.8400,92.8700,92.8400,92.8700,500
51,92.9000,92.9000,92.8700,92.8800,2100
52,92.9000,92.9000,92.8000,92.8050,1500
53,92.8528,92.8528,92.8528,92.8528,106
54,92.8300,92.8310,92.7900,92.8100,1600
55,92.7900,92.7900,92.7800,92.7800,200
56,92.8000,92.8000,92.8000,92.8000,300
57,92.7950,92.7950,92.7700,92.7800,1500
58,92.7400,92.7500,92.7100,92.7300,1800
59,92.7000,92.7000,92.6900,92.6900,400
60,92.6800,92.6800,92.6600,92.6600,400
61,92.6600,92.6800,92.6600,92.6800,300
62,92.7000,92.7000,92.7000,92.7000,700
63,92.6900,92.6900,92.6000,92.6050,3500
64,92.6050,92.6050,92.5700,92.6000,500
65,92.5772,92.5772,92.5772,92.5772,132
66,92.5900,92.5900,92.5500,92.5700,400
68,92.5600,92.5900,92.5600,92.5900,300
71,92.6000,92.6500,92.6000,92.6321,1325
72,92.6350,92.6350,92.5400,92.5550,4000
73,92.5300,92.5800,92.5300,92.5500,1501
76,92.5300,92.5300,92.5200,92.5200,549
77,92.5100,92.5100,92.4800,92.4900,700
78,92.4900,92.5300,92.4900,92.5300,900
79,92.5500,92.5600,92.5300,92.5300,1300
81,92.4900,92.4900,92.4900,92.4900,100
84,92.4900,92.4900,92.4900,92.4900,305
86,92.5000,92.5000,92.5000,92.5000,100
88,92.4500,92.4700,92.4500,92.4700,200
89,92.4200,92.4200,92.3550,92.3550,700
90,92.3500,92.3800,92.3500,92.3800,800
91,92.3600,92.3700,92.2800,92.3600,3158
92,92.3800,92.4000,92.3600,92.3600,1800
93,92.3400,92.3700,92.3200,92.3300,1363
94,92.3300,92.3300,92.3300,92.3300,200
95,92.3500,92.3500,92.3250,92.3250,400
97,92.3400,92.4300,92.3400,92.4100,2900
98,92.4100,92.4400,92.4000,92.4200,1400
99,92.3900,92.3900,92.3500,92.3500,800
101,92.4000,92.4000,92.3800,92.3800,1100
102,92.4300,92.4500,92.4300,92.4500,855
104,92.5000,92.5000,92.4900,92.4900,900
105,92.5300,92.5300,92.5300,92.5300,100
106,92.5100,92.5100,92.4800,92.4800,700
108,92.5200,92.5200,92.5100,92.5100,400
109,92.5200,92.5200,92.4700,92.4700,1000
110,92.5200,92.5200,92.5200,92.5200,100
111,92.4700,92.4700,92.4700,92.4700,108
112,92.4900,92.4900,92.4600,92.4600,200
113,92.4600,92.4600,92.4600,92.4600,100
114,92.4700,92.4700,92.4400,92.4400,200
115,92.4700,92.4800,92.4700,92.4800,300
116,92.4600,92.4600,92.4600,92.4600,900
117,92.4400,92.4800,92.4400,92.4500,1100
119,92.4500,92.4600,92.4500,92.4600,200
121,92.4700,92.4700,92.4500,92.4600,900
122,92.4700,92.4700,92.4200,92.4200,800
123,92.4200,92.4200,92.4200,92.4200,200
127,92.3800,92.3800,92.3800,92.3800,500
130,92.3800,92.4100,92.3800,92.4100,410
132,92.4000,92.4100,92.4000,92.4100,1000
134,92.4200,92.4200,92.4200,92.4200,200
136,92.4200,92.4200,92.4100,92.4100,600
137,92.4300,92.4500,92.4200,92.4500,1400
139,92.4500,92.4500,92.4500,92.4500,200
140,92.4500,92.4600,92.4500,92.4600,400
141,92.4700,92.4700,92.4400,92.4400,2100
142,92.4400,92.4500,92.4400,92.4500,300
143,92.4500,92.4500,92.3900,92.4000,1000
144,92.4200,92.4200,92.4200,92.4200,100
145,92.4150,92.4200,92.4100,92.4100,517
146,92.4200,92.4500,92.4200,92.4500,400
147,92.4500,92.4500,92.4500,92.4500,200
148,92.4400,92.4400,92.4400,92.4400,300
149,92.4700,92.4700,92.4700,92.4700,100
150,92.4800,92.4800,92.4800,92.4800,100
152,92.4500,92.4650,92.4400,92.4500,1400
153,92.4400,92.4400,92.4300,92.4400,300
155,92.4500,92.4600,92.4500,92.4600,400
156,92.4800,92.5300,92.4800,92.5300,1252
157,92.5300,92.5300,92.5300,92.5300,200
158,92.5300,92.5300,92.4800,92.4800,2600
159,92.4600,92.5000,92.4600,92.5000,1300
160,92.4800,92.4800,92.4700,92.4700,200
161,92.4400,92.4700,92.4400,92.4700,201
165,92.4600,92.4600,92.4600,92.4600,100
166,92.4700,92.4800,92.4700,92.4800,500
171,92.4850,92.4850,92.4850,92.4850,200
172,92.4800,92.4800,92.4600,92.4700,1400
173,92.4750,92.5200,92.4700,92.5200,2290
174,92.5500,92.5600,92.5400,92.5500,500
175,92.5600,92.5700,92.5600,92.5700,300
176,92.5700,92.5800,92.5600,92.5700,4600
177,92.5700,92.6300,92.5700,92.6300,3600
178,92.6400,92.6400,92.6400,92.6400,100
179,92.6400,92.6650,92.6400,92.6500,1601
180,92.6550,92.6550,92.6400,92.6500,1600
181,92.6550,92.6550,92.6400,92.6550,2500
182,92.6400,92.6550,92.5900,92.5900,3200
184,92.5900,92.5900,92.4900,92.4900,1400
185,92.4900,92.5000,92.4900,92.5000,500
187,92.4900,92.4900,92.4900,92.4900,100
188,92.4900,92.4900,92.4900,92.4900,200
191,92.5000,92.5000,92.4700,92.4900,800
194,92.4760,92.4760,92.4760,92.4760,100
197,92.4789,92.4789,92.4600,92.4600,500
199,92.4100,92.4100,92.4100,92.4100,100
201,92.4400,92.4400,92.4400,92.4400,100
202,92.4400,92.4400,92.4400,92.4400,200
203,92.4400,92.4800,92.4400,92.4800,400
204,92.4900,92.4900,92.4900,92.4900,200
205,92.4800,92.4800,92.4400,92.4400,500
207,92.4800,92.4800,92.4800,92.4800,300
208,92.4800,92.4800,92.4800,92.4800,300
209,92.5100,92.5200,92.5100,92.5200,300
212,92.5000,92.5200,92.4950,92.5100,1500
214,92.5000,92.5000,92.5000,92.5000,200
216,92.5000,92.5100,92.5000,92.5100,548
217,92.5300,92.5350,92.5300,92.5300,598
220,92.5300,92.5300,92.5200,92.5200,500
221,92.5300,92.5300,92.5200,92.5200,600
222,92.4950,92.4950,92.4900,92.4900,1100
223,92.5000,92.5000,92.5000,92.5000,100
224,92.5000,92.5000,92.5000,92.5000,200
226,92.4900,92.4900,92.4500,92.4500,600
227,92.4500,92.5000,92.4500,92.4900,1200
228,92.5100,92.5350,92.5100,92.5200,1900
229,92.5040,92.5100,92.5040,92.5100,402
231,92.4900,92.5200,92.4900,92.4900,708
232,92.4800,92.4950,92.4800,92.4950,300
233,92.5100,92.5100,92.5100,92.5100,200
235,92.5200,92.5200,92.5000,92.5000,700
239,92.5000,92.5300,92.5000,92.5200,762
240,92.5200,92.5300,92.4971,92.4971,330
242,92.4800,92.4800,92.4700,92.4700,300
244,92.4700,92.4800,92.4700,92.4800,200
247,92.5100,92.5100,92.5100,92.5100,100
249,92.5100,92.5100,92.5100,92.5100,100
251,92.5200,92.5200,92.5200,92.5200,600
253,92.5700,92.5700,92.5300,92.5300,300
254,92.5450,92.5450,92.5450,92.5450,200
255,92.5400,92.5400,92.4900,92.5000,1600
257,92.4800,92.5100,92.4800,92.4900,500
258,92.5300,92.5300,92.5300,92.5300,100
259,92.5300,92.5500,92.5300,92.5500,200
261,92.5450,92.5450,92.5300,92.5300,300
262,92.5200,92.5200,92.5200,92.5200,300
263,92.5300,92.5450,92.4900,92.5000,2268
264,92.4900,92.5000,92.4900,92.5000,1500
266,92.4900,92.5100,92.4900,92.5100,200
267,92.4900,92.4900,92.4900,92.4900,200
268,92.4900,92.4900,92.4900,92.4900,100
269,92.5100,92.5100,92.4800,92.4800,200
272,92.4800,92.5200,92.4800,92.5200,400
273,92.5189,92.5250,92.5100,92.5100,1043
274,92.5300,92.5300,92.5300,92.5300,100
275,92.5300,92.5300,92.5050,92.5050,2500
276,92.5000,92.5000,92.5000,92.5000,600
278,92.5100,92.5200,92.5000,92.5000,1273
279,92.5000,92.5200,92.5000,92.5200,300
280,92.5100,92.5100,92.5100,92.5100,100
281,92.5000,92.5400,92.5000,92.5200,1600
282,92.4850,92.5000,92.4850,92.5000,1801
283,92.5200,92.5200,92.5200,92.5200,200
284,92.5200,92.5200,92.5100,92.5100,200
285,92.5300,92.5300,92.5000,92.5000,1000
286,92.5000,92.5100,92.4700,92.5100,1500
287,92.5200,92.5200,92.5000,92.5000,1600
292,92.5100,92.5100,92.5100,92.5100,500
293,92.5200,92.5200,92.5200,92.5200,100
295,92.5000,92.5050,92.5000,92.5050,333
297,92.5000,92.5100,92.5000,92.5000,900
298,92.5100,92.5100,92.5050,92.5050,600
301,92.4900,92.5000,92.4900,92.5000,800
302,92.4930,92.4930,92.4930,92.4930,232
303,92.5100,92.5100,92.4700,92.4950,400
304,92.4900,92.4900,92.4900,92.4900,363
305,92.5000,92.5099,92.5000,92.5099,830
306,92.5100,92.5100,92.4900,92.4900,200
308,92.4800,92.4800,92.4800,92.4800,100
309,92.4600,92.5000,92.4600,92.5000,900
310,92.5100,92.5100,92.5100,92.5100,400
311,92.5100,92.5100,92.5100,92.5100,100
312,92.5100,92.5200,92.5100,92.5200,200
313,92.5100,92.5100,92.5000,92.5000,409
314,92.5100,92.5200,92.5000,92.5000,2122
316,92.5200,92.5200,92.5200,92.5200,940
317,92.5000,92.5200,92.5000,92.5200,700
318,92.5200,92.5200,92.5100,92.5100,400
319,92.5200,92.5400,92.5200,92.5200,2000
320,92.5100,92.5100,92.5000,92.5000,3489
321,92.5000,92.5000,92.4900,92.4900,400
323,92.4900,92.4900,92.4600,92.4600,200
327,92.4800,92.4900,92.4800,92.4900,619
328,92.4800,92.4800,92.4800,92.4800,100
330,92.4600,92.4600,92.4500,92.4500,300
331,92.4400,92.4400,92.4000,92.4300,1300
332,92.4300,92.4300,92.4300,92.4300,100
333,92.4400,92.4600,92.4400,92.4600,1300
334,92.4600,92.4600,92.4500,92.4500,200
335,92.4100,92.4100,92.4100,92.4100,300
336,92.4400,92.4400,92.4300,92.4300,582
337,92.4300,92.4500,92.4300,92.4500,300
338,92.4400,92.4400,92.4400,92.4400,100
339,92.4600,92.4600,92.4600,92.4600,100
340,92.4600,92.4600,92.4500,92.4500,397
342,92.4700,92.4700,92.4700,92.4700,200
343,92.4800,92.4800,92.4800,92.4800,900
344,92.4800,92.4800,92.4800,92.4800,300
346,92.4900,92.4900,92.4800,92.4800,600
347,92.4700,92.4700,92.4700,92.4700,100
349,92.4900,92.4900,92.4700,92.4700,1101
351,92.4600,92.4600,92.4600,92.4600,381
352,92.4400,92.4500,92.4400,92.4500,700
354,92.4500,92.4500,92.4500,92.4500,200
355,92.4600,92.4600,92.4200,92.4600,300
356,92.4600,92.4600,92.4600,92.4600,435
359,92.4700,92.4700,92.4600,92.4600,643
360,92.4600,92.4900,92.4600,92.4900,1400
361,92.5100,92.5200,92.5100,92.5200,300
362,92.5182,92.5200,92.5150,92.5150,557
363,92.5150,92.5150,92.5000,92.5050,2376
364,92.5100,92.5200,92.5100,92.5150,1800
365,92.5100,92.5100,92.4800,92.5000,3383
366,92.5100,92.5100,92.5100,92.5100,100
367,92.4800,92.4800,92.4800,92.4800,100
368,92.4900,92.5100,92.4900,92.5000,1000
369,92.5000,92.5000,92.5000,92.5000,800
370,92.5000,92.5000,92.5000,92.5000,300
371,92.5000,92.5003,92.5000,92.5003,1108
372,92.5100,92.5100,92.5100,92.5100,400
373,92.4900,92.4900,92.4900,92.4900,500
374,92.4900,92.5000,92.4900,92.5000,300
375,92.4900,92.5100,92.4900,92.5100,1300
376,92.5000,92.5200,92.5000,92.5100,2322
377,92.5100,92.5200,92.5100,92.5200,1503
378,92.5000,92.5000,92.5000,92.5000,200
379,92.4900,92.5000,92.4800,92.4800,1000
380,92.4800,92.4800,92.4500,92.4500,2700
381,92.4600,92.4800,92.4600,92.4800,900
382,92.4800,92.5000,92.4800,92.5000,500
383,92.4800,92.4900,92.4800,92.4900,500
384,92.4900,92.5000,92.4900,92.4950,2122
385,92.5100,92.5300,92.5100,92.5100,1452
386,92.5100,92.5100,92.4700,92.4900,3768
387,92.4900,92.5000,92.4800,92.5000,2500
388,92.4900,92.4900,92.4700,92.4900,2454
389,92.4800,92.4900,92.4700,92.4800,2736
390,92.4900,92.5500,92.4900,92.5200,48735