WEC,Wec Energy Group Inc,Utilities,11,Electric Utilities,20020085197,1659366
a149927220089,63.5600,63.5650,63.5200,63.5400,28913
390,63.5500,63.5650,63.5200,63.5350,58899
0,63.4700,63.4700,63.4700,63.4700,11645
1,63.4700,63.4700,63.4200,63.4600,400
2,63.4400,63.4600,63.4207,63.4207,909
3,63.3800,63.4500,63.3700,63.4500,1400
4,63.4600,63.5100,63.4600,63.4600,1100
5,63.4893,63.4893,63.4100,63.4100,468
6,63.4500,63.4500,63.3450,63.3450,1416
7,63.3600,63.3700,63.3000,63.3700,2324
8,63.3700,63.4100,63.3600,63.3700,2895
10,63.3000,63.3152,63.3000,63.3000,976
11,63.3000,63.3150,63.2800,63.2900,1470
12,63.2700,63.2700,63.2400,63.2400,1350
13,63.2300,63.2300,63.2000,63.2000,500
14,63.1900,63.2200,63.1728,63.1728,1300
15,63.2100,63.2200,63.2028,63.2028,704
16,63.2000,63.2500,63.2000,63.2500,2600
17,63.2600,63.2600,63.2600,63.2600,100
18,63.2300,63.2600,63.2300,63.2600,1900
19,63.2500,63.2500,63.2500,63.2500,992
20,63.2700,63.3000,63.2400,63.3000,956
21,63.3200,63.3200,63.3000,63.3000,1217
22,63.3300,63.3300,63.3000,63.3000,2728
23,63.3200,63.3200,63.2600,63.2600,1700
24,63.2200,63.2200,63.2100,63.2100,400
25,63.2200,63.2200,63.1900,63.1900,800
26,63.1800,63.2200,63.1700,63.2200,600
27,63.2200,63.2400,63.1900,63.2400,1808
28,63.2300,63.2300,63.1900,63.2000,1306
30,63.2000,63.2500,63.1890,63.2500,3255
31,63.2500,63.2500,63.2500,63.2500,300
32,63.2200,63.2300,63.1900,63.2200,2136
33,63.2200,63.2300,63.2000,63.2100,1900
34,63.2000,63.2000,63.1800,63.1936,2539
35,63.1700,63.1700,63.1700,63.1700,300
36,63.1800,63.1800,63.1700,63.1800,2173
37,63.1800,63.2300,63.1800,63.2300,1150
38,63.2400,63.2400,63.2200,63.2200,838
39,63.2100,63.2100,63.1900,63.1900,1564
40,63.1700,63.1900,63.1650,63.1900,1400
41,63.1800,63.2200,63.1800,63.2000,1100
42,63.2000,63.2000,63.1900,63.1900,400
43,63.1800,63.2200,63.1800,63.2200,1400
44,63.2200,63.2700,63.2200,63.2600,1140
45,63.2600,63.2700,63.2500,63.2700,600
46,63.2800,63.2800,63.2700,63.2700,300
47,63.2300,63.2300,63.2000,63.2000,1507
48,63.2000,63.2000,63.1800,63.1900,1400
49,63.1900,63.2000,63.1900,63.2000,200
50,63.1900,63.2000,63.1800,63.2000,1300
51,63.2032,63.2032,63.1900,63.2000,1969
52,63.1900,63.1900,63.1900,63.1900,300
53,63.1800,63.1900,63.1700,63.1900,815
54,63.1900,63.1900,63.1900,63.1900,300
55,63.1850,63.1880,63.1800,63.1850,506
56,63.1860,63.1900,63.1600,63.1600,2697
57,63.1700,63.1800,63.1700,63.1700,1100
58,63.1800,63.2200,63.1800,63.2100,1500
59,63.1900,63.2200,63.1900,63.2200,2400
60,63.2100,63.2500,63.2100,63.2500,3500
61,63.2500,63.2700,63.2000,63.2100,4200
62,63.2250,63.2500,63.2250,63.2400,1207
63,63.2301,63.2600,63.2301,63.2600,500
64,63.2550,63.2550,63.2400,63.2500,2834
65,63.2500,63.2500,63.2500,63.2500,400
66,63.2550,63.2550,63.2450,63.2450,400
67,63.2300,63.2400,63.2250,63.2400,1100
68,63.2400,63.2500,63.2200,63.2252,4304
69,63.2250,63.2300,63.2200,63.2250,4900
70,63.2231,63.2700,63.2231,63.2600,2363
71,63.2500,63.2650,63.2500,63.2650,1017
72,63.2700,63.2700,63.2650,63.2650,500
73,63.2700,63.2750,63.2400,63.2500,2700
74,63.2500,63.2600,63.2500,63.2600,1700
75,63.2600,63.2800,63.2600,63.2750,1948
76,63.2700,63.2850,63.2700,63.2700,1700
77,63.2700,63.2700,63.2600,63.2699,347
78,63.2700,63.2700,63.2700,63.2700,300
79,63.2500,63.2500,63.2466,63.2466,450
80,63.2600,63.2700,63.2600,63.2700,300
81,63.2700,63.3200,63.2700,63.3200,1300
82,63.3200,63.3300,63.3150,63.3200,1500
83,63.3200,63.3200,63.3100,63.3100,300
84,63.3100,63.3400,63.3100,63.3400,500
85,63.3300,63.3300,63.3200,63.3200,900
86,63.3300,63.3300,63.3100,63.3100,1100
87,63.3100,63.3200,63.3100,63.3200,300
88,63.3100,63.3400,63.3000,63.3350,1952
89,63.3400,63.3400,63.3100,63.3100,1701
90,63.3200,63.3200,63.3050,63.3100,900
91,63.3000,63.3000,63.2800,63.2800,800
92,63.2700,63.2700,63.2400,63.2500,500
93,63.2500,63.2550,63.2450,63.2500,2799
94,63.2400,63.2400,63.2200,63.2200,3290
95,63.2200,63.2300,63.2150,63.2300,3111
96,63.2300,63.2300,63.2200,63.2300,1133
97,63.2300,63.2300,63.2100,63.2156,2575
98,63.2100,63.2100,63.1900,63.1900,1150
99,63.1800,63.1850,63.1800,63.1800,800
100,63.1800,63.1850,63.1700,63.1700,1722
101,63.1639,63.1639,63.1600,63.1600,595
102,63.1700,63.2000,63.1700,63.1850,2439
103,63.1800,63.1850,63.1800,63.1800,800
104,63.1700,63.1700,63.1700,63.1700,600
105,63.1600,63.1600,63.1343,63.1500,1197
106,63.1400,63.1400,63.1200,63.1300,743
107,63.1200,63.1200,63.1200,63.1200,500
108,63.1200,63.1200,63.1150,63.1200,901
109,63.1100,63.1100,63.1000,63.1100,900
110,63.1200,63.1200,63.1200,63.1200,200
111,63.1400,63.1400,63.1300,63.1300,1392
112,63.1400,63.1400,63.1100,63.1100,1800
113,63.1100,63.1600,63.1100,63.1600,700
114,63.1550,63.1550,63.1500,63.1500,1649
115,63.1500,63.1600,63.1500,63.1600,500
116,63.1600,63.1700,63.1600,63.1700,2398
117,63.1800,63.1900,63.1800,63.1900,400
118,63.1950,63.1950,63.1800,63.1900,2605
119,63.1900,63.1900,63.1650,63.1650,3500
120,63.1700,63.1700,63.1600,63.1700,300
121,63.1700,63.1700,63.1500,63.1500,5140
122,63.1500,63.1600,63.1300,63.1600,1700
123,63.1700,63.1750,63.1650,63.1750,1800
124,63.1800,63.1900,63.1800,63.1800,600
125,63.1800,63.2050,63.1752,63.2050,1542
126,63.1910,63.1951,63.1900,63.1900,2190
127,63.1900,63.1900,63.1800,63.1800,400
128,63.1800,63.1800,63.1650,63.1650,1500
129,63.1700,63.1800,63.1675,63.1800,900
130,63.1700,63.1700,63.1500,63.1700,4323
131,63.1700,63.1700,63.1650,63.1700,3699
132,63.1720,63.1900,63.1720,63.1900,2000
133,63.1900,63.1900,63.1800,63.1900,2504
134,63.1900,63.2200,63.1900,63.2200,2000
135,63.2100,63.2100,63.1900,63.1900,2388
136,63.2000,63.2000,63.1700,63.1900,2500
137,63.1900,63.1900,63.1800,63.1900,2100
138,63.1900,63.1900,63.1600,63.1654,2200
139,63.1600,63.1600,63.1500,63.1600,1758
140,63.1500,63.1500,63.1300,63.1300,2364
141,63.1400,63.1400,63.1300,63.1357,2037
142,63.1400,63.1400,63.1200,63.1200,900
143,63.1200,63.1300,63.1200,63.1300,1100
144,63.1200,63.1200,63.0900,63.0900,2700
145,63.0800,63.0900,63.0700,63.0900,2150
146,63.0900,63.0900,63.0900,63.0900,1700
147,63.0900,63.1000,63.0800,63.0800,1521
148,63.0800,63.1000,63.0800,63.1000,600
149,63.1100,63.1200,63.1100,63.1200,600
150,63.1200,63.1200,63.1100,63.1100,727
151,63.1150,63.1200,63.1100,63.1100,1119
152,63.1150,63.1200,63.1150,63.1150,400
153,63.1050,63.1050,63.0800,63.0800,3687
154,63.0850,63.0950,63.0850,63.0900,1353
155,63.0900,63.0900,63.0500,63.0500,2217
156,63.0600,63.0900,63.0575,63.0850,2500
157,63.0800,63.0900,63.0700,63.0700,1600
158,63.0750,63.0800,63.0750,63.0800,500
159,63.0900,63.0900,63.0700,63.0800,1400
160,63.0800,63.0800,63.0700,63.0700,1200
161,63.0700,63.0700,63.0700,63.0700,601
162,63.0700,63.0850,63.0700,63.0850,1500
163,63.0800,63.0800,63.0600,63.0700,2000
164,63.0700,63.0700,63.0700,63.0700,300
165,63.0750,63.0800,63.0700,63.0800,600
166,63.0800,63.0800,63.0600,63.0750,2800
167,63.0800,63.0800,63.0700,63.0800,400
168,63.0800,63.0800,63.0600,63.0700,1100
169,63.0700,63.0700,63.0700,63.0700,100
170,63.0700,63.0700,63.0700,63.0700,300
171,63.0700,63.0750,63.0700,63.0710,1000
172,63.0700,63.0725,63.0600,63.0600,1300
173,63.0600,63.0600,63.0400,63.0500,3050
174,63.0500,63.0600,63.0400,63.0600,3300
175,63.0500,63.0500,63.0400,63.0450,900
176,63.0500,63.0500,63.0400,63.0400,200
177,63.0410,63.0600,63.0400,63.0600,2834
178,63.0600,63.0650,63.0600,63.0600,800
179,63.0500,63.0600,63.0500,63.0500,400
180,63.0600,63.0600,63.0500,63.0550,688
181,63.0600,63.0600,63.0500,63.0500,800
182,63.0600,63.0600,63.0500,63.0600,400
183,63.0500,63.0500,63.0200,63.0200,3200
184,63.0200,63.0200,63.0000,63.0100,1300
185,63.0000,63.0100,63.0000,63.0000,700
186,63.0000,63.0050,63.0000,63.0000,800
187,63.0100,63.0100,63.0000,63.0100,400
188,63.0100,63.0200,62.9900,63.0100,3176
189,63.0100,63.0101,63.0100,63.0100,900
190,63.0100,63.0200,63.0100,63.0200,400
191,63.0300,63.0456,63.0200,63.0456,1500
192,63.0500,63.0500,63.0400,63.0400,400
193,63.0400,63.0400,63.0200,63.0300,2100
194,63.0300,63.0300,63.0300,63.0300,400
195,63.0300,63.0300,63.0300,63.0300,400
196,63.0200,63.0200,63.0000,63.0050,1600
197,63.0000,63.0100,62.9900,63.0100,2600
198,63.0200,63.0200,63.0150,63.0200,1433
199,63.0100,63.0100,63.0100,63.0100,300
200,63.0200,63.0300,63.0100,63.0200,1717
201,63.0100,63.0150,62.9800,62.9900,2800
202,62.9900,62.9900,62.9800,62.9800,500
203,62.9800,62.9900,62.9800,62.9800,1700
204,62.9800,62.9800,62.9700,62.9700,400
205,62.9600,62.9600,62.9500,62.9600,1200
206,62.9643,62.9700,62.9600,62.9650,558
207,62.9600,62.9700,62.9600,62.9600,700
208,62.9600,62.9700,62.9500,62.9700,647
209,62.9800,62.9800,62.9800,62.9800,800
210,62.9800,62.9800,62.9700,62.9700,1200
211,62.9750,62.9750,62.9750,62.9750,100
212,62.9725,63.0000,62.9725,63.0000,500
213,63.0000,63.0100,63.0000,63.0000,1519
214,63.0100,63.0300,63.0100,63.0300,900
215,63.0200,63.0200,63.0100,63.0100,300
216,63.0100,63.0600,63.0100,63.0500,5286
217,63.0500,63.0600,63.0500,63.0500,2108
218,63.0500,63.0600,63.0500,63.0600,400
219,63.0600,63.0600,63.0600,63.0600,100
220,63.0600,63.0800,63.0600,63.0800,1000
221,63.0825,63.0825,63.0500,63.0500,2207
222,63.0500,63.0700,63.0500,63.0700,1100
224,63.0600,63.0600,63.0500,63.0500,600
225,63.0500,63.0500,63.0500,63.0500,800
226,63.0400,63.0500,63.0400,63.0400,5201
227,63.0300,63.0300,63.0300,63.0300,2017
228,63.0400,63.0400,63.0400,63.0400,1100
229,63.0400,63.0400,63.0300,63.0350,1100
230,63.0400,63.0400,63.0300,63.0300,500
231,63.0500,63.0500,63.0400,63.0400,500
232,63.0400,63.0425,63.0400,63.0425,500
233,63.0400,63.0400,63.0300,63.0300,1014
234,63.0300,63.0550,63.0300,63.0550,1568
235,63.0544,63.1000,63.0544,63.0850,1705
236,63.0900,63.1000,63.0900,63.1000,1000
237,63.1100,63.1100,63.1000,63.1000,1696
238,63.1100,63.1100,63.1100,63.1100,200
239,63.1100,63.1100,63.1063,63.1100,718
240,63.1050,63.1100,63.1000,63.1099,1845
241,63.1047,63.1100,63.0900,63.0950,1124
242,63.1000,63.1000,63.0700,63.0700,3134
243,63.0700,63.0700,63.0650,63.0700,700
244,63.0800,63.0900,63.0800,63.0900,900
245,63.0850,63.0850,63.0850,63.0850,100
246,63.0800,63.1000,63.0800,63.0900,2207
247,63.0800,63.0850,63.0800,63.0850,451
248,63.0900,63.0900,63.0800,63.0800,1000
249,63.0800,63.0839,63.0800,63.0839,1205
250,63.0900,63.1000,63.0800,63.0900,1915
251,63.0900,63.0999,63.0900,63.0900,1727
252,63.1000,63.1100,63.1000,63.1100,1500
253,63.1100,63.1100,63.1000,63.1100,1400
254,63.1100,63.1100,63.1000,63.1100,2600
255,63.1200,63.1300,63.1200,63.1300,1416
256,63.1200,63.1300,63.1200,63.1300,300
257,63.1200,63.1300,63.1200,63.1250,700
258,63.1300,63.1300,63.1000,63.1000,2165
259,63.1000,63.1000,63.0900,63.0900,911
260,63.0900,63.1100,63.0900,63.1100,1699
261,63.1100,63.1300,63.1100,63.1300,1622
262,63.1300,63.1400,63.1300,63.1380,1138
263,63.1200,63.1300,63.1200,63.1300,1500
264,63.1350,63.1500,63.1350,63.1450,1182
265,63.1400,63.1400,63.1400,63.1400,100
266,63.1400,63.1450,63.1300,63.1300,1400
267,63.1350,63.1500,63.1300,63.1450,1100
268,63.1400,63.1600,63.1400,63.1600,1548
269,63.1550,63.1600,63.1500,63.1600,1835
270,63.1600,63.1600,63.1565,63.1565,293
271,63.1600,63.1700,63.1600,63.1600,700
272,63.1500,63.1600,63.1500,63.1600,400
273,63.1700,63.1882,63.1700,63.1825,3276
274,63.1800,63.1850,63.1699,63.1699,1390
275,63.1600,63.1600,63.1600,63.1600,300
276,63.1600,63.1600,63.1400,63.1400,1960
277,63.1300,63.1300,63.1100,63.1100,1400
278,63.1100,63.1100,63.1100,63.1100,200
279,63.1100,63.1100,63.1000,63.1100,970
280,63.1000,63.1000,63.1000,63.1000,700
281,63.1000,63.1100,63.1000,63.1000,810
282,63.1100,63.1200,63.1100,63.1100,1167
283,63.1100,63.1150,63.1100,63.1100,1100
284,63.1200,63.1400,63.1200,63.1400,1500
285,63.1400,63.1400,63.1350,63.1400,600
286,63.1500,63.1500,63.1350,63.1450,3000
287,63.1500,63.1500,63.1400,63.1500,600
288,63.1556,63.1556,63.1500,63.1550,1059
289,63.1600,63.1600,63.1300,63.1300,2450
290,63.1300,63.1300,63.1300,63.1300,900
291,63.1400,63.1400,63.1300,63.1300,1000
292,63.1250,63.1250,63.1200,63.1200,400
293,63.1300,63.1300,63.1200,63.1300,847
294,63.1300,63.1350,63.1300,63.1300,700
295,63.1390,63.1390,63.1100,63.1150,1742
296,63.1100,63.1100,63.0900,63.0900,2663
297,63.0900,63.0900,63.0700,63.0700,1000
298,63.0600,63.0600,63.0350,63.0400,2899
299,63.0400,63.0400,63.0300,63.0400,700
300,63.0400,63.0400,63.0300,63.0339,353
301,63.0310,63.0390,63.0310,63.0390,538
302,63.0300,63.0500,63.0200,63.0500,5923
303,63.0550,63.0570,63.0500,63.0500,825
304,63.0596,63.0596,63.0500,63.0550,546
305,63.0500,63.0550,63.0300,63.0300,3024
306,63.0300,63.0350,63.0250,63.0350,4617
307,63.0300,63.0300,63.0200,63.0200,962
308,63.0300,63.0400,63.0300,63.0300,4709
309,63.0250,63.0250,63.0000,63.0000,3351
310,63.0100,63.0100,63.0000,63.0000,500
311,63.0100,63.0100,63.0000,63.0100,600
312,63.0000,63.0150,63.0000,63.0100,2847
313,63.0028,63.0050,62.9900,62.9900,1596
314,62.9900,62.9950,62.9900,62.9950,738
315,62.9950,62.9950,62.9900,62.9950,900
316,62.9900,62.9900,62.9450,62.9500,6766
317,62.9500,62.9500,62.9500,62.9500,936
318,62.9500,62.9500,62.9500,62.9500,100
319,62.9600,62.9700,62.9550,62.9600,6300
320,62.9550,62.9550,62.9526,62.9550,300
321,62.9600,62.9600,62.9550,62.9600,700
322,62.9500,62.9700,62.9400,62.9600,4817
323,62.9600,62.9600,62.9500,62.9500,900
324,62.9500,62.9500,62.9300,62.9300,2300
325,62.9300,62.9550,62.9300,62.9550,3074
326,62.9400,62.9400,62.9350,62.9400,1100
327,62.9500,62.9550,62.9450,62.9500,1400
328,62.9600,62.9700,62.9600,62.9700,1275
329,62.9800,62.9800,62.9800,62.9800,747
330,62.9800,62.9900,62.9700,62.9850,4981
331,62.9900,62.9900,62.9700,62.9750,2491
332,62.9750,62.9750,62.9600,62.9629,1201
333,62.9700,62.9700,62.9500,62.9500,6025
334,62.9550,62.9550,62.9500,62.9500,200
335,62.9500,62.9550,62.9435,62.9550,3425
336,62.9550,62.9600,62.9500,62.9600,600
337,62.9500,62.9650,62.9500,62.9650,1144
338,62.9600,62.9700,62.9550,62.9600,2181
339,62.9600,62.9600,62.9500,62.9500,700
340,62.9550,62.9550,62.9300,62.9301,2439
341,62.9350,62.9450,62.9300,62.9450,3205
342,62.9500,62.9700,62.9500,62.9700,2161
343,62.9650,62.9800,62.9650,62.9800,2268
344,62.9800,63.0000,62.9750,63.0000,6874
345,63.0100,63.0200,63.0100,63.0100,2370
346,63.0200,63.0250,63.0100,63.0100,2100
347,63.0200,63.0300,63.0200,63.0300,1742
348,63.0300,63.0350,63.0300,63.0300,1585
349,63.0300,63.0300,63.0200,63.0300,1100
350,63.0250,63.0262,63.0250,63.0250,729
351,63.0250,63.0250,63.0200,63.0200,3482
352,63.0300,63.0600,63.0300,63.0600,2637
353,63.0548,63.0550,63.0500,63.0550,1888
354,63.0550,63.0550,63.0400,63.0500,2796
355,63.0450,63.0500,63.0435,63.0450,2261
356,63.0500,63.0700,63.0450,63.0700,5165
357,63.0700,63.0750,63.0600,63.0700,3500
358,63.0710,63.0750,63.0700,63.0750,900
359,63.0750,63.0800,63.0400,63.0400,5194
360,63.0400,63.0500,63.0300,63.0318,2369
361,63.0343,63.0400,63.0300,63.0400,700
362,63.0400,63.0600,63.0350,63.0600,5349
363,63.0600,63.0600,63.0400,63.0450,5200
364,63.0450,63.0550,63.0450,63.0550,1873
365,63.0550,63.0550,63.0350,63.0350,3838
366,63.0350,63.0500,63.0300,63.0500,3500
367,63.0500,63.0700,63.0500,63.0700,7134
368,63.0700,63.0800,63.0650,63.0800,2161
369,63.0750,63.0900,63.0700,63.0750,4675
370,63.0600,63.0690,63.0500,63.0510,2295
371,63.0500,63.0500,63.0400,63.0500,1684
372,63.0450,63.0450,63.0000,63.0000,6483
373,63.0100,63.0100,63.0000,63.0000,2471
374,63.0050,63.0400,63.0050,63.0400,6201
375,63.0400,63.0400,63.0100,63.0200,6801
376,63.0100,63.0200,63.0000,63.0100,5879
377,63.0100,63.0100,62.9900,62.9962,4693
378,63.0000,63.0100,62.9900,62.9950,4549
379,62.9910,63.0000,62.9900,62.9907,4037
380,63.0000,63.0300,62.9900,63.0250,6913
381,63.0200,63.0350,63.0100,63.0350,9045
382,63.0300,63.0350,63.0000,63.0100,10710
383,63.0100,63.0100,63.0000,63.0100,6122
384,63.0000,63.0050,62.9900,62.9950,6900
385,62.9950,63.0000,62.9800,62.9800,9880
386,62.9900,63.0000,62.9700,62.9710,21223
387,62.9700,62.9950,62.9700,62.9950,14251
388,62.9900,63.0000,62.9850,63.0000,16912
389,62.9950,63.0000,62.9750,62.9900,15164
390,62.9850,63.0400,62.9850,63.0300,36618