XLNX,Xilinx Inc,Information Technology,7,Semiconductors,16714033311,3928111
a1499272200,66.8100,66.8700,66.8100,66.8200,4459
2,66.8100,66.8500,66.7550,66.7550,2500
3,66.7550,66.7550,66.7000,66.7250,4800
4,66.7000,66.7200,66.6700,66.7000,6097
5,66.6900,66.7800,66.6700,66.7800,19131
6,66.7600,66.8300,66.7600,66.8300,9900
7,66.8300,66.8500,66.7800,66.7800,11200
8,66.8100,66.8800,66.8100,66.8800,11130
9,66.9000,66.9800,66.8900,66.9200,10947
10,66.9500,67.0500,66.9500,66.9600,7245
11,66.9600,66.9706,66.9300,66.9300,1700
12,66.9300,66.9700,66.8800,66.8900,5403
13,66.9100,67.0000,66.9000,66.9800,5800
14,67.0200,67.0200,67.0050,67.0050,400
15,67.0200,67.0200,66.9200,66.9200,6812
16,66.9200,66.9900,66.9100,66.9600,7000
17,66.9600,66.9800,66.9300,66.9400,4703
18,66.9200,66.9500,66.9000,66.9300,4800
19,66.9200,66.9200,66.8400,66.8800,5850
20,66.8700,66.8900,66.8500,66.8900,1925
21,66.8900,66.9100,66.8900,66.9000,3300
22,66.9000,66.9100,66.8800,66.8800,9183
23,66.9000,66.9400,66.9000,66.9000,7349
24,66.9000,66.9500,66.8900,66.9100,9877
25,66.9100,66.9100,66.8700,66.8800,3964
26,66.8900,66.9400,66.8900,66.9000,9326
27,66.8900,66.9150,66.8600,66.8600,4300
28,66.8500,66.8600,66.8200,66.8600,1900
29,66.8900,66.9000,66.8500,66.8500,4700
30,66.8500,66.8700,66.8500,66.8550,400
31,66.8600,66.9300,66.8600,66.9300,28051
32,66.9300,66.9500,66.9300,66.9400,8259
33,66.9400,67.0100,66.9400,66.9900,2900
34,67.0000,67.0000,66.9600,66.9600,6391
35,66.9600,66.9800,66.9400,66.9800,1800
36,66.9800,66.9900,66.9650,66.9900,1976
37,66.9900,66.9900,66.9300,66.9386,3700
38,66.9500,66.9800,66.9500,66.9800,1940
39,66.9830,66.9863,66.9600,66.9700,3038
40,66.9700,67.0100,66.9700,67.0100,3870
41,67.0100,67.0100,66.9900,66.9900,2515
42,67.0000,67.0400,67.0000,67.0100,3500
43,66.9900,66.9900,66.9500,66.9600,3300
44,66.9800,67.0000,66.9500,66.9500,2000
45,66.9500,66.9700,66.9500,66.9700,1200
46,66.9700,66.9800,66.9400,66.9650,4000
47,66.9700,66.9800,66.9650,66.9800,5702
48,66.9800,67.0300,66.9800,67.0300,4501
49,67.0400,67.0500,67.0400,67.0400,1367
50,67.0400,67.0700,67.0400,67.0400,2100
51,67.0489,67.0600,67.0400,67.0400,3219
52,67.0300,67.0600,67.0200,67.0600,2750
53,67.0600,67.0800,67.0600,67.0763,3300
54,67.0800,67.0950,67.0750,67.0750,2761
55,67.0700,67.0900,67.0700,67.0900,3466
56,67.0850,67.1165,67.0850,67.1165,3200
57,67.1100,67.1150,67.1090,67.1150,4101
58,67.1110,67.1150,67.0700,67.0800,2530
59,67.0800,67.1000,67.0700,67.0700,2812
60,67.0650,67.0650,67.0498,67.0600,1673
61,67.0600,67.0800,67.0300,67.0300,6781
62,67.0300,67.0300,67.0168,67.0168,2821
63,67.0150,67.0300,67.0100,67.0200,2606
64,67.0400,67.0400,67.0100,67.0300,2550
65,67.0300,67.0650,67.0300,67.0550,1600
66,67.0500,67.0657,67.0200,67.0200,3600
67,67.0100,67.0300,66.9900,67.0000,4200
68,66.9900,67.0000,66.9600,66.9800,4200
69,66.9700,66.9750,66.9400,66.9400,1618
70,66.9400,66.9800,66.9399,66.9800,4547
71,66.9900,67.0200,66.9900,67.0000,5775
72,67.0000,67.0200,67.0000,67.0050,2953
73,67.0000,67.0700,67.0000,67.0600,8396
74,67.0500,67.0900,67.0350,67.0900,2216
75,67.0853,67.1000,67.0800,67.1000,3200
76,67.1100,67.1400,67.1100,67.1400,3550
77,67.1350,67.1350,67.1100,67.1100,4499
78,67.1100,67.1400,67.1050,67.1250,6097
79,67.1250,67.1250,67.0700,67.1000,4737
80,67.1100,67.1250,67.1100,67.1100,1600
81,67.0900,67.1150,67.0850,67.0900,3651
82,67.0862,67.0862,67.0400,67.0500,2200
83,67.0400,67.0400,67.0300,67.0300,1305
84,67.0100,67.0200,67.0100,67.0107,3000
85,67.0200,67.0299,67.0200,67.0200,2200
86,67.0150,67.0200,67.0100,67.0150,2700
87,67.0150,67.0200,66.9800,66.9950,7300
88,66.9900,67.0110,66.9700,66.9700,2831
89,66.9600,66.9700,66.9500,66.9500,2500
90,66.9400,66.9500,66.9300,66.9450,3600
91,66.9500,66.9600,66.9450,66.9600,1400
92,66.9400,66.9700,66.9400,66.9700,3300
93,66.9800,67.0100,66.9800,67.0000,5823
94,67.0100,67.0100,67.0000,67.0090,1400
95,67.0000,67.0000,66.9600,67.0000,5800
96,66.9900,67.0100,66.9900,67.0100,1100
97,67.0200,67.0300,67.0100,67.0100,1510
98,67.0000,67.0100,66.9800,66.9800,2166
99,66.9800,67.0137,66.9800,67.0100,3979
100,67.0100,67.0300,66.9900,67.0300,2504
101,67.0300,67.0500,67.0300,67.0500,1055
102,67.0400,67.0500,67.0300,67.0300,1500
103,67.0300,67.0400,67.0000,67.0000,3300
104,67.0000,67.0000,66.9900,66.9950,900
105,67.0000,67.0200,66.9900,67.0000,2851
106,67.0000,67.0050,67.0000,67.0050,2100
107,67.0100,67.0250,67.0100,67.0250,600
108,67.0250,67.0250,67.0000,67.0000,1900
109,66.9900,66.9900,66.9600,66.9600,3667
110,66.9600,66.9700,66.9600,66.9650,1446
111,66.9700,66.9700,66.9400,66.9400,1786
112,66.9350,66.9600,66.9350,66.9600,3521
113,66.9600,66.9600,66.9500,66.9500,565
114,66.9400,66.9450,66.9300,66.9300,4776
115,66.9300,66.9400,66.9200,66.9200,1500
116,66.9250,66.9250,66.9000,66.9000,2600
117,66.9000,66.9350,66.8900,66.8900,2600
118,66.8800,66.8850,66.8650,66.8712,2781
119,66.8750,66.8750,66.8400,66.8500,2000
120,66.8500,66.8500,66.8350,66.8350,1100
121,66.8400,66.9350,66.8400,66.9300,13348
122,66.9300,66.9400,66.9150,66.9150,2000
123,66.9150,66.9200,66.9096,66.9200,3997
124,66.9300,66.9300,66.9200,66.9200,200
125,66.9200,66.9200,66.9000,66.9200,2600
126,66.9200,66.9300,66.9200,66.9250,300
127,66.9300,66.9300,66.8800,66.8850,3300
128,66.8900,66.9400,66.8900,66.9350,6991
129,66.9400,66.9600,66.9300,66.9300,2600
130,66.9300,66.9500,66.9300,66.9500,1800
131,66.9400,66.9450,66.9300,66.9350,1900
132,66.9400,66.9456,66.9400,66.9400,985
133,66.9300,66.9800,66.9300,66.9800,3183
134,66.9700,66.9700,66.9300,66.9300,3100
135,66.9350,66.9350,66.9300,66.9300,500
136,66.9300,66.9300,66.8900,66.8969,1617
137,66.8900,66.8950,66.8800,66.8850,3500
138,66.8850,66.9000,66.8700,66.9000,3200
139,66.9000,66.9299,66.9000,66.9200,5645
140,66.9200,66.9265,66.8900,66.9265,3101
141,66.9200,66.9300,66.9150,66.9300,2445
142,66.9243,66.9250,66.8950,66.8950,2481
143,66.8950,66.8950,66.8400,66.8400,5000
144,66.8500,66.8900,66.8500,66.8900,3500
145,66.9000,66.9200,66.9000,66.9100,3448
146,66.9150,66.9400,66.9136,66.9136,1510
147,66.9150,66.9300,66.9000,66.9200,1600
148,66.9050,66.9300,66.9050,66.9200,1987
149,66.9050,66.9450,66.9050,66.9200,29870
150,66.9100,66.9400,66.9100,66.9200,28500
151,66.9200,66.9250,66.9100,66.9150,5300
152,66.9150,66.9450,66.9150,66.9300,19319
153,66.9250,66.9600,66.9200,66.9600,10014
154,66.9500,66.9900,66.9500,66.9700,14235
155,66.9800,66.9900,66.9580,66.9600,6122
156,66.9600,67.0000,66.9590,66.9900,35105
157,66.9950,67.0100,66.9900,67.0100,18130
158,67.0200,67.0700,67.0000,67.0000,7315
159,67.0100,67.0183,67.0100,67.0150,900
160,67.0100,67.0100,66.9850,66.9850,2400
161,66.9900,67.0100,66.9600,66.9650,5900
162,66.9700,67.0000,66.9700,66.9950,7015
163,66.9900,66.9950,66.9750,66.9800,2200
164,66.9900,66.9950,66.9750,66.9750,2700
165,66.9750,67.0000,66.9650,66.9890,12945
166,66.9900,66.9900,66.9800,66.9800,1600
167,66.9900,67.0050,66.9900,67.0050,2530
168,67.0100,67.0100,66.9650,67.0000,14700
169,67.0000,67.0100,66.9950,66.9950,2300
170,67.0000,67.0000,66.9900,66.9900,700
171,66.9950,67.0050,66.9800,66.9800,2900
172,66.9800,66.9850,66.9800,66.9850,1400
173,66.9900,67.0000,66.9850,66.9850,2000
174,66.9850,66.9850,66.9700,66.9800,6179
175,66.9900,67.0800,66.9900,67.0690,13737
176,67.0700,67.0800,67.0600,67.0750,5600
177,67.0703,67.0800,67.0550,67.0600,2547
178,67.0600,67.0800,67.0400,67.0600,14300
179,67.0550,67.1050,67.0550,67.1050,12700
180,67.1000,67.1100,67.0901,67.0975,2000
181,67.0900,67.1350,67.0900,67.1250,6866
182,67.1300,67.1750,67.1300,67.1700,11637
183,67.1700,67.2200,67.1600,67.2200,17975
184,67.2250,67.2300,67.2000,67.2200,14900
185,67.2200,67.2400,67.2050,67.2200,24271
186,67.2200,67.2400,67.2050,67.2290,24300
187,67.2300,67.2800,67.2000,67.2800,33586
188,67.2800,67.2900,67.2350,67.2700,38280
189,67.2700,67.3000,67.2700,67.2900,7397
190,67.2875,67.3330,67.2850,67.3300,9848
191,67.3300,67.3600,67.3100,67.3500,15220
192,67.3500,67.4200,67.3400,67.4000,36207
193,67.4100,67.5000,67.3800,67.3900,50509
194,67.4000,67.4200,67.3300,67.3300,22378
195,67.3300,67.3499,67.3200,67.3300,2050
196,67.3100,67.3100,67.2700,67.2700,5512
197,67.2800,67.3100,67.2600,67.2963,7107
198,67.2800,67.2900,67.2548,67.2800,9800
199,67.2900,67.3100,67.2700,67.2900,5800
200,67.2800,67.2800,67.2800,67.2800,500
201,67.2790,67.2800,67.2500,67.2500,1800
202,67.2500,67.2500,67.2300,67.2300,1400
203,67.2300,67.2400,67.1800,67.2000,7728
204,67.2000,67.2100,67.2000,67.2100,2500
205,67.2200,67.2200,67.1900,67.1900,700
206,67.1900,67.1900,67.1600,67.1700,10260
207,67.1600,67.1800,67.1600,67.1700,800
208,67.1700,67.1700,67.1700,67.1700,400
209,67.1600,67.1600,67.1300,67.1300,2400
210,67.1250,67.1400,67.1250,67.1350,3646
211,67.1400,67.2000,67.1400,67.2000,4000
212,67.2099,67.2100,67.1700,67.1750,1500
213,67.1600,67.1600,67.1400,67.1500,2130
214,67.1400,67.1450,67.1200,67.1201,2800
215,67.1200,67.1400,67.1200,67.1400,2570
216,67.1400,67.1666,67.1400,67.1600,2103
217,67.1550,67.1550,67.1100,67.1100,2100
218,67.1200,67.1200,67.1100,67.1100,1400
219,67.1100,67.1200,67.1050,67.1100,1751
220,67.1000,67.1000,67.0900,67.0900,1300
221,67.0900,67.1000,67.0800,67.1000,2602
222,67.0900,67.0900,67.0900,67.0900,100
223,67.0850,67.0900,67.0800,67.0800,1000
224,67.0850,67.0850,67.0600,67.0700,3296
225,67.0900,67.0900,67.0900,67.0900,200
226,67.0900,67.1200,67.0900,67.1200,2265
227,67.1200,67.1200,67.0500,67.0550,6327
228,67.0550,67.0550,67.0500,67.0500,300
229,67.0500,67.0600,67.0300,67.0350,4700
230,67.0300,67.0550,67.0100,67.0400,3613
231,67.0350,67.0400,66.9900,66.9900,3550
232,66.9900,67.0150,66.9900,67.0100,1361
233,67.0200,67.0200,67.0100,67.0100,619
234,67.0050,67.0100,67.0050,67.0100,200
235,67.0100,67.0350,67.0100,67.0300,2710
236,67.0200,67.0300,67.0200,67.0200,522
237,67.0200,67.0450,67.0200,67.0300,3200
238,67.0250,67.0500,67.0249,67.0500,3543
239,67.0500,67.0500,67.0500,67.0500,100
240,67.0500,67.0600,67.0500,67.0581,2188
241,67.0500,67.0556,67.0499,67.0500,2434
242,67.0500,67.0550,67.0100,67.0100,2400
243,67.0100,67.0200,66.9700,66.9700,2987
244,66.9700,66.9700,66.9450,66.9450,1755
245,66.9600,66.9600,66.9600,66.9600,400
246,66.9700,66.9700,66.9600,66.9600,635
247,66.9600,66.9600,66.9200,66.9200,1852
248,66.9300,66.9400,66.9250,66.9400,1337
249,66.9300,66.9300,66.9100,66.9144,2507
250,66.9150,66.9400,66.9150,66.9342,2429
251,66.9300,66.9300,66.9200,66.9200,1100
252,66.9200,66.9600,66.9200,66.9550,3707
253,66.9500,67.0200,66.9400,66.9950,16734
254,66.9900,67.0100,66.9800,67.0100,11658
255,67.0050,67.0700,67.0000,67.0300,13200
256,67.0100,67.0200,67.0000,67.0000,2800
257,67.0000,67.0100,66.9700,67.0000,5900
258,67.0000,67.0000,66.9800,67.0000,700
259,66.9900,67.0000,66.9800,67.0000,3900
260,67.0000,67.0050,66.9999,67.0050,1000
261,67.0050,67.0100,67.0050,67.0100,700
262,67.0090,67.0090,66.9850,66.9850,2600
263,66.9900,67.0100,66.9900,67.0100,3132
264,67.0000,67.0000,66.9800,66.9951,2673
265,66.9950,66.9950,66.9800,66.9950,3100
266,66.9900,67.0150,66.9800,67.0100,2700
267,67.0200,67.0200,67.0100,67.0100,1456
268,67.0100,67.0200,67.0100,67.0200,600
269,67.0100,67.0200,67.0000,67.0200,1800
270,67.0100,67.0100,66.9800,66.9900,4200
271,67.0000,67.0000,66.9800,67.0000,3316
272,67.0000,67.0110,66.9850,66.9900,4700
273,67.0000,67.0200,67.0000,67.0150,4824
274,67.0150,67.0150,67.0050,67.0050,1200
275,67.0100,67.0100,67.0000,67.0100,2200
276,67.0200,67.0200,67.0200,67.0200,100
277,67.0100,67.0150,67.0100,67.0150,900
278,67.0150,67.0150,67.0100,67.0100,1440
279,67.0000,67.0300,67.0000,67.0200,3796
280,67.0250,67.0250,67.0100,67.0100,1960
281,67.0200,67.0200,67.0100,67.0100,1485
282,67.0071,67.0400,67.0000,67.0200,7483
283,67.0350,67.0400,67.0200,67.0200,2600
284,67.0100,67.0100,66.9950,66.9950,3000
285,66.9950,67.0000,66.9850,66.9900,6000
286,67.0000,67.0100,66.9900,67.0000,2200
287,67.0050,67.0050,66.9850,66.9900,3400
288,66.9900,66.9950,66.9900,66.9950,1100
289,66.9900,67.0000,66.9900,67.0000,5599
290,67.0000,67.0000,66.9800,66.9950,8468
291,66.9950,67.0000,66.9800,66.9900,3970
292,66.9950,67.0100,66.9950,67.0000,7884
293,66.9900,67.0100,66.9900,67.0100,2700
294,67.0000,67.0200,67.0000,67.0200,1800
295,67.0100,67.0100,67.0100,67.0100,800
296,67.0060,67.0100,67.0001,67.0001,1900
297,67.0100,67.1000,67.0100,67.1000,16235
298,67.1050,67.1275,67.0950,67.1050,31932
299,67.1050,67.1400,67.0950,67.1050,24309
300,67.1050,67.1350,67.0600,67.0600,4925
301,67.0600,67.0600,67.0300,67.0300,2301
302,67.0350,67.1100,67.0350,67.0805,7825
303,67.1000,67.1000,67.0700,67.0800,3611
304,67.0750,67.0750,67.0700,67.0700,928
305,67.0650,67.1050,67.0550,67.1000,8300
306,67.0950,67.0950,67.0700,67.0850,6281
307,67.0900,67.1100,67.0800,67.0800,4000
308,67.0750,67.0950,67.0750,67.0800,1600
309,67.0900,67.1300,67.0900,67.1100,9930
310,67.1094,67.1200,67.1050,67.1050,1817
311,67.1150,67.1250,67.1000,67.1000,1400
312,67.0900,67.1000,67.0800,67.0850,3500
313,67.0850,67.1100,67.0749,67.1100,2422
314,67.1000,67.1050,67.0900,67.1000,3785
315,67.1100,67.1100,67.0900,67.0900,1700
316,67.0950,67.0950,67.0900,67.0900,2400
317,67.0800,67.1000,67.0700,67.0750,5852
318,67.0750,67.0800,67.0600,67.0650,3600
319,67.0700,67.0950,67.0650,67.0800,8900
320,67.0850,67.1000,67.0800,67.0850,3065
321,67.0900,67.1000,67.0900,67.0900,1100
322,67.1000,67.1000,67.0900,67.1000,2225
323,67.1000,67.1100,67.0900,67.1050,1723
324,67.1000,67.1200,67.1000,67.1200,1648
325,67.1100,67.1250,67.1100,67.1150,3200
326,67.1100,67.1150,67.1000,67.1000,2000
327,67.0950,67.0950,67.0650,67.0700,3000
328,67.0800,67.0800,67.0700,67.0700,6234
329,67.0700,67.0700,67.0600,67.0650,3684
330,67.0700,67.0950,67.0699,67.0950,8400
331,67.0800,67.0850,67.0750,67.0750,1900
332,67.0700,67.1100,67.0500,67.1000,13886
333,67.1000,67.1000,67.0800,67.0900,8175
334,67.0848,67.0850,67.0800,67.0850,2510
335,67.0900,67.0900,67.0800,67.0850,1200
336,67.0900,67.1300,67.0800,67.0800,5022
337,67.0800,67.1350,67.0800,67.1350,2562
338,67.1300,67.1300,67.1200,67.1200,1200
339,67.1150,67.1150,67.0950,67.0950,3300
340,67.0900,67.0900,67.0762,67.0800,2806
341,67.0782,67.0800,67.0700,67.0700,1800
342,67.0700,67.0800,67.0700,67.0800,3300
343,67.0800,67.0800,67.0700,67.0750,1086
344,67.0750,67.0900,67.0700,67.0800,3646
345,67.0800,67.0800,67.0700,67.0700,2216
346,67.0750,67.0800,67.0700,67.0750,4200
347,67.0700,67.0850,67.0700,67.0800,3900
348,67.0725,67.0800,67.0725,67.0750,900
349,67.0750,67.0750,67.0600,67.0700,3700
350,67.0650,67.0900,67.0600,67.0900,15351
351,67.0850,67.1350,67.0850,67.0900,12141
352,67.0800,67.0800,67.0400,67.0500,4525
353,67.0600,67.0950,67.0600,67.0900,6100
354,67.0900,67.1100,67.0900,67.0900,5377
355,67.0950,67.0950,67.0650,67.0800,3904
356,67.0700,67.0900,67.0700,67.0800,2500
357,67.0800,67.0850,67.0500,67.0500,4147
358,67.0500,67.0950,67.0500,67.0850,15594
359,67.0850,67.0900,67.0800,67.0800,2000
360,67.0900,67.1300,67.0900,67.1300,3400
361,67.1250,67.1250,67.0850,67.0900,7032
362,67.0800,67.1100,67.0800,67.1100,4852
363,67.1100,67.1100,67.0800,67.0900,7500
364,67.0950,67.1150,67.0950,67.1100,4300
365,67.1000,67.1068,67.0850,67.1000,4525
366,67.1100,67.1400,67.1100,67.1400,2800
367,67.1350,67.1350,67.1250,67.1350,5098
368,67.1400,67.1400,67.1200,67.1200,4382
369,67.1200,67.1200,67.1100,67.1100,2300
370,67.1050,67.1150,67.1000,67.1050,15854
371,67.1050,67.1100,67.0850,67.0900,5909
372,67.0900,67.0950,67.0650,67.0900,16252
373,67.0900,67.1000,67.0800,67.0950,15100
374,67.1000,67.1100,67.1000,67.1050,2600
375,67.1100,67.1100,67.0850,67.0850,4252
376,67.0850,67.0850,67.0700,67.0800,8022
377,67.0750,67.0750,67.0650,67.0650,2900
378,67.0650,67.0700,67.0500,67.0550,12176
379,67.0550,67.0950,67.0550,67.0900,34135
380,67.0850,67.1200,67.0700,67.1100,23252
381,67.1000,67.1200,67.0900,67.1150,23901
382,67.1200,67.1200,67.1000,67.1100,14441
383,67.1050,67.1050,67.0900,67.0950,7419
384,67.1000,67.1000,67.0800,67.0950,13889
385,67.0952,67.1000,67.0900,67.1000,7270
386,67.1000,67.1300,67.0900,67.1100,23197
387,67.1050,67.1100,67.0900,67.0950,11759
388,67.1000,67.1000,67.0800,67.0900,19580
389,67.0900,67.1200,67.0800,67.1150,26982
390,67.1100,67.1700,67.1100,67.1500,745624