YHOO,Yahoo Inc.,Information Technology,7,Internet Software & Services,48437005905,9186168
a1499272200,50.4960,50.5600,50.4900,50.5600,11532
2,50.5600,50.5900,50.5050,50.5300,15495
3,50.5250,50.5700,50.5200,50.5700,11600
4,50.5800,50.5800,50.4900,50.5300,24257
5,50.5200,50.5600,50.5100,50.5600,16279
6,50.5650,50.6100,50.5600,50.6100,20641
7,50.6038,50.6050,50.5500,50.5900,40015
8,50.5900,50.6200,50.5700,50.5700,20479
9,50.5750,50.6200,50.5701,50.6000,21731
10,50.6100,50.6500,50.6100,50.6300,29405
11,50.6300,50.6444,50.6100,50.6150,15446
12,50.6100,50.6100,50.5400,50.5700,16905
13,50.5600,50.5600,50.5100,50.5300,25003
14,50.5400,50.6200,50.5400,50.6200,8687
15,50.6100,50.6230,50.5950,50.6100,15708
16,50.6100,50.6700,50.6000,50.6600,18543
17,50.6550,50.6700,50.6450,50.6600,14993
18,50.6600,50.7400,50.6550,50.7400,21276
19,50.7400,50.7700,50.7100,50.7500,40074
20,50.7650,50.7650,50.7300,50.7400,8337
21,50.7400,50.7599,50.7150,50.7299,19258
22,50.7300,50.7300,50.6700,50.6700,11752
23,50.6600,50.6600,50.6250,50.6500,18783
24,50.6500,50.7100,50.6500,50.7100,20388
25,50.7100,50.7100,50.6475,50.6500,13867
26,50.6500,50.6600,50.6100,50.6200,24839
27,50.6200,50.6400,50.5900,50.6200,23431
28,50.6150,50.6500,50.6100,50.6400,21696
29,50.6400,50.6500,50.6000,50.6200,16995
30,50.6200,50.6300,50.6100,50.6100,19137
31,50.6100,50.6300,50.5950,50.6200,18802
32,50.6200,50.6300,50.5900,50.6000,22700
33,50.5950,50.6500,50.5900,50.6400,20335
34,50.6300,50.6600,50.6200,50.6550,16020
35,50.6500,50.6900,50.6500,50.6600,19203
36,50.6500,50.6650,50.6500,50.6600,13722
37,50.6500,50.6700,50.6300,50.6300,29360
38,50.6300,50.6900,50.6250,50.6700,66204
39,50.6700,50.6700,50.6500,50.6575,29516
40,50.6500,50.7300,50.6500,50.7300,125051
41,50.7400,50.7400,50.7100,50.7300,74155
42,50.7350,50.7400,50.7100,50.7150,31361
43,50.7200,50.7300,50.6900,50.6900,47399
44,50.7000,50.7200,50.6910,50.7100,21140
45,50.7100,50.7100,50.6700,50.6900,78563
46,50.6800,50.7200,50.6800,50.7200,18412
47,50.7150,50.7200,50.7100,50.7200,18824
48,50.7100,50.7300,50.7100,50.7200,48932
49,50.7100,50.7600,50.7100,50.7500,57716
50,50.7500,50.7600,50.7300,50.7600,20000
51,50.7600,50.8100,50.7600,50.8000,36378
52,50.8000,50.8100,50.7950,50.8100,18410
53,50.8100,50.8300,50.8000,50.8300,23600
54,50.8250,50.8300,50.8000,50.8200,29122
55,50.8200,50.8400,50.8100,50.8200,25052
56,50.8100,50.8200,50.8000,50.8000,16945
57,50.8000,50.8800,50.8000,50.8800,28355
58,50.8800,50.8800,50.8500,50.8750,22481
59,50.8800,50.8800,50.8600,50.8601,42920
60,50.8600,50.8700,50.8500,50.8700,30679
61,50.8600,50.8700,50.8500,50.8500,18892
62,50.8500,50.8550,50.8100,50.8100,19812
63,50.8200,50.8300,50.8000,50.8200,19900
64,50.8300,50.8300,50.8000,50.8200,164179
65,50.8200,50.8200,50.7750,50.7750,19603
66,50.7700,50.7800,50.7400,50.7600,23956
67,50.7600,50.7600,50.7500,50.7500,6619
68,50.7500,50.7500,50.7350,50.7400,18267
69,50.7450,50.7500,50.7300,50.7400,12088
70,50.7300,50.7400,50.7000,50.7050,13700
71,50.7000,50.7400,50.7000,50.7400,24911
72,50.7300,50.7500,50.7300,50.7400,14010
73,50.7450,50.8100,50.7300,50.8100,51186
74,50.8100,50.8200,50.8000,50.8000,44233
75,50.8000,50.8100,50.7775,50.7775,16286
76,50.7700,50.7800,50.7500,50.7750,14940
77,50.7750,50.7800,50.7300,50.7300,57381
78,50.7300,50.7500,50.7100,50.7500,17110
79,50.7400,50.7600,50.7400,50.7400,12216
80,50.7400,50.7600,50.7400,50.7600,11815
81,50.7500,50.7600,50.7400,50.7500,8749
82,50.7433,50.7500,50.7200,50.7300,12066
83,50.7250,50.7300,50.7100,50.7100,12121
84,50.7100,50.7200,50.6650,50.6650,15027
85,50.6650,50.6900,50.6650,50.6700,14683
86,50.6700,50.6750,50.6400,50.6400,17536
87,50.6500,50.6500,50.6200,50.6500,19241
88,50.6400,50.6500,50.5900,50.5950,18200
89,50.5900,50.6100,50.5900,50.6100,18766
90,50.6000,50.6200,50.6000,50.6150,13970
91,50.6100,50.6400,50.6100,50.6400,8621
92,50.6300,50.6400,50.6050,50.6200,14764
93,50.6200,50.6200,50.5900,50.5900,7712
94,50.5900,50.6000,50.5800,50.6000,13729
95,50.6000,50.6300,50.6000,50.6200,20923
96,50.6150,50.6500,50.6135,50.6500,8045
97,50.6450,50.6500,50.6200,50.6200,11545
98,50.6200,50.6300,50.5900,50.5900,22576
99,50.5900,50.6100,50.5800,50.6000,21447
100,50.6000,50.6075,50.5900,50.5950,11616
101,50.5900,50.6100,50.5800,50.6100,22538
102,50.6100,50.6200,50.5900,50.5900,10751
103,50.5918,50.6000,50.5700,50.5700,9505
104,50.5700,50.5800,50.5700,50.5800,5251
105,50.5700,50.5775,50.5500,50.5550,9906
106,50.5600,50.5800,50.5600,50.5800,9344
107,50.5800,50.6000,50.5750,50.5950,7650
108,50.5900,50.6000,50.5900,50.5975,6448
109,50.5950,50.6000,50.5800,50.5800,7471
110,50.5800,50.6100,50.5800,50.6075,16621
111,50.6000,50.6050,50.5700,50.5900,13616
112,50.5900,50.6100,50.5900,50.5900,7191
113,50.5900,50.6000,50.5800,50.5975,13196
114,50.5950,50.5950,50.5500,50.5700,18049
115,50.5700,50.5800,50.5600,50.5600,38497
116,50.5696,50.5696,50.5100,50.5300,25171
117,50.5247,50.5300,50.5114,50.5200,16038
118,50.5200,50.5250,50.4900,50.5000,21567
119,50.5000,50.5000,50.4900,50.4935,16475
120,50.4900,50.5000,50.4650,50.4650,20170
121,50.4600,50.5000,50.4600,50.4975,10723
122,50.5000,50.5000,50.4700,50.4750,6845
123,50.4800,50.4800,50.4500,50.4550,14015
124,50.4500,50.4900,50.4500,50.4900,13423
125,50.4900,50.5000,50.4900,50.5000,9521
126,50.4950,50.5100,50.4900,50.4917,15964
127,50.4900,50.5200,50.4900,50.5200,19111
128,50.5135,50.5300,50.5000,50.5200,20297
129,50.5200,50.5300,50.5200,50.5300,9172
130,50.5300,50.5550,50.5300,50.5500,25864
131,50.5550,50.5600,50.5400,50.5400,15890
132,50.5450,50.5450,50.5250,50.5350,18418
133,50.5300,50.5375,50.5100,50.5200,14737
134,50.5100,50.5100,50.4900,50.5100,11819
135,50.5000,50.5200,50.4900,50.5200,11203
136,50.5200,50.5200,50.5000,50.5050,20236
137,50.5100,50.5100,50.4900,50.4900,20684
138,50.4900,50.5000,50.4900,50.5000,14979
139,50.4900,50.5200,50.4900,50.5100,17223
140,50.5200,50.5200,50.5100,50.5150,7909
141,50.5100,50.5300,50.5100,50.5200,5990
142,50.5200,50.5300,50.5000,50.5050,71100
143,50.5000,50.5100,50.4900,50.5000,17775
144,50.5050,50.5300,50.5000,50.5215,16464
145,50.5300,50.5600,50.5250,50.5584,11497
146,50.5600,50.5800,50.5500,50.5500,14950
147,50.5500,50.5500,50.5400,50.5500,13178
148,50.5400,50.5500,50.5400,50.5400,14305
149,50.5400,50.5800,50.5400,50.5800,21107
150,50.5839,50.5900,50.5600,50.5600,10509
151,50.5600,50.5600,50.5400,50.5500,11702
152,50.5500,50.5600,50.5400,50.5400,7238
153,50.5500,50.5600,50.5400,50.5500,10275
154,50.5550,50.5600,50.5400,50.5400,6925
155,50.5400,50.5600,50.5200,50.5200,12945
156,50.5200,50.5400,50.5200,50.5300,6894
157,50.5300,50.5300,50.4900,50.5000,17430
158,50.4900,50.5100,50.4900,50.5100,7000
159,50.5100,50.5300,50.5050,50.5200,10681
160,50.5200,50.5200,50.5000,50.5200,11307
161,50.5100,50.5100,50.4900,50.5050,11558
162,50.5000,50.5051,50.4900,50.5000,13534
163,50.4900,50.4900,50.4700,50.4800,17530
164,50.4800,50.5200,50.4800,50.5200,10250
165,50.5201,50.5400,50.5100,50.5351,9210
166,50.5351,50.5500,50.5300,50.5400,12287
167,50.5300,50.5500,50.5300,50.5400,11665
168,50.5400,50.5500,50.5245,50.5400,13161
169,50.5400,50.5500,50.5300,50.5300,19737
170,50.5400,50.5500,50.5344,50.5400,8843
171,50.5400,50.5400,50.5200,50.5200,27286
172,50.5200,50.5200,50.5000,50.5150,25950
173,50.5200,50.5200,50.5100,50.5200,8494
174,50.5200,50.5200,50.5000,50.5100,20414
175,50.5100,50.5200,50.5000,50.5000,20210
176,50.5000,50.5133,50.4950,50.5100,13159
177,50.5100,50.5200,50.5100,50.5100,7590
178,50.5100,50.5153,50.4900,50.5000,10200
179,50.5000,50.5100,50.5000,50.5100,8800
180,50.5100,50.5200,50.5000,50.5100,12243
181,50.5100,50.5100,50.5000,50.5000,3212
182,50.5000,50.5200,50.4900,50.5200,21295
183,50.5200,50.5200,50.5100,50.5200,5043
184,50.5100,50.5200,50.5000,50.5000,8617
185,50.5000,50.5100,50.5000,50.5000,4063
186,50.5000,50.5050,50.4700,50.4700,12441
187,50.4700,50.5100,50.4600,50.5100,20539
188,50.5000,50.5100,50.4900,50.4900,10900
189,50.5000,50.5100,50.4900,50.5000,12402
190,50.5100,50.5100,50.5000,50.5000,9251
191,50.5000,50.5050,50.4800,50.4900,11697
192,50.4900,50.5000,50.4700,50.4900,13868
193,50.4900,50.4950,50.4800,50.4800,4897
194,50.4800,50.4900,50.4700,50.4700,11377
195,50.4700,50.4750,50.4500,50.4600,14970
196,50.4700,50.4700,50.4600,50.4700,8780
197,50.4650,50.4700,50.4500,50.4600,13943
198,50.4600,50.4700,50.4500,50.4650,21139
199,50.4650,50.4650,50.4500,50.4600,9700
200,50.4550,50.4700,50.4500,50.4600,16966
201,50.4600,50.4600,50.4400,50.4400,12104
202,50.4400,50.4400,50.4300,50.4300,8702
203,50.4300,50.4450,50.4300,50.4300,9355
204,50.4350,50.4400,50.4300,50.4350,6210
205,50.4300,50.4400,50.4200,50.4200,16424
206,50.4200,50.4300,50.4000,50.4100,34599
207,50.4100,50.4200,50.4100,50.4100,4272
208,50.4100,50.4200,50.4100,50.4100,8111
209,50.4100,50.4200,50.4000,50.4100,15627
210,50.4200,50.4500,50.4150,50.4500,13798
211,50.4450,50.4700,50.4400,50.4700,5700
212,50.4644,50.4700,50.4350,50.4350,15382
213,50.4350,50.4450,50.4300,50.4300,11410
214,50.4300,50.4300,50.4200,50.4200,2900
215,50.4200,50.4250,50.4200,50.4200,3000
216,50.4200,50.4400,50.4200,50.4400,14405
217,50.4350,50.4400,50.4100,50.4100,16964
218,50.4100,50.4700,50.4100,50.4700,20721
219,50.4700,50.5000,50.4700,50.4800,16782
220,50.4800,50.5050,50.4700,50.4700,13192
221,50.4700,50.4800,50.4500,50.4600,8522
222,50.4600,50.4850,50.4600,50.4750,14822
223,50.4750,50.4751,50.4500,50.4550,102412
224,50.4550,50.4600,50.4400,50.4600,14700
225,50.4600,50.4900,50.4600,50.4900,8850
226,50.4900,50.5100,50.4800,50.5000,9178
227,50.5100,50.5100,50.4900,50.4900,20984
228,50.4900,50.5100,50.4900,50.5000,7849
229,50.5000,50.5100,50.5000,50.5100,9373
230,50.5000,50.5100,50.5000,50.5000,8000
231,50.5000,50.5100,50.4900,50.4900,14529
232,50.4900,50.4900,50.4800,50.4800,4803
233,50.4800,50.4800,50.4700,50.4700,7910
234,50.4700,50.4900,50.4700,50.4900,19974
235,50.4900,50.5100,50.4900,50.5100,10772
236,50.5100,50.5203,50.4900,50.5100,32534
237,50.5100,50.5400,50.5100,50.5300,6800
238,50.5300,50.5400,50.5200,50.5250,6998
239,50.5200,50.5300,50.5100,50.5200,9358
240,50.5200,50.5400,50.5200,50.5400,17725
241,50.5500,50.5500,50.5300,50.5400,12000
242,50.5400,50.5500,50.5200,50.5200,13308
243,50.5200,50.5400,50.5200,50.5300,30438
244,50.5400,50.5400,50.5300,50.5300,6900
245,50.5400,50.5600,50.5300,50.5400,60670
246,50.5400,50.5500,50.5400,50.5400,21912
247,50.5450,50.5600,50.5300,50.5300,26957
248,50.5300,50.5300,50.5100,50.5300,27573
249,50.5200,50.5300,50.5200,50.5200,6750
250,50.5200,50.5200,50.5100,50.5100,23737
251,50.5100,50.5200,50.4900,50.5100,77645
252,50.5150,50.5400,50.5100,50.5300,15836
253,50.5400,50.5400,50.5100,50.5300,12297
254,50.5300,50.5300,50.5100,50.5100,5700
255,50.5100,50.5500,50.5100,50.5500,15924
256,50.5500,50.5600,50.5400,50.5600,27566
257,50.5600,50.5600,50.5500,50.5600,11203
258,50.5550,50.5600,50.5500,50.5500,12647
259,50.5600,50.5600,50.5500,50.5550,21584
260,50.5600,50.5600,50.5500,50.5500,13256
261,50.5500,50.5700,50.5300,50.5600,63465
262,50.5700,50.5800,50.5500,50.5500,48680
263,50.5500,50.5600,50.5300,50.5300,30434
264,50.5300,50.5400,50.5200,50.5200,15074
265,50.5200,50.5200,50.5000,50.5100,27507
266,50.5050,50.5200,50.4900,50.5135,25200
267,50.5200,50.5200,50.5100,50.5100,3982
268,50.5100,50.5200,50.4900,50.5000,26491
269,50.4950,50.5000,50.4800,50.4800,5120
270,50.4800,50.4900,50.4700,50.4850,27750
271,50.4800,50.5300,50.4800,50.5300,66446
272,50.5250,50.5300,50.5000,50.5000,14171
273,50.5100,50.5400,50.5000,50.5200,14600
274,50.5200,50.5250,50.5000,50.5000,14315
275,50.5000,50.5050,50.4800,50.4800,15700
276,50.4800,50.4800,50.4600,50.4600,8061
277,50.4600,50.4700,50.4500,50.4500,13400
278,50.4500,50.4600,50.4500,50.4500,5500
279,50.4534,50.4650,50.4350,50.4650,22226
280,50.4600,50.4700,50.4500,50.4700,13500
281,50.4600,50.4700,50.4500,50.4500,8700
282,50.4500,50.4600,50.4500,50.4500,5740
283,50.4500,50.4500,50.4400,50.4400,21354
284,50.4400,50.4500,50.4300,50.4400,17000
285,50.4400,50.4500,50.4200,50.4200,17993
286,50.4200,50.4700,50.4100,50.4600,37006
287,50.4550,50.4600,50.4400,50.4500,12416
288,50.4500,50.4600,50.4300,50.4300,15000
289,50.4400,50.4500,50.4300,50.4500,13171
290,50.4400,50.4600,50.4400,50.4500,18133
291,50.4500,50.4550,50.4300,50.4300,18590
292,50.4300,50.4400,50.4300,50.4350,21196
293,50.4400,50.4400,50.4100,50.4400,52987
294,50.4300,50.4500,50.4100,50.4200,54507
295,50.4315,50.4600,50.4315,50.4500,65930
296,50.4500,50.4600,50.4400,50.4400,9300
297,50.4400,50.4550,50.4300,50.4550,18449
298,50.4600,50.4850,50.4600,50.4850,11066
299,50.4817,50.4900,50.4800,50.4800,9479
300,50.4837,50.5100,50.4800,50.5100,31626
301,50.5100,50.5400,50.5100,50.5400,17233
302,50.5400,50.5700,50.5400,50.5600,61896
303,50.5550,50.5600,50.5400,50.5400,11819
304,50.5400,50.5700,50.5400,50.5600,46956
305,50.5600,50.5800,50.5600,50.5600,16451
306,50.5700,50.5700,50.5400,50.5400,19980
307,50.5400,50.5500,50.5400,50.5500,10500
308,50.5500,50.5500,50.5400,50.5400,9004
309,50.5500,50.5850,50.5400,50.5850,48381
310,50.5900,50.5900,50.5600,50.5600,22019
311,50.5600,50.5700,50.5500,50.5600,12788
312,50.5600,50.5650,50.5600,50.5600,6650
313,50.5600,50.5800,50.5600,50.5750,40295
314,50.5750,50.5800,50.5600,50.5600,11896
315,50.5600,50.5700,50.5600,50.5600,17162
316,50.5600,50.5900,50.5600,50.5800,19826
317,50.5800,50.6100,50.5700,50.6100,46132
318,50.6100,50.6100,50.5900,50.6000,33112
319,50.5900,50.6100,50.5700,50.6100,31054
320,50.6050,50.6050,50.5850,50.5850,41075
321,50.5900,50.6000,50.5850,50.6000,23629
322,50.6000,50.6000,50.5700,50.5800,22499
323,50.5700,50.5800,50.5700,50.5700,6336
324,50.5700,50.6100,50.5700,50.6100,28170
325,50.6100,50.6200,50.6010,50.6200,14400
326,50.6100,50.6200,50.5900,50.5950,22667
327,50.5900,50.5900,50.5600,50.5800,22573
328,50.5700,50.5750,50.5500,50.5500,19947
329,50.5500,50.5550,50.5300,50.5500,57693
330,50.5500,50.5600,50.5350,50.5400,16700
331,50.5400,50.5400,50.5100,50.5200,45433
332,50.5200,50.5300,50.5100,50.5300,26045
333,50.5300,50.5400,50.5200,50.5400,22765
334,50.5400,50.5500,50.5300,50.5500,36362
335,50.5600,50.5700,50.5600,50.5650,51876
336,50.5650,50.5700,50.5500,50.5600,16500
337,50.5600,50.5800,50.5500,50.5800,21470
338,50.5800,50.6000,50.5743,50.6000,7666
339,50.5950,50.6000,50.5700,50.5800,24200
340,50.5850,50.5850,50.5500,50.5500,21234
341,50.5500,50.5500,50.5400,50.5500,26864
342,50.5500,50.5600,50.5400,50.5550,15788
343,50.5600,50.5700,50.5500,50.5630,17134
344,50.5650,50.5700,50.5500,50.5500,33892
345,50.5600,50.5600,50.5450,50.5500,44966
346,50.5500,50.5600,50.5450,50.5500,18906
347,50.5550,50.5550,50.5400,50.5400,12992
348,50.5400,50.5600,50.5400,50.5600,20112
349,50.5600,50.5600,50.5400,50.5400,47819
350,50.5400,50.5500,50.5100,50.5100,20007
351,50.5100,50.5400,50.5100,50.5350,24721
352,50.5400,50.5400,50.5150,50.5150,19223
353,50.5101,50.5200,50.5100,50.5100,13668
354,50.5100,50.5200,50.5000,50.5200,22343
355,50.5150,50.5300,50.5150,50.5200,18578
356,50.5150,50.5300,50.5100,50.5250,15445
357,50.5200,50.5300,50.5100,50.5200,15750
358,50.5200,50.5600,50.5100,50.5600,39290
359,50.5600,50.5700,50.5550,50.5650,25988
360,50.5600,50.6100,50.5600,50.6000,69839
361,50.6000,50.6000,50.5700,50.5700,16527
362,50.5700,50.5800,50.5600,50.5700,26491
363,50.5700,50.6100,50.5700,50.6100,51866
364,50.6100,50.6200,50.6050,50.6150,32186
365,50.6200,50.6400,50.6100,50.6300,31164
366,50.6350,50.6400,50.6200,50.6400,36343
367,50.6400,50.6400,50.6300,50.6300,16108
368,50.6350,50.6400,50.6100,50.6100,46446
369,50.6200,50.6200,50.6000,50.6010,59488
370,50.6000,50.6100,50.5900,50.5900,16398
371,50.5900,50.6000,50.5900,50.5900,26265
372,50.5900,50.6100,50.5900,50.6000,62891
373,50.6000,50.6000,50.5900,50.5950,7274
374,50.5900,50.6000,50.5900,50.5900,23350
375,50.5900,50.6000,50.5900,50.5900,19798
376,50.6000,50.6000,50.5900,50.5900,34585
377,50.6000,50.6450,50.5900,50.6450,132675
378,50.6400,50.6450,50.6194,50.6250,126507
379,50.6200,50.6200,50.5900,50.6000,54054
380,50.6050,50.6100,50.6000,50.6050,16125
381,50.6000,50.6100,50.6000,50.6000,33313
382,50.6000,50.6300,50.6000,50.6200,105993
383,50.6150,50.6300,50.6050,50.6100,86841
384,50.6100,50.6100,50.6000,50.6000,13199
385,50.6100,50.6100,50.5900,50.5900,101391
386,50.6000,50.6000,50.5900,50.5900,59283
387,50.5900,50.6000,50.5900,50.5950,57173
388,50.5950,50.6100,50.5900,50.6100,80351
389,50.6050,50.6100,50.6000,50.6000,105850
390,50.6000,50.6100,50.5800,50.6000,2212042