AET,Aetna Inc,Health Care,5,Managed Health Care,49181322632,2588684
a149935860085,147.9900,148.0000,147.9800,147.9950,6453
386,148.0000,148.0500,148.0000,148.0500,11422
387,148.0450,148.0700,148.0200,148.0700,9684
388,148.0600,148.0650,148.0100,148.0200,11566
389,148.0200,148.0200,147.9400,148.0100,20824
390,148.0100,148.1200,147.9600,147.9900,22186
2,147.6800,147.7700,147.6800,147.6900,13790
3,147.6600,147.6800,147.4118,147.5100,3034
4,147.5200,147.5400,147.2600,147.2600,2528
5,147.4700,147.8300,147.4700,147.7800,2900
6,147.7200,147.7500,147.4400,147.4950,3100
7,147.6000,147.7950,147.5700,147.6900,5645
8,147.5900,147.6700,147.5500,147.6000,1400
9,147.6000,147.6000,147.4800,147.5500,1900
10,147.6100,147.8800,147.6100,147.7300,2170
11,147.7300,147.7900,147.6900,147.7100,1300
12,147.7400,147.7400,147.7100,147.7100,200
13,147.8400,147.9800,147.8300,147.9800,2700
14,147.9900,148.1200,147.9700,148.0600,6074
15,148.0600,148.0600,147.9800,147.9800,500
16,147.9900,148.0300,147.8500,147.8500,5400
17,147.8500,147.8500,147.8100,147.8200,2640
18,147.8600,147.8700,147.8200,147.8200,2202
19,147.8200,147.8200,147.7300,147.7300,1000
20,147.7600,147.7600,147.7100,147.7400,1304
21,147.7400,147.9400,147.6900,147.9350,3280
22,147.9800,148.0000,147.9300,148.0000,5505
23,147.9900,148.1300,147.9900,148.0900,3404
24,148.0900,148.0900,148.0200,148.0200,1705
25,148.0200,148.0400,148.0200,148.0400,1046
26,148.0400,148.1000,147.9850,147.9850,1982
28,148.0200,148.0550,147.9700,148.0000,3113
29,148.0100,148.1200,148.0100,148.1200,2779
30,148.1500,148.1500,148.0700,148.0700,2000
31,148.0700,148.0700,147.9600,147.9600,2627
32,147.9300,147.9800,147.9300,147.9690,1400
33,147.9500,148.0100,147.9500,148.0000,2100
34,148.0000,148.0100,147.9500,148.0000,3217
35,148.0000,148.0000,147.9250,147.9250,1000
36,147.9800,148.0300,147.9610,147.9610,2383
37,147.9800,147.9800,147.9800,147.9800,100
38,147.9900,148.0700,147.9700,147.9800,2200
39,147.9700,148.0600,147.9700,147.9900,2400
40,148.0050,148.0050,147.9600,147.9900,1400
41,148.0100,148.0900,148.0100,148.0700,3739
42,148.0700,148.0700,148.0250,148.0300,2000
43,148.0200,148.0700,148.0200,148.0700,1200
44,148.0800,148.0900,148.0300,148.0500,2708
45,148.0500,148.0500,147.9700,148.0200,800
46,148.0200,148.0700,148.0100,148.0700,1200
47,148.0300,148.0400,147.9400,147.9400,1910
48,147.9800,148.0300,147.9800,148.0100,2500
49,148.0100,148.0300,147.9100,147.9700,3500
51,147.9700,147.9900,147.9300,147.9900,4993
52,147.9900,148.0000,147.9900,148.0000,1200
53,148.0000,148.0000,147.9600,147.9600,400
54,147.9700,148.0400,147.9600,148.0200,3200
55,148.0200,148.0200,148.0199,148.0199,820
56,148.0100,148.0100,147.9700,147.9701,1136
57,147.9700,148.0300,147.9700,148.0300,2000
58,148.0400,148.0600,147.9600,147.9800,5310
59,148.0000,148.0600,148.0000,148.0500,1524
60,148.0500,148.0500,147.9500,148.0090,3100
61,148.0200,148.0500,148.0200,148.0500,800
62,148.0000,148.0000,147.9700,147.9700,804
63,148.0120,148.0120,147.9500,147.9500,1900
64,147.9800,148.0100,147.9800,148.0100,3610
65,148.0100,148.0100,148.0100,148.0100,1200
66,148.0200,148.0200,148.0000,148.0000,1400
67,148.0300,148.0400,148.0100,148.0100,4198
68,148.0000,148.0200,148.0000,148.0200,1000
69,148.0250,148.0250,147.9900,147.9900,1700
70,147.9900,148.0000,147.9600,147.9600,1000
71,147.9700,148.0000,147.9400,147.9400,2300
72,147.9400,147.9700,147.9300,147.9300,1900
73,147.9400,147.9800,147.9400,147.9500,3371
74,147.9700,148.0000,147.9500,148.0000,4388
75,148.0100,148.0700,148.0100,148.0400,3226
76,148.0400,148.0400,148.0100,148.0300,1300
77,148.0100,148.0500,148.0100,148.0500,1400
79,148.0300,148.0300,148.0000,148.0100,1950
80,148.0100,148.0200,148.0100,148.0199,2749
81,148.0400,148.0400,148.0200,148.0300,1298
82,148.0300,148.0900,148.0300,148.0700,2433
83,148.0800,148.1100,148.0700,148.1100,2300
84,148.1200,148.1500,148.1199,148.1300,6004
85,148.1200,148.1700,148.1200,148.1700,2498
86,148.1700,148.1710,148.0900,148.0900,2700
88,148.1000,148.1500,148.1000,148.1500,2302
89,148.1600,148.1700,148.1350,148.1350,3510
90,148.1450,148.1700,148.1300,148.1600,1900
91,148.1700,148.2100,148.1600,148.2000,5093
92,148.1800,148.2000,148.1600,148.1900,1006
93,148.1500,148.2000,148.1500,148.2000,689
94,148.2400,148.2400,148.2200,148.2400,2500
95,148.2400,148.2400,148.2000,148.2000,4348
96,148.2150,148.2500,148.2150,148.2314,2135
97,148.2300,148.2400,148.2300,148.2400,1400
98,148.2400,148.2400,148.2000,148.2100,2000
99,148.2200,148.2400,148.2000,148.2400,3000
100,148.2300,148.2800,148.2300,148.2750,3405
101,148.2900,148.3050,148.2850,148.2850,1501
102,148.3100,148.3400,148.3100,148.3400,1905
103,148.3900,148.3900,148.3600,148.3800,2747
104,148.3900,148.4300,148.3900,148.4100,2721
105,148.4100,148.4500,148.4100,148.4300,4540
106,148.4500,148.4600,148.4300,148.4400,2475
107,148.4300,148.4600,148.4300,148.4500,1801
108,148.4600,148.4700,148.4300,148.4300,5661
109,148.4100,148.4550,148.4100,148.4500,2606
110,148.4600,148.4800,148.4600,148.4755,2972
111,148.4800,148.5299,148.4800,148.5100,5947
112,148.5200,148.5600,148.5150,148.5450,1900
113,148.5600,148.5935,148.5600,148.5900,1100
114,148.5950,148.5950,148.5600,148.5900,2300
115,148.5900,148.6100,148.5900,148.5900,2394
116,148.5900,148.6300,148.5900,148.6300,2110
117,148.6400,148.6500,148.6000,148.6200,2200
118,148.6200,148.6200,148.5900,148.5900,2100
119,148.6000,148.6000,148.5500,148.5600,2794
120,148.5600,148.5900,148.5600,148.5650,3300
121,148.5700,148.5900,148.5500,148.5500,3779
122,148.5700,148.5900,148.5700,148.5800,1200
123,148.5800,148.6800,148.5800,148.6800,5958
124,148.6800,148.7100,148.6400,148.6450,4830
125,148.6600,148.8800,148.6600,148.8800,9505
126,148.8800,148.9700,148.7600,148.8000,13950
127,148.7800,148.8300,148.7500,148.7550,3977
128,148.7193,148.7193,148.7100,148.7100,290
129,148.6600,148.6600,148.5900,148.6200,1400
130,148.6000,148.6500,148.5800,148.6300,2303
131,148.6350,148.6350,148.6350,148.6350,100
132,148.6300,148.7200,148.6300,148.6900,9464
133,148.7200,148.7400,148.7000,148.7200,2404
134,148.7400,148.7800,148.7350,148.7500,2563
135,148.7400,148.7650,148.7200,148.7200,1500
136,148.7400,148.7600,148.7400,148.7450,2801
137,148.7500,148.7600,148.7500,148.7500,600
138,148.7500,148.8400,148.7400,148.8150,8677
139,148.8500,148.9700,148.8350,148.8700,11289
140,148.8672,148.8700,148.8400,148.8600,2007
141,148.8600,148.8799,148.8500,148.8650,1100
142,148.8700,148.8800,148.8600,148.8600,1852
143,148.8900,148.9300,148.8900,148.9300,1000
144,148.9300,148.9400,148.8950,148.9200,2700
145,148.9200,148.9600,148.9200,148.9600,3497
146,148.9300,148.9400,148.9000,148.9000,800
147,148.9100,148.9250,148.9100,148.9100,7650
148,148.9200,148.9500,148.9100,148.9150,5351
149,148.9100,148.9300,148.8900,148.9200,18807
150,148.9200,148.9200,148.8600,148.8980,4515
151,148.8900,148.8900,148.8350,148.8900,7759
152,148.8900,148.9900,148.8750,148.9200,18497
153,148.9200,149.0900,148.8700,149.0799,18530
154,149.0700,149.2500,149.0650,149.1600,45015
155,149.1999,149.2350,149.0400,149.0550,18279
156,149.0400,149.1600,148.9503,149.0600,16157
157,149.0600,149.0600,148.9400,148.9450,1900
158,148.9200,148.9700,148.8700,148.9150,3300
159,148.8700,148.8800,148.8000,148.8001,3500
160,148.8101,148.8400,148.7301,148.7600,1400
161,148.7243,148.7800,148.7243,148.7800,2539
162,148.7900,148.8000,148.6800,148.6800,2602
163,148.6800,148.8200,148.6600,148.7900,12045
164,148.8200,148.8700,148.7400,148.8700,18717
165,148.8650,148.8900,148.7700,148.7800,5697
166,148.7900,148.8300,148.7900,148.8300,1400
167,148.8300,148.8300,148.7900,148.8200,1000
168,148.8200,148.8200,148.8200,148.8200,800
169,148.8500,148.8550,148.8200,148.8300,9102
170,148.8300,148.8400,148.8000,148.8400,14000
171,148.8300,148.8500,148.8200,148.8400,5023
172,148.8300,148.8300,148.8100,148.8100,9325
173,148.8150,148.8300,148.8100,148.8200,6495
174,148.8200,148.8200,148.8050,148.8200,1002
175,148.8200,148.8300,148.8100,148.8100,2368
176,148.8100,148.8300,148.8000,148.8000,4673
177,148.8200,148.8200,148.8000,148.8200,1800
178,148.8300,148.8300,148.8000,148.8000,1402
179,148.8000,148.8100,148.7400,148.7510,4124
180,148.7350,148.8000,148.7100,148.7950,8998
181,148.8100,148.8100,148.7400,148.7800,1200
182,148.7900,148.8300,148.7900,148.8000,7994
183,148.8101,148.8300,148.8000,148.8000,2000
184,148.8000,148.8200,148.8000,148.8100,1343
185,148.8250,148.8250,148.7700,148.7700,4300
186,148.7700,148.8000,148.7700,148.8000,2803
187,148.8000,148.8000,148.7600,148.7700,1000
188,148.7600,148.8100,148.7600,148.8100,3892
189,148.8100,148.8100,148.7700,148.7700,1051
190,148.7900,148.8000,148.7850,148.7850,2406
191,148.7800,148.7900,148.7700,148.7900,2842
192,148.7901,148.7915,148.7750,148.7750,1517
193,148.7700,148.7800,148.7600,148.7800,3531
194,148.7800,148.7800,148.7500,148.7703,1116
195,148.7700,148.7700,148.7600,148.7600,700
196,148.7600,148.7800,148.7600,148.7600,2283
197,148.7700,148.7750,148.7400,148.7400,7339
198,148.7400,148.7700,148.6300,148.6300,25540
199,148.6400,148.6400,148.5800,148.5800,4725
200,148.5800,148.5900,148.4900,148.4900,2440
201,148.4800,148.4800,148.4500,148.4800,2200
202,148.4600,148.4800,148.4400,148.4650,5108
203,148.4800,148.5500,148.4800,148.5400,5828
204,148.5300,148.5300,148.4500,148.4717,2900
205,148.4691,148.4750,148.4600,148.4600,500
206,148.4500,148.4700,148.4400,148.4600,3429
207,148.4700,148.4900,148.4600,148.4900,944
209,148.4900,148.5000,148.4800,148.5000,675
210,148.4901,148.5200,148.4900,148.5100,1035
211,148.4900,148.4900,148.4600,148.4800,1600
212,148.4839,148.5000,148.4800,148.4900,1968
213,148.4900,148.5400,148.4800,148.5200,3693
214,148.5000,148.5400,148.5000,148.5400,1400
215,148.5400,148.5900,148.5204,148.5900,2702
216,148.5900,148.5900,148.5400,148.5400,500
217,148.5700,148.5900,148.5500,148.5500,1300
218,148.5500,148.5600,148.5500,148.5500,2149
219,148.5600,148.5600,148.5500,148.5600,1640
220,148.5600,148.6000,148.5600,148.5900,1969
221,148.6000,148.6000,148.5500,148.5500,2000
222,148.5900,148.6300,148.5900,148.6300,1701
223,148.6200,148.6300,148.6200,148.6200,1500
224,148.6200,148.6200,148.5500,148.5500,2700
225,148.5500,148.5700,148.5500,148.5700,1402
226,148.5700,148.5700,148.5500,148.5700,1944
227,148.5600,148.5700,148.5000,148.5200,3409
228,148.5200,148.5200,148.4700,148.4800,51800
229,148.4600,148.4834,148.4600,148.4800,1600
230,148.4850,148.5700,148.4800,148.5700,5400
231,148.5700,148.5900,148.5500,148.5500,2202
232,148.5500,148.5700,148.5500,148.5700,700
233,148.5700,148.5800,148.5200,148.5200,800
234,148.5100,148.5100,148.5100,148.5100,200
235,148.5100,148.5100,148.4600,148.4600,700
236,148.4600,148.5000,148.4500,148.5000,1700
237,148.4900,148.5000,148.4700,148.4700,1700
238,148.5100,148.5100,148.4975,148.4975,400
239,148.5200,148.5200,148.4900,148.5100,1817
240,148.5000,148.5000,148.4400,148.4400,800
241,148.4400,148.4500,148.4000,148.4000,2065
242,148.4000,148.4700,148.4000,148.4600,2544
243,148.4600,148.4600,148.4365,148.4400,854
244,148.4400,148.4500,148.4300,148.4300,1000
245,148.4300,148.4700,148.4300,148.4600,2211
246,148.4600,148.5000,148.4200,148.5000,1595
247,148.4900,148.5000,148.4700,148.4700,900
248,148.4700,148.4700,148.4400,148.4400,500
249,148.4250,148.4600,148.4100,148.4350,2300
250,148.4446,148.4446,148.4400,148.4400,432
251,148.4400,148.4400,148.3900,148.3900,900
252,148.3900,148.4100,148.2900,148.3390,12887
253,148.3000,148.3500,148.2800,148.2800,5502
254,148.2800,148.2800,148.2300,148.2300,1100
255,148.2400,148.2400,148.2300,148.2300,741
256,148.2500,148.2900,148.2300,148.2900,5350
257,148.2900,148.2900,148.2400,148.2400,1450
258,148.2700,148.2900,148.2700,148.2700,1600
259,148.2700,148.2700,148.2500,148.2500,1000
260,148.2500,148.2500,148.2200,148.2200,1437
261,148.2200,148.2600,148.2000,148.2000,4616
262,148.2250,148.2250,148.2200,148.2200,900
263,148.2050,148.2500,148.2050,148.2500,2300
264,148.2500,148.2500,148.2300,148.2360,1400
265,148.2300,148.2300,148.2200,148.2200,300
266,148.2300,148.2400,148.2000,148.2000,3505
267,148.2185,148.2185,148.2000,148.2000,1394
268,148.1700,148.1700,148.1700,148.1700,200
269,148.1700,148.1700,148.1300,148.1300,600
270,148.1400,148.1400,148.1200,148.1200,2618
271,148.1400,148.1700,148.1400,148.1700,3042
272,148.1700,148.1800,148.1500,148.1750,3240
273,148.1733,148.2000,148.1500,148.1500,3352
274,148.1400,148.1900,148.1400,148.1900,1500
275,148.1800,148.1950,148.1800,148.1950,1200
276,148.1900,148.1900,148.1900,148.1900,700
277,148.1900,148.1900,148.1700,148.1800,736
278,148.1800,148.2300,148.1800,148.2300,3041
279,148.2600,148.2600,148.2300,148.2500,800
280,148.2500,148.2500,148.1900,148.2050,3403
281,148.2000,148.2300,148.2000,148.2100,3500
282,148.2100,148.2100,148.2050,148.2100,1224
283,148.2150,148.2300,148.2150,148.2200,3001
284,148.2200,148.2200,148.2100,148.2150,600
285,148.2100,148.2250,148.2100,148.2200,1977
286,148.2300,148.2300,148.2000,148.2050,3000
287,148.2001,148.2600,148.2000,148.2600,2700
288,148.2675,148.2675,148.2600,148.2600,835
289,148.2700,148.2800,148.2600,148.2650,3100
290,148.2700,148.3400,148.2500,148.3300,6798
291,148.3200,148.3201,148.3000,148.3000,2529
292,148.3000,148.3200,148.2900,148.3100,2600
293,148.3300,148.3600,148.3300,148.3300,1357
294,148.3500,148.3500,148.2600,148.2600,3900
295,148.3300,148.3300,148.2800,148.3000,900
296,148.3000,148.3100,148.2700,148.2700,1245
297,148.2800,148.2800,148.2750,148.2800,900
298,148.2800,148.2900,148.2500,148.2500,1406
299,148.2800,148.2800,148.2600,148.2600,700
300,148.2600,148.2600,148.2600,148.2600,500
301,148.2600,148.2600,148.2400,148.2400,1300
302,148.2200,148.2700,148.2200,148.2700,1200
303,148.2700,148.2700,148.2400,148.2400,2026
304,148.2400,148.2600,148.2200,148.2600,1861
305,148.2700,148.2700,148.2200,148.2400,1200
306,148.2500,148.3000,148.2400,148.3000,2864
307,148.2900,148.2900,148.2750,148.2800,700
308,148.2800,148.3001,148.2800,148.3000,1800
309,148.3000,148.3000,148.2800,148.2950,800
310,148.2900,148.3500,148.2900,148.3200,4230
311,148.3200,148.3600,148.3100,148.3600,1561
312,148.3600,148.3600,148.3300,148.3300,1100
313,148.3300,148.3300,148.3300,148.3300,700
314,148.3300,148.3300,148.3300,148.3300,637
315,148.3300,148.3700,148.3300,148.3700,2845
316,148.3775,148.3850,148.3700,148.3700,2112
317,148.3700,148.3800,148.3700,148.3800,500
318,148.3800,148.3800,148.3393,148.3500,1272
319,148.3500,148.3650,148.3500,148.3600,800
320,148.3700,148.3800,148.3700,148.3800,3221
321,148.3700,148.3700,148.3500,148.3600,1690
322,148.3600,148.3600,148.3400,148.3400,600
323,148.3600,148.3600,148.3300,148.3500,2275
324,148.3550,148.3550,148.3500,148.3500,300
325,148.3500,148.3600,148.3300,148.3300,1700
326,148.3500,148.3500,148.3200,148.3300,900
327,148.3300,148.3300,148.3100,148.3100,1200
328,148.3250,148.3500,148.3250,148.3500,29349
329,148.3550,148.3800,148.3550,148.3800,3159
330,148.3800,148.4150,148.3800,148.4100,2280
331,148.4200,148.4900,148.4100,148.4900,4556
332,148.5000,148.5700,148.5000,148.5700,2293
333,148.5700,148.5700,148.5000,148.5000,3200
334,148.5000,148.5000,148.4600,148.4600,1897
335,148.4700,148.4900,148.4500,148.4500,2622
336,148.4650,148.4800,148.4650,148.4700,1233
337,148.4700,148.4900,148.4600,148.4900,1699
338,148.4900,148.5000,148.4700,148.4800,3004
339,148.4700,148.4900,148.4600,148.4900,2221
340,148.4900,148.4900,148.4700,148.4700,1200
341,148.4700,148.4750,148.4500,148.4500,1400
342,148.4500,148.4550,148.3500,148.3600,3089
343,148.3600,148.3600,148.3400,148.3400,900
344,148.3400,148.3400,148.3000,148.3000,2310
345,148.3100,148.3200,148.2960,148.3200,2926
346,148.3200,148.3200,148.2700,148.2700,1100
347,148.2700,148.2950,148.2700,148.2950,2384
348,148.2900,148.2900,148.2700,148.2700,2200
349,148.2600,148.3000,148.2500,148.2600,5826
350,148.2600,148.2600,148.2100,148.2100,2300
351,148.2100,148.2600,148.2100,148.2600,3576
352,148.2650,148.2700,148.2500,148.2700,1054
353,148.2400,148.2600,148.2100,148.2100,2836
354,148.2000,148.2300,148.2000,148.2300,2073
355,148.2400,148.2400,148.2200,148.2200,1834
356,148.2300,148.2400,148.2100,148.2100,1500
357,148.2200,148.2500,148.2000,148.2400,4800
358,148.2500,148.2700,148.2400,148.2600,2607
359,148.2600,148.2600,148.2100,148.2200,4159
360,148.2300,148.2300,148.2000,148.2100,1922
361,148.2100,148.2164,148.1150,148.1600,6051
362,148.1600,148.1600,148.0800,148.0900,4500
363,148.0900,148.0900,148.0400,148.0650,3700
364,148.0600,148.0600,147.9900,148.0300,5800
365,148.0300,148.0300,147.9600,148.0000,5761
366,148.0000,148.0000,147.9800,147.9800,1700
367,147.9600,147.9600,147.9250,147.9300,8220
368,147.9400,147.9500,147.9200,147.9500,3000
369,147.9500,148.0600,147.9500,148.0550,4583
370,148.0500,148.0800,148.0300,148.0500,6143
371,148.0400,148.0400,148.0100,148.0100,2800
372,148.0000,148.0200,147.9800,147.9800,5056
373,147.9700,147.9800,147.9300,147.9750,12844
374,147.9700,147.9700,147.9000,147.9100,31500
375,147.9000,147.9300,147.8600,147.9200,10562
376,147.9300,148.0800,147.9300,148.0800,7945
377,148.0700,148.0700,147.9900,148.0000,6301
378,148.0100,148.0500,148.0100,148.0300,5309
379,148.0400,148.0400,147.9500,147.9500,6186
380,147.9700,148.0000,147.9500,147.9500,7050
381,147.9500,147.9850,147.9400,147.9500,12036
382,147.9400,147.9700,147.9175,147.9500,5873
383,147.9400,147.9600,147.8900,147.9034,8753
384,147.9000,147.9100,147.8900,147.9000,6934
385,147.8900,147.9000,147.8200,147.8200,7142
386,147.8300,147.8900,147.8275,147.8600,10031
387,147.8700,147.9000,147.8700,147.8800,10012
388,147.8825,147.9200,147.8800,147.9100,10977
389,147.9000,147.9800,147.9000,147.9500,12628
390,147.9500,147.9800,147.9400,147.9500,20429