ALK,Alaska Air Group Inc,Industrials,6,Airlines,11024234670,1496883
a149935860078,89.4200,89.4201,89.3400,89.3800,6355
379,89.3700,89.3800,89.3400,89.3400,5000
380,89.3400,89.3500,89.3100,89.3400,8334
381,89.3400,89.3600,89.2900,89.2900,4200
382,89.2900,89.3200,89.2700,89.3200,9399
383,89.3100,89.3900,89.3000,89.3800,5450
384,89.3700,89.3800,89.3300,89.3300,7122
385,89.3300,89.3400,89.3100,89.3100,4301
386,89.3100,89.3200,89.2900,89.3200,13815
387,89.3200,89.3600,89.3150,89.3350,11586
388,89.3350,89.3350,89.2900,89.3000,10042
389,89.2950,89.2950,89.2700,89.2750,10910
390,89.2700,89.3400,89.2700,89.3050,25351
0,88.6900,88.7100,88.6800,88.6800,8364
1,88.6900,88.8400,88.5500,88.8400,1370
2,88.8400,88.8500,88.5900,88.6000,3775
3,88.6400,88.7087,88.6100,88.7087,1065
4,88.6400,88.9300,88.6400,88.8500,4239
5,88.8500,89.1400,88.8500,89.1400,3900
6,89.1000,89.1700,88.9900,89.0000,3600
7,89.0700,89.2000,89.0500,89.0500,4301
8,89.0700,89.2200,89.0700,89.1919,2043
9,89.1800,89.1900,89.0500,89.1200,1500
11,89.1800,89.1800,89.1800,89.1800,100
12,89.1800,89.2100,89.0600,89.2100,500
13,89.1550,89.3200,89.1550,89.3200,1070
14,89.3390,89.4300,89.3390,89.4300,1500
15,89.3800,89.4200,89.3800,89.4100,1000
16,89.3850,89.5000,89.3850,89.4100,300
17,89.5000,89.5000,89.3900,89.4100,1102
18,89.4100,89.4200,89.4100,89.4200,400
19,89.4200,89.4200,89.4200,89.4200,100
20,89.4900,89.5800,89.4700,89.5700,3233
21,89.4800,89.6100,89.4800,89.5900,2350
22,89.6100,89.6300,89.5735,89.5735,841
23,89.6300,89.6800,89.6300,89.6800,900
24,89.6800,89.6800,89.5900,89.5900,500
26,89.6012,89.6100,89.5200,89.5200,1400
27,89.5481,89.5481,89.5250,89.5250,200
28,89.5400,89.5600,89.5400,89.5600,1000
29,89.5900,89.6550,89.5900,89.6500,900
30,89.6700,89.6800,89.6200,89.6200,1500
31,89.6400,89.7400,89.6400,89.7399,1805
32,89.7300,89.7400,89.6100,89.6100,1911
33,89.5900,89.6000,89.5600,89.5700,1800
34,89.5600,89.6400,89.5600,89.6400,1850
35,89.6200,89.6200,89.6000,89.6000,700
36,89.6300,89.6700,89.6300,89.6700,1260
37,89.6800,89.6900,89.6100,89.6200,1200
38,89.5900,89.6200,89.5900,89.6200,300
39,89.6100,89.6200,89.5600,89.5700,1100
40,89.5300,89.5700,89.4900,89.5700,4002
41,89.5700,89.6500,89.5700,89.6200,1179
42,89.5700,89.5700,89.5000,89.5000,500
43,89.5800,89.6700,89.5800,89.6600,2400
44,89.6600,89.6600,89.6000,89.6600,2900
45,89.6300,89.6700,89.6100,89.6700,7300
46,89.6200,89.6300,89.5900,89.6300,2811
47,89.6300,89.6900,89.5900,89.5900,8900
48,89.6000,89.7700,89.5900,89.7700,10565
49,89.7700,89.9500,89.7700,89.9499,6235
50,89.9499,89.9499,89.9000,89.9300,1500
51,89.9300,90.0300,89.9300,89.9650,6383
52,89.9500,90.1799,89.9500,90.1799,11943
53,90.1200,90.1450,90.0600,90.1200,4214
54,90.1250,90.2200,90.1000,90.2200,2700
55,90.1800,90.1893,90.1200,90.1400,4356
56,90.1600,90.1637,90.1300,90.1637,800
57,90.1900,90.2200,90.1900,90.2182,3500
58,90.2000,90.2700,90.1800,90.2700,5375
59,90.2584,90.3500,90.2500,90.3200,3116
60,90.2900,90.2950,90.2500,90.2700,1507
61,90.2500,90.3200,90.2500,90.3000,5400
62,90.3150,90.3350,90.2500,90.2750,3700
63,90.2700,90.2900,90.2000,90.2100,2000
64,90.2000,90.2000,90.1500,90.1500,800
65,90.1400,90.1400,90.0500,90.0500,1300
66,90.0800,90.0800,90.0800,90.0800,995
67,90.0500,90.0500,89.9700,89.9800,8341
68,89.9800,90.0000,89.9600,89.9900,7301
69,89.9700,89.9850,89.9200,89.9200,6500
70,89.9500,90.0300,89.9500,90.0200,9800
71,90.0150,90.0900,90.0150,90.0700,4300
72,90.0500,90.0600,90.0500,90.0600,900
73,90.0800,90.1200,90.0150,90.0150,10842
74,89.9800,89.9800,89.9800,89.9800,2300
75,89.9850,89.9850,89.9600,89.9600,400
76,89.9300,89.9300,89.8200,89.8200,1748
77,89.8200,89.8200,89.7800,89.8086,1200
78,89.7800,89.8300,89.7800,89.8300,2000
79,89.8100,89.8300,89.7700,89.7700,1227
80,89.7700,89.8800,89.7700,89.8300,6907
81,89.8100,89.8100,89.7400,89.7400,4967
82,89.7200,89.7300,89.7000,89.7000,300
83,89.7000,89.7400,89.7000,89.7400,3700
84,89.7300,89.7300,89.6950,89.7030,1122
85,89.6700,89.6900,89.6650,89.6900,2768
86,89.6700,89.6700,89.6400,89.6400,2135
87,89.6300,89.6700,89.6200,89.6700,1847
88,89.7000,89.7050,89.6900,89.7050,8763
89,89.6900,89.7000,89.6800,89.6800,1599
90,89.6739,89.6739,89.6300,89.6400,7838
91,89.6200,89.6200,89.5400,89.5400,800
92,89.5300,89.5500,89.5100,89.5178,4150
93,89.5102,89.5102,89.4700,89.4800,1711
94,89.5000,89.5100,89.4800,89.4800,2426
95,89.4600,89.5000,89.4600,89.4600,2700
96,89.4400,89.4700,89.4300,89.4307,2120
97,89.4200,89.4400,89.3800,89.4400,6800
98,89.4500,89.4768,89.4500,89.4768,501
99,89.4600,89.5450,89.4600,89.5200,1673
100,89.5200,89.5200,89.5100,89.5100,1400
101,89.5300,89.5400,89.4800,89.4900,1969
102,89.4859,89.5100,89.4300,89.4300,4371
103,89.4000,89.4000,89.3650,89.3700,1300
104,89.3600,89.4100,89.3400,89.4100,2375
105,89.4150,89.4299,89.3700,89.4000,4189
106,89.3900,89.4200,89.3900,89.3900,1200
107,89.3900,89.3900,89.3800,89.3800,200
108,89.3800,89.3800,89.3700,89.3700,400
109,89.3500,89.3700,89.3500,89.3500,900
111,89.3800,89.4100,89.3800,89.4050,1000
112,89.4050,89.4050,89.3900,89.3900,300
113,89.4050,89.4300,89.3800,89.4050,5671
114,89.4000,89.4000,89.3900,89.4000,500
115,89.3900,89.4200,89.3300,89.4000,4600
116,89.4000,89.4000,89.4000,89.4000,400
117,89.4000,89.4000,89.3300,89.3300,1100
118,89.3600,89.4000,89.3300,89.4000,2400
119,89.4000,89.4000,89.3900,89.3900,700
120,89.3800,89.3800,89.3400,89.3400,600
121,89.3400,89.3400,89.3400,89.3400,100
122,89.3700,89.4000,89.3500,89.3800,1303
123,89.3800,89.4200,89.3800,89.3950,4450
124,89.3800,89.3900,89.3500,89.3500,2400
125,89.3300,89.3550,89.3300,89.3400,1349
126,89.3400,89.3600,89.3300,89.3400,1408
127,89.3603,89.3690,89.3400,89.3400,2650
128,89.3700,89.3750,89.3650,89.3750,400
129,89.3750,89.4000,89.3500,89.3500,1700
130,89.3550,89.3600,89.3300,89.3300,2600
131,89.3300,89.3800,89.3300,89.3800,1000
132,89.3750,89.4200,89.3600,89.3600,1936
133,89.3750,89.3750,89.3600,89.3750,1300
134,89.3780,89.3800,89.3700,89.3750,1723
135,89.3700,89.4000,89.3700,89.3700,2400
136,89.4000,89.4150,89.3800,89.3800,3509
137,89.3800,89.4100,89.3800,89.4000,2551
138,89.3900,89.3900,89.3700,89.3800,800
139,89.3700,89.3700,89.3400,89.3568,3313
140,89.3500,89.3500,89.3500,89.3500,300
141,89.3600,89.3600,89.3500,89.3500,566
142,89.3700,89.3700,89.3700,89.3700,400
143,89.3800,89.3850,89.3700,89.3700,1300
144,89.3800,89.3800,89.3800,89.3800,400
145,89.3600,89.3600,89.3600,89.3600,200
146,89.3500,89.3500,89.3200,89.3400,1327
147,89.3400,89.3500,89.2900,89.2900,1199
148,89.2800,89.3000,89.2800,89.2800,600
149,89.2600,89.3000,89.2600,89.2950,1200
150,89.3100,89.3590,89.3000,89.3000,1930
152,89.3300,89.3300,89.3100,89.3100,700
153,89.3400,89.3400,89.3100,89.3100,400
154,89.3300,89.3300,89.3050,89.3199,1600
155,89.3050,89.3200,89.3050,89.3200,900
156,89.3100,89.3100,89.2800,89.3100,3500
157,89.3200,89.3700,89.3200,89.3700,800
158,89.3600,89.3600,89.3600,89.3600,900
159,89.3600,89.3600,89.3400,89.3400,200
160,89.3400,89.3609,89.3400,89.3609,1100
161,89.3401,89.3639,89.3401,89.3639,400
162,89.3400,89.3600,89.3101,89.3550,1928
163,89.3800,89.3900,89.3601,89.3800,2450
165,89.4000,89.4000,89.3800,89.3800,900
166,89.4000,89.4100,89.3900,89.3900,2444
167,89.4080,89.4080,89.3900,89.4025,2300
168,89.4050,89.4100,89.3800,89.3800,1200
169,89.3600,89.3600,89.3600,89.3600,300
170,89.3800,89.4300,89.3800,89.4000,14264
171,89.4000,89.4000,89.3900,89.3900,1700
172,89.3821,89.4100,89.3821,89.4100,813
173,89.4000,89.4100,89.4000,89.4100,786
174,89.4000,89.4100,89.3900,89.4000,747
175,89.4100,89.4100,89.3700,89.3700,600
176,89.3800,89.3800,89.3700,89.3700,800
177,89.3600,89.3600,89.3500,89.3500,300
178,89.3800,89.3800,89.3800,89.3800,127
179,89.3700,89.3700,89.3669,89.3669,342
181,89.3799,89.3900,89.3799,89.3900,750
182,89.3800,89.3800,89.3700,89.3700,300
183,89.3900,89.3900,89.3500,89.3500,1800
184,89.3399,89.3399,89.3200,89.3200,600
185,89.3250,89.3400,89.3200,89.3200,400
186,89.3100,89.3300,89.3100,89.3300,1400
187,89.3000,89.3100,89.2600,89.2600,2416
188,89.2300,89.2300,89.2300,89.2300,400
189,89.2300,89.2400,89.2200,89.2400,2319
190,89.2200,89.2400,89.2100,89.2200,2993
191,89.2200,89.2300,89.2100,89.2300,2131
192,89.2200,89.2200,89.2100,89.2100,900
193,89.1900,89.2100,89.1900,89.2100,500
194,89.1900,89.1900,89.1800,89.1800,400
195,89.1900,89.2000,89.1865,89.1900,900
196,89.1800,89.1800,89.1800,89.1800,264
197,89.1900,89.2200,89.1900,89.2200,1300
198,89.2300,89.2500,89.2100,89.2500,1500
199,89.2350,89.2350,89.2200,89.2200,335
200,89.2000,89.2100,89.1800,89.1900,1500
201,89.1800,89.2100,89.1800,89.2000,3701
202,89.2100,89.2400,89.1800,89.2400,2714
203,89.2400,89.2900,89.2400,89.2720,1760
204,89.2700,89.2759,89.2700,89.2759,500
205,89.2600,89.3000,89.2600,89.3000,1100
206,89.3000,89.3200,89.3000,89.3000,927
207,89.3080,89.3080,89.2900,89.2900,600
208,89.3000,89.3300,89.3000,89.3200,700
209,89.3500,89.3500,89.3500,89.3500,100
210,89.3100,89.3100,89.3000,89.3020,740
211,89.3100,89.3200,89.3000,89.3000,1200
212,89.3299,89.3299,89.3100,89.3100,400
213,89.3100,89.3200,89.2900,89.3200,2000
214,89.3300,89.3300,89.3100,89.3100,500
215,89.3296,89.3296,89.3296,89.3296,100
216,89.3000,89.3102,89.3000,89.3000,926
217,89.3200,89.3200,89.3200,89.3200,100
218,89.3000,89.3600,89.3000,89.3600,1200
219,89.3590,89.3590,89.3300,89.3450,458
220,89.3499,89.3700,89.3499,89.3700,700
221,89.3736,89.3736,89.3600,89.3600,550
222,89.3600,89.3600,89.3550,89.3550,260
223,89.3700,89.3799,89.3500,89.3650,1130
224,89.3650,89.3650,89.3200,89.3400,2400
225,89.3350,89.3350,89.3200,89.3200,1700
226,89.3100,89.3400,89.3100,89.3100,700
227,89.3150,89.3182,89.2950,89.2950,3237
228,89.2950,89.3200,89.2950,89.3200,1800
229,89.3200,89.3300,89.3200,89.3300,700
231,89.3400,89.3400,89.3000,89.3000,3400
232,89.3000,89.3000,89.3000,89.3000,500
234,89.3000,89.3100,89.3000,89.3000,1000
235,89.3000,89.3000,89.3000,89.3000,200
237,89.3000,89.3100,89.3000,89.3100,600
238,89.2900,89.2900,89.2800,89.2800,1500
239,89.2800,89.2800,89.2400,89.2400,1700
240,89.2200,89.2300,89.2200,89.2200,911
241,89.2100,89.2100,89.2020,89.2020,300
242,89.1900,89.2000,89.1900,89.2000,514
243,89.2000,89.2000,89.1900,89.1923,303
244,89.1900,89.1950,89.1800,89.1900,1600
245,89.2000,89.2100,89.2000,89.2100,3820
246,89.2200,89.2628,89.2200,89.2500,2923
247,89.2568,89.2700,89.2568,89.2700,2275
248,89.2700,89.2700,89.2700,89.2700,200
249,89.2800,89.2900,89.2800,89.2800,1100
250,89.2900,89.3000,89.2700,89.2800,1200
251,89.2600,89.2600,89.2600,89.2600,100
252,89.2700,89.3000,89.2700,89.2933,1250
253,89.3000,89.3000,89.2800,89.3000,700
255,89.2932,89.3100,89.2932,89.3100,900
256,89.3000,89.3100,89.3000,89.3100,300
257,89.3000,89.3000,89.2900,89.3000,1000
258,89.2700,89.2700,89.2637,89.2637,206
259,89.3100,89.3300,89.2901,89.3100,2000
260,89.3300,89.3300,89.3052,89.3052,782
261,89.2900,89.3050,89.2900,89.3000,3174
262,89.3000,89.3000,89.3000,89.3000,1798
263,89.3000,89.3500,89.3000,89.3300,2650
264,89.3300,89.3300,89.3147,89.3300,1241
266,89.3000,89.3100,89.3000,89.3100,400
267,89.3100,89.3200,89.3000,89.3127,1346
268,89.3100,89.3200,89.3000,89.3100,3500
269,89.3200,89.3200,89.3000,89.3000,770
271,89.3200,89.3305,89.3100,89.3100,2225
272,89.3250,89.3250,89.2900,89.3000,1900
273,89.3002,89.3300,89.3002,89.3300,890
274,89.3140,89.3400,89.3140,89.3300,1307
275,89.3200,89.3200,89.3100,89.3100,300
276,89.3200,89.3600,89.3200,89.3600,1000
277,89.3800,89.4300,89.3700,89.4150,1800
278,89.4200,89.4200,89.4000,89.4000,600
279,89.4140,89.4140,89.4000,89.4000,1766
280,89.3996,89.4000,89.3700,89.3700,400
281,89.3800,89.3800,89.3500,89.3500,1300
282,89.3600,89.3900,89.3600,89.3800,1010
283,89.3800,89.3800,89.3600,89.3600,800
285,89.3900,89.4000,89.3850,89.3850,500
286,89.3700,89.3900,89.3700,89.3800,1100
287,89.3700,89.3700,89.3700,89.3700,100
288,89.3685,89.3685,89.3500,89.3500,324
289,89.3700,89.4000,89.3700,89.3700,3352
290,89.3800,89.3850,89.3760,89.3760,350
291,89.4000,89.4000,89.4000,89.4000,300
292,89.3800,89.4035,89.3800,89.3800,400
293,89.3800,89.4000,89.3800,89.3900,800
294,89.4000,89.4000,89.4000,89.4000,200
295,89.3900,89.4300,89.3900,89.4150,1700
296,89.4000,89.4109,89.3999,89.3999,700
297,89.4000,89.4000,89.3900,89.4000,300
299,89.4000,89.4100,89.4000,89.4100,800
300,89.3900,89.4400,89.3900,89.4400,700
301,89.4100,89.4200,89.4100,89.4200,200
302,89.4300,89.4500,89.4300,89.4500,973
303,89.4400,89.4400,89.4400,89.4400,200
304,89.4400,89.4600,89.4100,89.4600,1909
305,89.4300,89.4500,89.3900,89.4500,1349
306,89.4700,89.4700,89.4400,89.4400,800
307,89.4200,89.4500,89.4200,89.4500,700
308,89.4400,89.4400,89.4400,89.4400,200
309,89.4300,89.4400,89.4100,89.4300,2100
310,89.4300,89.4300,89.4300,89.4300,200
311,89.4213,89.4213,89.4213,89.4213,100
312,89.4200,89.4500,89.4200,89.4500,600
313,89.4700,89.4700,89.4700,89.4700,400
314,89.4400,89.4600,89.4300,89.4300,1523
315,89.4600,89.5100,89.4600,89.5000,5158
316,89.4800,89.4950,89.4800,89.4900,1300
317,89.4700,89.5400,89.4700,89.5250,3732
318,89.5500,89.5500,89.5400,89.5500,4300
319,89.5500,89.5500,89.5300,89.5300,3790
320,89.5400,89.5400,89.5000,89.5000,3960
321,89.4700,89.4800,89.4700,89.4800,700
322,89.4700,89.4700,89.4400,89.4400,400
323,89.4500,89.4500,89.4200,89.4500,655
324,89.4700,89.4800,89.4500,89.4800,300
325,89.4600,89.4600,89.4600,89.4600,200
326,89.4600,89.4800,89.4600,89.4700,900
327,89.4600,89.4600,89.4300,89.4500,1284
328,89.4400,89.4600,89.4400,89.4600,300
329,89.4600,89.4600,89.4400,89.4400,400
330,89.4400,89.4400,89.3900,89.3900,2625
331,89.3900,89.4000,89.3900,89.3900,2402
332,89.3800,89.3900,89.3500,89.3500,800
333,89.3700,89.3700,89.3400,89.3400,600
334,89.3336,89.3336,89.3125,89.3125,1120
335,89.3200,89.3250,89.3200,89.3250,700
336,89.3176,89.3200,89.3176,89.3183,707
337,89.3300,89.3500,89.3200,89.3500,4140
338,89.3500,89.3500,89.3400,89.3400,1200
339,89.3400,89.3550,89.3400,89.3550,733
340,89.3600,89.3800,89.3500,89.3800,5460
341,89.3800,89.3936,89.3725,89.3800,3600
342,89.3800,89.3900,89.3600,89.3600,4261
343,89.3700,89.3700,89.3700,89.3700,300
344,89.3600,89.3800,89.3600,89.3700,1439
345,89.3900,89.4100,89.3900,89.4000,4159
346,89.4000,89.4000,89.3900,89.3900,200
347,89.3900,89.4100,89.3900,89.4000,1300
348,89.3900,89.3900,89.3900,89.3900,1800
349,89.3900,89.3900,89.3750,89.3750,3301
350,89.3700,89.3700,89.3341,89.3400,1115
351,89.3400,89.3600,89.3400,89.3600,2115
352,89.3500,89.3500,89.3300,89.3300,950
353,89.3300,89.3300,89.2800,89.2800,1900
354,89.3100,89.3100,89.2900,89.2900,700
355,89.2900,89.2900,89.2400,89.2400,900
356,89.2500,89.2600,89.2500,89.2500,1400
357,89.2600,89.2600,89.2200,89.2200,1482
358,89.2200,89.2300,89.2200,89.2299,1300
359,89.2200,89.2200,89.1800,89.1800,1015
360,89.1500,89.1600,89.1300,89.1300,1000
361,89.1417,89.1800,89.1200,89.1800,6241
362,89.1800,89.1900,89.1750,89.1900,948
363,89.2000,89.2600,89.2000,89.2350,2050
364,89.2200,89.2300,89.1900,89.1900,2456
365,89.1500,89.1700,89.1500,89.1700,700
366,89.1500,89.1500,89.1300,89.1300,1111
367,89.1400,89.1700,89.1400,89.1700,900
368,89.1900,89.1900,89.1900,89.1900,200
369,89.1800,89.2000,89.1750,89.2000,1700
370,89.1900,89.2100,89.1800,89.2100,1300
371,89.2200,89.2200,89.2000,89.2200,2272
372,89.2200,89.2900,89.2200,89.2700,4150
373,89.2900,89.2950,89.2729,89.2729,1501
374,89.2900,89.2900,89.2700,89.2700,2030
375,89.2961,89.3100,89.2700,89.2850,2565
376,89.3000,89.3000,89.2300,89.2300,3756
377,89.2300,89.2350,89.1900,89.2200,4315
378,89.2200,89.2200,89.1800,89.1800,2600
379,89.1800,89.1900,89.1800,89.1900,1600
380,89.1900,89.2000,89.1700,89.1700,3100
381,89.1700,89.2100,89.1600,89.1600,10283
382,89.1600,89.1700,89.1500,89.1700,3331
383,89.1800,89.1800,89.0800,89.0900,3800
384,89.0900,89.1300,89.0900,89.1200,7160
385,89.1200,89.1300,89.1164,89.1300,4612
386,89.1300,89.1900,89.1300,89.1900,7488
387,89.2100,89.2800,89.2100,89.2800,10720
388,89.2700,89.2900,89.2500,89.2600,13663
389,89.2700,89.3000,89.2700,89.2800,9631
390,89.2800,89.2900,89.1700,89.2400,38002