AMG,Affiliated Managers Group Inc,Financials,4,Asset Management & Custody Banks,9103543207,551653
a149935860036,162.6000,162.6000,162.5100,162.5500,500
337,162.5000,162.6100,162.4550,162.4550,494
338,162.4400,162.4700,162.2500,162.2900,900
339,162.3300,162.4600,162.3300,162.3400,1100
340,162.3300,162.4400,162.2700,162.2700,600
341,162.2500,162.5600,162.2500,162.5600,3600
342,162.6500,162.6500,162.5200,162.5200,1400
343,162.5000,162.7000,162.4300,162.6700,5314
344,162.7500,162.9400,162.7100,162.7700,2100
345,162.8200,162.8700,162.7500,162.7750,3852
346,162.8200,162.8600,162.6800,162.6800,900
347,162.6100,162.6100,162.6100,162.6100,100
348,162.7300,162.7900,162.6800,162.7900,1739
349,162.7350,162.7900,162.7350,162.7900,300
350,162.7400,162.9800,162.7400,162.9800,5900
351,162.9400,163.0400,162.8210,162.8210,1550
352,162.9467,162.9467,162.8400,162.8400,300
353,162.8500,162.8900,162.7900,162.7900,2700
354,162.7800,163.0300,162.7700,162.9100,3431
355,162.9000,162.9000,162.7700,162.8700,1100
356,162.8700,162.8800,162.8700,162.8800,300
357,162.7600,162.7600,162.7600,162.7600,100
358,162.8500,162.8500,162.8500,162.8500,204
359,162.7900,162.7900,162.7200,162.7200,1900
360,162.7000,162.8400,162.6000,162.8400,2757
361,162.8900,162.9500,162.7500,162.7500,1689
362,162.7900,162.7900,162.7900,162.7900,100
363,162.7400,162.8500,162.7400,162.8500,1900
364,162.8400,162.9700,162.8400,162.9400,2659
365,162.9100,162.9450,162.8100,162.8100,1400
366,162.8700,162.8900,162.8600,162.8600,800
367,162.8400,162.8400,162.8400,162.8400,100
368,162.8900,162.9000,162.8700,162.8700,1000
369,162.8700,162.8700,162.8400,162.8700,300
370,162.8300,162.8700,162.6600,162.6600,1180
371,162.6900,162.6900,162.6300,162.6300,300
372,162.6000,162.6400,162.4800,162.5200,1176
373,162.5300,162.7100,162.5300,162.7100,5134
374,162.7500,162.8481,162.7500,162.8481,733
375,162.8000,162.8450,162.6700,162.6700,2571
376,162.6322,162.6322,162.5400,162.5400,1122
377,162.5180,162.5180,162.3900,162.4700,2800
378,162.4200,162.4900,162.3600,162.4000,2186
379,162.4200,162.4895,162.3800,162.4500,3798
380,162.4500,162.4500,162.3000,162.3700,2656
381,162.3500,162.4500,162.3200,162.3300,3186
382,162.3300,162.3300,162.1750,162.2200,3150
383,162.2200,162.2200,162.1100,162.1900,4482
384,162.1800,162.1800,162.1000,162.1600,3370
385,162.1650,162.1700,162.1200,162.1500,1000
386,162.1500,162.2300,162.0800,162.0800,3117
387,162.0900,162.1200,162.0200,162.1200,3875
388,162.0900,162.1100,161.9700,162.0200,29542
389,162.0000,162.0400,161.9800,161.9900,6499
390,162.0000,162.0600,161.9700,161.9900,11070
0,160.6700,161.7000,159.8700,161.7000,4466
1,159.0700,161.6200,158.5700,161.6200,450
2,161.2500,161.2700,161.2500,161.2700,200
5,160.3400,160.3400,160.3400,160.3400,100
6,160.7300,160.7300,160.1000,160.4000,1703
8,159.4301,159.4301,159.4301,159.4301,200
9,159.5000,159.5400,159.4900,159.5400,300
10,159.7700,159.8997,159.4900,159.4900,875
11,159.7823,159.7823,159.4700,159.7221,964
12,159.4600,159.7210,159.4600,159.7210,410
13,159.6250,159.8200,159.6250,159.8200,200
14,159.8000,159.9600,159.6900,159.6900,4008
15,159.7900,159.8000,159.6600,159.6900,1149
16,159.6900,159.7600,159.6250,159.6400,532
17,159.7700,160.0600,159.6500,159.9700,7500
18,159.9900,160.2900,159.8350,160.1400,1600
19,160.1100,160.1100,159.9800,159.9800,2000
20,160.0500,160.0500,160.0500,160.0500,100
21,160.0500,160.2700,160.0500,160.2700,1500
22,160.3412,160.3700,160.2100,160.2100,500
23,160.4600,160.4600,160.2200,160.2200,300
24,160.2450,160.2600,160.2450,160.2600,200
25,160.4400,160.4700,160.4400,160.4700,700
26,160.5500,160.8464,160.5500,160.8150,2480
27,160.8100,160.8100,160.6700,160.6800,1100
28,160.5100,160.6200,160.5000,160.6200,300
29,160.5200,160.6750,160.5200,160.6750,662
31,160.5800,160.5800,160.5800,160.5800,100
32,160.5000,160.5000,160.3700,160.3700,1000
33,160.3500,160.3500,160.2600,160.2600,500
34,160.2700,160.2700,160.2700,160.2700,100
37,160.2500,160.2500,160.1600,160.1600,500
38,160.1310,160.1310,160.1300,160.1300,300
39,160.1300,160.2100,159.9600,160.2100,2706
41,160.1900,160.4800,160.0800,160.1650,1903
42,160.3050,160.4500,160.3050,160.4500,200
43,160.1600,160.2850,160.1600,160.2850,200
44,160.3100,160.3200,160.0900,160.1850,2631
45,160.1800,160.3000,160.1200,160.1200,400
46,160.1600,160.3800,160.1300,160.3600,2528
47,160.3600,160.3700,160.2700,160.2700,900
48,160.5100,160.5100,160.5050,160.5050,200
49,160.2500,160.5000,160.2000,160.4900,6976
50,160.5000,160.9700,160.5000,160.9700,3181
51,160.8800,160.8800,160.7900,160.8500,700
52,160.8000,160.9300,160.8000,160.8560,484
53,160.7900,160.8100,160.6300,160.6700,2158
54,160.5800,160.5800,160.4200,160.4600,700
55,160.4200,160.9600,160.4200,160.8900,3300
56,160.8300,160.8700,160.7601,160.8700,1204
57,160.8800,161.0400,160.8800,160.9000,1600
58,160.9450,160.9450,160.9450,160.9450,100
59,161.0200,161.0200,160.9500,160.9500,200
60,161.0100,161.1400,161.0100,161.1400,500
61,161.1100,161.1100,161.1100,161.1100,100
62,160.9300,160.9300,160.7500,160.8600,2504
63,160.7600,160.7600,160.5200,160.5200,2360
64,160.6200,160.8500,160.6200,160.8400,3800
65,160.9600,160.9600,160.7600,160.7600,1100
66,160.7700,160.7700,160.7100,160.7100,300
67,160.7400,160.7400,160.6100,160.6100,1800
68,160.6100,160.6100,160.2600,160.2600,2903
69,160.3900,160.3900,160.1000,160.3200,2800
70,160.2000,160.2100,160.2000,160.2100,400
71,160.1100,160.5300,160.1100,160.5300,3000
72,160.4500,160.4800,160.4500,160.4800,200
73,160.4100,160.5600,160.4100,160.5600,1600
74,160.5600,160.5600,160.3600,160.3700,1911
75,160.3250,160.3250,160.2100,160.2100,500
76,160.1750,160.1800,160.1100,160.1100,2100
77,160.2800,160.2800,160.2402,160.2402,252
78,160.1400,160.1400,160.0600,160.0600,200
79,160.0500,160.0500,159.9250,160.0200,1300
80,159.9100,160.1000,159.8800,160.1000,1800
81,160.0050,160.1000,159.7900,159.7900,1800
82,159.7900,159.8000,159.7900,159.8000,300
83,159.8830,160.1900,159.8650,160.1800,4718
84,160.1600,160.1600,159.9700,159.9700,1000
85,159.8400,159.9450,159.8400,159.8500,425
86,159.8000,159.8900,159.7400,159.7800,3100
87,159.8300,159.8400,159.6300,159.6800,1565
88,159.6400,159.7300,159.5900,159.7200,4500
89,159.7300,160.0400,159.6700,160.0400,1248
90,159.8250,159.9100,159.7600,159.8800,900
91,159.7700,159.8300,159.7300,159.8200,1926
92,159.7350,159.8100,159.6550,159.7400,1512
93,159.7000,159.9600,159.6500,159.9050,2580
94,159.9050,159.9050,159.7600,159.7600,700
95,159.7600,159.9300,159.7600,159.9300,2576
96,159.8000,159.8000,159.8000,159.8000,100
97,159.7700,159.8300,159.6650,159.7300,2800
98,159.8200,159.8300,159.7300,159.8300,700
99,159.6700,159.8300,159.6700,159.8300,200
101,159.7900,160.1500,159.7900,159.9800,7150
102,159.8800,159.8850,159.8150,159.8850,900
103,159.8000,159.8000,159.8000,159.8000,100
104,159.7950,160.0500,159.7950,159.9150,1950
105,159.8500,159.8500,159.8050,159.8050,400
106,159.8250,159.8250,159.8250,159.8250,100
107,159.8300,159.8300,159.8300,159.8300,200
108,159.8300,159.8800,159.7200,159.8800,4700
109,159.7650,159.8500,159.6800,159.8500,500
110,159.7450,159.8800,159.7400,159.8000,2456
111,159.9100,159.9900,159.9050,159.9250,640
112,159.8400,159.8400,159.8400,159.8400,100
113,159.9390,159.9390,159.9390,159.9390,115
117,159.8600,159.9400,159.7100,159.7900,3300
118,159.8600,160.2500,159.7900,160.1100,6856
119,160.1050,160.1050,160.1050,160.1050,100
120,160.0010,160.2000,159.8900,159.9600,3998
121,159.9380,159.9380,159.8800,159.9299,658
122,159.9200,159.9300,159.8650,159.9300,800
123,159.8750,159.9700,159.8750,159.9700,900
125,159.9150,160.0000,159.9150,160.0000,259
127,159.9900,160.0000,159.9000,159.9373,625
129,160.0000,160.0000,160.0000,160.0000,1014
130,160.0100,160.0100,159.8900,159.8900,800
131,159.9790,159.9790,159.9100,159.9100,465
132,159.9450,160.1300,159.9450,160.1300,700
133,160.0800,160.1000,159.9100,159.9350,1500
134,159.9448,159.9800,159.8200,159.9800,2872
135,159.8300,159.9100,159.8300,159.9100,407
136,159.8658,159.8658,159.8250,159.8250,420
137,159.8300,159.9000,159.7600,159.8556,736
138,159.8350,159.8989,159.7900,159.8900,1556
139,159.8450,159.9000,159.8450,159.8670,399
140,159.8300,160.1300,159.8300,160.1300,3949
141,160.0650,160.1300,160.0650,160.1300,200
143,160.0100,160.0300,159.9300,159.9300,900
144,159.9300,159.9800,159.9000,159.9150,700
145,159.7900,159.7900,159.7900,159.7900,100
146,159.8300,159.8300,159.8200,159.8300,600
147,159.7500,159.8300,159.7500,159.8300,300
148,159.8300,159.8300,159.7000,159.7700,500
149,159.7650,159.8500,159.7650,159.7950,600
150,159.7900,159.7900,159.7850,159.7850,300
151,159.8400,160.3900,159.8400,160.3500,7681
152,160.2200,160.2800,160.1400,160.1500,690
153,160.3100,160.3100,159.9800,160.0750,6550
154,160.0800,160.0850,160.0800,160.0850,200
155,160.1800,160.5600,160.1800,160.5000,6531
157,160.5500,160.6300,160.2900,160.4400,4081
158,160.3600,160.4500,160.3100,160.4500,1130
159,160.3650,160.5600,160.2800,160.5600,9324
160,160.4500,160.5600,160.4500,160.4550,500
161,160.3700,160.9000,160.3300,160.8800,10758
162,160.7950,161.1200,160.7900,161.1200,3802
163,161.1150,161.2000,160.8500,160.8500,7750
164,160.9200,160.9600,160.8300,160.9200,900
165,160.8000,160.8000,160.6800,160.6800,1200
166,160.7700,160.7700,160.7700,160.7700,400
167,160.6400,160.6400,160.6400,160.6400,100
169,160.6500,160.7500,160.6200,160.7500,3300
170,160.6500,160.7400,160.6300,160.7400,1200
171,160.6400,160.6500,160.4200,160.4200,900
172,160.4615,160.4615,160.4615,160.4615,280
177,160.4400,160.4900,160.4400,160.4400,1300
178,160.3900,160.5200,160.3700,160.5200,1510
179,160.4450,160.4450,160.3600,160.4300,808
180,160.4207,160.4400,160.3500,160.4400,3025
181,160.4400,160.4500,160.3850,160.4500,2148
183,160.4400,160.5900,160.3900,160.5800,4563
184,160.4800,160.4800,160.4400,160.4400,600
185,160.5000,160.5000,160.5000,160.5000,100
186,160.4500,160.4600,160.4500,160.4600,202
187,160.4200,160.4200,160.3800,160.3800,200
188,160.3500,160.3500,160.1500,160.1500,700
189,160.0550,160.1700,160.0300,160.1700,1316
190,160.2400,160.2500,160.2400,160.2500,200
191,160.1900,160.3300,160.0900,160.2400,4694
193,160.2601,160.3200,160.1900,160.1900,323
195,160.2850,160.2850,160.2850,160.2850,132
196,160.2900,160.2900,160.2900,160.2900,100
197,160.2900,160.4700,160.2900,160.3500,1100
200,160.3500,160.4700,160.2400,160.4700,3800
201,160.5400,160.7900,160.5000,160.7900,1600
203,160.6100,160.6100,160.6100,160.6100,100
204,160.5800,160.5800,160.5800,160.5800,100
205,160.6100,160.6100,160.5750,160.6100,400
206,160.5200,160.5300,160.4300,160.4300,300
208,160.5032,160.5032,160.4300,160.4300,339
209,160.3900,160.3900,160.3500,160.3500,500
211,160.4000,160.5300,160.3900,160.4194,2272
214,160.4299,160.4299,160.2987,160.3834,567
215,160.4200,160.4200,160.3706,160.3706,328
216,160.3744,160.3744,160.2900,160.2900,253
217,160.4000,160.4000,160.4000,160.4000,100
218,160.4000,160.5000,160.4000,160.4000,900
219,160.3900,160.3900,160.3900,160.3900,400
220,160.4078,160.4078,160.4078,160.4078,190
222,160.3500,160.3500,160.2700,160.2700,600
223,160.3119,160.3119,160.3119,160.3119,100
224,160.2500,160.2500,160.2400,160.2400,200
226,160.3500,160.3500,160.3500,160.3500,100
227,160.2960,160.2960,160.2960,160.2960,250
229,160.3000,160.3300,160.2500,160.2600,1500
230,160.3500,160.3500,160.2000,160.3400,924
231,160.3400,160.3900,160.3100,160.3400,900
232,160.3200,160.3200,160.2300,160.2300,1200
233,160.3200,160.3700,160.3200,160.3200,1100
234,160.3900,160.3900,160.3350,160.3400,500
235,160.3400,160.3400,160.2200,160.2400,2200
236,160.2300,160.2300,160.2300,160.2300,100
237,160.2307,160.2307,160.2307,160.2307,163
238,160.2400,160.2400,160.2400,160.2400,100
239,160.2900,160.3200,160.2400,160.2900,700
240,160.2500,160.2500,160.1900,160.1900,800
241,160.1300,160.1750,160.1300,160.1750,248
242,160.0900,160.0900,160.0700,160.0700,420
243,160.0100,160.1000,160.0100,160.0300,400
244,160.0400,160.0400,160.0400,160.0400,100
245,160.0100,160.0100,159.9100,159.9100,1111
246,159.9300,159.9300,159.9300,159.9300,100
247,159.8500,159.9999,159.8500,159.9999,385
248,159.9250,159.9381,159.9200,159.9200,497
249,159.9900,160.0000,159.9500,159.9500,1194
252,160.0300,160.0300,159.9600,159.9600,600
255,160.1400,160.1600,160.1400,160.1600,200
256,160.2300,160.2300,160.2300,160.2300,100
257,160.1850,160.1850,160.1850,160.1850,100
258,160.1200,160.1611,160.1200,160.1611,478
259,160.1350,160.1350,160.1350,160.1350,100
260,160.1442,160.1442,160.1442,160.1442,263
262,160.1302,160.1302,160.1302,160.1302,135
264,160.0900,160.0900,160.0500,160.0500,700
265,160.0200,160.0584,160.0200,160.0584,468
266,160.0200,160.0200,160.0050,160.0050,300
267,160.0188,160.0188,159.8900,159.9897,1260
268,159.9100,159.9100,159.9100,159.9100,100
269,159.8900,159.9650,159.8900,159.9600,300
270,159.9550,160.1200,159.9550,160.1200,1400
272,160.2500,160.3054,160.2400,160.3054,661
273,160.3543,160.3543,160.2400,160.2400,947
276,160.2450,160.2450,160.2450,160.2450,100
279,160.1800,160.2016,160.1200,160.2016,1091
281,160.0800,160.0800,160.0600,160.0600,400
283,160.0600,160.1175,160.0600,160.0600,409
284,160.0488,160.0488,159.9200,160.0000,1594
285,160.0200,160.0200,160.0200,160.0200,100
286,159.9900,159.9950,159.9900,159.9950,200
287,160.0300,160.0800,159.8900,159.8900,2400
288,159.9760,160.0900,159.9760,160.0900,525
289,160.0900,160.0900,159.9300,159.9300,2575
290,160.0700,160.1400,159.9600,160.1400,900
292,160.0000,160.0000,160.0000,160.0000,100
294,160.0900,160.0900,160.0900,160.0900,100
296,160.0100,160.1900,160.0100,160.0700,3210
297,160.1700,160.1700,159.9500,159.9500,1800
298,159.9727,159.9727,159.9727,159.9727,111
300,159.9300,160.0100,159.9300,159.9300,500
301,159.8700,159.9250,159.8700,159.9250,200
302,159.8500,159.9200,159.8500,159.9200,200
303,159.9250,159.9300,159.8600,159.8600,670
304,159.8200,159.9400,159.7800,159.9400,3503
305,159.9000,159.9500,159.8300,159.8300,704
306,159.9550,160.1100,159.9550,160.0300,1939
308,160.0600,160.0600,160.0600,160.0600,200
309,160.0600,160.0600,160.0000,160.0000,875
310,160.0000,160.1400,159.9700,160.0550,1034
311,160.0000,160.0000,160.0000,160.0000,100
312,159.9800,160.0000,159.9800,160.0000,206
313,160.1200,160.1700,160.1000,160.1400,2500
316,159.9700,160.0550,159.9700,160.0550,300
317,160.0000,160.1100,160.0000,160.1100,1600
318,160.0900,160.1100,160.0200,160.0200,1200
319,160.0300,160.0600,160.0000,160.0000,1200
320,160.0000,160.0000,159.9800,160.0000,885
322,159.9600,159.9950,159.9600,159.9950,200
323,159.9300,159.9300,159.9200,159.9200,300
324,159.8900,159.9000,159.7700,159.8100,1706
325,159.9050,159.9600,159.9050,159.9400,900
326,159.9221,159.9350,159.8800,159.9050,976
327,159.9050,159.9050,159.9050,159.9050,100
328,159.8950,159.8950,159.8300,159.8900,803
329,159.8550,159.8550,159.7700,159.7700,900
330,159.7600,159.7700,159.7600,159.7700,200
331,159.8000,159.8050,159.7600,159.7800,500
332,159.8400,159.9300,159.8000,159.9300,2307
333,159.8700,159.8700,159.8200,159.8500,1251
334,159.8500,159.8900,159.8000,159.8900,2465
335,159.8100,159.8100,159.8100,159.8100,200
336,159.8500,159.8500,159.7300,159.8249,3683
337,159.7500,159.8000,159.7500,159.8000,300
338,159.7300,159.8300,159.7300,159.8300,800
339,159.7800,159.8900,159.7700,159.8900,2700
340,159.9200,159.9700,159.9200,159.9200,1400
341,159.9100,159.9100,159.8800,159.8950,1296
342,159.8600,159.8600,159.6104,159.6104,1700
343,159.6500,159.8700,159.6500,159.8000,7200
344,159.8100,159.8100,159.8100,159.8100,300
345,159.8700,159.9200,159.8600,159.9200,900
346,159.9300,159.9400,159.8100,159.8500,2000
347,159.8050,159.8050,159.8000,159.8000,200
348,159.7600,159.7800,159.6800,159.7800,1847
349,159.7300,159.7800,159.7300,159.7650,2200
350,159.7600,159.7600,159.7300,159.7300,1806
351,159.7450,159.8400,159.7450,159.8100,1735
352,159.8100,159.8100,159.7700,159.7700,814
354,159.7100,159.7900,159.6500,159.7250,5000
355,159.8000,159.8100,159.7500,159.7600,600
356,159.7857,159.7857,159.7857,159.7857,305
357,159.8200,159.8800,159.8000,159.8100,2880
358,159.8814,159.8814,159.8814,159.8814,187
359,159.8600,159.8600,159.8200,159.8450,871
360,159.8700,159.9099,159.8600,159.8600,1000
361,159.8500,159.8650,159.7700,159.8650,3534
362,159.8700,159.8700,159.8400,159.8400,200
363,159.8700,159.8700,159.8200,159.8500,1200
364,159.8300,159.8900,159.8200,159.8900,1678
365,159.8800,159.9000,159.8200,159.9000,1800
366,159.8300,159.8500,159.8000,159.8500,1482
367,159.8450,159.8500,159.8450,159.8500,400
368,159.8900,159.8900,159.8800,159.8800,200
369,159.8400,159.8500,159.8400,159.8450,2393
370,159.8300,159.8500,159.8140,159.8400,2164
371,159.8400,159.8600,159.8300,159.8600,1422
372,159.8600,159.8600,159.8400,159.8450,2312
373,159.8404,159.8600,159.8300,159.8311,1313
374,159.8200,159.8400,159.8000,159.8200,600
375,159.8200,159.8300,159.7800,159.8300,1962
376,159.8150,159.8300,159.7600,159.7900,1395
377,159.7900,159.8050,159.7800,159.8000,3450
378,159.7850,159.8100,159.7500,159.7500,3132
379,159.7800,159.7800,159.7300,159.7300,2633
380,159.7450,159.7450,159.6350,159.6600,2400
381,159.6600,159.7700,159.6600,159.7350,5000
382,159.6900,159.8200,159.6900,159.8000,4379
383,159.8000,159.8100,159.7400,159.7764,4406
384,159.8000,159.8000,159.7850,159.8000,1960
385,159.8000,159.8100,159.7850,159.8000,4868
386,159.8050,159.8100,159.7700,159.7800,3922
387,159.7800,159.8100,159.7600,159.7900,4600
388,159.8000,159.8000,159.7700,159.7700,5200
389,159.7700,159.7800,159.7500,159.7800,4260
390,159.7800,159.9400,159.7600,159.8700,10100