AVY,Avery Dennison Corp,Materials,8,Paper Packaging,7358922832,596631
a149935860035,84.2500,84.2550,84.2300,84.2300,1901
337,84.2500,84.2500,84.2500,84.2500,300
338,84.2550,84.2600,84.2550,84.2600,300
339,84.2550,84.2550,84.2550,84.2550,100
340,84.2500,84.2500,84.2300,84.2300,900
341,84.2400,84.2400,84.2300,84.2300,1628
342,84.2200,84.2200,84.2000,84.2150,1500
343,84.2100,84.2150,84.2100,84.2100,1700
344,84.2200,84.2200,84.2200,84.2200,700
345,84.2400,84.2400,84.2200,84.2200,1006
346,84.2200,84.2200,84.2100,84.2100,407
347,84.2100,84.2150,84.1900,84.1900,1207
348,84.1900,84.2000,84.1400,84.1500,2826
349,84.1500,84.1500,84.1300,84.1500,4065
350,84.1700,84.1700,84.1600,84.1700,500
351,84.1800,84.1800,84.1800,84.1800,100
352,84.1800,84.1800,84.1600,84.1700,2600
353,84.1750,84.1750,84.1600,84.1600,200
354,84.1600,84.1700,84.1600,84.1600,485
355,84.1800,84.1800,84.1600,84.1650,20794
356,84.1700,84.1700,84.1600,84.1650,6486
357,84.1650,84.1900,84.1600,84.1900,5131
358,84.2000,84.2100,84.1950,84.2050,3201
360,84.2100,84.2700,84.2100,84.2700,1556
361,84.2600,84.2700,84.2600,84.2600,1001
362,84.2500,84.2500,84.2500,84.2500,604
363,84.2400,84.2500,84.2200,84.2200,3350
364,84.2250,84.2400,84.2250,84.2400,700
365,84.2500,84.2500,84.2400,84.2450,700
366,84.2500,84.2500,84.2450,84.2500,3764
367,84.2443,84.2500,84.2443,84.2500,565
368,84.2500,84.2550,84.2500,84.2550,2500
369,84.2500,84.2600,84.2450,84.2500,4550
370,84.2550,84.2700,84.2550,84.2650,1508
371,84.2600,84.2700,84.2550,84.2595,2477
372,84.2650,84.2650,84.2400,84.2500,3948
373,84.2500,84.2500,84.2200,84.2200,1760
374,84.2300,84.2400,84.2300,84.2300,2357
375,84.2300,84.2300,84.2000,84.2100,4001
376,84.2000,84.2000,84.1900,84.2000,1923
377,84.2000,84.2100,84.1950,84.2050,2138
378,84.2000,84.2000,84.1500,84.1600,4908
379,84.1700,84.1800,84.1600,84.1800,4777
380,84.1950,84.1950,84.1700,84.1900,4994
381,84.1800,84.1900,84.1700,84.1900,5718
382,84.1800,84.1900,84.1600,84.1900,10412
383,84.1800,84.1800,84.1700,84.1800,900
384,84.1800,84.1850,84.1450,84.1450,3571
385,84.1450,84.1800,84.1400,84.1600,13936
386,84.1600,84.1700,84.1400,84.1400,4857
387,84.1450,84.1600,84.1400,84.1500,4003
388,84.1500,84.1600,84.1400,84.1600,3494
389,84.1500,84.1550,84.1400,84.1500,3150
390,84.1500,84.1500,84.1390,84.1390,12694
1,83.9400,83.9400,83.9400,83.9400,3454
3,83.8648,83.8648,83.8648,83.8648,110
4,83.8900,83.9600,83.2600,83.5300,33394
5,83.3000,83.5300,83.3000,83.4100,1720
6,83.5300,83.5300,83.2000,83.2000,1400
7,83.4400,83.6700,83.3200,83.6400,2635
8,83.6100,83.6100,83.4100,83.4600,2734
9,83.5100,83.5200,83.5100,83.5200,300
10,83.6900,83.7300,83.5600,83.6500,3186
11,83.7300,83.7400,83.7000,83.7200,1966
12,83.8200,83.8300,83.7000,83.7000,1500
13,83.7800,83.8000,83.6900,83.7500,2500
14,83.7800,83.7800,83.6500,83.6600,2400
15,83.7600,83.8300,83.7100,83.7100,1700
16,83.7600,83.8300,83.7400,83.7700,2937
17,83.7900,83.7900,83.7700,83.7700,1300
18,83.9400,83.9400,83.7700,83.8200,2700
19,83.8300,83.8300,83.8300,83.8300,600
20,83.8300,83.9400,83.8000,83.9400,1066
21,83.9700,84.0000,83.9700,84.0000,200
22,84.0000,84.0000,84.0000,84.0000,200
23,83.9400,83.9400,83.9285,83.9285,600
24,83.9300,83.9300,83.9100,83.9100,2693
25,83.9200,83.9200,83.9150,83.9150,200
26,83.9100,83.9200,83.8500,83.8500,1000
27,83.8700,83.8700,83.8400,83.8400,498
28,83.7900,83.7900,83.7900,83.7900,100
30,83.8300,83.8300,83.8300,83.8300,100
32,83.8000,83.8000,83.7200,83.7200,1250
33,83.7000,83.7000,83.6700,83.6700,400
34,83.6800,83.6800,83.6800,83.6800,200
35,83.6800,83.6800,83.6800,83.6800,200
36,83.6600,83.6800,83.6600,83.6800,600
38,83.6700,83.6700,83.6400,83.6400,200
39,83.6300,83.6695,83.6300,83.6695,370
40,83.6700,83.6700,83.6700,83.6700,200
41,83.6800,83.7100,83.6800,83.7100,300
42,83.7700,83.7700,83.6900,83.6900,1000
43,83.7100,83.7100,83.7100,83.7100,100
44,83.7000,83.7000,83.7000,83.7000,200
45,83.7300,83.7300,83.7300,83.7300,100
47,83.7300,83.7300,83.7100,83.7100,200
48,83.7100,83.7100,83.6600,83.6600,900
49,83.6400,83.6400,83.6300,83.6300,300
50,83.6233,83.6350,83.6233,83.6350,229
51,83.6600,83.6600,83.6300,83.6400,300
54,83.6000,83.6000,83.6000,83.6000,200
56,83.6000,83.6000,83.5501,83.5501,740
57,83.5500,83.5600,83.5300,83.5300,300
59,83.5600,83.5900,83.5400,83.5700,1348
60,83.5500,83.5500,83.5100,83.5100,1200
61,83.5000,83.5000,83.5000,83.5000,500
62,83.5000,83.5400,83.5000,83.5400,700
63,83.5300,83.5500,83.5300,83.5500,200
64,83.5300,83.5300,83.5300,83.5300,100
65,83.5200,83.5300,83.5200,83.5300,700
66,83.5400,83.5500,83.5400,83.5500,500
67,83.5500,83.5599,83.5500,83.5599,236
68,83.5900,83.5900,83.5500,83.5500,200
69,83.5600,83.5600,83.5600,83.5600,200
70,83.5400,83.5800,83.5400,83.5800,300
71,83.5500,83.5500,83.5100,83.5200,2400
72,83.5200,83.5200,83.5200,83.5200,100
73,83.5400,83.5400,83.5400,83.5400,936
74,83.5600,83.5600,83.5200,83.5300,1671
75,83.5300,83.5300,83.5100,83.5100,200
76,83.5100,83.5100,83.5000,83.5100,1100
77,83.5100,83.5300,83.5100,83.5200,800
78,83.5100,83.5100,83.5000,83.5100,800
79,83.5300,83.5400,83.5300,83.5300,1300
80,83.5450,83.5600,83.5300,83.5600,500
81,83.5300,83.5300,83.5300,83.5300,100
82,83.5200,83.5200,83.5000,83.5200,400
83,83.5000,83.5000,83.5000,83.5000,100
84,83.4900,83.4900,83.4800,83.4900,400
85,83.4600,83.4600,83.4100,83.4100,487
86,83.4100,83.4100,83.4000,83.4000,300
87,83.4000,83.4000,83.3600,83.3600,1100
89,83.3700,83.3800,83.3400,83.3400,1800
90,83.3200,83.3300,83.2800,83.2800,1600
91,83.3000,83.3000,83.3000,83.3000,100
92,83.3400,83.3500,83.3400,83.3500,1000
93,83.3600,83.3600,83.3500,83.3500,800
94,83.3500,83.3600,83.3450,83.3600,755
95,83.3500,83.3500,83.3400,83.3400,708
96,83.3300,83.3400,83.3300,83.3400,500
97,83.3200,83.3500,83.3100,83.3500,9619
98,83.3600,83.4000,83.3600,83.4000,1718
99,83.4050,83.4200,83.4050,83.4200,300
100,83.4200,83.5000,83.4200,83.5000,2648
101,83.4850,83.5000,83.4600,83.4600,1600
102,83.4600,83.4600,83.4200,83.4200,1200
103,83.4300,83.4300,83.4300,83.4300,100
104,83.4350,83.4350,83.4350,83.4350,100
105,83.4500,83.4500,83.4300,83.4300,300
106,83.4200,83.4200,83.4200,83.4200,300
107,83.4000,83.4071,83.4000,83.4071,200
108,83.3900,83.3900,83.3900,83.3900,300
109,83.3500,83.3600,83.3500,83.3600,500
110,83.3800,83.3900,83.3700,83.3700,1800
111,83.3800,83.3800,83.3800,83.3800,100
112,83.3600,83.3600,83.3300,83.3300,300
113,83.3700,83.3700,83.3700,83.3700,200
114,83.3900,83.4200,83.3900,83.4000,1000
115,83.3900,83.3975,83.3700,83.3975,800
116,83.3700,83.3700,83.3700,83.3700,200
117,83.4000,83.4200,83.4000,83.4200,900
118,83.3800,83.3800,83.3300,83.3600,1291
121,83.3400,83.3400,83.3400,83.3400,100
122,83.3400,83.3800,83.3300,83.3600,1200
123,83.3900,83.4300,83.3900,83.4300,300
124,83.4300,83.4300,83.4300,83.4300,568
125,83.4500,83.4500,83.4500,83.4500,100
126,83.4300,83.4400,83.4300,83.4301,300
127,83.4700,83.4700,83.4700,83.4700,100
128,83.4700,83.5100,83.4700,83.4750,1817
130,83.4500,83.4600,83.4300,83.4600,2600
131,83.4600,83.4600,83.4600,83.4600,200
132,83.4700,83.4800,83.4700,83.4800,1000
133,83.4900,83.5400,83.4900,83.5100,2200
134,83.5000,83.5000,83.4900,83.5000,1200
136,83.5100,83.5200,83.4700,83.4700,1300
137,83.4800,83.4800,83.4800,83.4800,100
138,83.4600,83.4600,83.4400,83.4400,200
140,83.4500,83.4500,83.4500,83.4500,100
141,83.4600,83.4900,83.4600,83.4800,1600
142,83.4700,83.4700,83.4600,83.4600,503
143,83.4700,83.4800,83.4700,83.4800,700
144,83.4800,83.4800,83.4800,83.4800,300
145,83.4800,83.4800,83.4800,83.4800,1200
146,83.4800,83.4800,83.4600,83.4600,600
147,83.4600,83.5000,83.4600,83.5000,1400
148,83.4700,83.4700,83.4600,83.4600,430
149,83.4300,83.4500,83.4300,83.4450,1400
150,83.4200,83.4500,83.4200,83.4500,700
151,83.4400,83.4800,83.4400,83.4800,300
152,83.4800,83.4900,83.4800,83.4900,876
153,83.4900,83.4900,83.4600,83.4600,600
155,83.4700,83.4700,83.4500,83.4700,1100
156,83.4900,83.4900,83.4900,83.4900,100
158,83.4800,83.4899,83.4800,83.4899,300
159,83.4700,83.4700,83.4700,83.4700,100
161,83.4700,83.4800,83.4500,83.4800,300
162,83.4750,83.4750,83.4400,83.4400,6333
164,83.4300,83.4600,83.4300,83.4550,1600
165,83.4700,83.4750,83.4400,83.4750,400
166,83.4800,83.4800,83.4800,83.4800,100
167,83.4800,83.4800,83.4800,83.4800,400
168,83.4600,83.4600,83.4400,83.4500,1100
169,83.4600,83.4600,83.4500,83.4600,4500
170,83.4900,83.5100,83.4850,83.5100,733
171,83.5141,83.5141,83.5141,83.5141,114
173,83.5400,83.5800,83.5400,83.5800,700
174,83.5600,83.5600,83.5500,83.5500,553
175,83.5500,83.5500,83.5500,83.5500,300
176,83.5500,83.5500,83.5100,83.5100,1500
177,83.5200,83.5200,83.5000,83.5100,600
180,83.5100,83.5100,83.4600,83.4800,1795
182,83.4700,83.4700,83.4700,83.4700,300
183,83.4800,83.4900,83.4800,83.4900,200
184,83.5000,83.5000,83.5000,83.5000,100
185,83.5299,83.5299,83.5299,83.5299,466
186,83.5100,83.5100,83.5100,83.5100,564
187,83.5400,83.5400,83.5100,83.5100,895
188,83.5200,83.5500,83.5200,83.5500,600
189,83.5300,83.5300,83.5000,83.5000,600
191,83.5100,83.5200,83.5100,83.5200,200
192,83.5200,83.5200,83.5200,83.5200,200
193,83.5100,83.5200,83.5100,83.5190,470
194,83.5400,83.5400,83.5200,83.5200,264
196,83.5399,83.5399,83.5399,83.5399,100
197,83.5300,83.5300,83.4700,83.4800,4500
198,83.4900,83.4900,83.4900,83.4900,400
199,83.4900,83.4900,83.4800,83.4900,800
200,83.4850,83.4850,83.4850,83.4850,200
202,83.4900,83.5000,83.4800,83.4850,1315
203,83.4900,83.4900,83.4900,83.4900,100
204,83.5000,83.5000,83.5000,83.5000,100
205,83.5000,83.5000,83.5000,83.5000,200
206,83.4900,83.4900,83.4700,83.4700,300
208,83.4700,83.4700,83.4700,83.4700,100
209,83.4600,83.4600,83.4550,83.4550,1405
210,83.4600,83.4700,83.4600,83.4650,2070
211,83.4700,83.5300,83.4700,83.5300,500
213,83.5100,83.5199,83.5100,83.5199,750
214,83.5000,83.5000,83.5000,83.5000,200
215,83.5100,83.5100,83.5100,83.5100,800
216,83.5200,83.5200,83.5200,83.5200,200
217,83.5300,83.5300,83.5100,83.5100,1613
218,83.5050,83.5050,83.5050,83.5050,100
221,83.5200,83.5200,83.5200,83.5200,100
222,83.5100,83.5100,83.5000,83.5000,800
223,83.5200,83.5200,83.5100,83.5100,300
224,83.5200,83.5200,83.4700,83.4700,1945
226,83.4700,83.4800,83.4700,83.4700,600
227,83.4750,83.4750,83.4750,83.4750,100
228,83.4700,83.4800,83.4700,83.4800,696
229,83.4700,83.4700,83.4700,83.4700,100
230,83.4800,83.4800,83.4601,83.4601,381
231,83.4756,83.4853,83.4756,83.4853,650
232,83.5000,83.5000,83.5000,83.5000,100
235,83.5000,83.5000,83.4700,83.4700,300
236,83.4799,83.4800,83.4799,83.4800,350
237,83.4999,83.4999,83.4700,83.4800,400
238,83.4774,83.4774,83.4774,83.4774,109
240,83.4800,83.4800,83.4800,83.4800,300
242,83.5000,83.5100,83.5000,83.5000,400
243,83.5200,83.5200,83.5100,83.5100,692
245,83.5000,83.5000,83.4600,83.4600,400
246,83.4600,83.4800,83.4600,83.4600,800
247,83.4700,83.4700,83.4700,83.4700,100
250,83.4700,83.4700,83.4700,83.4700,100
251,83.4600,83.4800,83.4600,83.4800,2800
253,83.4800,83.4804,83.4700,83.4804,1174
255,83.4800,83.4800,83.4800,83.4800,100
256,83.4900,83.5200,83.4900,83.5200,1100
257,83.5200,83.5200,83.5150,83.5150,396
260,83.5200,83.5300,83.5200,83.5300,400
261,83.5399,83.5399,83.5399,83.5399,100
262,83.5400,83.5600,83.5390,83.5600,1000
263,83.5600,83.5600,83.5429,83.5600,400
264,83.5400,83.5400,83.5300,83.5400,1056
267,83.5500,83.5700,83.5500,83.5700,733
268,83.5700,83.5700,83.5684,83.5684,200
269,83.5400,83.5500,83.5400,83.5400,800
270,83.5350,83.5800,83.5350,83.5800,900
271,83.5851,83.5900,83.5851,83.5900,1430
272,83.5800,83.6300,83.5800,83.6232,918
273,83.6200,83.6282,83.6000,83.6000,1834
275,83.6099,83.6100,83.6099,83.6100,200
276,83.6100,83.6100,83.6000,83.6100,800
277,83.6000,83.6000,83.6000,83.6000,100
279,83.6400,83.6400,83.6400,83.6400,100
280,83.6497,83.6497,83.6497,83.6497,100
281,83.6500,83.6500,83.6100,83.6100,800
282,83.6000,83.6000,83.5950,83.6000,1063
283,83.6100,83.6100,83.6100,83.6100,220
284,83.6000,83.6000,83.6000,83.6000,300
285,83.6500,83.6600,83.6500,83.6600,200
286,83.6600,83.6800,83.6600,83.6800,200
287,83.6600,83.6800,83.6600,83.6800,300
288,83.6800,83.6800,83.6800,83.6800,100
289,83.6650,83.6650,83.6422,83.6550,7131
290,83.6700,83.6800,83.6500,83.6800,1400
292,83.6600,83.6600,83.6600,83.6600,800
293,83.6500,83.6500,83.6500,83.6500,100
294,83.6600,83.6600,83.6500,83.6550,800
295,83.6400,83.6400,83.6076,83.6076,2028
296,83.6073,83.6073,83.6000,83.6000,830
297,83.6000,83.6000,83.6000,83.6000,100
298,83.6000,83.6100,83.6000,83.6100,1050
299,83.5930,83.5930,83.5800,83.5800,625
300,83.5900,83.5900,83.5900,83.5900,500
301,83.6100,83.6100,83.6098,83.6098,500
302,83.6050,83.6300,83.6050,83.6300,200
303,83.6300,83.6400,83.6300,83.6400,400
304,83.6275,83.6500,83.6201,83.6201,731
305,83.6500,83.6900,83.6500,83.6900,1200
306,83.6900,83.7400,83.6900,83.7400,1700
307,83.7286,83.7300,83.7200,83.7300,600
308,83.7100,83.7200,83.7000,83.7200,700
310,83.7200,83.7400,83.7200,83.7400,1300
311,83.7400,83.7400,83.7400,83.7400,400
312,83.7300,83.7700,83.7300,83.7700,900
313,83.7900,83.7900,83.7700,83.7800,1477
315,83.7700,83.8000,83.7700,83.8000,900
316,83.8000,83.8100,83.8000,83.8000,931
317,83.8200,83.8400,83.7900,83.8100,3903
319,83.7999,83.7999,83.7999,83.7999,100
320,83.8000,83.8100,83.8000,83.8100,1357
321,83.7900,83.8100,83.7900,83.8100,765
322,83.8100,83.8200,83.8001,83.8107,900
323,83.8199,83.8200,83.8000,83.8100,400
324,83.8200,83.8200,83.7800,83.7950,2756
326,83.8000,83.8100,83.8000,83.8100,401
328,83.7900,83.7900,83.7900,83.7900,200
329,83.7800,83.7800,83.7800,83.7800,100
331,83.7800,83.7900,83.7700,83.7800,1600
332,83.7900,83.8100,83.7900,83.7900,800
333,83.7900,83.7900,83.7700,83.7700,500
334,83.7600,83.7600,83.7500,83.7500,800
336,83.7500,83.7500,83.7500,83.7500,1000
337,83.7600,83.7800,83.7600,83.7800,600
338,83.7800,83.7800,83.7700,83.7750,538
339,83.7800,83.8050,83.7800,83.8050,1001
340,83.8000,83.8000,83.7700,83.7700,1651
341,83.7600,83.7600,83.7600,83.7600,100
342,83.7500,83.7500,83.7390,83.7400,1645
343,83.7500,83.7700,83.7500,83.7700,494
344,83.7800,83.8200,83.7800,83.8000,2480
345,83.8100,83.8300,83.8100,83.8300,748
346,83.8300,83.8300,83.8300,83.8300,614
347,83.8300,83.8500,83.8300,83.8500,500
348,83.8550,83.8700,83.8500,83.8700,900
349,83.8900,83.9100,83.8900,83.9000,800
350,83.9000,83.9000,83.8882,83.8900,1516
351,83.9000,83.9000,83.9000,83.9000,800
352,83.9000,83.9000,83.9000,83.9000,620
353,83.9000,83.9000,83.8800,83.8800,1600
354,83.8900,83.8900,83.8800,83.8800,300
355,83.8900,83.8900,83.8600,83.8600,2642
356,83.8700,83.8900,83.8700,83.8900,700
357,83.8900,83.8900,83.8500,83.8500,1577
358,83.8500,83.8700,83.8500,83.8700,860
359,83.8800,83.8800,83.8600,83.8680,400
360,83.8600,83.8600,83.8300,83.8300,1358
361,83.8200,83.8200,83.7700,83.7700,4595
362,83.7900,83.7999,83.7900,83.7999,745
363,83.8000,83.8000,83.7800,83.7850,1143
364,83.7800,83.7800,83.7500,83.7600,1050
365,83.7500,83.7500,83.7400,83.7400,500
366,83.7400,83.7400,83.7190,83.7190,500
367,83.7200,83.7200,83.7200,83.7200,700
368,83.7200,83.7300,83.7100,83.7200,1450
369,83.7100,83.7329,83.7100,83.7329,3283
370,83.7200,83.7200,83.7100,83.7200,1644
371,83.7300,83.7500,83.7300,83.7500,1300
372,83.7500,83.7500,83.7400,83.7400,1668
373,83.7450,83.7600,83.7450,83.7600,1853
374,83.7500,83.7500,83.7490,83.7490,1087
375,83.7400,83.7400,83.7000,83.7000,4632
376,83.7100,83.7200,83.7000,83.7000,1707
377,83.7033,83.7033,83.6800,83.6893,1036
378,83.6800,83.6850,83.6800,83.6800,408
379,83.6900,83.6900,83.6800,83.6800,1450
380,83.6900,83.6900,83.6400,83.6500,3845
381,83.6500,83.7100,83.6500,83.6700,4646
382,83.6700,83.6900,83.6700,83.6900,1876
383,83.7000,83.7000,83.6600,83.6600,2545
384,83.6800,83.7000,83.6740,83.7000,2217
385,83.7000,83.7300,83.7000,83.7100,3525
386,83.7100,83.7200,83.7000,83.7100,9829
387,83.7000,83.7200,83.7000,83.7100,4096
388,83.7100,83.7300,83.7100,83.7299,8299
389,83.7300,83.7500,83.7200,83.7400,6011
390,83.7399,83.7500,83.6900,83.7000,21637