CL,Colgate-Palmolive,Consumer Staples,2,Household Products,68119386566,4134776
a1499358600,77.0000,77.0000,76.9400,76.9400,40998
1,76.9900,77.0000,76.7700,76.7700,11781
2,76.8200,76.8900,76.6200,76.7200,15349
3,76.7400,76.8587,76.7400,76.7950,1092
4,76.8200,76.8600,76.8000,76.8000,2868
5,76.8400,76.8400,76.7900,76.8200,2255
6,76.8500,76.9800,76.8250,76.9650,3200
7,76.9700,76.9900,76.9300,76.9500,3928
8,76.9400,77.0000,76.9400,76.9800,2351
9,77.0050,77.0100,76.9200,76.9500,3620
10,76.9800,77.0500,76.9800,77.0500,1600
11,77.0350,77.1300,77.0350,77.0500,7341
12,77.0700,77.0700,77.0375,77.0375,1229
13,77.0300,77.1000,77.0200,77.1000,2919
14,77.0978,77.0978,77.0400,77.0400,1326
15,77.0500,77.0800,77.0500,77.0800,726
16,77.1100,77.1200,77.0850,77.1000,2536
17,77.0800,77.1000,77.0600,77.0910,2751
18,77.1300,77.1300,77.1100,77.1100,1700
19,77.1200,77.1400,77.1114,77.1400,1235
20,77.1500,77.1900,77.1500,77.1500,3120
21,77.1600,77.2050,77.1464,77.2050,5543
22,77.2200,77.2500,77.1900,77.1900,10212
23,77.2050,77.2050,77.1900,77.1900,600
24,77.2050,77.2200,77.1700,77.1700,11567
25,77.1700,77.1800,77.1500,77.1550,1450
26,77.1700,77.1900,77.1600,77.1600,4006
27,77.2000,77.2000,77.1400,77.1600,3498
28,77.1501,77.1900,77.1501,77.1800,2857
29,77.1700,77.1850,77.1500,77.1500,2000
30,77.1600,77.1700,77.1595,77.1600,2022
31,77.1500,77.1500,77.1100,77.1200,3800
32,77.1200,77.1200,77.1100,77.1100,600
33,77.1000,77.1100,77.0800,77.1000,2619
34,77.1000,77.1000,77.0700,77.0700,2000
35,77.0750,77.0950,77.0703,77.0950,1305
36,77.1100,77.1300,77.0800,77.0800,7884
37,77.0900,77.0900,77.0876,77.0900,912
38,77.0900,77.1190,77.0900,77.1190,1040
39,77.1100,77.1100,77.0800,77.0900,4194
41,77.1053,77.1053,77.0800,77.0800,1900
42,77.0761,77.0900,77.0750,77.0900,8492
43,77.0900,77.0999,77.0900,77.0999,1030
44,77.0810,77.0810,77.0000,77.0100,11420
45,77.0000,77.0300,77.0000,77.0300,3103
46,77.0300,77.0300,77.0100,77.0100,1803
47,77.0100,77.0100,76.9860,76.9860,783
48,77.0000,77.0200,77.0000,77.0000,1523
49,77.0100,77.0100,76.9900,77.0000,500
50,77.0001,77.0001,76.9600,76.9600,3206
51,76.9600,76.9600,76.9500,76.9500,1200
52,76.9700,76.9785,76.9100,76.9200,9075
53,76.9200,76.9500,76.9200,76.9500,1400
54,76.9500,76.9500,76.9400,76.9400,3154
55,76.9500,77.0100,76.9500,77.0100,3100
56,77.0100,77.0100,76.9989,76.9989,1075
57,77.0100,77.0300,76.9900,76.9900,2700
58,76.9900,76.9900,76.9600,76.9600,2009
59,76.9500,77.0000,76.9500,76.9800,985
60,76.9800,76.9800,76.9600,76.9600,1000
61,76.9800,76.9800,76.9600,76.9600,400
62,76.9500,76.9500,76.9300,76.9300,1800
63,76.9400,76.9900,76.9400,76.9900,5020
64,76.9800,76.9800,76.9600,76.9800,1235
65,76.9800,77.0000,76.9800,77.0000,2800
66,77.0000,77.0000,76.9899,77.0000,2100
67,77.0100,77.0100,77.0000,77.0000,631
68,76.9900,77.0100,76.9800,77.0100,3600
69,77.0001,77.0100,76.9700,76.9900,3538
70,76.9800,77.0100,76.9800,77.0100,1192
71,77.0190,77.0190,76.9950,77.0000,1931
72,76.9900,76.9900,76.9600,76.9600,2956
73,76.9600,76.9700,76.9500,76.9550,3222
74,76.9500,76.9500,76.9400,76.9400,2835
75,76.9500,76.9500,76.9500,76.9500,1543
76,76.9600,76.9600,76.9400,76.9400,1200
77,76.9400,76.9600,76.9400,76.9400,3800
78,76.9450,76.9450,76.9400,76.9400,855
79,76.9350,76.9500,76.9350,76.9500,1217
80,76.9400,76.9400,76.9350,76.9350,854
81,76.9400,76.9400,76.9100,76.9200,3114
82,76.9200,76.9400,76.9100,76.9400,1969
83,76.9400,76.9400,76.9100,76.9100,2601
84,76.9100,76.9400,76.9100,76.9400,2400
85,76.9400,76.9400,76.9100,76.9100,1856
86,76.9200,76.9200,76.8600,76.8700,3100
87,76.8700,76.8710,76.8500,76.8525,2096
88,76.8576,76.8600,76.8400,76.8400,4480
89,76.8500,76.8700,76.8500,76.8700,4562
90,76.8800,76.9100,76.8800,76.9050,3969
91,76.9050,76.9300,76.8800,76.9300,4825
92,76.9300,76.9300,76.9100,76.9300,2600
93,76.9300,76.9600,76.9300,76.9600,2699
94,76.9600,76.9600,76.9600,76.9600,1200
95,76.9600,76.9600,76.9400,76.9500,3361
96,76.9490,76.9600,76.9300,76.9400,3804
97,76.9500,76.9500,76.9500,76.9500,200
98,76.9500,76.9600,76.9100,76.9100,4373
99,76.9000,76.9000,76.8700,76.8750,2500
100,76.8700,76.9000,76.8700,76.9000,2590
101,76.8800,76.8800,76.8300,76.8300,6310
102,76.8100,76.8600,76.8000,76.8600,4808
103,76.8600,76.8600,76.8400,76.8400,2162
104,76.8400,76.8700,76.8400,76.8657,1474
105,76.8700,76.8800,76.8700,76.8750,1200
106,76.8800,76.8900,76.8750,76.8900,1358
107,76.9000,76.9000,76.8700,76.8700,3002
108,76.8661,76.8800,76.8661,76.8800,712
109,76.8604,76.8700,76.8599,76.8599,2670
110,76.8600,76.8700,76.8500,76.8700,2200
111,76.8600,76.8600,76.8500,76.8500,4620
112,76.8500,76.8500,76.8350,76.8350,3907
113,76.8400,76.8400,76.8200,76.8200,1300
114,76.8100,76.8100,76.7700,76.7700,6430
115,76.7600,76.7800,76.7400,76.7800,2899
116,76.7776,76.7950,76.7776,76.7950,1910
117,76.7900,76.7950,76.7300,76.7600,11033
118,76.7600,76.7900,76.7600,76.7900,2627
119,76.7800,76.8100,76.7800,76.7800,1635
120,76.7800,76.7800,76.7600,76.7600,1347
121,76.7600,76.7600,76.7400,76.7600,3668
122,76.7600,76.7700,76.7576,76.7700,786
123,76.7700,76.8300,76.7700,76.8300,2100
124,76.8400,76.8663,76.8400,76.8663,3269
125,76.8700,76.9050,76.8700,76.9000,8020
126,76.9050,76.9400,76.9050,76.9400,7800
127,76.9450,76.9950,76.9450,76.9900,4760
128,76.9800,76.9900,76.9750,76.9800,1839
129,76.9900,77.0014,76.9900,77.0000,3567
130,77.0100,77.0100,77.0000,77.0000,700
131,77.0100,77.0500,77.0100,77.0193,12665
132,77.0200,77.0250,77.0000,77.0200,3650
133,77.0300,77.0300,77.0100,77.0100,400
134,77.0150,77.0200,77.0150,77.0200,415
135,77.0200,77.0200,77.0200,77.0200,2300
136,77.0200,77.0400,77.0200,77.0350,2691
137,77.0200,77.0300,77.0200,77.0200,2361
138,77.0100,77.0100,77.0000,77.0100,1300
139,77.0150,77.0200,77.0150,77.0200,934
140,77.0200,77.0200,77.0100,77.0200,700
141,77.0150,77.0150,76.9900,76.9990,4376
142,77.0000,77.0100,76.9950,76.9950,5520
143,77.0000,77.0100,77.0000,77.0100,2000
144,77.0200,77.0350,77.0100,77.0350,6700
145,77.0250,77.0400,77.0250,77.0400,1400
146,77.0400,77.0400,77.0250,77.0300,1500
147,77.0300,77.0350,77.0000,77.0000,4800
148,77.0090,77.0090,76.9900,76.9900,2667
149,76.9800,76.9900,76.9700,76.9850,3334
150,76.9800,76.9800,76.9700,76.9800,527
151,76.9800,77.0100,76.9800,77.0100,3633
152,77.0050,77.0050,77.0050,77.0050,200
153,77.0000,77.0000,76.9700,76.9700,5639
154,76.9800,76.9800,76.9400,76.9400,3912
155,76.9300,76.9400,76.9300,76.9300,2300
156,76.9300,76.9400,76.9250,76.9336,2190
157,76.9400,76.9450,76.9400,76.9400,2600
158,76.9400,76.9500,76.9350,76.9500,1700
159,76.9500,76.9500,76.9400,76.9400,2651
160,76.9400,76.9400,76.9400,76.9400,800
161,76.9410,76.9500,76.9300,76.9300,5800
162,76.9300,76.9400,76.9300,76.9400,700
163,76.9400,76.9400,76.9300,76.9300,1146
164,76.9300,76.9300,76.8800,76.9000,7900
165,76.9000,76.9100,76.9000,76.9100,800
166,76.9200,76.9305,76.9200,76.9202,1821
167,76.9200,76.9400,76.9200,76.9260,5150
168,76.9210,76.9211,76.9100,76.9200,3995
169,76.9250,76.9300,76.9200,76.9300,3100
170,76.9200,76.9200,76.8900,76.8900,5239
171,76.9000,76.9000,76.8958,76.9000,1260
172,76.9100,76.9100,76.8932,76.8932,1400
173,76.8900,76.9000,76.8900,76.8942,747
174,76.9000,76.9400,76.9000,76.9300,3251
175,76.9250,76.9400,76.9200,76.9200,6299
176,76.9200,76.9250,76.8950,76.8985,3623
177,76.9000,76.9200,76.8950,76.9200,1454
178,76.9000,76.9122,76.9000,76.9100,14867
179,76.9100,76.9100,76.8850,76.8938,5401
180,76.8900,76.9500,76.8900,76.9450,1987
181,76.9450,76.9500,76.9250,76.9250,3711
182,76.9264,76.9264,76.9000,76.9143,4357
183,76.9150,76.9200,76.9000,76.9100,3639
184,76.9300,76.9458,76.9300,76.9450,1345
185,76.9500,76.9500,76.9300,76.9400,2252
186,76.9300,76.9300,76.8900,76.8900,3400
187,76.9000,76.9400,76.9000,76.9200,30250
188,76.9300,76.9400,76.9250,76.9400,1380
189,76.9301,76.9350,76.9000,76.9050,6130
190,76.9000,76.9100,76.9000,76.9100,5128
191,76.9200,76.9358,76.9200,76.9358,998
192,76.9400,76.9400,76.9350,76.9400,600
193,76.9400,76.9500,76.9400,76.9500,860
194,76.9500,76.9500,76.9400,76.9400,2486
195,76.9400,76.9400,76.9400,76.9400,200
196,76.9500,76.9900,76.9500,76.9900,2212
197,76.9900,77.0000,76.9900,76.9950,600
198,77.0000,77.0200,77.0000,77.0200,2300
199,77.0150,77.0200,77.0150,77.0200,3371
200,77.0142,77.0200,77.0136,77.0190,1277
201,77.0200,77.0200,76.9900,77.0000,5914
202,77.0000,77.0200,77.0000,77.0100,2915
203,77.0100,77.0200,77.0100,77.0200,800
204,77.0100,77.0300,77.0100,77.0200,1804
205,77.0200,77.0350,77.0200,77.0350,1131
206,77.0300,77.0300,77.0250,77.0300,1066
207,77.0300,77.0300,77.0100,77.0100,5069
208,77.0000,77.0000,76.9900,77.0000,1125
209,77.0000,77.0100,76.9950,76.9994,1200
210,77.0000,77.0000,77.0000,77.0000,312
211,77.0000,77.0050,76.9950,76.9950,1200
212,76.9900,76.9900,76.9500,76.9800,9835
213,76.9800,76.9800,76.9750,76.9750,1000
214,76.9800,76.9800,76.9700,76.9800,400
215,76.9800,76.9800,76.9750,76.9750,700
216,76.9800,76.9800,76.9719,76.9800,630
217,76.9750,76.9800,76.9700,76.9700,2846
218,76.9700,76.9750,76.9500,76.9500,6827
219,76.9500,76.9500,76.9400,76.9400,2253
220,76.9400,76.9500,76.9400,76.9500,1614
221,76.9400,76.9450,76.9400,76.9450,300
222,76.9500,76.9500,76.8900,76.9101,14947
223,76.9100,76.9100,76.9100,76.9100,700
224,76.9050,76.9050,76.8800,76.8800,10195
225,76.8700,76.8801,76.8700,76.8800,1400
226,76.8850,76.8900,76.8850,76.8900,500
227,76.8900,76.9000,76.8850,76.9000,1516
228,76.8950,76.8950,76.8900,76.8900,300
229,76.8950,76.9100,76.8900,76.9050,138568
230,76.9100,76.9100,76.9050,76.9050,2099
231,76.9100,76.9200,76.9100,76.9110,1611
232,76.9200,76.9700,76.9200,76.9700,5431
233,76.9700,76.9800,76.9400,76.9500,4742
234,76.9600,76.9800,76.9500,76.9800,600
235,76.9900,76.9900,76.9800,76.9900,500
236,77.0000,77.0000,76.9500,76.9500,11115
237,76.9464,76.9700,76.9200,76.9400,5743
238,76.9400,76.9400,76.9300,76.9300,833
239,76.9350,76.9400,76.9200,76.9200,3300
240,76.9214,76.9450,76.9200,76.9450,1915
241,76.9400,76.9400,76.9000,76.9000,13134
242,76.9100,76.9300,76.9100,76.9300,1109
243,76.9300,76.9300,76.8800,76.9000,7655
244,76.8962,76.9000,76.8962,76.9000,400
245,76.9000,76.9000,76.8905,76.9000,2263
246,76.9000,76.9000,76.8900,76.9000,400
247,76.8950,76.9100,76.8900,76.9100,1220
248,76.9000,76.9000,76.8800,76.8800,1760
249,76.8800,76.8800,76.8700,76.8750,1001
250,76.8799,76.8799,76.8600,76.8600,6767
251,76.8700,76.8800,76.8650,76.8650,1322
252,76.8700,76.8800,76.8700,76.8800,1260
253,76.8700,76.8800,76.8600,76.8600,2903
254,76.8700,76.8700,76.8650,76.8650,600
255,76.8700,76.8800,76.8700,76.8800,1264
256,76.8800,76.8800,76.8750,76.8800,2200
257,76.8800,76.8800,76.8700,76.8700,3754
258,76.8800,76.9200,76.8800,76.9101,3440
259,76.9200,76.9200,76.9100,76.9100,2000
260,76.9200,76.9500,76.9100,76.9300,12573
261,76.9500,76.9534,76.9400,76.9400,6893
262,76.9500,76.9500,76.9300,76.9400,7101
263,76.9450,76.9500,76.9450,76.9500,1700
264,76.9500,76.9600,76.9300,76.9500,5200
265,76.9491,76.9500,76.9300,76.9301,3217
266,76.9417,76.9600,76.9417,76.9500,620
267,76.9500,76.9500,76.9300,76.9500,7991
268,76.9400,76.9400,76.9400,76.9400,733
269,76.9500,76.9500,76.9443,76.9450,1217
270,76.9500,76.9500,76.9300,76.9400,12711
271,76.9301,76.9400,76.9300,76.9350,2927
272,76.9400,76.9500,76.9350,76.9500,7386
273,76.9450,76.9600,76.9200,76.9300,17342
274,76.9315,76.9500,76.9300,76.9300,5511
275,76.9300,76.9300,76.9200,76.9200,1382
276,76.9200,76.9230,76.9100,76.9200,1506
277,76.9150,76.9200,76.9100,76.9200,800
278,76.9200,76.9300,76.9200,76.9250,1660
279,76.9300,76.9300,76.9250,76.9250,1100
280,76.9300,76.9500,76.9300,76.9300,3443
281,76.9400,76.9400,76.9300,76.9350,3951
282,76.9400,76.9450,76.9399,76.9400,2370
283,76.9400,76.9500,76.9400,76.9500,1100
284,76.9500,76.9600,76.9000,76.9100,8530
285,76.9200,76.9300,76.9200,76.9300,1838
286,76.9300,76.9500,76.9300,76.9500,3500
287,76.9500,76.9500,76.9335,76.9400,8080
288,76.9400,76.9400,76.9300,76.9400,1190
289,76.9500,76.9500,76.9500,76.9500,1021
290,76.9500,76.9500,76.9400,76.9400,2464
291,76.9500,76.9500,76.9400,76.9400,11214
292,76.9400,76.9400,76.9400,76.9400,800
293,76.9500,76.9500,76.9341,76.9463,1617
294,76.9400,76.9410,76.9350,76.9350,1100
295,76.9350,76.9400,76.9300,76.9350,900
296,76.9350,76.9500,76.9333,76.9500,1800
297,76.9500,76.9500,76.9410,76.9500,1900
298,76.9400,76.9500,76.9300,76.9500,4697
299,76.9500,76.9500,76.9100,76.9200,5497
300,76.9300,76.9300,76.9200,76.9250,800
301,76.9300,76.9300,76.9200,76.9200,6500
302,76.9200,76.9500,76.9200,76.9300,3802
303,76.9500,76.9500,76.9300,76.9490,3020
304,76.9400,76.9550,76.9400,76.9450,9800
305,76.9500,76.9500,76.9300,76.9500,3955
306,76.9500,77.0000,76.9500,76.9750,8152
307,76.9700,76.9900,76.9700,76.9710,2999
308,76.9750,76.9750,76.9600,76.9650,3347
309,76.9600,76.9600,76.9550,76.9550,200
310,76.9542,76.9600,76.9500,76.9600,2046
311,76.9550,76.9600,76.9450,76.9450,4760
312,76.9500,76.9600,76.9200,76.9200,13811
313,76.9200,76.9400,76.9200,76.9200,6169
314,76.9100,76.9250,76.9050,76.9200,2706
315,76.9263,76.9600,76.9200,76.9500,5880
316,76.9500,76.9500,76.9250,76.9400,9128
317,76.9457,76.9500,76.9400,76.9400,3119
318,76.9500,76.9600,76.9400,76.9500,9570
319,76.9500,76.9500,76.9400,76.9400,3944
320,76.9400,76.9600,76.9350,76.9500,18200
321,76.9600,76.9800,76.9400,76.9800,10185
322,76.9700,76.9800,76.9700,76.9800,2001
323,76.9750,76.9858,76.9700,76.9850,6300
324,76.9900,77.0100,76.9900,77.0000,6169
325,77.0000,77.0100,77.0000,77.0100,3700
326,77.0150,77.0200,77.0100,77.0150,1480
327,77.0200,77.0400,77.0100,77.0400,4601
328,77.0350,77.0400,77.0200,77.0252,3532
329,77.0200,77.0350,77.0150,77.0200,3963
330,77.0200,77.0200,76.9900,77.0100,3500
331,77.0200,77.0200,77.0100,77.0200,1614
332,77.0250,77.0250,76.9900,77.0100,5600
333,77.0046,77.0050,76.9600,76.9700,3855
334,76.9700,76.9800,76.9500,76.9500,6200
335,76.9600,76.9650,76.9500,76.9600,4800
336,76.9600,76.9700,76.9600,76.9700,5350
337,76.9650,76.9650,76.9400,76.9600,5033
338,76.9600,76.9700,76.9550,76.9610,1901
339,76.9700,76.9900,76.9650,76.9900,2900
340,76.9900,76.9900,76.9650,76.9800,5012
341,76.9800,76.9800,76.9700,76.9800,3525
342,76.9700,76.9750,76.9300,76.9400,8317
343,76.9387,76.9800,76.9387,76.9500,6247
344,76.9510,76.9700,76.9510,76.9550,1480
345,76.9600,76.9800,76.9600,76.9800,3101
346,76.9800,76.9800,76.9600,76.9600,1800
347,76.9700,76.9700,76.9600,76.9600,650
348,76.9600,76.9700,76.9600,76.9700,800
349,76.9700,77.0000,76.9700,76.9800,7920
350,76.9750,76.9800,76.9750,76.9800,2800
351,76.9900,77.0000,76.9800,76.9900,3870
352,76.9900,76.9900,76.9800,76.9800,2890
353,76.9800,76.9800,76.9700,76.9700,4071
354,76.9700,76.9900,76.9700,76.9800,8872
355,76.9900,76.9900,76.9750,76.9800,3721
356,76.9800,76.9900,76.9800,76.9900,1344
357,76.9810,76.9900,76.9600,76.9600,6401
358,76.9600,76.9900,76.9500,76.9800,8246
359,76.9700,76.9800,76.9300,76.9300,10047
360,76.9400,76.9600,76.9400,76.9500,2300
361,76.9550,76.9550,76.9400,76.9400,13225
362,76.9350,76.9350,76.9200,76.9250,3335
363,76.9300,76.9400,76.9100,76.9100,4644
364,76.9000,76.9250,76.9000,76.9250,9150
365,76.9200,76.9350,76.9000,76.9250,9593
366,76.9200,76.9200,76.9000,76.9000,2484
367,76.9050,76.9100,76.8900,76.9000,12240
368,76.9050,76.9300,76.9000,76.9199,5249
369,76.9200,76.9400,76.9100,76.9200,10500
370,76.9300,76.9300,76.9150,76.9200,3128
371,76.9150,76.9500,76.9150,76.9450,6412
372,76.9500,76.9700,76.9401,76.9401,14244
373,76.9400,76.9900,76.9400,76.9900,14349
374,76.9850,76.9900,76.9850,76.9850,3791
375,76.9900,77.0200,76.9600,77.0099,28681
376,77.0100,77.0200,76.9900,77.0200,20243
377,77.0100,77.0200,76.9960,77.0140,9581
378,77.0100,77.0135,77.0000,77.0100,3374
379,77.0100,77.0100,76.9700,76.9700,13886
380,76.9700,77.0000,76.9700,76.9900,7797
381,76.9900,77.0700,76.9800,77.0000,26917
382,77.0200,77.0200,77.0000,77.0100,7103
383,77.0100,77.0250,76.9600,76.9700,11718
384,76.9700,76.9900,76.9600,76.9700,6091
385,76.9650,76.9900,76.9600,76.9700,16492
386,76.9750,76.9900,76.9700,76.9800,20693
387,76.9850,77.0100,76.9800,77.0100,23776
388,77.0050,77.0100,76.9700,76.9850,41243
389,76.9850,77.0000,76.9800,76.9950,30481
390,76.9950,77.0200,76.9900,77.0000,45093