COG,Cabot Oil & Gas,Energy,3,Oil & Gas Exploration & Production,10198818894,6683604
a1499358600,21.7300,21.7400,21.7300,21.7400,1458
2,21.7400,21.7600,21.6800,21.6900,89309
3,21.7100,21.8900,21.7100,21.8900,55323
4,21.9000,21.9100,21.8100,21.8100,25513
5,21.8000,21.8800,21.7700,21.8600,14153
6,21.8600,21.8650,21.7800,21.8000,21529
7,21.8000,21.8000,21.7450,21.7500,20717
8,21.7500,21.7500,21.7100,21.7500,24217
9,21.7500,21.8000,21.7500,21.7800,13419
10,21.7700,21.8150,21.7550,21.8000,16857
11,21.7800,21.7800,21.7400,21.7400,9404
12,21.7400,21.7900,21.7350,21.7850,14011
13,21.7900,21.8100,21.7650,21.8100,28904
14,21.8100,21.8400,21.7900,21.8400,29711
15,21.8400,21.8600,21.8350,21.8400,7802
16,21.8300,21.8599,21.7800,21.7900,44836
17,21.7800,21.8500,21.7800,21.8500,39958
18,21.8500,21.8650,21.8400,21.8450,25274
19,21.8400,21.8750,21.8350,21.8500,13256
20,21.8600,21.9100,21.8600,21.8850,17177
21,21.8850,21.9250,21.8700,21.9050,19112
22,21.9050,21.9050,21.8700,21.8700,19409
23,21.8650,21.9050,21.8650,21.9000,13858
24,21.8950,21.9200,21.8900,21.9200,28715
25,21.9150,21.9450,21.9150,21.9350,6945
26,21.9300,21.9400,21.9050,21.9400,27567
27,21.9350,21.9400,21.9300,21.9300,11663
28,21.9300,21.9800,21.9250,21.9790,21229
29,21.9750,21.9750,21.9200,21.9300,22428
30,21.9250,21.9400,21.9150,21.9400,10471
31,21.9500,21.9500,21.9150,21.9200,9040
32,21.9200,21.9500,21.9150,21.9450,4984
33,21.9450,21.9600,21.9350,21.9400,18700
34,21.9400,21.9450,21.9200,21.9400,17500
35,21.9350,21.9601,21.9350,21.9600,13177
36,21.9600,21.9600,21.9200,21.9200,16472
37,21.9200,21.9250,21.9000,21.9050,18687
38,21.9000,21.9050,21.8800,21.9000,12093
39,21.8900,21.8900,21.8600,21.8700,8898
40,21.8600,21.8700,21.8400,21.8400,12967
41,21.8400,21.8700,21.8400,21.8650,8034
42,21.8650,21.8700,21.8500,21.8550,7442
43,21.8550,21.8550,21.8300,21.8300,8585
44,21.8200,21.8250,21.8100,21.8100,5197
45,21.8100,21.8150,21.7900,21.8050,11171
46,21.8050,21.8500,21.8050,21.8450,7044
47,21.8450,21.8500,21.8300,21.8500,6496
48,21.8500,21.8500,21.8350,21.8350,5155
49,21.8300,21.8300,21.8200,21.8200,4246
50,21.8200,21.8200,21.7900,21.8000,10584
51,21.8000,21.8050,21.7950,21.8000,4340
52,21.8000,21.8000,21.7700,21.7950,58182
53,21.7950,21.8150,21.7900,21.8150,6811
54,21.8150,21.8300,21.8150,21.8250,8319
55,21.8250,21.8250,21.7700,21.7800,52616
56,21.7800,21.8150,21.7750,21.8150,9086
57,21.8200,21.8300,21.8150,21.8250,25246
58,21.8300,21.8300,21.7950,21.8100,12759
59,21.8050,21.8100,21.8000,21.8100,6900
60,21.8050,21.8200,21.8050,21.8100,8490
61,21.8100,21.8400,21.8050,21.8350,14596
62,21.8300,21.8300,21.7900,21.7900,34101
63,21.7800,21.7850,21.7550,21.7750,9509
64,21.7750,21.7750,21.7650,21.7650,3509
65,21.7600,21.7650,21.7450,21.7600,10370
66,21.7700,21.7850,21.7600,21.7800,10408
67,21.7750,21.7850,21.7750,21.7750,5640
68,21.7750,21.7857,21.7750,21.7850,5063
69,21.7800,21.7800,21.7750,21.7750,2500
70,21.7750,21.7950,21.7600,21.7600,21848
71,21.7650,21.7700,21.7550,21.7700,6284
72,21.7700,21.7750,21.7550,21.7550,5659
73,21.7600,21.7700,21.7550,21.7700,6400
74,21.7700,21.8050,21.7650,21.7900,8631
75,21.7900,21.8000,21.7850,21.7900,7663
76,21.7850,21.7850,21.7650,21.7800,3800
77,21.7750,21.8050,21.7750,21.7900,11916
78,21.8000,21.8000,21.7800,21.7900,4771
79,21.7850,21.7950,21.7850,21.7900,4100
80,21.7900,21.8100,21.7800,21.7900,26995
81,21.7950,21.7950,21.7750,21.7750,9195
82,21.7775,21.7775,21.7700,21.7750,5652
83,21.7800,21.8000,21.7750,21.7900,9239
84,21.7800,21.8000,21.7750,21.7992,5550
85,21.7900,21.7900,21.7600,21.7800,12364
86,21.7800,21.7800,21.7700,21.7750,700
87,21.7700,21.7700,21.7600,21.7600,5407
88,21.7700,21.7750,21.7601,21.7650,8275
89,21.7700,21.7900,21.7650,21.7750,7405
90,21.7700,21.7800,21.7700,21.7800,8454
91,21.7800,21.7800,21.7600,21.7600,14670
92,21.7600,21.7650,21.7400,21.7400,7894
93,21.7400,21.7500,21.7300,21.7350,20310
94,21.7300,21.7300,21.7200,21.7300,14920
95,21.7300,21.7300,21.6926,21.7000,9701
96,21.6950,21.7000,21.6900,21.6900,800
97,21.6900,21.7000,21.6900,21.6900,2100
98,21.7000,21.7100,21.6900,21.6900,9297
99,21.6800,21.6800,21.6550,21.6550,5200
100,21.6600,21.7200,21.6550,21.7200,30330
101,21.7100,21.7200,21.6950,21.7100,48176
102,21.7150,21.7200,21.7100,21.7100,2300
103,21.7200,21.7300,21.6942,21.6942,128268
104,21.6950,21.7100,21.6800,21.6850,33378
105,21.6850,21.7000,21.6850,21.6950,7930
106,21.6950,21.7000,21.6600,21.6692,17890
107,21.6700,21.6800,21.6401,21.6401,9059
108,21.6450,21.6500,21.6200,21.6299,8975
109,21.6200,21.6230,21.6050,21.6150,15074
110,21.6150,21.6200,21.5900,21.5900,10526
111,21.5900,21.6000,21.5700,21.6000,21912
112,21.6000,21.6000,21.5801,21.5850,4642
113,21.5900,21.6050,21.5850,21.5990,9418
114,21.5950,21.5950,21.5800,21.5900,2602
115,21.5850,21.5850,21.5500,21.5650,16636
116,21.5650,21.5900,21.5650,21.5700,28889
117,21.5800,21.5800,21.5700,21.5700,2661
118,21.5700,21.6200,21.5650,21.6100,26757
119,21.6200,21.6250,21.6050,21.6200,6994
120,21.6150,21.6200,21.6145,21.6150,2391
121,21.6150,21.6200,21.6100,21.6100,2800
122,21.6000,21.6100,21.5900,21.5900,8500
123,21.5950,21.6000,21.5900,21.5950,21482
124,21.5950,21.6100,21.5900,21.6050,47194
125,21.6050,21.6100,21.6000,21.6050,21241
126,21.6150,21.6200,21.6050,21.6050,14032
127,21.6000,21.6200,21.5800,21.6200,32977
128,21.6300,21.6400,21.6150,21.6150,20205
129,21.6150,21.7100,21.6100,21.7000,92570
130,21.7000,21.7100,21.7000,21.7000,41874
131,21.7000,21.7250,21.7000,21.7200,42033
132,21.7200,21.7200,21.7050,21.7200,15137
133,21.7200,21.7300,21.6950,21.7050,14449
134,21.7100,21.7300,21.7050,21.7250,16399
135,21.7200,21.7250,21.7050,21.7050,3804
136,21.7050,21.7250,21.6950,21.7200,35068
137,21.7200,21.7500,21.7200,21.7350,8166
138,21.7300,21.7300,21.7100,21.7100,4692
139,21.7150,21.7150,21.6800,21.6850,11085
140,21.6850,21.6900,21.6750,21.6800,10452
141,21.6800,21.7000,21.6800,21.6850,9487
142,21.6850,21.6900,21.6800,21.6800,10298
143,21.6800,21.7000,21.6800,21.6900,7386
144,21.6900,21.6900,21.6650,21.6700,9851
145,21.6700,21.6700,21.6546,21.6550,6959
146,21.6600,21.6800,21.6600,21.6700,7868
147,21.6650,21.6900,21.6650,21.6750,5858
148,21.6700,21.6700,21.6600,21.6600,1811
149,21.6600,21.6700,21.6500,21.6650,9476
150,21.6700,21.6800,21.6650,21.6700,6975
151,21.6650,21.6700,21.6350,21.6650,27797
152,21.6600,21.6600,21.6450,21.6600,8953
153,21.6600,21.6600,21.6550,21.6600,3839
154,21.6550,21.6650,21.6400,21.6400,10452
155,21.6400,21.6500,21.6400,21.6400,19700
156,21.6500,21.6500,21.6400,21.6450,2100
157,21.6500,21.6500,21.6400,21.6400,3001
158,21.6500,21.6500,21.6400,21.6400,300
159,21.6400,21.6500,21.6200,21.6200,12776
160,21.6200,21.6200,21.6100,21.6150,1996
161,21.6150,21.6150,21.5800,21.5900,13272
162,21.5800,21.6100,21.5800,21.6100,17695
163,21.6100,21.6400,21.6100,21.6350,13469
164,21.6356,21.6700,21.6350,21.6650,8254
165,21.6600,21.6600,21.6400,21.6600,6293
166,21.6500,21.6600,21.6350,21.6550,8845
167,21.6550,21.6650,21.6500,21.6600,5308
168,21.6600,21.6900,21.6550,21.6850,22214
169,21.6850,21.7000,21.6800,21.7000,13769
170,21.6900,21.6950,21.6850,21.6850,5855
171,21.6850,21.6900,21.6850,21.6850,4166
172,21.6850,21.7100,21.6850,21.7050,7221
173,21.7100,21.7100,21.7000,21.7000,7236
174,21.6950,21.7000,21.6900,21.7000,1553
175,21.6900,21.6900,21.6800,21.6900,4960
176,21.6950,21.7200,21.6950,21.7000,9321
177,21.7000,21.7000,21.6950,21.7000,3294
178,21.7050,21.7200,21.7000,21.7100,4976
179,21.7000,21.7100,21.7000,21.7000,9900
180,21.7000,21.7076,21.6850,21.6900,7197
181,21.7000,21.7100,21.6950,21.7000,6269
182,21.7000,21.7100,21.6900,21.7100,9150
183,21.7100,21.7100,21.6850,21.6900,14398
184,21.6950,21.7000,21.6900,21.6950,5737
185,21.6900,21.6900,21.6900,21.6900,4000
186,21.6900,21.7100,21.6900,21.7100,7268
187,21.7100,21.7100,21.7050,21.7100,1514
188,21.7050,21.7100,21.7050,21.7100,1300
189,21.7050,21.7250,21.7030,21.7250,6789
190,21.7250,21.7400,21.7250,21.7400,30461
191,21.7400,21.7600,21.7350,21.7400,8690
192,21.7350,21.7700,21.7300,21.7700,11472
193,21.7700,21.8000,21.7700,21.7900,10025
194,21.7850,21.7900,21.7750,21.7900,4710
195,21.7900,21.8000,21.7800,21.7800,5643
196,21.7800,21.7800,21.7700,21.7800,9500
197,21.7800,21.8100,21.7800,21.8100,6526
198,21.8200,21.8400,21.8140,21.8400,9162
199,21.8400,21.8500,21.8250,21.8250,6740
200,21.8200,21.8400,21.8150,21.8200,15301
201,21.8300,21.8500,21.8250,21.8500,3410
202,21.8500,21.8500,21.8300,21.8400,2667
203,21.8301,21.8460,21.8300,21.8300,3357
204,21.8300,21.8400,21.8250,21.8400,8954
205,21.8316,21.8400,21.8300,21.8300,2300
206,21.8250,21.8250,21.8050,21.8100,4100
207,21.8050,21.8100,21.8050,21.8050,3307
208,21.8050,21.8100,21.8050,21.8050,600
209,21.8100,21.8200,21.7900,21.7900,23677
210,21.7900,21.7900,21.7800,21.7900,4068
211,21.7900,21.8100,21.7850,21.8050,28536
212,21.8100,21.8100,21.7900,21.7900,5269
213,21.7900,21.7900,21.7900,21.7900,400
214,21.7900,21.7900,21.7800,21.7800,7488
215,21.7800,21.7900,21.7750,21.7800,5500
216,21.7900,21.8100,21.7800,21.8000,21471
217,21.8100,21.8400,21.8050,21.8400,7343
218,21.8350,21.8400,21.8250,21.8300,6000
219,21.8300,21.8400,21.8200,21.8400,3389
220,21.8400,21.8500,21.8350,21.8500,1100
221,21.8400,21.8400,21.8250,21.8400,5683
222,21.8500,21.8500,21.8350,21.8400,3858
223,21.8400,21.8500,21.8350,21.8400,3600
224,21.8350,21.8350,21.8300,21.8300,2405
225,21.8300,21.8650,21.8250,21.8600,7617
226,21.8700,21.8800,21.8550,21.8600,6960
227,21.8600,21.8700,21.8600,21.8700,2666
228,21.8600,21.8700,21.8600,21.8600,1400
229,21.8600,21.8600,21.8500,21.8550,1300
230,21.8550,21.8600,21.8550,21.8550,600
231,21.8500,21.8600,21.8500,21.8600,700
232,21.8600,21.8800,21.8550,21.8750,7328
233,21.8800,21.8850,21.8600,21.8600,12058
234,21.8643,21.8643,21.8500,21.8500,2593
235,21.8500,21.8500,21.8450,21.8450,5365
236,21.8500,21.8500,21.8450,21.8450,1800
237,21.8400,21.8600,21.8400,21.8500,112073
238,21.8500,21.8800,21.8450,21.8700,17462
239,21.8650,21.8700,21.8650,21.8700,1600
240,21.8650,21.8700,21.8500,21.8600,5000
241,21.8550,21.8600,21.8450,21.8550,6901
242,21.8600,21.8800,21.8550,21.8750,4600
243,21.8750,21.8750,21.8400,21.8450,37035
244,21.8500,21.8500,21.8200,21.8300,18101
245,21.8300,21.8300,21.8100,21.8200,8667
246,21.8200,21.8300,21.8200,21.8250,31700
247,21.8200,21.8300,21.8150,21.8300,4807
248,21.8250,21.8450,21.8250,21.8300,7978
249,21.8300,21.8300,21.8000,21.8050,25603
250,21.8100,21.8150,21.7950,21.8050,13020
251,21.8050,21.8200,21.8050,21.8200,63697
252,21.8150,21.8298,21.8100,21.8100,8133
253,21.8100,21.8100,21.7900,21.8000,10064
254,21.8000,21.8000,21.7900,21.8000,2778
255,21.8000,21.8000,21.7938,21.7950,1545
256,21.7950,21.8100,21.7950,21.8100,8700
257,21.8200,21.8400,21.8200,21.8300,5441
258,21.8300,21.8300,21.8100,21.8100,3000
259,21.8200,21.8200,21.8150,21.8150,400
260,21.8150,21.8400,21.8150,21.8250,12600
261,21.8200,21.8250,21.8200,21.8200,700
262,21.8268,21.8350,21.8200,21.8300,7046
263,21.8200,21.8200,21.8200,21.8200,1600
264,21.8150,21.8150,21.8150,21.8150,100
265,21.8150,21.8200,21.8150,21.8150,900
266,21.8150,21.8400,21.8101,21.8400,12926
267,21.8400,21.8500,21.8350,21.8400,13707
268,21.8400,21.8500,21.8350,21.8450,10147
269,21.8450,21.8600,21.8400,21.8400,10705
270,21.8400,21.8500,21.8350,21.8450,10727
271,21.8500,21.8500,21.8300,21.8400,39585
272,21.8400,21.8600,21.8350,21.8500,16276
273,21.8600,21.8850,21.8350,21.8800,24584
274,21.8812,21.9100,21.8700,21.9100,14766
275,21.9100,21.9400,21.9000,21.9400,13157
276,21.9300,21.9300,21.9200,21.9300,5375
277,21.9300,21.9450,21.9300,21.9400,4829
278,21.9450,21.9450,21.9250,21.9250,4200
279,21.9300,21.9300,21.9200,21.9250,2900
280,21.9300,21.9500,21.9250,21.9500,7613
281,21.9600,21.9700,21.9500,21.9550,7907
282,21.9500,21.9500,21.9400,21.9450,2101
283,21.9400,21.9700,21.9300,21.9700,24218
284,21.9700,21.9750,21.9600,21.9662,107991
285,21.9650,21.9800,21.9650,21.9650,23618
286,21.9700,21.9700,21.9500,21.9500,4100
287,21.9550,21.9750,21.9550,21.9750,12460
288,21.9781,22.0000,21.9700,22.0000,12052
289,22.0000,22.0200,21.9950,22.0150,46956
290,22.0200,22.0300,22.0050,22.0150,32240
291,22.0150,22.0300,22.0100,22.0200,16991
292,22.0100,22.0150,21.9900,22.0000,33943
293,22.0000,22.0100,21.9900,21.9950,30286
294,21.9950,22.0200,21.9950,22.0000,8545
295,21.9900,22.0000,21.9750,21.9800,9671
296,21.9800,21.9800,21.9700,21.9750,1500
297,21.9750,21.9800,21.9650,21.9700,8900
298,21.9700,21.9900,21.9700,21.9800,7890
299,21.9800,21.9900,21.9800,21.9900,8440
300,21.9900,21.9900,21.9700,21.9700,26073
301,21.9650,21.9700,21.9500,21.9600,16419
302,21.9600,21.9700,21.9600,21.9700,10711
303,21.9700,21.9700,21.9650,21.9700,10386
304,21.9700,21.9700,21.9550,21.9700,17003
305,21.9700,21.9700,21.9550,21.9700,64046
306,21.9600,21.9700,21.9550,21.9550,10828
307,21.9550,21.9600,21.9400,21.9500,8620
308,21.9400,21.9500,21.9400,21.9400,3100
309,21.9450,21.9500,21.9300,21.9350,7433
310,21.9300,21.9400,21.9100,21.9100,27017
311,21.9100,21.9300,21.9100,21.9100,18116
312,21.9200,21.9200,21.9100,21.9101,2785
313,21.9150,21.9300,21.9100,21.9250,7223
314,21.9300,21.9300,21.9100,21.9100,6705
315,21.9100,21.9150,21.9100,21.9150,800
316,21.9100,21.9200,21.9100,21.9100,2900
317,21.9200,21.9200,21.9100,21.9100,2631
318,21.9100,21.9100,21.8900,21.8900,8178
319,21.8900,21.8950,21.8850,21.8900,10207
320,21.8900,21.9200,21.8900,21.9150,16764
321,21.9100,21.9150,21.9000,21.9000,25398
322,21.8950,21.9050,21.8950,21.9000,17354
323,21.8950,21.9000,21.8850,21.8950,13755
324,21.8900,21.9000,21.8900,21.8950,1533
325,21.9000,21.9000,21.8900,21.8950,18420
326,21.9000,21.9300,21.8950,21.9250,15132
327,21.9300,21.9300,21.9100,21.9100,4500
328,21.9150,21.9200,21.9000,21.9100,9550
329,21.9100,21.9100,21.9000,21.9000,22252
330,21.8900,21.9150,21.8900,21.9100,21961
331,21.9100,21.9100,21.9050,21.9050,9800
332,21.9100,21.9200,21.9050,21.9200,28946
333,21.9200,21.9300,21.9200,21.9300,11876
334,21.9250,21.9400,21.9250,21.9300,20700
335,21.9300,21.9400,21.9250,21.9400,10270
336,21.9400,21.9500,21.9300,21.9400,26276
337,21.9450,21.9450,21.9100,21.9100,11473
338,21.9200,21.9300,21.9050,21.9250,15886
339,21.9200,21.9200,21.9100,21.9100,2978
340,21.9100,21.9100,21.8900,21.8900,7285
341,21.8900,21.9000,21.8800,21.9000,18112
342,21.9000,21.9100,21.8850,21.8900,12067
343,21.9000,21.9000,21.8900,21.8950,6544
344,21.8950,21.9100,21.8950,21.9000,9086
345,21.9000,21.9200,21.8950,21.9200,7033
346,21.9200,21.9200,21.9100,21.9100,6004
347,21.9100,21.9250,21.9100,21.9200,5700
348,21.9150,21.9300,21.9100,21.9300,13567
349,21.9299,21.9450,21.9200,21.9250,17117
350,21.9300,21.9300,21.9150,21.9300,8006
351,21.9200,21.9400,21.9200,21.9300,13049
352,21.9300,21.9500,21.9200,21.9500,34025
353,21.9500,21.9700,21.9500,21.9700,18936
354,21.9700,21.9800,21.9650,21.9800,22995
355,21.9850,22.0050,21.9800,22.0000,32703
356,22.0000,22.0350,21.9950,22.0300,28679
357,22.0250,22.0300,22.0050,22.0250,12855
358,22.0200,22.0350,22.0150,22.0300,9646
359,22.0300,22.0300,22.0100,22.0100,13967
360,22.0100,22.0300,22.0100,22.0150,18756
361,22.0200,22.0300,22.0000,22.0000,69766
362,22.0000,22.0250,22.0000,22.0250,8324
363,22.0250,22.0300,21.9950,22.0000,8273
364,22.0000,22.0100,21.9850,21.9850,8131
365,21.9900,22.0100,21.9800,22.0050,12008
366,22.0050,22.0050,21.9900,21.9950,6843
367,21.9950,22.0100,21.9950,22.0050,11699
368,22.0000,22.0050,21.9900,21.9950,7096
369,21.9900,22.0150,21.9900,22.0150,14397
370,22.0100,22.0200,22.0100,22.0150,4859
371,22.0181,22.0181,21.9900,22.0050,30656
372,22.0050,22.0100,22.0000,22.0050,3300
373,22.0050,22.0100,22.0000,22.0050,4564
374,22.0050,22.0100,21.9900,21.9900,16531
375,21.9850,22.0100,21.9800,22.0000,48587
376,22.0000,22.0100,21.9900,22.0100,25390
377,22.0050,22.0100,21.9900,21.9950,50854
378,21.9950,22.0000,21.9900,21.9950,7347
379,21.9950,22.0100,21.9950,22.0050,23120
380,22.0050,22.0100,22.0000,22.0100,11509
381,22.0100,22.0200,22.0000,22.0000,48606
382,22.0000,22.0050,21.9900,21.9900,18904
383,21.9950,22.0000,21.9900,21.9900,12776
384,21.9900,21.9958,21.9800,21.9800,48846
385,21.9850,21.9900,21.9800,21.9850,33897
386,21.9900,21.9900,21.9800,21.9900,20361
387,21.9850,22.0000,21.9850,21.9950,26824
388,21.9950,22.0100,21.9900,22.0100,34369
389,22.0050,22.0200,22.0000,22.0050,63112
390,22.0000,22.0100,21.9900,21.9950,71561