DFS,Discover Financial Services,Financials,4,Consumer Finance,22355061325,3959038
a1499358600,58.7700,58.7700,58.7700,58.7700,100
2,58.6500,58.7800,58.6200,58.7800,865
3,58.6500,58.7600,58.6400,58.7400,1850
4,58.7250,58.7400,58.6600,58.6700,3082
5,58.6700,58.6700,58.6350,58.6350,2600
6,58.6600,58.6600,58.5500,58.5500,4937
7,58.5500,58.5500,58.4600,58.4600,1100
8,58.4600,58.5100,58.4500,58.4500,2586
9,58.4800,58.5200,58.4700,58.5200,1766
10,58.5400,58.5700,58.4300,58.4600,5882
11,58.4500,58.4900,58.4200,58.4280,1699
12,58.4000,58.4700,58.3900,58.3901,4700
13,58.3900,58.4800,58.3900,58.4800,5476
14,58.4500,58.5300,58.4100,58.5300,10751
15,58.5500,58.5500,58.4800,58.4800,500
16,58.5200,58.5500,58.5100,58.5200,3400
17,58.5100,58.5500,58.5100,58.5300,3625
18,58.5100,58.5200,58.5000,58.5000,1800
19,58.4800,58.5600,58.4800,58.5450,6712
20,58.5600,58.6000,58.5450,58.5900,1600
21,58.5900,58.6000,58.5800,58.5900,3202
22,58.5800,58.5900,58.5700,58.5700,1600
23,58.5600,58.5600,58.5200,58.5200,2631
24,58.5000,58.5000,58.4200,58.4200,14794
25,58.4300,58.4500,58.4300,58.4350,8615
26,58.4300,58.4400,58.4200,58.4200,1803
27,58.4300,58.4407,58.4250,58.4350,1625
28,58.4300,58.5000,58.4300,58.5000,4988
29,58.5100,58.5600,58.4800,58.4800,35851
30,58.4800,58.5100,58.4800,58.4850,1450
31,58.4999,58.5300,58.4999,58.5300,14467
32,58.5200,58.5225,58.4800,58.4800,4287
33,58.4600,58.4600,58.4300,58.4400,4105
34,58.4300,58.4500,58.4300,58.4500,3563
35,58.4400,58.4600,58.4400,58.4500,3202
36,58.4600,58.5200,58.4550,58.5100,7875
37,58.5100,58.5139,58.5000,58.5002,2269
38,58.5000,58.5257,58.4900,58.5200,3899
39,58.5300,58.5300,58.4700,58.4800,5066
40,58.4800,58.4800,58.4500,58.4800,3220
41,58.4752,58.6100,58.4752,58.6100,5784
42,58.6000,58.6100,58.5500,58.5500,6861
43,58.5600,58.5900,58.5600,58.5900,1157
44,58.6100,58.6200,58.5600,58.5700,23995
45,58.5700,58.5700,58.5400,58.5650,13272
46,58.5700,58.6000,58.5400,58.6000,18305
47,58.6000,58.6100,58.5600,58.5700,18821
48,58.5800,58.5800,58.5600,58.5600,24353
49,58.5600,58.5600,58.5200,58.5300,2800
50,58.5300,58.5800,58.5300,58.5600,9571
51,58.5600,58.5900,58.5600,58.5800,4550
52,58.5800,58.5900,58.5800,58.5850,1000
53,58.5850,58.5850,58.5300,58.5399,5903
54,58.5300,58.5300,58.4900,58.5100,5536
55,58.5115,58.5300,58.5115,58.5300,3512
56,58.5300,58.5400,58.4600,58.4800,13777
57,58.4700,58.5200,58.4600,58.5000,7786
58,58.5100,58.5100,58.4850,58.5100,5655
59,58.5200,58.5700,58.4900,58.5400,8751
60,58.5200,58.5200,58.4929,58.4929,1400
61,58.4800,58.5190,58.4700,58.5190,6857
62,58.5100,58.5100,58.4947,58.5000,6164
63,58.4900,58.4900,58.4300,58.4450,57890
64,58.4500,58.4525,58.4300,58.4400,5755
65,58.4550,58.4600,58.4100,58.4150,12496
66,58.4100,58.4250,58.4000,58.4200,5300
67,58.4200,58.4300,58.4050,58.4200,6742
68,58.4200,58.4250,58.3750,58.4150,6952
69,58.4150,58.4200,58.3650,58.3750,5031
70,58.3900,58.3950,58.3650,58.3650,4700
71,58.3700,58.4100,58.3650,58.3950,8091
72,58.4000,58.4048,58.3900,58.3950,4111
73,58.4000,58.4350,58.4000,58.4350,6498
74,58.4300,58.4500,58.4200,58.4500,3191
75,58.4600,58.4600,58.4400,58.4600,5356
76,58.4500,58.4600,58.4300,58.4300,3064
77,58.4200,58.4500,58.4000,58.4500,6321
78,58.4400,58.4500,58.4200,58.4500,4100
79,58.4600,58.4700,58.4500,58.4600,1989
80,58.4700,58.4900,58.4600,58.4700,4950
81,58.4600,58.4600,58.4500,58.4600,1969
82,58.4650,58.4700,58.4500,58.4600,1901
83,58.4700,58.4700,58.4600,58.4600,3588
84,58.4600,58.4600,58.4250,58.4250,2480
85,58.4247,58.4247,58.4100,58.4200,1900
86,58.4200,58.4200,58.3900,58.3900,1900
87,58.3700,58.4000,58.3500,58.3800,8034
88,58.3800,58.4000,58.3800,58.3999,4102
89,58.4000,58.4200,58.3800,58.3900,7084
90,58.3850,58.4100,58.3790,58.4100,104412
91,58.4050,58.4350,58.3700,58.3850,11400
92,58.3900,58.4100,58.3900,58.4000,5400
93,58.4000,58.4200,58.3950,58.4100,7900
94,58.4000,58.4100,58.3300,58.3400,9258
95,58.3400,58.3500,58.3200,58.3300,8820
96,58.3250,58.3300,58.2600,58.2700,6123
97,58.2600,58.2800,58.2400,58.2750,5266
98,58.2700,58.2700,58.2400,58.2700,5007
99,58.2700,58.2800,58.2500,58.2800,3333
100,58.2799,58.3100,58.2799,58.3100,6932
101,58.3400,58.3500,58.3000,58.3000,9048
102,58.3100,58.3100,58.2900,58.3000,4316
103,58.2900,58.3300,58.2900,58.3100,5297
104,58.3200,58.3600,58.3150,58.3500,2910
105,58.3500,58.3750,58.3300,58.3300,8501
106,58.3300,58.3300,58.3050,58.3050,12230
107,58.3100,58.3450,58.3100,58.3400,5406
108,58.3400,58.3400,58.2900,58.2900,4329
109,58.2800,58.3100,58.2800,58.3100,5776
110,58.3200,58.3400,58.2900,58.3200,12652
111,58.3500,58.3700,58.3400,58.3700,4388
112,58.3750,58.3900,58.3750,58.3900,3800
113,58.4000,58.4100,58.3900,58.4100,4571
114,58.4100,58.4300,58.4000,58.4300,2500
115,58.4399,58.5000,58.4399,58.4700,8206
116,58.4700,58.4700,58.4600,58.4600,2683
117,58.4600,58.4700,58.4100,58.4100,6700
118,58.4100,58.4300,58.4100,58.4300,1500
119,58.4400,58.4600,58.4000,58.4100,5650
120,58.4100,58.4300,58.4100,58.4100,4234
121,58.4000,58.4300,58.4000,58.4300,1524
122,58.4300,58.4400,58.4293,58.4400,8498
123,58.4400,58.4400,58.4300,58.4300,26947
124,58.4300,58.4400,58.3900,58.4400,21172
125,58.4300,58.4600,58.4300,58.4600,54468
126,58.4700,58.5000,58.4700,58.4800,9936
127,58.4800,58.4850,58.4300,58.4300,7913
128,58.4300,58.4400,58.4300,58.4400,2901
129,58.4400,58.4400,58.4000,58.4100,6580
130,58.4100,58.4300,58.4100,58.4300,2800
131,58.4300,58.4400,58.4300,58.4400,5718
132,58.4400,58.4400,58.4300,58.4400,10142
133,58.4350,58.4400,58.4200,58.4200,7448
134,58.4100,58.4100,58.3900,58.3900,1900
135,58.3800,58.3801,58.3600,58.3700,2948
136,58.3700,58.3799,58.3550,58.3700,10445
137,58.3700,58.4150,58.3700,58.4150,4500
138,58.4150,58.4150,58.3600,58.3650,4250
139,58.3700,58.3750,58.3500,58.3600,4118
140,58.3600,58.3800,58.3500,58.3800,2439
141,58.3800,58.3850,58.3700,58.3700,5614
142,58.3750,58.3750,58.3500,58.3500,1500
143,58.3500,58.3767,58.3400,58.3700,4390
144,58.3700,58.3700,58.3400,58.3400,2446
145,58.3400,58.3500,58.3400,58.3400,400
146,58.3500,58.3550,58.3200,58.3200,3889
147,58.3200,58.3250,58.3175,58.3200,2664
148,58.3275,58.3400,58.3100,58.3100,3421
149,58.3100,58.3100,58.3000,58.3100,2800
150,58.3100,58.3300,58.2946,58.3300,2735
151,58.3300,58.3900,58.3300,58.3900,5049
152,58.3900,58.3900,58.3700,58.3700,1210
153,58.3700,58.4000,58.3700,58.4000,3104
154,58.4030,58.4030,58.4000,58.4000,2101
155,58.4100,58.4100,58.4000,58.4000,2510
156,58.4100,58.4200,58.3936,58.3943,1600
157,58.4000,58.4400,58.4000,58.4400,4550
158,58.4500,58.4600,58.4400,58.4500,4850
159,58.4500,58.4500,58.4200,58.4200,3230
160,58.4100,58.4100,58.4100,58.4100,1000
161,58.4100,58.4100,58.4000,58.4050,900
162,58.4050,58.4050,58.3900,58.3900,700
163,58.4000,58.4500,58.4000,58.4300,3349
164,58.4400,58.4500,58.4200,58.4200,17365
165,58.4200,58.4300,58.4100,58.4300,1640
166,58.4500,58.4500,58.4500,58.4500,2135
167,58.4400,58.4450,58.4300,58.4400,2650
168,58.4400,58.4400,58.4200,58.4200,1422
169,58.4200,58.4450,58.4200,58.4400,2181
170,58.4350,58.4400,58.4200,58.4300,1850
171,58.4300,58.4300,58.4200,58.4200,1200
172,58.4100,58.4100,58.3850,58.3850,3420
173,58.3800,58.3900,58.3800,58.3800,1400
174,58.3800,58.3800,58.3400,58.3500,8463
175,58.3600,58.3600,58.3400,58.3500,2678
176,58.3500,58.3550,58.3500,58.3500,800
177,58.3600,58.3600,58.3300,58.3500,6111
178,58.3500,58.3800,58.3500,58.3800,3317
179,58.3900,58.4000,58.3600,58.3600,900
180,58.3500,58.4200,58.3500,58.4200,17105
181,58.4200,58.4200,58.4100,58.4200,3402
182,58.4150,58.4150,58.4150,58.4150,100
183,58.4200,58.4400,58.4000,58.4000,4033
184,58.4100,58.4100,58.4000,58.4000,3611
185,58.4100,58.4600,58.4100,58.4500,5791
186,58.4600,58.4800,58.4500,58.4800,3002
187,58.4800,58.4800,58.4300,58.4300,1620
188,58.4300,58.4400,58.4200,58.4400,2461
189,58.4400,58.4400,58.4200,58.4200,1935
190,58.4100,58.4200,58.4050,58.4100,3309
191,58.4100,58.4500,58.4100,58.4500,908
192,58.4400,58.4400,58.4200,58.4200,1509
193,58.4100,58.4210,58.4100,58.4200,1471
194,58.4100,58.4100,58.4000,58.4099,10944
195,58.4100,58.4200,58.4050,58.4200,4573
196,58.4200,58.4300,58.4200,58.4300,1575
197,58.4300,58.4400,58.4300,58.4400,1401
198,58.4300,58.4500,58.4300,58.4500,1610
199,58.4550,58.4550,58.4300,58.4300,1936
200,58.4200,58.4300,58.4050,58.4050,5222
201,58.4100,58.4200,58.4000,58.4100,8055
202,58.4050,58.4100,58.4000,58.4050,9881
203,58.4100,58.4150,58.4050,58.4150,1713
204,58.4150,58.4150,58.4000,58.4100,4126
205,58.4100,58.4700,58.4100,58.4700,4410
206,58.4600,58.4600,58.4500,58.4600,2708
207,58.4700,58.4700,58.4400,58.4500,9802
208,58.4400,58.4400,58.4300,58.4350,2728
209,58.4350,58.4400,58.4200,58.4200,2858
210,58.4400,58.4400,58.4400,58.4400,100
211,58.4500,58.4500,58.4300,58.4300,2000
212,58.4300,58.4300,58.4000,58.4000,12211
213,58.4000,58.4000,58.3933,58.4000,8861
214,58.4050,58.4050,58.4000,58.4000,600
215,58.4000,58.4100,58.4000,58.4050,4181
216,58.4000,58.4850,58.4000,58.4850,8353
217,58.4900,58.4900,58.4600,58.4700,3100
218,58.4800,58.4800,58.4700,58.4800,2400
219,58.4800,58.4850,58.4600,58.4600,2501
220,58.4700,58.4900,58.4700,58.4900,2450
221,58.5000,58.5000,58.4700,58.4800,4781
222,58.4900,58.4900,58.4600,58.4600,5042
223,58.4500,58.4700,58.4450,58.4600,3400
224,58.4700,58.4700,58.4400,58.4400,6522
225,58.4400,58.4400,58.4170,58.4200,1879
226,58.4300,58.4300,58.4200,58.4200,1901
227,58.4100,58.4400,58.4100,58.4400,3800
228,58.4300,58.4400,58.4201,58.4400,2988
229,58.4400,58.4550,58.4400,58.4550,3201
230,58.4557,58.4600,58.4401,58.4600,2067
231,58.4799,58.5100,58.4799,58.5000,6442
232,58.5100,58.5100,58.5000,58.5100,2601
233,58.5100,58.5100,58.5000,58.5000,300
234,58.5057,58.5150,58.5000,58.5000,3331
235,58.5000,58.5050,58.5000,58.5000,1900
236,58.5000,58.5300,58.4950,58.5299,4160
237,58.5300,58.5500,58.5300,58.5400,3980
238,58.5400,58.5750,58.5400,58.5750,6118
239,58.5900,58.6000,58.5800,58.5800,4347
240,58.5800,58.5900,58.5650,58.5900,2502
241,58.5800,58.5800,58.5700,58.5700,1000
242,58.5700,58.5800,58.5631,58.5800,3130
243,58.5800,58.5900,58.5700,58.5800,1300
244,58.5900,58.5900,58.5800,58.5800,3065
245,58.5900,58.5900,58.5500,58.5500,3301
246,58.5600,58.5800,58.5500,58.5757,4020
247,58.5800,58.5800,58.5700,58.5700,1302
248,58.5600,58.5700,58.5550,58.5550,1970
249,58.5600,58.6000,58.5600,58.5900,1720
250,58.6000,58.6200,58.6000,58.6150,3826
251,58.6100,58.6200,58.6100,58.6100,1900
252,58.6150,58.6900,58.6150,58.6800,17146
253,58.6800,58.6800,58.6700,58.6700,2501
254,58.6700,58.6800,58.6501,58.6550,5998
255,58.6600,58.6600,58.6500,58.6500,6100
256,58.6500,58.6700,58.6435,58.6700,1899
257,58.6800,58.6800,58.6600,58.6600,1760
258,58.6600,58.6600,58.6500,58.6500,1350
259,58.6550,58.6700,58.6550,58.6600,2677
260,58.6600,58.6650,58.6600,58.6650,854
261,58.6600,58.6750,58.6600,58.6750,3950
262,58.6700,58.6925,58.6700,58.6900,1046
263,58.6800,58.7050,58.6800,58.7000,3252
264,58.7000,58.7000,58.6700,58.6700,2158
265,58.6800,58.6850,58.6700,58.6700,3149
266,58.6700,58.6700,58.6600,58.6600,1000
267,58.6500,58.6550,58.6400,58.6400,2799
268,58.6400,58.6500,58.6241,58.6500,3671
269,58.6500,58.6600,58.6469,58.6500,2172
270,58.6500,58.6850,58.6450,58.6700,2523
271,58.6900,58.6900,58.6800,58.6900,2061
272,58.6800,58.6900,58.6750,58.6900,1769
273,58.6987,58.7000,58.6900,58.6950,2661
274,58.6900,58.7000,58.6900,58.6900,2000
275,58.7000,58.7200,58.7000,58.7200,2646
276,58.7200,58.7200,58.7100,58.7100,1219
277,58.7200,58.7500,58.7150,58.7500,4527
278,58.7500,58.7500,58.7500,58.7500,300
279,58.7499,58.7500,58.7200,58.7200,5930
280,58.7100,58.7100,58.7100,58.7100,2300
281,58.7100,58.7142,58.6900,58.6900,1265
282,58.6900,58.7000,58.6786,58.6850,5428
283,58.6900,58.7000,58.6900,58.7000,3300
284,58.7000,58.7000,58.6850,58.6900,1701
285,58.6900,58.6900,58.6900,58.6900,1400
286,58.6900,58.6950,58.6700,58.6800,2600
287,58.6800,58.6900,58.6800,58.6900,4624
288,58.6900,58.7000,58.6900,58.7000,1508
289,58.7100,58.7100,58.6900,58.6900,1400
290,58.6900,58.7700,58.6900,58.7650,5445
291,58.7700,58.7700,58.7501,58.7600,2738
292,58.7600,58.7600,58.7600,58.7600,100
293,58.7600,58.7800,58.7600,58.7600,3001
294,58.7501,58.7600,58.7500,58.7500,28896
295,58.7400,58.7400,58.7200,58.7200,7861
296,58.7200,58.7300,58.7200,58.7300,8810
297,58.7300,58.7300,58.7200,58.7200,3519
298,58.7200,58.7400,58.7200,58.7400,4280
299,58.7500,58.7600,58.7500,58.7550,5831
300,58.7500,58.7500,58.7300,58.7300,2601
301,58.7300,58.7350,58.7100,58.7100,9470
302,58.7150,58.7400,58.7150,58.7400,10655
303,58.7400,58.7650,58.7400,58.7650,2427
304,58.7700,58.8100,58.7600,58.8100,4834
305,58.8200,58.8600,58.8000,58.8500,4350
306,58.8584,58.9070,58.8584,58.8700,3227
307,58.8800,58.8850,58.8600,58.8850,6626
308,58.8800,58.9100,58.8700,58.9055,1818
309,58.9000,58.9000,58.8700,58.8700,2150
310,58.8700,58.8900,58.8650,58.8700,2901
311,58.8600,58.9000,58.8600,58.8900,4801
312,58.8900,58.9000,58.8846,58.9000,5029
313,58.9100,58.9300,58.9100,58.9300,1301
314,58.9100,58.9100,58.8900,58.9000,4300
315,58.8950,58.9100,58.8950,58.9050,2317
316,58.9000,58.9100,58.8900,58.9000,1734
317,58.9000,58.9200,58.9000,58.9000,4101
318,58.9000,58.9050,58.8900,58.8950,9126
319,58.8900,58.9000,58.8850,58.8900,9798
320,58.8850,58.8900,58.8800,58.8800,37420
321,58.8800,58.9000,58.8800,58.8900,7200
322,58.8950,58.9100,58.8950,58.9100,4537
323,58.9100,58.9200,58.9000,58.9000,4300
324,58.9050,58.9150,58.9001,58.9150,3116
325,58.9099,58.9100,58.8700,58.8700,2880
326,58.8700,58.8950,58.8700,58.8800,5507
327,58.8800,58.8900,58.8600,58.8600,4243
328,58.8700,58.8700,58.8300,58.8300,2268
329,58.8200,58.8280,58.8100,58.8100,15971
330,58.8050,58.8100,58.7900,58.7900,1800
331,58.7900,58.8100,58.7900,58.8050,3561
332,58.8100,58.8400,58.8050,58.8400,3141
333,58.8300,58.8300,58.8100,58.8100,3594
334,58.8000,58.8300,58.8000,58.8300,5123
335,58.8300,58.8300,58.8300,58.8300,1848
336,58.8200,58.8300,58.8100,58.8300,3220
337,58.8300,58.8350,58.8100,58.8100,3555
338,58.8110,58.8200,58.8100,58.8200,4938
339,58.8200,58.8550,58.8200,58.8500,3617
340,58.8600,58.8600,58.8000,58.8100,16771
341,58.8100,58.8200,58.8050,58.8100,6697
342,58.8000,58.8010,58.7700,58.7800,6361
343,58.7800,58.7850,58.7743,58.7800,2110
344,58.7800,58.7800,58.7700,58.7700,4001
345,58.7800,58.8100,58.7700,58.8100,12330
346,58.8100,58.8350,58.8100,58.8200,3191
347,58.8300,58.8400,58.8300,58.8300,2169
348,58.8350,58.8350,58.7900,58.8000,5838
349,58.8000,58.8200,58.7950,58.8100,3365
350,58.8100,58.8100,58.7900,58.8000,7053
351,58.8000,58.8300,58.8000,58.8000,110399
352,58.8000,58.8250,58.8000,58.8000,17290
353,58.8000,58.8100,58.7900,58.8100,48393
354,58.8200,58.8800,58.8200,58.8800,8830
355,58.8900,58.9000,58.8850,58.8950,4365
356,58.9000,58.9700,58.9000,58.9600,8345
357,58.9600,58.9900,58.9450,58.9700,11493
358,58.9700,58.9700,58.9500,58.9600,4069
359,58.9700,58.9700,58.9400,58.9400,8157
360,58.9500,58.9600,58.9400,58.9600,5663
361,58.9600,58.9650,58.9300,58.9500,10911
362,58.9400,58.9500,58.9400,58.9400,4109
363,58.9300,58.9600,58.9300,58.9600,58613
364,58.9600,58.9600,58.9250,58.9300,7481
365,58.9200,58.9300,58.9000,58.9300,8604
366,58.9300,58.9367,58.9200,58.9200,6286
367,58.9200,58.9350,58.9200,58.9300,4138
368,58.9400,58.9800,58.9400,58.9700,7140
369,58.9700,58.9800,58.9550,58.9550,14476
370,58.9546,58.9546,58.9300,58.9350,13507
371,58.9300,58.9400,58.9300,58.9300,4398
372,58.9350,58.9400,58.9200,58.9250,11212
373,58.9200,58.9300,58.9100,58.9150,5751
374,58.9100,58.9150,58.9100,58.9100,3413
375,58.9100,58.9100,58.8800,58.8800,17313
376,58.8800,58.8950,58.8550,58.8550,14058
377,58.8550,58.8600,58.8400,58.8442,9795
378,58.8400,58.8500,58.8100,58.8100,7396
379,58.8100,58.8200,58.8050,58.8050,19162
380,58.8050,58.8050,58.7900,58.7900,6628
381,58.7900,58.8400,58.7900,58.8200,25134
382,58.8100,58.8110,58.7900,58.7900,11652
383,58.7900,58.8000,58.7600,58.7600,13627
384,58.7500,58.7650,58.7400,58.7450,31341
385,58.7450,58.7550,58.7400,58.7400,15790
386,58.7400,58.7450,58.7200,58.7200,19416
387,58.7200,58.7250,58.6800,58.6900,66449
388,58.6900,58.7150,58.6800,58.7000,40815
389,58.7100,58.7300,58.6900,58.6900,49804
390,58.6900,58.7200,58.6800,58.7000,94988