DISH,Dish Network,Consumer Discretionary,1,Cable & Satellite,30138474369,2841689
a1499358600,66.2100,66.2100,66.2100,66.2100,7694
1,66.1500,66.2700,65.8600,65.8600,3089
2,65.5800,65.6500,65.1600,65.4000,35584
3,65.3400,65.3400,65.1100,65.2400,4050
4,65.2650,65.4200,65.2000,65.3200,4100
5,65.3300,65.5400,65.3300,65.5400,2100
6,65.5000,65.5400,65.3800,65.4800,3939
7,65.4500,65.4750,65.4300,65.4500,1400
8,65.4300,65.4300,65.3600,65.3600,2246
9,65.3600,65.6100,65.3600,65.5600,5582
10,65.6000,65.6700,65.4900,65.5400,5781
11,65.5500,65.5500,65.4800,65.4850,6474
12,65.4400,65.4400,65.2800,65.2800,5400
13,65.2700,65.3300,65.2500,65.3300,2897
14,65.3800,65.4400,65.1400,65.2800,15183
15,65.3700,65.5200,65.3700,65.4500,7749
16,65.3800,65.4900,65.3800,65.4900,2370
17,65.4200,65.4400,65.4200,65.4400,700
18,65.4206,65.4800,65.4150,65.4650,2142
19,65.4510,65.4510,65.4200,65.4200,460
20,65.4200,65.4600,65.4000,65.4600,2939
21,65.4800,65.4900,65.4350,65.4500,1500
22,65.4900,65.4900,65.3400,65.4000,3398
23,65.3800,65.4500,65.3800,65.4200,1100
24,65.4500,65.5000,65.4200,65.4500,2755
25,65.4150,65.4300,65.3400,65.3400,900
26,65.3600,65.4000,65.3400,65.4000,1100
27,65.4100,65.4100,65.3950,65.4100,400
28,65.3900,65.3900,65.3900,65.3900,100
29,65.4158,65.4300,65.3100,65.3100,8862
30,65.2950,65.3200,65.2900,65.3100,2992
31,65.3200,65.3300,65.2700,65.2700,3000
32,65.2900,65.3000,65.1400,65.2200,9850
33,65.2000,65.2000,65.1450,65.1900,2868
34,65.1500,65.2700,65.1500,65.2700,3196
35,65.2650,65.2650,65.2350,65.2400,743
36,65.2400,65.2400,65.2400,65.2400,500
37,65.2400,65.2400,65.2400,65.2400,200
38,65.2200,65.2400,65.2200,65.2400,576
39,65.2400,65.2400,65.1900,65.1900,3051
40,65.1800,65.2050,65.1800,65.1800,1884
41,65.1900,65.2500,65.1900,65.2400,5200
42,65.2400,65.2900,65.2400,65.2600,2004
43,65.2500,65.3100,65.2500,65.3100,700
44,65.3000,65.3300,65.3000,65.3250,2100
45,65.3100,65.3100,65.3000,65.3000,2100
46,65.3100,65.3200,65.3100,65.3100,1112
47,65.3300,65.3992,65.3300,65.3992,2300
48,65.3950,65.4100,65.3950,65.4100,300
49,65.4000,65.4100,65.3950,65.4100,1000
50,65.4200,65.4200,65.4200,65.4200,200
51,65.4200,65.4200,65.3700,65.3700,1400
52,65.3900,65.3900,65.3700,65.3700,840
53,65.3700,65.3700,65.3700,65.3700,100
54,65.3889,65.3889,65.3300,65.3300,3150
55,65.3500,65.3700,65.3300,65.3500,4500
56,65.3600,65.3600,65.3300,65.3400,1455
57,65.3800,65.4000,65.3600,65.3600,1722
58,65.3800,65.3800,65.1100,65.2000,18939
59,65.2300,65.2670,65.2300,65.2550,2100
60,65.2600,65.2700,65.2300,65.2320,2800
61,65.2300,65.2600,65.2100,65.2600,3800
62,65.2500,65.2500,65.2100,65.2300,2486
63,65.2300,65.2300,65.1800,65.1950,1570
64,65.1900,65.2400,65.1500,65.2400,7400
65,65.2401,65.2700,65.2200,65.2700,5388
66,65.2700,65.3000,65.2600,65.2650,3710
67,65.2700,65.2800,65.2500,65.2600,2975
68,65.2500,65.2500,65.1600,65.2100,7223
69,65.1800,65.1900,65.1400,65.1400,2236
70,65.1600,65.1700,65.1400,65.1500,1500
71,65.1400,65.1700,65.1400,65.1700,600
72,65.1700,65.1700,65.0700,65.0850,3300
73,65.0900,65.1100,65.0700,65.0900,1400
74,65.0800,65.1000,65.0500,65.0700,5800
75,65.0700,65.0800,65.0500,65.0800,4031
76,65.0800,65.0900,65.0700,65.0900,2700
77,65.0900,65.2000,65.0900,65.2000,12400
78,65.2000,65.2000,65.1800,65.1900,3600
79,65.1700,65.1900,65.1700,65.1900,1800
80,65.1900,65.2100,65.1700,65.1700,3798
81,65.1800,65.1800,65.1700,65.1800,600
82,65.1800,65.1800,65.1800,65.1800,200
83,65.1800,65.2050,65.1700,65.2050,1900
84,65.2100,65.2100,65.1850,65.1850,2200
85,65.1800,65.2700,65.1800,65.2700,4853
86,65.2700,65.2700,65.2150,65.2150,1400
87,65.1900,65.1900,65.1900,65.1900,100
89,65.2100,65.2800,65.2100,65.2600,2709
90,65.2500,65.2500,65.2300,65.2300,724
91,65.2300,65.2400,65.1900,65.2200,3300
92,65.2400,65.2600,65.2200,65.2600,1600
93,65.2600,65.2600,65.2500,65.2571,900
94,65.2400,65.2599,65.2300,65.2450,1683
95,65.2300,65.2500,65.2300,65.2500,2200
96,65.2400,65.2500,65.2400,65.2500,300
97,65.2300,65.2400,65.2100,65.2400,6453
98,65.2500,65.2500,65.2400,65.2400,600
99,65.2500,65.2600,65.2200,65.2200,1600
100,65.2100,65.2100,65.1600,65.1600,12479
101,65.1700,65.1900,65.1600,65.1600,2800
102,65.1900,65.1901,65.1276,65.1600,7294
103,65.1400,65.1400,65.1250,65.1250,500
104,65.1100,65.1700,65.1100,65.1650,1200
105,65.1700,65.1700,65.1200,65.1200,1068
106,65.1400,65.1800,65.1400,65.1600,1403
107,65.1800,65.1800,65.1600,65.1600,500
108,65.1600,65.1600,65.1400,65.1400,900
109,65.1100,65.1100,65.0800,65.0900,1200
110,65.1000,65.1200,65.1000,65.1200,900
111,65.1200,65.1200,65.1200,65.1200,500
112,65.1200,65.1250,65.0800,65.0800,1800
113,65.0800,65.1100,65.0700,65.0800,2400
114,65.0800,65.0800,65.0600,65.0600,600
115,65.0700,65.0900,65.0684,65.0900,3242
116,65.0900,65.1200,65.0900,65.1200,909
117,65.1200,65.1200,65.1000,65.1000,1400
118,65.0800,65.0950,65.0800,65.0950,300
119,65.0800,65.0800,65.0800,65.0800,100
120,65.1000,65.1200,65.0900,65.1000,1764
121,65.1200,65.1450,65.1200,65.1400,2400
122,65.1400,65.1600,65.1300,65.1600,1400
123,65.1650,65.2400,65.1650,65.2200,4178
124,65.2300,65.2400,65.2268,65.2400,1000
125,65.2400,65.2400,65.2200,65.2200,1200
126,65.2200,65.2500,65.2100,65.2500,2176
127,65.2400,65.2450,65.2100,65.2300,3100
128,65.2400,65.2600,65.2400,65.2400,2100
129,65.2500,65.2600,65.2100,65.2100,2400
130,65.2100,65.2100,65.1900,65.2000,940
131,65.2000,65.2200,65.1750,65.1900,3768
132,65.1900,65.2700,65.1900,65.2700,2400
133,65.2800,65.2900,65.2500,65.2500,4938
134,65.2500,65.2700,65.2500,65.2600,4200
135,65.2500,65.2600,65.2500,65.2500,3686
136,65.2600,65.2700,65.2500,65.2600,1900
137,65.2500,65.2600,65.2400,65.2500,8200
138,65.2500,65.2600,65.2400,65.2500,2260
139,65.2500,65.2600,65.2500,65.2600,5300
140,65.2600,65.2700,65.2600,65.2600,700
141,65.2700,65.2800,65.2400,65.2500,3128
142,65.2300,65.2300,65.1900,65.1900,2394
143,65.2000,65.2100,65.1900,65.2000,1700
144,65.1900,65.1900,65.1700,65.1700,1000
145,65.1500,65.1600,65.1300,65.1300,1300
146,65.1300,65.1300,65.1100,65.1100,1500
147,65.1100,65.1100,65.0900,65.1000,2800
148,65.0900,65.1000,65.0900,65.1000,2100
149,65.1000,65.1000,65.0100,65.0300,5701
150,65.0150,65.0300,65.0100,65.0200,2053
151,65.0100,65.0200,64.9500,64.9900,43900
152,64.9700,65.0300,64.9700,65.0100,6754
153,65.0300,65.0700,65.0100,65.0100,13300
154,65.0200,65.0200,64.9800,64.9800,3200
155,64.9700,65.0000,64.9700,64.9900,3008
156,64.9950,65.0000,64.9900,65.0000,4600
157,65.0000,65.0400,65.0000,65.0400,2400
158,65.0400,65.0700,65.0300,65.0700,1900
159,65.0600,65.0700,65.0600,65.0700,1000
160,65.0800,65.0800,65.0500,65.0600,2400
161,65.0700,65.0700,65.0500,65.0600,1200
162,65.0600,65.0600,65.0400,65.0500,1900
163,65.0400,65.0600,65.0400,65.0600,3200
164,65.0700,65.0800,65.0600,65.0800,1500
165,65.0900,65.1200,65.0875,65.0950,4900
166,65.1000,65.1000,65.0300,65.0400,3200
167,65.0300,65.0300,65.0200,65.0200,800
168,65.0200,65.0200,64.9700,64.9700,2489
169,64.9700,64.9700,64.9500,64.9500,3000
170,64.9400,64.9400,64.8700,64.8900,2700
171,64.9000,64.9000,64.8800,64.8800,800
172,64.9000,64.9100,64.8900,64.8915,4300
173,64.8940,64.9000,64.8900,64.8900,3500
174,64.8950,64.9000,64.8900,64.9000,1200
175,64.9000,64.9000,64.8500,64.8600,4550
176,64.8700,64.8800,64.8500,64.8800,1840
177,64.8900,64.9100,64.8900,64.9100,14300
178,64.9200,64.9200,64.9100,64.9200,1870
179,64.9300,64.9300,64.8820,64.9046,5549
180,64.8900,64.9100,64.8700,64.9050,5898
181,64.9000,64.9150,64.8700,64.8800,6350
182,64.8800,64.8800,64.8600,64.8700,2515
183,64.8700,64.8900,64.8600,64.8650,2170
184,64.8500,64.8650,64.8500,64.8600,1833
185,64.8700,64.8800,64.8600,64.8700,1980
186,64.8700,64.8750,64.8600,64.8600,1500
187,64.8600,64.8700,64.8600,64.8650,1496
188,64.8650,64.8700,64.8600,64.8700,1400
189,64.8750,64.8750,64.8500,64.8600,1902
190,64.8600,64.8800,64.8500,64.8700,3165
191,64.8600,64.8700,64.8500,64.8600,2200
192,64.8600,64.8700,64.8600,64.8700,900
193,64.8800,64.8800,64.8600,64.8800,2000
194,64.8800,64.8850,64.8700,64.8800,2524
195,64.8800,64.8900,64.8800,64.8900,600
196,64.8800,64.8800,64.8600,64.8600,1900
197,64.8700,64.8700,64.8600,64.8700,1000
198,64.8700,64.8700,64.8600,64.8700,1400
199,64.8700,64.8700,64.8700,64.8700,1100
200,64.8700,64.8800,64.8700,64.8700,1400
201,64.8600,64.8800,64.8500,64.8600,1800
202,64.8600,64.8700,64.8600,64.8600,1500
203,64.8700,64.8700,64.8600,64.8600,1000
204,64.8735,64.8735,64.8600,64.8600,325
205,64.8650,64.8700,64.8600,64.8600,1800
206,64.8600,64.8700,64.7400,64.7700,19948
207,64.7700,64.7800,64.7350,64.7800,4937
208,64.7800,64.8200,64.7800,64.7800,3800
209,64.7900,64.8200,64.7800,64.8200,1600
210,64.8400,64.8700,64.8200,64.8200,3200
211,64.8150,64.8150,64.7900,64.8000,1500
212,64.8100,64.8100,64.8050,64.8050,1200
213,64.8200,64.8200,64.7800,64.8000,2600
214,64.8000,64.8000,64.7900,64.7900,200
215,64.8000,64.8000,64.7500,64.7500,2016
216,64.7400,64.7400,64.7400,64.7400,100
217,64.7400,64.7400,64.7100,64.7100,1700
218,64.7000,64.7200,64.6900,64.7200,1403
219,64.7100,64.7100,64.6600,64.6600,2974
220,64.6800,64.6850,64.6800,64.6850,400
221,64.6800,64.7000,64.6800,64.7000,800
222,64.7000,64.7100,64.6900,64.7000,3800
223,64.7100,64.7100,64.6800,64.6850,4371
224,64.6850,64.6850,64.6500,64.6700,1500
225,64.6700,64.6800,64.6700,64.6700,700
226,64.6700,64.6700,64.6200,64.6200,1600
227,64.6400,64.6600,64.6400,64.6600,4300
228,64.6500,64.6578,64.6200,64.6250,2849
229,64.6300,64.6499,64.6230,64.6499,2650
230,64.6500,64.6500,64.6200,64.6200,2098
231,64.6200,64.6300,64.6200,64.6300,1044
232,64.6300,64.6500,64.6300,64.6500,2386
233,64.6500,64.6500,64.6110,64.6110,1100
234,64.6300,64.6400,64.6300,64.6300,1300
235,64.6200,64.6200,64.5400,64.5650,3200
236,64.5700,64.5800,64.5600,64.5700,1900
237,64.5800,64.5800,64.5200,64.5400,2663
238,64.5550,64.5800,64.5550,64.5800,700
239,64.5700,64.5700,64.5300,64.5300,3191
240,64.5300,64.6000,64.5300,64.6000,3667
241,64.6000,64.6300,64.5900,64.5900,2100
242,64.5800,64.5800,64.5600,64.5800,942
243,64.5800,64.6050,64.5800,64.6050,800
244,64.6000,64.6000,64.5900,64.5900,1200
245,64.6000,64.6200,64.6000,64.6100,1593
246,64.6100,64.6100,64.5900,64.5900,600
247,64.5900,64.6000,64.5900,64.5900,500
248,64.5900,64.5900,64.5900,64.5900,600
249,64.5900,64.5900,64.5500,64.5550,2102
250,64.5550,64.5700,64.5100,64.5100,5900
251,64.5100,64.5100,64.4718,64.4800,1695
252,64.4800,64.4900,64.4600,64.4700,4125
253,64.4600,64.4700,64.4600,64.4600,1700
254,64.4600,64.4700,64.4600,64.4700,1200
255,64.4500,64.4500,64.4200,64.4400,3334
256,64.4300,64.4300,64.3200,64.3400,9930
257,64.3400,64.3600,64.3300,64.3500,5000
258,64.3400,64.3600,64.3200,64.3500,2800
259,64.3400,64.3500,64.3000,64.3300,10904
260,64.3300,64.3400,64.3000,64.3100,3097
261,64.3100,64.3100,64.3000,64.3000,6271
262,64.3050,64.3300,64.3050,64.3100,10689
263,64.3300,64.3800,64.3200,64.3700,19482
264,64.3800,64.4400,64.3800,64.4300,5669
265,64.4500,64.4900,64.4500,64.4900,2300
266,64.4850,64.5500,64.4850,64.5400,7389
267,64.5400,64.5450,64.5100,64.5300,4665
268,64.5300,64.5900,64.5300,64.5900,4200
269,64.6100,64.6550,64.6100,64.6550,2300
270,64.6500,64.7100,64.6400,64.7100,7144
271,64.7100,64.7500,64.7000,64.7200,4300
272,64.7200,64.7450,64.7100,64.7300,2800
273,64.7250,64.7250,64.7150,64.7200,821
274,64.7150,64.7200,64.6950,64.7100,14504
275,64.7200,64.7650,64.7200,64.7650,3900
276,64.7600,64.7700,64.7600,64.7700,1192
277,64.7800,64.7900,64.7500,64.7500,8801
278,64.7500,64.7700,64.7400,64.7600,11194
279,64.7600,64.8300,64.7600,64.8200,7636
280,64.8300,64.8300,64.7400,64.7400,11500
281,64.7400,64.8000,64.6800,64.6800,13600
282,64.6700,64.7000,64.6700,64.6850,2600
283,64.6701,64.7000,64.6700,64.6900,3600
284,64.6700,64.6700,64.6400,64.6400,2500
285,64.6400,64.6400,64.5430,64.5430,4201
286,64.5400,64.5550,64.5100,64.5200,5832
287,64.5200,64.5400,64.5200,64.5400,928
288,64.5400,64.5600,64.5400,64.5600,1600
289,64.5550,64.5600,64.5050,64.5100,5400
290,64.5100,64.5400,64.5100,64.5250,1200
291,64.5250,64.5400,64.5250,64.5400,500
292,64.5400,64.5500,64.5000,64.5020,5831
293,64.5000,64.5200,64.5000,64.5100,4721
294,64.5100,64.5300,64.5100,64.5300,900
295,64.5300,64.5300,64.5300,64.5300,2200
296,64.5300,64.5400,64.5200,64.5200,2851
297,64.5200,64.5300,64.5200,64.5300,1700
298,64.5300,64.5300,64.5300,64.5300,1600
299,64.5300,64.5300,64.5200,64.5300,4400
300,64.5200,64.5200,64.5100,64.5100,1600
301,64.5100,64.5200,64.5100,64.5200,2200
302,64.5300,64.5400,64.5200,64.5400,2500
303,64.5400,64.5600,64.5350,64.5500,2691
304,64.5600,64.5900,64.5450,64.5900,2600
305,64.5950,64.5950,64.5800,64.5900,1200
306,64.6000,64.6400,64.5900,64.5900,3635
307,64.5900,64.5900,64.5600,64.5600,900
308,64.5500,64.5600,64.5400,64.5600,4400
309,64.5675,64.5700,64.5675,64.5700,454
310,64.5700,64.5800,64.5700,64.5800,500
311,64.5700,64.5800,64.5600,64.5792,2577
312,64.5900,64.6100,64.5900,64.6100,1600
313,64.6000,64.6100,64.5950,64.5950,1000
314,64.6050,64.6100,64.6050,64.6050,300
315,64.6100,64.6300,64.6100,64.6300,2500
316,64.6300,64.6400,64.6300,64.6400,3300
317,64.6600,64.6650,64.6600,64.6650,800
318,64.6600,64.6900,64.6600,64.6850,1600
319,64.6800,64.6900,64.6100,64.6100,2768
320,64.6200,64.6200,64.6100,64.6100,500
321,64.6200,64.6200,64.6000,64.6050,1500
322,64.6050,64.6100,64.6000,64.6100,5649
323,64.6200,64.6200,64.6200,64.6200,1500
324,64.6200,64.6300,64.6200,64.6200,800
325,64.6300,64.6500,64.6250,64.6500,2600
326,64.6550,64.6600,64.6500,64.6550,1300
327,64.6500,64.6600,64.6300,64.6300,2300
328,64.6350,64.6400,64.6350,64.6400,1400
329,64.6400,64.6450,64.6300,64.6300,7771
330,64.6200,64.6200,64.6050,64.6200,1926
331,64.6200,64.6600,64.6200,64.6600,3000
332,64.6600,64.7200,64.6600,64.7000,7969
333,64.7000,64.7000,64.7000,64.7000,1145
334,64.7100,64.7500,64.7100,64.7300,3058
335,64.7300,64.7400,64.7300,64.7300,2400
336,64.7300,64.7450,64.7200,64.7450,2555
337,64.7400,64.7400,64.7200,64.7300,1411
338,64.7200,64.7250,64.7000,64.7150,2902
339,64.7150,64.7900,64.6900,64.7900,9711
340,64.7900,64.8050,64.7900,64.7900,4933
341,64.7900,64.8350,64.7900,64.8350,3600
342,64.8300,64.8300,64.7900,64.7900,8752
343,64.7900,64.7900,64.7750,64.7900,1900
344,64.7900,64.8000,64.7800,64.7950,1300
345,64.7950,64.7950,64.7700,64.7911,7090
346,64.7900,64.8000,64.7900,64.8000,1300
347,64.7830,64.8100,64.7830,64.8044,1000
348,64.8100,64.8100,64.7800,64.7900,2600
349,64.7800,64.8050,64.7750,64.8050,2300
350,64.8000,64.8050,64.7820,64.7900,3224
351,64.7900,64.8100,64.7900,64.8100,2559
352,64.8100,64.8150,64.8000,64.8000,2410
353,64.8000,64.8000,64.7500,64.7500,3800
354,64.7600,64.7600,64.7100,64.7220,2800
355,64.7200,64.7200,64.6600,64.6600,7860
356,64.6600,64.6800,64.6600,64.6800,2100
357,64.6800,64.6800,64.6600,64.6600,900
358,64.6650,64.6700,64.6600,64.6650,2000
359,64.6650,64.6650,64.5900,64.6100,13816
360,64.6200,64.6200,64.6020,64.6020,1200
361,64.6000,64.6100,64.5350,64.5600,11366
362,64.5700,64.5700,64.5550,64.5700,1200
363,64.5600,64.5600,64.4750,64.4750,13400
364,64.4700,64.4700,64.4150,64.4500,4208
365,64.4550,64.4550,64.4000,64.4300,4360
366,64.4200,64.4500,64.4200,64.4200,4667
367,64.4300,64.4700,64.4250,64.4600,5932
368,64.4550,64.5300,64.4550,64.5100,12387
369,64.5050,64.5100,64.4800,64.4800,4210
370,64.4850,64.5000,64.4750,64.4800,5342
371,64.4700,64.4900,64.4650,64.4900,5925
372,64.4900,64.5100,64.4799,64.4799,6241
373,64.4710,64.4800,64.4500,64.4800,7300
374,64.4900,64.5000,64.4800,64.4900,3450
375,64.4850,64.5100,64.4650,64.4700,7577
376,64.4700,64.5100,64.4700,64.5100,5300
377,64.5000,64.5800,64.4950,64.5400,11856
378,64.5450,64.5700,64.5450,64.5650,5800
379,64.5700,64.6200,64.5650,64.6186,19828
380,64.6100,64.6200,64.5550,64.5600,25874
381,64.5800,64.6400,64.5700,64.5900,12485
382,64.5800,64.5900,64.5500,64.5800,12240
383,64.5800,64.6000,64.5300,64.5300,11680
384,64.5400,64.5600,64.5400,64.5550,9286
385,64.5500,64.5600,64.5400,64.5400,11461
386,64.5500,64.5550,64.5200,64.5400,16957
387,64.5500,64.5600,64.5400,64.5600,14109
388,64.5500,64.5600,64.5500,64.5600,9888
389,64.5600,64.5600,64.5500,64.5500,11966
390,64.5600,64.6000,64.5500,64.5800,150987