DOW,Dow Chemical,Materials,8,Diversified Chemicals,78056695458,5717102
a149935860090,63.1600,63.2300,63.1600,63.2100,143780
1,63.0000,63.0000,62.8557,62.9108,69951
2,62.9500,63.0000,62.9500,62.9500,1300
3,63.0000,63.0400,62.9801,62.9801,5400
4,63.0650,63.0700,63.0650,63.0700,200
5,63.0100,63.0300,62.9700,63.0300,8400
6,63.0300,63.0700,62.9700,63.0700,20319
7,63.0600,63.1600,63.0400,63.1400,15656
8,63.1500,63.2100,63.1500,63.2000,110341
9,63.1700,63.1700,63.1100,63.1300,38243
10,63.1600,63.1700,63.1345,63.1700,30133
11,63.1500,63.1600,63.1400,63.1600,3349
12,63.1300,63.1500,63.0200,63.0300,16589
13,63.0400,63.1700,63.0400,63.1700,42722
14,63.1600,63.1600,63.1000,63.1400,7139
15,63.1200,63.1600,63.0900,63.1050,8327
16,63.1200,63.1500,63.0900,63.1200,9000
17,63.1210,63.1210,63.0600,63.0700,5898
18,63.0800,63.0800,63.0600,63.0600,4600
19,63.0700,63.1400,63.0550,63.1300,9286
20,63.1300,63.1700,63.1300,63.1500,2021
21,63.1500,63.2300,63.1500,63.2300,6080
22,63.2300,63.2400,63.2100,63.2150,4150
23,63.2100,63.2200,63.2000,63.2100,3703
24,63.2062,63.2400,63.2050,63.2399,4148
25,63.2400,63.2800,63.2400,63.2400,11110
26,63.2500,63.3001,63.2500,63.3000,3954
27,63.2900,63.3100,63.2750,63.2800,2798
28,63.2900,63.2950,63.2600,63.2700,3424
29,63.2750,63.2900,63.2600,63.2650,5656
30,63.2600,63.2800,63.2500,63.2800,8986
31,63.2862,63.2862,63.2601,63.2800,3707
32,63.2800,63.2998,63.2600,63.2600,5300
33,63.2600,63.2800,63.2500,63.2750,11820
34,63.2800,63.2800,63.2600,63.2600,37870
35,63.2650,63.2900,63.2650,63.2900,6106
36,63.3000,63.3400,63.3000,63.3250,37869
37,63.3200,63.3600,63.3057,63.3350,9956
38,63.3400,63.3900,63.3400,63.3900,4265
39,63.4000,63.4090,63.3810,63.4090,11596
40,63.4050,63.4200,63.3800,63.3800,21127
41,63.3800,63.4050,63.3729,63.4050,9358
42,63.4043,63.4050,63.3800,63.3801,4737
43,63.3800,63.3950,63.3650,63.3900,5746
44,63.3900,63.3900,63.3800,63.3850,1400
45,63.3800,63.3800,63.3650,63.3800,3858
46,63.3750,63.3850,63.3600,63.3801,6676
47,63.3800,63.3900,63.3600,63.3850,3231
48,63.3850,63.3850,63.3600,63.3600,2684
49,63.3600,63.3600,63.3300,63.3400,7946
50,63.3400,63.3500,63.3300,63.3300,10558
51,63.3350,63.3350,63.3100,63.3100,5550
52,63.3000,63.3100,63.2900,63.3000,4166
53,63.3000,63.3050,63.2900,63.2950,5100
54,63.2900,63.3000,63.2850,63.3000,3501
55,63.3000,63.3000,63.2600,63.2700,3722
56,63.2700,63.3000,63.2650,63.2800,3640
57,63.2700,63.3351,63.2700,63.3300,8817
58,63.3200,63.3400,63.3100,63.3300,10189
59,63.3200,63.3242,63.3200,63.3210,1131
60,63.3300,63.3456,63.3250,63.3400,22571
61,63.3300,63.3399,63.3100,63.3300,8177
62,63.3350,63.3400,63.3300,63.3400,6401
63,63.3500,63.3600,63.3500,63.3550,7152
64,63.3550,63.3800,63.3550,63.3650,1824
65,63.3700,63.3800,63.3400,63.3700,7953
66,63.3600,63.3600,63.3450,63.3500,4060
67,63.3500,63.3700,63.3400,63.3700,2500
68,63.3700,63.3700,63.3550,63.3650,2180
69,63.3650,63.3650,63.3200,63.3300,13847
70,63.3300,63.3500,63.3300,63.3500,20681
71,63.3450,63.3700,63.3450,63.3550,8743
72,63.3500,63.3550,63.3400,63.3550,2216
73,63.3600,63.3700,63.3550,63.3650,1300
74,63.3650,63.3800,63.3650,63.3800,7149
75,63.3700,63.4300,63.3700,63.4220,18464
76,63.4200,63.4500,63.4100,63.4300,14527
77,63.4400,63.4700,63.4400,63.4500,11543
78,63.4450,63.4500,63.4300,63.4500,5685
79,63.4600,63.4800,63.4550,63.4750,6680
80,63.4800,63.4850,63.4599,63.4600,6867
81,63.4500,63.4700,63.4450,63.4500,4369
82,63.4500,63.4500,63.4300,63.4300,3200
83,63.4300,63.4500,63.4300,63.4400,10508
84,63.4500,63.4600,63.4400,63.4500,72241
85,63.4500,63.4500,63.4200,63.4246,21286
86,63.4300,63.4300,63.4131,63.4131,4587
87,63.4100,63.4100,63.3500,63.3700,12897
88,63.3700,63.3845,63.3650,63.3750,5222
89,63.3800,63.4000,63.3700,63.3800,6997
90,63.3700,63.4000,63.3700,63.3900,6381
91,63.3950,63.3960,63.3800,63.3800,4163
92,63.3800,63.4100,63.3750,63.4100,4500
93,63.4100,63.4100,63.3900,63.4050,4891
94,63.4100,63.4700,63.4100,63.4700,13582
95,63.4700,63.4750,63.4700,63.4700,5675
96,63.4700,63.4850,63.4700,63.4838,7956
97,63.4850,63.5200,63.4800,63.5050,31424
98,63.5100,63.5300,63.5031,63.5300,3050
99,63.5300,63.5450,63.5200,63.5200,15385
100,63.5300,63.5500,63.5250,63.5500,8225
101,63.5500,63.5690,63.5400,63.5690,5547
102,63.5600,63.5775,63.5600,63.5775,2556
103,63.5800,63.5899,63.5600,63.5600,9156
104,63.5600,63.5700,63.5400,63.5600,7007
105,63.5600,63.5700,63.5500,63.5600,8441
106,63.5700,63.5700,63.5550,63.5550,1840
107,63.5600,63.5700,63.5500,63.5558,3513
108,63.5500,63.5600,63.5300,63.5300,5421
109,63.5200,63.5300,63.5000,63.5300,10369
110,63.5200,63.5600,63.5150,63.5600,9356
111,63.5600,63.5600,63.5400,63.5400,6200
112,63.5390,63.5600,63.5300,63.5600,7057
113,63.5531,63.5700,63.5531,63.5600,4782
114,63.5550,63.5600,63.5400,63.5500,4839
115,63.5410,63.5950,63.5400,63.5800,13099
116,63.5850,63.5901,63.5800,63.5868,4334
117,63.5900,63.5969,63.5700,63.5700,5517
118,63.5700,63.5750,63.5400,63.5600,13094
119,63.5650,63.5700,63.5500,63.5650,5352
120,63.5700,63.6000,63.5700,63.5950,3885
121,63.5900,63.6000,63.5800,63.5900,7861
123,63.5900,63.6400,63.5900,63.6250,19754
124,63.6200,63.6300,63.6100,63.6300,6836
125,63.6300,63.6300,63.6200,63.6250,1200
126,63.6300,63.6500,63.6250,63.6400,4849
127,63.6300,63.6400,63.6300,63.6300,5059
128,63.6400,63.6400,63.6300,63.6400,5076
129,63.6400,63.6450,63.6300,63.6350,4801
130,63.6350,63.6400,63.6300,63.6300,3975
131,63.6350,63.6750,63.6350,63.6750,6348
132,63.6800,63.7000,63.6800,63.6950,2688
133,63.7000,63.7150,63.7000,63.7000,13791
134,63.7050,63.7090,63.6850,63.6900,10683
135,63.6850,63.6900,63.6800,63.6810,7031
136,63.6900,63.7095,63.6850,63.7095,8325
137,63.7000,63.7070,63.7000,63.7050,2324
138,63.7100,63.7100,63.6900,63.7000,8411
139,63.6950,63.7000,63.6800,63.6850,5923
140,63.6850,63.6850,63.6700,63.6700,4650
141,63.6800,63.7050,63.6800,63.7000,7264
142,63.7000,63.7000,63.6900,63.6950,1724
143,63.7000,63.7100,63.7000,63.7058,16063
144,63.7050,63.7050,63.6900,63.7000,8251
145,63.7000,63.7000,63.6900,63.6950,4185
146,63.6900,63.7050,63.6800,63.6950,16540
147,63.7000,63.7100,63.6900,63.7100,7146
148,63.7050,63.7100,63.6900,63.6953,8277
149,63.7000,63.7100,63.6950,63.7050,4564
150,63.7000,63.7050,63.6900,63.6900,3332
151,63.6950,63.7100,63.6900,63.7050,7483
152,63.6900,63.6950,63.6700,63.6700,8183
153,63.6642,63.6699,63.6600,63.6600,1015
154,63.6700,63.6800,63.6650,63.6750,5600
155,63.6750,63.6750,63.6600,63.6650,4087
156,63.6600,63.6750,63.6600,63.6750,4207
157,63.6750,63.6900,63.6750,63.6900,7588
158,63.6900,63.6900,63.6700,63.6700,4756
159,63.6700,63.6750,63.6700,63.6700,660
160,63.6700,63.6700,63.6500,63.6500,8293
161,63.6500,63.6600,63.6400,63.6500,21146
162,63.6500,63.6800,63.6500,63.6800,8042
163,63.6800,63.6967,63.6800,63.6946,3550
164,63.6950,63.7300,63.6900,63.7250,9866
165,63.7300,63.7700,63.7300,63.7696,24269
166,63.7600,63.7900,63.7600,63.7900,13409
167,63.7900,63.8050,63.7800,63.8000,11878
168,63.8034,63.8100,63.8000,63.8100,5394
169,63.8150,63.8400,63.8150,63.8300,8347
170,63.8280,63.8300,63.8200,63.8201,18800
171,63.8202,63.8350,63.8200,63.8300,14176
172,63.8350,63.8400,63.8300,63.8350,2400
173,63.8350,63.8600,63.8300,63.8500,12334
174,63.8500,63.8600,63.8450,63.8600,8219
175,63.8700,63.9000,63.8700,63.9000,16185
176,63.8900,63.9000,63.8800,63.8850,11111
177,63.8850,63.8850,63.8700,63.8700,14628
178,63.8750,63.8900,63.8700,63.8860,4253
179,63.8800,63.8850,63.8600,63.8600,8218
180,63.8700,63.8750,63.8500,63.8750,16479
181,63.8701,63.8750,63.8600,63.8650,2902
182,63.8600,63.8600,63.8500,63.8600,1292
183,63.8550,63.8600,63.8390,63.8400,9453
184,63.8464,63.8600,63.8400,63.8550,4241
185,63.8550,63.8750,63.8500,63.8700,11069
186,63.8700,63.8850,63.8600,63.8750,7941
187,63.8800,63.9000,63.8700,63.9000,12496
188,63.8900,63.8950,63.8800,63.8800,6082
189,63.8740,63.8800,63.8600,63.8700,6184
190,63.8800,63.8899,63.8800,63.8850,4155
191,63.8800,63.9100,63.8800,63.9100,5818
192,63.9038,63.9100,63.9000,63.9100,2331
193,63.9200,63.9800,63.9200,63.9800,22230
194,63.9700,63.9864,63.9600,63.9864,9415
195,63.9800,64.0000,63.9800,63.9950,9716
196,63.9947,64.0000,63.9900,63.9900,20923
197,63.9900,64.0000,63.9900,63.9950,7451
198,64.0000,64.0000,63.9900,64.0000,9652
199,63.9900,63.9900,63.9700,63.9700,8098
200,63.9800,63.9900,63.9650,63.9800,10407
201,63.9750,63.9900,63.9700,63.9900,9958
202,63.9900,64.0000,63.9850,63.9900,7845
203,63.9950,63.9950,63.9800,63.9833,4308
204,63.9850,64.0200,63.9850,64.0100,62933
205,64.0000,64.0467,64.0000,64.0405,13451
206,64.0400,64.0499,64.0400,64.0400,10108
207,64.0400,64.0500,64.0300,64.0490,7813
208,64.0450,64.0600,64.0300,64.0400,12742
209,64.0450,64.0500,64.0400,64.0500,2478
210,64.0499,64.0499,64.0200,64.0250,11087
211,64.0200,64.0200,63.9950,64.0000,10438
212,64.0000,64.0050,63.9900,63.9930,3130
213,63.9900,63.9950,63.9400,63.9450,13192
214,63.9450,63.9600,63.9400,63.9500,9980
215,63.9500,63.9500,63.9200,63.9300,18372
216,63.9300,63.9300,63.9000,63.9000,4137
217,63.9100,63.9100,63.8938,63.9000,2299
218,63.8900,63.9000,63.8800,63.8800,8939
219,63.8800,63.8850,63.8800,63.8850,5335
220,63.8810,63.8810,63.8600,63.8650,9330
221,63.8600,63.8800,63.8600,63.8750,11483
222,63.8900,63.9000,63.8800,63.8850,4033
223,63.8800,63.8850,63.8800,63.8800,1436
224,63.8800,63.9000,63.8800,63.8800,11929
225,63.8800,63.8850,63.8750,63.8831,3158
226,63.8850,63.8900,63.8800,63.8800,926
227,63.8800,63.8800,63.8700,63.8750,1812
228,63.8700,63.8700,63.8500,63.8600,12110
229,63.8650,63.8650,63.8500,63.8500,6651
230,63.8550,63.8600,63.8400,63.8500,2461
231,63.8500,63.8570,63.8450,63.8450,4515
232,63.8457,63.8600,63.8400,63.8450,3600
233,63.8499,63.8500,63.8238,63.8500,9643
234,63.8450,63.8700,63.8350,63.8650,11869
235,63.8600,63.8670,63.8400,63.8440,4881
236,63.8400,63.8499,63.8300,63.8400,3834
237,63.8400,63.8500,63.8300,63.8500,5069
238,63.8600,63.8600,63.8500,63.8600,5400
239,63.8643,63.8700,63.8600,63.8679,881
240,63.8692,63.9000,63.8692,63.9000,10627
241,63.8900,63.9000,63.8900,63.8900,4250
242,63.9000,63.9050,63.8900,63.8900,7544
243,63.8800,63.8800,63.8700,63.8800,5279
244,63.8900,63.9000,63.8801,63.8801,2704
245,63.8900,63.8900,63.8600,63.8600,4391
246,63.8700,63.8800,63.8700,63.8700,5375
247,63.8700,63.8750,63.8550,63.8550,7374
248,63.8600,63.8600,63.8400,63.8450,2592
249,63.8450,63.8500,63.8300,63.8350,5226
250,63.8400,63.8400,63.8100,63.8190,33041
251,63.8150,63.8190,63.8100,63.8154,3825
252,63.8100,63.8300,63.8100,63.8300,7960
253,63.8300,63.8300,63.8200,63.8200,3105
254,63.8200,63.8250,63.8100,63.8100,4640
255,63.8100,63.8200,63.8000,63.8100,7237
256,63.8000,63.8000,63.7900,63.7910,3650
257,63.7900,63.7972,63.7900,63.7972,2635
258,63.7900,63.7900,63.7700,63.7700,2840
259,63.7750,63.7750,63.7300,63.7300,5240
260,63.7300,63.7400,63.7200,63.7250,6585
261,63.7250,63.7250,63.7100,63.7191,16991
262,63.7150,63.7150,63.6800,63.6841,22645
263,63.6800,63.6900,63.6700,63.6700,13010
264,63.6750,63.6790,63.6600,63.6600,4259
265,63.6500,63.6501,63.6300,63.6300,5191
266,63.6300,63.6300,63.5900,63.5950,6915
267,63.5900,63.6200,63.5900,63.6150,11046
268,63.6200,63.6499,63.6100,63.6400,11593
269,63.6400,63.6500,63.6400,63.6450,1197
270,63.6435,63.6750,63.6400,63.6750,13651
271,63.6800,63.6800,63.6700,63.6700,300
272,63.6700,63.7250,63.6700,63.7250,6704
273,63.7250,63.7400,63.7100,63.7300,16075
274,63.7266,63.7350,63.7266,63.7300,1619
275,63.7300,63.7350,63.7100,63.7150,9165
276,63.7142,63.7700,63.7142,63.7600,18398
277,63.7650,63.7710,63.7600,63.7710,3751
278,63.7750,63.8050,63.7746,63.8000,16109
279,63.8099,63.8099,63.7743,63.7743,10477
280,63.7700,63.7900,63.7700,63.7750,3844
281,63.7800,63.7800,63.7410,63.7450,8864
282,63.7450,63.7450,63.7400,63.7400,800
283,63.7400,63.7550,63.7400,63.7500,3800
284,63.7500,63.7550,63.7400,63.7400,3400
285,63.7500,63.7650,63.7400,63.7650,4015
286,63.7600,63.7600,63.7400,63.7400,4861
287,63.7500,63.7550,63.7400,63.7500,4000
288,63.7467,63.7550,63.7400,63.7550,1300
289,63.7600,63.7650,63.7500,63.7600,4400
290,63.7600,63.7650,63.7500,63.7599,4906
291,63.7550,63.7550,63.7400,63.7400,5076
292,63.7400,63.7450,63.7400,63.7450,1000
293,63.7400,63.7450,63.7400,63.7450,1400
294,63.7400,63.7500,63.7400,63.7500,1750
295,63.7400,63.7489,63.7300,63.7350,5294
296,63.7300,63.7400,63.7200,63.7387,12739
297,63.7300,63.7400,63.7300,63.7300,5877
298,63.7300,63.7350,63.7300,63.7350,1900
299,63.7350,63.7700,63.7300,63.7600,14041
300,63.7512,63.7700,63.7500,63.7600,9168
301,63.7600,63.7600,63.7300,63.7400,6217
302,63.7400,63.7600,63.7400,63.7550,3152
303,63.7550,63.7700,63.7500,63.7550,59239
304,63.7550,63.7900,63.7500,63.7900,19712
305,63.7900,63.7900,63.7750,63.7900,3300
306,63.8000,63.8499,63.8000,63.8400,11564
307,63.8400,63.8600,63.8400,63.8600,68143
308,63.8600,63.8750,63.8600,63.8600,8890
309,63.8600,63.8700,63.8600,63.8600,6407
310,63.8652,63.8652,63.8500,63.8500,11442
311,63.8550,63.8700,63.8500,63.8600,16995
312,63.8600,63.8700,63.8600,63.8650,4282
313,63.8600,63.8800,63.8600,63.8650,6583
314,63.8600,63.8650,63.8500,63.8500,7338
315,63.8500,63.8750,63.8500,63.8600,7955
316,63.8666,63.8700,63.8500,63.8600,8132
317,63.8650,63.8650,63.8400,63.8401,7881
318,63.8450,63.8450,63.8300,63.8301,3554
319,63.8300,63.8400,63.8200,63.8347,7727
320,63.8350,63.8350,63.8250,63.8300,4562
321,63.8300,63.8500,63.8300,63.8450,6174
322,63.8450,63.8550,63.8400,63.8550,4760
323,63.8550,63.8550,63.8400,63.8450,7526
324,63.8450,63.8600,63.8450,63.8550,3835
325,63.8561,63.8900,63.8550,63.8800,13819
326,63.8900,63.9000,63.8700,63.8700,13784
327,63.8800,63.8900,63.8800,63.8850,3962
328,63.8900,63.9000,63.8850,63.8990,3779
329,63.8900,63.9000,63.8850,63.8950,7805
330,63.8900,63.9000,63.8850,63.8950,6551
331,63.9000,63.9050,63.8950,63.9000,7769
332,63.9050,63.9100,63.9000,63.9050,4190
333,63.9050,63.9050,63.8700,63.8700,13430
334,63.8714,63.8714,63.8300,63.8350,12461
335,63.8350,63.8400,63.8228,63.8250,9335
336,63.8300,63.8300,63.8050,63.8050,8398
337,63.8000,63.8100,63.7900,63.7900,8082
338,63.7950,63.7950,63.7800,63.7800,7901
339,63.7800,63.7900,63.7800,63.7800,5529
340,63.7900,63.8000,63.7700,63.7700,6399
341,63.7600,63.7600,63.7300,63.7300,4151
342,63.7300,63.7350,63.6900,63.6900,3735
343,63.6900,63.6900,63.6500,63.6650,19362
344,63.6600,63.6600,63.6500,63.6600,2721
345,63.6600,63.6900,63.6550,63.6900,9850
346,63.6868,63.6900,63.6800,63.6800,7464
347,63.6750,63.7050,63.6750,63.6950,14078
348,63.6990,63.7000,63.6700,63.6850,13887
349,63.6900,63.7100,63.6850,63.7000,7950
350,63.7000,63.7100,63.6950,63.6950,4770
351,63.7000,63.7300,63.7000,63.7250,13328
352,63.7200,63.7300,63.7100,63.7200,8758
353,63.7100,63.7200,63.7000,63.7000,12016
354,63.6900,63.7100,63.6850,63.7100,13202
355,63.7100,63.7300,63.7100,63.7200,9921
356,63.7250,63.7550,63.7250,63.7500,8112
357,63.7500,63.7500,63.7100,63.7350,17537
358,63.7400,63.7600,63.7400,63.7443,10212
359,63.7400,63.7450,63.7200,63.7300,8782
360,63.7350,63.7550,63.7300,63.7450,9159
361,63.7450,63.7501,63.7200,63.7400,22246
362,63.7300,63.7350,63.7200,63.7200,7541
363,63.7250,63.7250,63.7100,63.7146,17222
364,63.7100,63.7100,63.6500,63.6700,19234
365,63.6750,63.7000,63.6600,63.6850,21319
366,63.6862,63.6862,63.6600,63.6650,15628
367,63.6600,63.6800,63.6500,63.6750,20879
368,63.6700,63.6900,63.6600,63.6650,25234
369,63.6600,63.6800,63.6550,63.6600,32006
370,63.6650,63.6650,63.6300,63.6300,20998
371,63.6300,63.6400,63.6100,63.6400,39753
372,63.6350,63.6400,63.6200,63.6200,10400
373,63.6200,63.6400,63.6200,63.6350,25438
374,63.6300,63.6400,63.6300,63.6350,18518
375,63.6350,63.6650,63.6300,63.6450,67362
376,63.6450,63.6600,63.6400,63.6600,40526
377,63.6550,63.6700,63.6500,63.6500,27408
378,63.6550,63.6600,63.6500,63.6550,22403
379,63.6550,63.6650,63.6500,63.6600,23910
380,63.6650,63.6700,63.6600,63.6600,13300
381,63.6600,63.6900,63.6450,63.6500,66679
382,63.6500,63.6800,63.6450,63.6650,18934
383,63.6650,63.6750,63.6500,63.6550,37644
384,63.6550,63.6689,63.6500,63.6650,18832
385,63.6700,63.6850,63.6600,63.6650,34573
386,63.6650,63.6800,63.6600,63.6650,42819
387,63.6600,63.6800,63.6500,63.6600,66353
388,63.6600,63.7300,63.6600,63.7250,36429
389,63.7250,63.7600,63.7100,63.7400,137359
390,63.7400,63.7700,63.7200,63.7250,239806