EA,Electronic Arts,Information Technology,7,Home Entertainment Software,35299445258,3449387
a1499358600,114.6870,114.6870,114.3700,114.6300,835
2,114.5000,114.5000,114.3700,114.4325,5889
3,114.4600,114.6300,114.4600,114.6200,2300
4,114.6200,114.8300,114.5950,114.8300,2289
5,114.8200,114.8300,114.7120,114.7400,3400
6,114.8400,114.9900,114.8400,114.9200,2580
7,114.9100,114.9400,114.7900,114.8050,3200
8,114.9500,114.9500,114.6500,114.7450,4000
9,114.7800,114.7800,114.6100,114.6350,2820
10,114.6700,114.6900,114.5500,114.6200,3100
11,114.6700,114.7300,114.6500,114.7300,2470
12,114.5700,114.5700,114.4550,114.4650,3709
13,114.4300,114.5800,114.4300,114.5800,3200
14,114.6300,114.8150,114.6300,114.7500,2013
15,114.7700,114.7700,114.5900,114.5900,1500
16,114.5900,114.7030,114.5700,114.7030,3195
17,114.6950,114.6950,114.6400,114.6400,875
18,114.6200,114.6200,114.5700,114.5800,1438
19,114.5500,114.5500,114.5000,114.5150,5264
20,114.5000,114.5100,114.4800,114.4900,900
21,114.5300,114.6167,114.5200,114.6000,3403
22,114.6200,114.6400,114.5500,114.5700,2500
23,114.5100,114.5400,114.4900,114.5000,2974
24,114.5100,114.5300,114.4900,114.4950,2500
25,114.4900,114.5400,114.4800,114.5400,2800
26,114.5400,114.5700,114.5400,114.5600,2400
27,114.5550,114.5800,114.5400,114.5400,900
28,114.5501,114.5700,114.5000,114.5000,2500
29,114.5300,114.5300,114.4800,114.5200,4300
30,114.5300,114.5300,114.5100,114.5200,800
31,114.4800,114.5000,114.4600,114.4600,2802
32,114.4750,114.4900,114.4300,114.4700,4213
33,114.4800,114.5200,114.4500,114.4850,6100
34,114.4700,114.4900,114.4500,114.4700,2600
35,114.4675,114.4800,114.4500,114.4700,6651
36,114.4900,114.5100,114.4400,114.4500,16726
37,114.4500,114.6300,114.4400,114.5700,7618
38,114.5800,114.6753,114.5800,114.6700,5016
39,114.6100,114.6500,114.5929,114.6500,2051
40,114.7100,114.7600,114.7100,114.7600,1156
41,114.7600,114.7900,114.7400,114.7400,1700
42,114.7599,114.7599,114.7100,114.7250,779
43,114.7000,114.7300,114.7000,114.7300,1800
44,114.7300,114.8000,114.7075,114.8000,5200
45,114.8100,114.8300,114.7900,114.7900,1895
46,114.7800,114.8750,114.7800,114.8750,2855
47,114.8750,114.8750,114.8110,114.8500,2811
48,114.8600,114.8850,114.8600,114.8850,1535
49,114.8400,114.8500,114.8200,114.8500,1586
50,114.8500,114.8550,114.8357,114.8550,300
51,114.8800,114.8900,114.8300,114.8600,4349
52,114.8800,114.8800,114.8400,114.8500,1400
53,114.8500,114.8600,114.8400,114.8589,2980
54,114.8550,114.8700,114.8300,114.8350,1553
55,114.8400,114.9500,114.8400,114.9500,2800
56,114.9393,114.9400,114.9150,114.9300,3850
57,114.9300,114.9900,114.8900,114.9100,14545
58,114.8800,114.9400,114.8650,114.8650,8781
59,114.8409,114.8700,114.8409,114.8700,8433
60,114.8700,114.9200,114.8200,114.8675,13147
61,114.8700,114.8800,114.8000,114.8203,11843
62,114.8275,114.8500,114.7900,114.8500,2617
63,114.9000,114.9400,114.8600,114.9400,3200
64,114.9300,114.9500,114.8800,114.9300,2203
65,114.9600,114.9900,114.9500,114.9550,3111
66,114.9700,115.0100,114.9700,115.0077,4363
67,115.0000,115.0600,114.9900,115.0500,4838
68,115.0400,115.0500,115.0100,115.0100,1000
69,115.0100,115.0200,114.9800,115.0000,3500
70,115.0100,115.0300,115.0100,115.0100,1700
71,115.0200,115.0300,114.9400,114.9400,7776
72,114.9450,114.9500,114.9000,114.9000,2300
73,114.9000,114.9650,114.9000,114.9650,2702
74,114.9800,114.9900,114.9700,114.9700,3100
75,114.9600,115.0550,114.9600,115.0550,2000
76,115.0700,115.1300,115.0700,115.1300,1300
77,115.1400,115.1500,115.0200,115.0200,4620
78,115.0150,115.0150,114.9700,114.9800,4564
79,114.9800,115.0400,114.9800,115.0360,2056
80,115.0500,115.0900,115.0300,115.0300,2400
81,115.0200,115.0400,115.0200,115.0400,1350
82,115.0400,115.1900,115.0400,115.1900,8471
83,115.2126,115.2400,115.2000,115.2100,1400
84,115.1900,115.2000,115.1700,115.1879,2469
85,115.1850,115.3900,115.1850,115.3800,5242
86,115.3800,115.3800,115.2900,115.2900,3940
87,115.3200,115.3500,115.3200,115.3500,1100
88,115.3500,115.3700,115.2900,115.3000,14003
89,115.3060,115.3100,115.1500,115.1500,12814
90,115.1250,115.1250,115.0000,115.0000,4975
91,115.0000,115.0200,114.9900,114.9900,6800
92,114.9800,115.0300,114.9700,115.0000,6300
93,115.0000,115.0200,114.9800,115.0200,3000
94,115.0325,115.1300,115.0275,115.1200,2600
95,115.1100,115.1300,115.1000,115.1300,3000
96,115.1300,115.1300,115.1000,115.1100,5935
97,115.0900,115.1900,115.0800,115.1900,3400
98,115.2000,115.2100,115.1800,115.2100,4472
99,115.2200,115.2261,115.2100,115.2100,2030
100,115.2300,115.2400,115.2100,115.2100,4599
101,115.2100,115.2100,115.1800,115.1850,3192
102,115.1800,115.2000,115.1600,115.1600,3600
103,115.1500,115.1500,115.1500,115.1500,100
104,115.1600,115.2000,115.1300,115.1600,4258
105,115.1600,115.1800,115.1600,115.1800,3100
106,115.1900,115.2350,115.1900,115.2350,2900
107,115.2200,115.2300,115.2150,115.2300,2300
108,115.2400,115.2500,115.2000,115.2000,3900
109,115.1900,115.1900,115.1350,115.1700,3087
110,115.1650,115.2100,115.1500,115.1500,3121
111,115.1550,115.1800,115.1500,115.1600,1900
112,115.1500,115.1500,115.1200,115.1200,2500
113,115.1200,115.1600,115.1200,115.1300,2263
114,115.1400,115.1400,115.1100,115.1200,1900
115,115.1200,115.1600,115.1200,115.1600,1957
116,115.1600,115.1600,115.1200,115.1200,2400
117,115.1150,115.1400,115.1000,115.1000,2600
118,115.1000,115.1200,115.0800,115.1100,3300
119,115.1100,115.1300,115.1100,115.1200,900
120,115.1200,115.1400,115.1200,115.1400,1239
121,115.1400,115.1800,115.1300,115.1800,1767
122,115.2100,115.2100,115.1400,115.1400,4200
123,115.1350,115.2001,115.1300,115.2000,3832
124,115.1900,115.1900,115.1600,115.1600,1891
125,115.1600,115.1700,115.1600,115.1600,1308
126,115.1500,115.2199,115.1400,115.2000,3300
127,115.1700,115.1800,115.1700,115.1800,1500
128,115.1800,115.1800,115.1600,115.1700,800
129,115.1800,115.1800,115.1000,115.1000,3097
130,115.0800,115.1000,115.0600,115.0600,2500
131,115.0700,115.0800,115.0700,115.0800,1053
132,115.0900,115.0950,115.0700,115.0700,1850
133,115.0600,115.0900,115.0400,115.0900,1700
134,115.0800,115.0900,115.0700,115.0900,1300
135,115.0700,115.0700,114.9900,114.9900,1900
136,115.0100,115.0600,115.0000,115.0100,3404
137,115.0100,115.0300,115.0000,115.0100,1700
138,115.0000,115.0100,114.9800,114.9800,1900
139,114.9800,115.0024,114.9700,114.9900,3823
140,115.0050,115.0190,115.0000,115.0100,1700
141,115.0200,115.0400,115.0200,115.0200,1725
142,115.0200,115.0300,115.0200,115.0250,900
143,115.0500,115.0600,115.0500,115.0600,300
144,115.0600,115.0800,115.0600,115.0800,2176
145,115.0700,115.0800,115.0400,115.0400,2100
146,115.0300,115.0400,115.0200,115.0400,1200
147,115.0500,115.0500,115.0400,115.0400,200
148,115.0450,115.0450,115.0100,115.0100,1093
149,115.0100,115.0154,114.9900,115.0154,3964
150,115.0100,115.0300,115.0100,115.0300,1500
151,115.0200,115.0400,115.0200,115.0300,700
152,115.0100,115.0100,115.0000,115.0000,715
153,115.0000,115.0000,114.9800,114.9914,2608
154,115.0000,115.0000,114.9900,114.9900,1000
155,114.9800,115.0000,114.9800,115.0000,809
156,114.9800,114.9800,114.9600,114.9800,3207
157,115.0000,115.0300,115.0000,115.0300,942
158,115.0300,115.0300,115.0250,115.0250,700
159,115.0300,115.0307,115.0050,115.0050,2528
160,115.0200,115.1600,115.0200,115.1400,15435
161,115.1300,115.1800,115.1200,115.1800,1935
162,115.1800,115.2800,115.1800,115.2400,8900
163,115.2400,115.2700,115.2400,115.2600,4700
164,115.2750,115.2800,115.2600,115.2600,1200
165,115.2600,115.2600,115.2300,115.2300,400
166,115.2500,115.2600,115.2450,115.2600,900
167,115.2500,115.2600,115.2400,115.2400,800
168,115.2400,115.2500,115.2200,115.2200,5601
169,115.2200,115.2600,115.2000,115.2200,2200
170,115.2000,115.2600,115.1850,115.2500,4400
171,115.2600,115.2600,115.2600,115.2600,200
172,115.2800,115.2900,115.2800,115.2900,1401
173,115.2900,115.3300,115.2500,115.3250,7399
174,115.3100,115.3100,115.2800,115.2800,2302
175,115.2900,115.3000,115.2400,115.2500,2812
176,115.2450,115.2700,115.2300,115.2400,3300
177,115.2285,115.2500,115.2200,115.2500,1500
178,115.2700,115.2700,115.2400,115.2400,300
179,115.2400,115.2700,115.2200,115.2400,5100
180,115.2500,115.2500,115.2500,115.2500,100
181,115.2600,115.2600,115.2300,115.2500,12180
182,115.2500,115.2650,115.2500,115.2600,4900
183,115.2800,115.2800,115.2600,115.2600,1000
184,115.2500,115.2600,115.2400,115.2600,3800
185,115.2600,115.2700,115.2400,115.2600,3950
186,115.2500,115.2600,115.2400,115.2550,2500
187,115.2400,115.2519,115.2300,115.2400,2004
188,115.2400,115.2600,115.2300,115.2600,2500
189,115.2400,115.2600,115.2400,115.2600,3300
190,115.2700,115.3000,115.2350,115.2800,5025
191,115.2800,115.3050,115.2300,115.3000,4928
192,115.3000,115.3100,115.2700,115.2800,2900
193,115.2700,115.2800,115.2400,115.2800,16150
194,115.2500,115.2700,115.2400,115.2600,12425
195,115.2600,115.2700,115.2100,115.2300,26400
196,115.2100,115.2300,115.1900,115.2100,3401
197,115.2100,115.2600,115.2100,115.2400,7499
198,115.2500,115.2800,115.2400,115.2500,5473
199,115.2600,115.2750,115.2500,115.2500,2200
200,115.2500,115.2700,115.2500,115.2700,1550
201,115.2600,115.2600,115.2488,115.2488,312
202,115.2450,115.2700,115.2400,115.2700,5905
203,115.2700,115.2700,115.2500,115.2501,1699
204,115.2600,115.2700,115.2500,115.2500,1400
205,115.2400,115.2600,115.2400,115.2600,900
206,115.2500,115.2700,115.2500,115.2600,1700
207,115.2700,115.2700,115.2500,115.2600,1844
208,115.2500,115.2600,115.2500,115.2500,2100
209,115.2600,115.2600,115.2500,115.2500,2200
210,115.2500,115.2600,115.2400,115.2500,1289
211,115.2500,115.2500,115.2500,115.2500,800
212,115.2500,115.2500,115.2400,115.2500,6168
213,115.2600,115.2700,115.2400,115.2400,4715
214,115.2400,115.2700,115.2400,115.2400,4591
215,115.2400,115.2550,115.2400,115.2500,2300
216,115.2500,115.2700,115.2500,115.2700,3200
217,115.2600,115.2700,115.2400,115.2400,3350
218,115.2514,115.2514,115.2400,115.2490,1982
219,115.2500,115.2550,115.2400,115.2550,4300
220,115.2500,115.2600,115.2300,115.2600,2732
221,115.2650,115.2650,115.2400,115.2400,1800
222,115.2500,115.2500,115.2400,115.2400,3900
223,115.2400,115.2900,115.2400,115.2700,4700
224,115.2600,115.2600,115.2200,115.2300,7153
225,115.2300,115.2600,115.2200,115.2500,17325
226,115.2500,115.2600,115.2200,115.2200,10741
227,115.2100,115.2500,115.2100,115.2200,10783
228,115.2200,115.2200,115.0700,115.0800,11356
229,115.0899,115.0899,114.9700,114.9700,4180
230,115.0000,115.0000,114.9201,114.9700,16378
231,114.9600,115.0200,114.9200,114.9750,34644
232,114.9600,114.9600,114.8900,114.9050,4868
233,114.9100,114.9400,114.9000,114.9400,11400
234,114.9500,115.0100,114.8500,114.8500,17172
235,114.8650,114.8650,114.7950,114.8050,3031
236,114.8200,114.8300,114.8000,114.8100,5305
237,114.7900,114.8500,114.7900,114.8500,8239
238,114.8400,114.8400,114.8100,114.8300,2703
239,114.8300,114.8700,114.8250,114.8500,5526
240,114.8200,114.8600,114.8000,114.8600,1500
241,114.8450,114.8600,114.7900,114.7900,2400
242,114.7900,114.7900,114.7600,114.7700,3100
243,114.7700,114.7700,114.6950,114.7200,46600
244,114.7050,114.7200,114.6700,114.6900,2645
245,114.6700,114.6900,114.6500,114.6500,3804
246,114.6400,114.6800,114.6400,114.6700,4042
247,114.6550,114.6600,114.6000,114.6150,2400
248,114.6100,114.6100,114.5400,114.5500,4900
249,114.5400,114.6250,114.5400,114.5900,11643
250,114.6050,114.6850,114.6050,114.6800,7900
251,114.6750,114.7600,114.6400,114.6700,14881
252,114.6700,114.6700,114.6200,114.6400,2568
253,114.6200,114.6200,114.5800,114.5800,600
254,114.5500,114.5500,114.5300,114.5300,600
255,114.5300,114.5800,114.5300,114.5500,2750
256,114.5400,114.6000,114.5400,114.6000,2019
257,114.6000,114.6000,114.5100,114.5100,2400
258,114.5300,114.5300,114.4600,114.4750,3530
259,114.4612,114.4900,114.4400,114.4900,9438
260,114.4900,114.6100,114.4900,114.5700,11400
261,114.5600,114.6300,114.5350,114.5350,7900
262,114.5400,114.5899,114.5400,114.5600,4103
263,114.5600,114.5700,114.5450,114.5450,4772
264,114.5600,114.5950,114.5385,114.5950,6162
265,114.6000,114.6200,114.5600,114.5700,8700
266,114.5664,114.5800,114.5400,114.5700,2678
267,114.5700,114.5900,114.5600,114.5900,5007
268,114.5834,114.6000,114.5400,114.5900,6766
269,114.6000,114.6000,114.5800,114.5800,1200
270,114.5900,114.6000,114.5800,114.6000,1654
271,114.5800,114.6200,114.5800,114.6200,5280
272,114.6200,114.6200,114.5900,114.6000,2121
273,114.6100,114.6500,114.5800,114.6300,6374
274,114.5900,114.6100,114.5900,114.6100,2100
275,114.6200,114.6200,114.5900,114.5900,1300
276,114.5900,114.6100,114.5600,114.5700,9510
277,114.5650,114.6000,114.5650,114.5700,11651
278,114.5600,114.5600,114.4400,114.4700,19388
279,114.4600,114.4600,114.4200,114.4200,2385
280,114.4298,114.4700,114.4247,114.4500,3233
281,114.4500,114.4500,114.4400,114.4400,1500
282,114.4301,114.4600,114.4200,114.4500,2756
283,114.4500,114.4500,114.4100,114.4100,2731
284,114.4200,114.4450,114.4100,114.4200,4868
285,114.4000,114.4000,114.3600,114.3600,2800
286,114.3600,114.3600,114.3000,114.3100,3729
287,114.3100,114.3300,114.3000,114.3300,2546
288,114.3400,114.4200,114.3400,114.3678,11803
289,114.3700,114.4300,114.3700,114.4000,6798
290,114.4200,114.4200,114.3801,114.3900,3125
291,114.3900,114.4000,114.3800,114.4000,2899
292,114.3800,114.3800,114.3800,114.3800,400
293,114.3900,114.3900,114.3700,114.3700,500
294,114.3600,114.3800,114.3300,114.3700,3089
295,114.3700,114.3800,114.3200,114.3800,3000
296,114.3700,114.4800,114.3700,114.4800,4200
297,114.4800,114.4800,114.4600,114.4600,500
298,114.4500,114.5550,114.4500,114.5229,5759
299,114.5250,114.5500,114.5000,114.5000,3720
300,114.4850,114.5200,114.4800,114.5000,5301
301,114.4900,114.4900,114.4600,114.4700,3001
302,114.4800,114.5400,114.4800,114.5200,2897
303,114.5100,114.5100,114.4900,114.5100,300
304,114.5100,114.5500,114.5000,114.5500,3657
305,114.5400,114.5500,114.5300,114.5300,3000
306,114.5200,114.5700,114.5100,114.5400,8836
307,114.5400,114.5400,114.5200,114.5300,1589
308,114.5100,114.5250,114.4850,114.4850,1600
309,114.4800,114.5500,114.4600,114.5200,6719
310,114.5200,114.5200,114.4800,114.4800,800
311,114.4900,114.4900,114.4600,114.4600,4800
312,114.4600,114.5100,114.4600,114.5000,5319
313,114.5300,114.5400,114.4900,114.4900,1500
314,114.4800,114.5300,114.4800,114.5300,2150
315,114.5100,114.5200,114.4900,114.5199,2001
316,114.5200,114.5200,114.4900,114.5000,17600
317,114.5000,114.5000,114.4800,114.5000,5219
318,114.5000,114.5000,114.4500,114.4500,4800
319,114.4500,114.4800,114.4500,114.4600,9184
320,114.4700,114.4780,114.4500,114.4500,1552
321,114.4600,114.4900,114.4500,114.4500,3025
322,114.4500,114.4700,114.4400,114.4600,1600
323,114.4600,114.4700,114.4200,114.4300,3999
324,114.4300,114.4400,114.4000,114.4400,3813
325,114.4300,114.4400,114.4050,114.4100,2400
326,114.4100,114.4500,114.4100,114.4300,2404
327,114.4100,114.4200,114.3900,114.4200,1944
328,114.4100,114.4100,114.4000,114.4000,2078
329,114.3900,114.4100,114.3900,114.4100,1361
330,114.4000,114.4300,114.3900,114.3900,4600
331,114.3950,114.4200,114.3950,114.4200,3051
332,114.4200,114.4200,114.3900,114.3900,3566
333,114.3900,114.3900,114.3400,114.3600,4802
334,114.3500,114.3600,114.2900,114.3200,6978
335,114.3200,114.3300,114.3100,114.3100,4373
336,114.3000,114.3000,114.2750,114.2750,2939
337,114.2800,114.2800,114.2500,114.2800,5650
338,114.2800,114.2900,114.2700,114.2700,4364
339,114.2603,114.2603,114.2200,114.2200,5661
340,114.2200,114.2400,114.1700,114.1700,4710
341,114.1800,114.2100,114.1700,114.2000,5500
342,114.2050,114.2050,114.1100,114.1400,5555
343,114.1400,114.1900,114.1300,114.1700,4570
344,114.1600,114.1800,114.1550,114.1700,4000
345,114.1800,114.2100,114.1800,114.2100,3801
346,114.2100,114.2600,114.2100,114.2100,4636
347,114.2200,114.2200,114.1700,114.1700,3229
348,114.1710,114.1710,114.1200,114.1600,4921
349,114.1500,114.1800,114.1500,114.1500,3672
350,114.1600,114.1600,114.1500,114.1500,1900
351,114.1500,114.1700,114.1400,114.1500,6077
352,114.1400,114.1500,114.1150,114.1150,3780
353,114.1150,114.1200,114.0800,114.0800,13764
354,114.0700,114.0700,114.0100,114.0300,4600
355,114.0390,114.0500,114.0300,114.0450,3201
356,114.0500,114.1000,114.0500,114.0950,5400
357,114.1000,114.1000,114.0000,114.0220,10102
358,114.0100,114.0500,114.0100,114.0300,4248
359,114.0350,114.0350,113.9200,113.9400,5779
360,113.9200,113.9500,113.8800,113.8800,5963
361,113.8800,113.9200,113.7800,113.8100,9399
362,113.7800,113.8200,113.7700,113.7900,5943
363,113.7700,113.7700,113.7300,113.7400,8022
364,113.7300,113.7300,113.6500,113.6700,5025
365,113.6700,113.6800,113.5900,113.6300,9801
366,113.6200,113.6900,113.5900,113.6900,9324
367,113.7000,113.7300,113.6900,113.7200,7359
368,113.7000,113.7700,113.7000,113.7700,6951
369,113.7600,113.8400,113.7500,113.8300,6962
370,113.8200,113.8300,113.7600,113.7700,3900
371,113.7700,113.7700,113.7000,113.7400,8113
372,113.7400,113.8100,113.7150,113.7250,9838
373,113.7500,113.7700,113.7500,113.7550,7194
374,113.7700,113.8000,113.7650,113.7700,6900
375,113.7700,113.7800,113.7250,113.7300,11572
376,113.7400,113.8300,113.7300,113.8300,7630
377,113.8300,113.8500,113.8300,113.8450,7408
378,113.8400,113.8700,113.8400,113.8700,11177
379,113.8600,113.8900,113.8400,113.8400,7510
380,113.8400,113.8400,113.7100,113.7100,14197
381,113.7300,113.9300,113.7300,113.8700,24061
382,113.8600,113.8600,113.7950,113.8100,13964
383,113.8207,113.8600,113.7800,113.7801,18097
384,113.7950,113.8100,113.7700,113.7800,12535
385,113.7750,113.7900,113.7500,113.7800,15517
386,113.7800,113.8100,113.7600,113.8100,17161
387,113.8190,113.8700,113.8000,113.8500,19588
388,113.8600,113.8700,113.7900,113.8000,16723
389,113.7900,113.8100,113.7250,113.7500,53295
390,113.7400,113.7500,113.6600,113.6900,200614