FLS,Flowserve Corporation,Industrials,6,Industrial Machinery,6207063779,1312500
a149935860062,48.6300,48.6350,48.6300,48.6350,300
363,48.6300,48.6300,48.6300,48.6300,3522
364,48.6400,48.6500,48.6300,48.6300,3331
365,48.6300,48.6500,48.6300,48.6500,1400
366,48.6400,48.6700,48.6400,48.6700,1861
367,48.6600,48.6600,48.6500,48.6500,1631
368,48.6500,48.6500,48.6300,48.6350,1940
369,48.6400,48.6500,48.6300,48.6400,3705
370,48.6300,48.6300,48.6300,48.6300,1971
371,48.6200,48.6200,48.5900,48.5900,1999
372,48.5900,48.5900,48.5300,48.5700,6521
373,48.5700,48.5700,48.5500,48.5500,2448
374,48.5600,48.5800,48.5500,48.5700,2063
375,48.5700,48.5700,48.5200,48.5300,7425
376,48.5400,48.5500,48.5350,48.5500,1632
377,48.5500,48.5500,48.5400,48.5450,1550
378,48.5400,48.5500,48.5200,48.5400,5875
379,48.5400,48.5400,48.5300,48.5400,903
380,48.5400,48.5400,48.5100,48.5300,5875
381,48.5200,48.5200,48.5000,48.5050,9056
382,48.5000,48.5100,48.4900,48.5000,4781
383,48.5000,48.5200,48.5000,48.5200,3790
384,48.5200,48.5200,48.5000,48.5150,3445
385,48.5150,48.5150,48.4900,48.5000,22617
386,48.5000,48.5450,48.4900,48.5450,14506
387,48.5400,48.5500,48.5350,48.5450,7253
388,48.5500,48.5600,48.5300,48.5400,19676
389,48.5450,48.5500,48.5300,48.5300,10452
390,48.5300,48.5600,48.5250,48.5600,27585
0,48.2800,48.2800,48.2800,48.2800,4444
3,48.1400,48.1500,48.0400,48.0800,884
4,47.9800,47.9800,47.9800,47.9800,100
6,47.8600,47.8600,47.7700,47.7900,400
7,47.7900,47.8900,47.7900,47.8200,1600
9,47.9200,47.9300,47.9000,47.9000,400
10,48.0000,48.0100,47.9700,47.9700,500
11,47.9200,47.9200,47.8700,47.8700,300
13,47.8700,47.9800,47.8700,47.9800,1342
15,48.0300,48.0400,48.0300,48.0400,200
16,48.0000,48.0000,47.9800,47.9800,200
17,47.9800,48.0000,47.9500,48.0000,800
18,48.0000,48.0000,48.0000,48.0000,200
20,48.0400,48.0800,48.0100,48.0800,1318
22,48.0800,48.0800,48.0500,48.0500,830
23,48.0500,48.0700,48.0500,48.0650,490
24,48.0300,48.0300,48.0300,48.0300,100
25,48.0100,48.0100,47.9900,47.9900,300
26,48.0300,48.0300,48.0300,48.0300,100
27,48.0400,48.0400,48.0100,48.0100,400
29,48.0600,48.0600,48.0600,48.0600,100
30,48.0600,48.1000,48.0600,48.1000,600
31,48.0685,48.0800,48.0400,48.0400,30205
32,48.0300,48.0300,48.0000,48.0100,1100
33,47.9900,47.9900,47.9300,47.9300,1300
34,47.9300,47.9700,47.9300,47.9600,1800
35,47.9500,47.9500,47.9000,47.9400,72900
36,47.9500,48.0400,47.9400,48.0100,2800
37,47.9900,47.9900,47.9600,47.9600,1750
38,47.9500,47.9700,47.9200,47.9700,1000
39,47.9500,47.9500,47.9500,47.9500,100
40,47.9500,47.9500,47.8900,47.8900,1400
41,47.9000,47.9000,47.9000,47.9000,100
42,47.9100,47.9200,47.9100,47.9100,21000
43,47.9500,47.9500,47.9500,47.9500,100
44,47.9500,47.9500,47.9100,47.9100,1600
45,47.9300,47.9600,47.9300,47.9600,1000
47,47.9600,47.9600,47.9500,47.9500,400
49,47.9600,47.9600,47.9000,47.9000,1500
50,47.9150,47.9150,47.9150,47.9150,100
51,47.8900,47.9200,47.8400,47.8400,3813
53,47.8300,47.8400,47.8200,47.8400,800
54,47.8200,47.8200,47.8200,47.8200,200
55,47.8000,47.8030,47.8000,47.8000,700
56,47.7900,47.7900,47.7900,47.7900,300
57,47.8100,47.8700,47.8100,47.8500,65266
58,47.8400,47.8800,47.8400,47.8800,2900
59,47.8800,47.9100,47.8800,47.9100,790
60,47.8892,47.9100,47.8892,47.9100,610
61,47.9000,47.9000,47.8700,47.8700,2053
62,47.8900,47.9000,47.8900,47.9000,400
63,47.8900,47.9000,47.8500,47.8600,700
65,47.8400,47.8500,47.8000,47.8400,7686
66,47.8300,47.8300,47.8200,47.8200,300
67,47.8300,47.8300,47.8300,47.8300,100
68,47.8100,47.8100,47.8100,47.8100,100
69,47.7800,47.7900,47.6300,47.6400,11247
70,47.6900,47.7400,47.6900,47.7300,1300
71,47.7400,47.7500,47.6700,47.6700,5802
72,47.6600,47.6700,47.6400,47.6700,2700
73,47.6600,47.6600,47.6400,47.6400,700
74,47.6300,47.6600,47.6300,47.6600,1100
75,47.6600,47.7000,47.6500,47.6900,1400
76,47.6700,47.6700,47.6700,47.6700,100
77,47.6700,47.6700,47.6600,47.6600,500
78,47.6500,47.6500,47.6500,47.6500,24928
79,47.6700,47.6800,47.6500,47.6600,1900
80,47.6300,47.6900,47.6300,47.6900,300
81,47.6800,47.6800,47.6500,47.6500,400
82,47.6300,47.6300,47.5800,47.5800,1910
83,47.5900,47.5900,47.5900,47.5900,500
84,47.5900,47.5931,47.5500,47.5500,1654
85,47.5400,47.5400,47.5200,47.5200,1566
86,47.5000,47.5200,47.5000,47.5100,900
87,47.4900,47.5200,47.4900,47.5200,400
89,47.5400,47.5400,47.4901,47.4901,2121
90,47.4950,47.4950,47.4110,47.4500,2803
91,47.4500,47.4600,47.4500,47.4600,200
92,47.4400,47.4500,47.3800,47.3800,2264
93,47.4300,47.4400,47.4250,47.4250,1100
94,47.4250,47.4250,47.3901,47.3901,1214
95,47.4050,47.4300,47.4050,47.4200,700
96,47.3906,47.3906,47.3600,47.3700,1586
97,47.3500,47.3600,47.3400,47.3600,1602
99,47.3584,47.3584,47.3584,47.3584,100
100,47.3800,47.4000,47.3800,47.4000,1200
101,47.3800,47.4200,47.3800,47.4200,600
102,47.4100,47.4100,47.4000,47.4000,400
103,47.3900,47.3900,47.3900,47.3900,400
104,47.3828,47.4000,47.3600,47.3700,1100
105,47.3810,47.4100,47.3810,47.4100,373
106,47.4200,47.4200,47.3600,47.3700,1387
107,47.3600,47.3900,47.3500,47.3800,1350
108,47.3700,47.3750,47.3700,47.3750,300
109,47.3400,47.3400,47.3400,47.3400,100
110,47.3600,47.3700,47.3500,47.3700,900
111,47.3800,47.3800,47.3500,47.3500,300
112,47.3400,47.3400,47.3400,47.3400,200
113,47.3600,47.3800,47.3500,47.3700,1325
114,47.3900,47.3999,47.3850,47.3925,1000
115,47.3850,47.4000,47.3850,47.4000,200
116,47.3800,47.4000,47.3800,47.4000,300
117,47.3900,47.3900,47.3700,47.3700,500
118,47.3700,47.3700,47.3400,47.3500,2300
119,47.3700,47.3700,47.3700,47.3700,100
120,47.3500,47.3500,47.3300,47.3400,791
121,47.3500,47.3600,47.3400,47.3400,700
122,47.3550,47.3550,47.3300,47.3300,1900
123,47.3400,47.3500,47.3300,47.3338,2550
124,47.3400,47.3500,47.3300,47.3500,800
125,47.3400,47.3600,47.3400,47.3500,700
126,47.3500,47.3600,47.3400,47.3400,1200
127,47.3300,47.3300,47.3200,47.3200,600
128,47.3100,47.3600,47.3100,47.3400,1900
129,47.3483,47.3483,47.3300,47.3300,400
130,47.3100,47.3500,47.3100,47.3300,1000
131,47.3400,47.3700,47.3400,47.3600,2521
132,47.3700,47.3700,47.3700,47.3700,100
133,47.4000,47.4100,47.4000,47.4100,700
134,47.4100,47.4100,47.4100,47.4100,2004
135,47.4100,47.4150,47.3900,47.3900,900
136,47.4200,47.4200,47.4050,47.4050,300
137,47.4200,47.4500,47.4150,47.4400,800
138,47.4500,47.4650,47.4400,47.4400,400
139,47.4500,47.4500,47.4500,47.4500,200
140,47.4500,47.4900,47.4400,47.4900,2410
141,47.4900,47.5950,47.4900,47.5900,10821
142,47.5900,47.5900,47.5400,47.5400,800
143,47.5440,47.5600,47.5440,47.5600,700
144,47.5700,47.5700,47.5700,47.5700,100
146,47.5700,47.5700,47.5300,47.5300,1100
147,47.5100,47.5200,47.5000,47.5000,600
148,47.5100,47.5100,47.4400,47.4400,2600
150,47.4100,47.4300,47.4100,47.4200,500
151,47.4300,47.4500,47.4300,47.4400,500
153,47.4500,47.4500,47.4500,47.4500,309
154,47.4300,47.4400,47.4300,47.4300,600
155,47.4500,47.4500,47.4300,47.4300,200
156,47.4300,47.4300,47.4100,47.4200,1333
157,47.4200,47.4200,47.4200,47.4200,400
158,47.4300,47.4400,47.4300,47.4400,1135
159,47.4500,47.4500,47.4400,47.4400,200
160,47.4300,47.4300,47.3900,47.4200,2600
161,47.4300,47.4300,47.4300,47.4300,400
162,47.4300,47.4300,47.4300,47.4300,400
163,47.4400,47.4600,47.4200,47.4400,2800
164,47.4400,47.4700,47.4400,47.4700,1000
165,47.4500,47.6200,47.4500,47.6200,14778
166,47.6200,47.6250,47.6100,47.6200,600
167,47.6200,47.6200,47.6200,47.6200,100
168,47.6100,47.6200,47.6100,47.6200,600
169,47.6200,47.6400,47.6200,47.6300,800
172,47.6500,47.6700,47.6400,47.6700,1300
173,47.6800,47.6800,47.6600,47.6600,300
174,47.6600,47.6600,47.6500,47.6500,800
175,47.6500,47.6500,47.6500,47.6500,800
176,47.6500,47.6600,47.6400,47.6500,2300
177,47.6500,47.6500,47.6500,47.6500,300
178,47.6500,47.7300,47.6500,47.7100,6762
179,47.7100,47.7100,47.6700,47.6800,3947
180,47.6800,47.6900,47.6700,47.6900,1300
181,47.6850,47.7000,47.6700,47.6800,7200
182,47.6700,47.6900,47.6700,47.6700,4900
183,47.6700,47.6800,47.6150,47.6300,3602
184,47.6300,47.6350,47.6300,47.6300,1200
185,47.6200,47.6250,47.6000,47.6100,4200
186,47.6200,47.6400,47.6100,47.6200,1800
187,47.6100,47.6100,47.6100,47.6100,400
188,47.6000,47.6000,47.5900,47.5900,700
189,47.5700,47.5700,47.5300,47.5400,1000
190,47.5500,47.5500,47.5500,47.5500,400
191,47.5400,47.5550,47.5400,47.5400,500
192,47.5400,47.5400,47.5400,47.5400,400
193,47.5450,47.6250,47.5450,47.6200,5668
194,47.6000,47.6000,47.5800,47.5800,400
195,47.5900,47.5900,47.5900,47.5900,300
196,47.6000,47.6050,47.5850,47.6050,600
197,47.6100,47.6400,47.6050,47.6400,1200
198,47.6500,47.6600,47.6400,47.6500,1800
199,47.6500,47.6500,47.6200,47.6200,7000
200,47.6200,47.6400,47.6200,47.6200,65600
201,47.6300,47.7200,47.6300,47.6700,12362
202,47.6600,47.6700,47.6200,47.6500,6028
204,47.6300,47.6300,47.6200,47.6200,396
205,47.6200,47.6200,47.6200,47.6200,200
206,47.6200,47.6200,47.5800,47.5800,862
207,47.5800,47.5900,47.5800,47.5900,2400
208,47.5800,47.5800,47.5400,47.5550,2300
209,47.5550,47.5550,47.5300,47.5400,2204
210,47.5450,47.5500,47.5300,47.5300,300
211,47.5600,47.5800,47.5500,47.5700,3100
212,47.5800,47.5800,47.5800,47.5800,200
213,47.5850,47.5900,47.5700,47.5900,1200
214,47.5700,47.5750,47.5700,47.5750,500
215,47.5600,47.5900,47.5600,47.5700,600
216,47.5800,47.5800,47.5700,47.5700,256
217,47.5800,47.6100,47.5800,47.6100,1500
219,47.6200,47.6200,47.5900,47.6053,1850
220,47.6010,47.6100,47.6000,47.6100,900
221,47.5901,47.6100,47.5600,47.5600,1090
222,47.5500,47.5800,47.5500,47.5600,1940
223,47.5600,47.5700,47.5600,47.5600,600
224,47.5500,47.5500,47.5100,47.5100,1219
225,47.5400,47.5600,47.5300,47.5400,2300
227,47.5600,47.5600,47.5600,47.5600,100
228,47.5500,47.5600,47.5500,47.5600,369
229,47.5700,47.5800,47.5600,47.5800,1400
231,47.5600,47.5700,47.5500,47.5500,700
232,47.5500,47.5500,47.5400,47.5400,200
233,47.5700,47.5700,47.5700,47.5700,100
234,47.5500,47.5500,47.5400,47.5500,500
235,47.5300,47.5500,47.5100,47.5500,3100
236,47.5300,47.5300,47.5300,47.5300,213
237,47.5300,47.5300,47.5200,47.5300,1000
238,47.5400,47.5600,47.5300,47.5600,1500
239,47.5400,47.5400,47.5200,47.5200,300
240,47.5299,47.5299,47.5299,47.5299,251
241,47.5100,47.5100,47.4900,47.5000,1000
242,47.5100,47.5100,47.4800,47.4900,1105
243,47.4986,47.5000,47.4850,47.5000,1633
244,47.5000,47.5000,47.5000,47.5000,100
245,47.5100,47.5100,47.4700,47.4700,1000
246,47.4800,47.4900,47.4700,47.4814,26295
247,47.4800,47.4800,47.4500,47.4500,1786
248,47.4450,47.4500,47.4400,47.4500,600
249,47.4500,47.4800,47.4400,47.4600,2391
250,47.4700,47.4700,47.4700,47.4700,100
251,47.4700,47.4700,47.4601,47.4601,300
252,47.4900,47.4900,47.4900,47.4900,600
253,47.5000,47.5000,47.4900,47.4900,1000
254,47.5000,47.5000,47.5000,47.5000,300
255,47.4800,47.4800,47.4700,47.4800,1899
256,47.4800,47.5100,47.4800,47.5100,800
258,47.5000,47.5000,47.5000,47.5000,400
259,47.5000,47.5100,47.4950,47.5100,1050
260,47.5200,47.5200,47.5200,47.5200,700
261,47.5100,47.5100,47.5000,47.5100,1530
262,47.5000,47.5000,47.4900,47.5000,800
263,47.5050,47.5050,47.4900,47.4900,1100
264,47.4990,47.5000,47.4900,47.5000,472
265,47.4950,47.5000,47.4950,47.5000,800
266,47.5000,47.5000,47.4900,47.4900,500
267,47.4800,47.4800,47.4500,47.4700,1700
268,47.4700,47.4700,47.4700,47.4700,800
269,47.4800,47.4900,47.4700,47.4800,2500
270,47.4900,47.4900,47.4850,47.4900,800
271,47.4850,47.4900,47.4850,47.4900,2300
272,47.5000,47.5200,47.5000,47.5150,2436
273,47.5200,47.5200,47.5100,47.5101,871
274,47.5300,47.5300,47.5300,47.5300,200
275,47.5300,47.5500,47.5300,47.5300,2000
276,47.5500,47.5800,47.5500,47.5800,1200
277,47.5900,47.5900,47.5900,47.5900,100
278,47.6000,47.6100,47.5800,47.6100,1400
279,47.6000,47.6100,47.6000,47.6000,3350
280,47.6200,47.6300,47.6200,47.6300,1579
282,47.6200,47.6400,47.6200,47.6400,2000
283,47.6200,47.6400,47.6200,47.6400,2000
285,47.6300,47.7000,47.6300,47.7000,1400
286,47.6900,47.6900,47.6700,47.6700,1321
287,47.6800,47.6900,47.6800,47.6900,500
288,47.6800,47.7100,47.6800,47.7100,600
289,47.7200,47.7200,47.7000,47.7000,1278
290,47.7100,47.7200,47.7100,47.7200,1133
292,47.7000,47.7000,47.6900,47.7000,500
293,47.6900,47.6900,47.6800,47.6800,1700
294,47.6800,47.6800,47.6700,47.6800,800
295,47.6700,47.6700,47.6700,47.6700,1000
296,47.6700,47.6700,47.6600,47.6600,1042
297,47.6600,47.6600,47.6600,47.6600,900
298,47.6500,47.6700,47.6500,47.6700,1300
299,47.6800,47.6900,47.6800,47.6900,1336
300,47.7000,47.7300,47.7000,47.7300,2300
301,47.7100,47.7500,47.7100,47.7500,2642
303,47.7700,47.7700,47.7600,47.7600,1800
304,47.7700,47.7900,47.7600,47.7900,2700
305,47.7800,47.7800,47.7500,47.7500,1300
306,47.7650,47.8100,47.7650,47.7800,1500
307,47.7500,47.7600,47.7500,47.7600,712
308,47.7500,47.7500,47.7400,47.7400,1100
309,47.7400,47.7400,47.7000,47.7150,47509
310,47.7000,47.7400,47.7000,47.7400,2500
311,47.7400,47.7500,47.7400,47.7400,2554
312,47.7400,47.7900,47.7400,47.7900,4246
313,47.8100,47.8324,47.7900,47.8187,2085
314,47.8300,47.8300,47.8100,47.8110,1839
315,47.8148,47.8300,47.8148,47.8250,970
316,47.8300,47.8400,47.8200,47.8400,1700
317,47.8500,47.9000,47.8400,47.8900,5684
318,47.8800,47.8800,47.8600,47.8600,2100
319,47.8500,47.8600,47.8500,47.8600,500
320,47.8600,47.8800,47.8600,47.8800,2100
321,47.8700,47.8700,47.8700,47.8700,600
322,47.8700,47.8700,47.8500,47.8500,2306
323,47.8600,47.8700,47.8600,47.8700,200
324,47.8700,47.8800,47.8700,47.8700,1200
325,47.8700,47.8700,47.8600,47.8600,700
326,47.8800,47.8900,47.8800,47.8800,1100
327,47.8700,47.8700,47.8600,47.8600,1000
328,47.8500,47.8500,47.8300,47.8300,800
329,47.8200,47.8200,47.7900,47.8000,2200
330,47.8000,47.8100,47.7900,47.7900,1892
331,47.8000,47.8400,47.8000,47.8400,1300
332,47.8400,47.8500,47.8400,47.8500,1300
333,47.8500,47.8500,47.8400,47.8500,700
334,47.8400,47.8600,47.8300,47.8600,1700
335,47.8500,47.8500,47.8500,47.8500,377
336,47.8400,47.8400,47.8100,47.8100,1100
337,47.8100,47.8100,47.7950,47.8100,1827
339,47.8050,47.8200,47.8050,47.8200,1000
340,47.8000,47.8000,47.7900,47.7900,930
341,47.7800,47.7900,47.7800,47.7900,824
342,47.7800,47.7800,47.7400,47.7550,2200
343,47.7500,47.7500,47.7500,47.7500,100
344,47.7500,47.7600,47.7350,47.7350,8343
345,47.7400,47.7700,47.7350,47.7700,4027
346,47.7800,47.7800,47.7550,47.7550,3700
347,47.7600,47.7700,47.7550,47.7650,1700
348,47.7600,47.7600,47.7400,47.7500,1501
349,47.7400,47.7700,47.7400,47.7700,2301
350,47.7700,47.7700,47.7600,47.7600,1100
351,47.7700,47.8000,47.7700,47.7850,6400
352,47.7900,47.8100,47.7900,47.8100,1090
353,47.8100,47.8200,47.8100,47.8200,859
354,47.8200,47.8200,47.8100,47.8100,1800
355,47.8100,47.8290,47.8100,47.8290,1500
356,47.8000,47.8150,47.8000,47.8150,6137
357,47.8200,47.8200,47.8000,47.8001,2145
358,47.8100,47.8300,47.8100,47.8300,1866
359,47.8100,47.8150,47.8100,47.8100,2100
360,47.8200,47.8200,47.8100,47.8100,900
361,47.8100,47.8200,47.7600,47.7800,6501
362,47.7900,47.7900,47.7800,47.7800,400
363,47.7800,47.7900,47.7700,47.7700,6500
364,47.7500,47.7600,47.7400,47.7500,2500
365,47.7500,47.7500,47.7400,47.7500,1818
366,47.7400,47.7500,47.7300,47.7350,2400
367,47.7400,47.7600,47.7400,47.7600,3316
368,47.7600,47.7600,47.7550,47.7600,5088
369,47.7600,47.7600,47.7400,47.7500,5661
370,47.7475,47.7475,47.7300,47.7350,4080
371,47.7300,47.7300,47.6900,47.6900,5052
372,47.6900,47.7000,47.6500,47.6500,6833
373,47.6500,47.6600,47.6500,47.6600,6905
374,47.6600,47.6600,47.6400,47.6400,7224
375,47.6300,47.6300,47.5600,47.5600,7735
376,47.5600,47.5900,47.5600,47.5650,9470
377,47.5750,47.5800,47.5650,47.5650,3072
378,47.5650,47.5800,47.5600,47.5600,3955
379,47.5600,47.5800,47.5550,47.5700,4321
380,47.5700,47.5800,47.5500,47.5600,5690
381,47.5600,47.5900,47.5600,47.5600,9481
382,47.5600,47.5700,47.5500,47.5650,3502
383,47.5700,47.5700,47.5400,47.5400,3725
384,47.5429,47.5600,47.5429,47.5500,3928
385,47.5450,47.5450,47.5000,47.5200,11474
386,47.5100,47.5200,47.4900,47.4900,13690
387,47.5000,47.5000,47.4650,47.4650,18000
388,47.4600,47.4600,47.4450,47.4500,29251
389,47.4550,47.5000,47.4550,47.4900,20734
390,47.4700,47.5650,47.4650,47.5500,53709