INFO,IHS Markit Ltd.,Industrials,6,Research & Consulting Services,18867750867,4438982
a149935860087,46.8550,46.8600,46.8500,46.8550,42407
388,46.8550,46.8600,46.8500,46.8550,16779
389,46.8500,46.8600,46.8500,46.8600,28343
390,46.8550,46.8600,46.8000,46.8000,254445
0,46.8100,46.8100,46.8100,46.8100,10892
1,46.6800,46.7600,46.6650,46.7600,575
2,46.7700,46.7800,46.7500,46.7700,1574
3,46.7600,46.8000,46.7600,46.8000,1100
4,46.7850,46.7850,46.7100,46.7300,5000
5,46.7300,46.7500,46.7000,46.7000,1701
6,46.7400,46.7600,46.6700,46.6700,2834
7,46.6900,46.7550,46.6900,46.7550,3546
8,46.7400,46.7400,46.7150,46.7400,900
9,46.7200,46.7350,46.6800,46.7100,6460
10,46.7000,46.7000,46.6600,46.6700,1100
11,46.6700,46.6800,46.6100,46.6200,3624
12,46.6200,46.6300,46.6000,46.6100,1700
13,46.6200,46.7000,46.6200,46.7000,2200
14,46.7200,46.7500,46.6900,46.7400,2900
15,46.7550,46.7750,46.7400,46.7400,2700
16,46.7100,46.7400,46.7100,46.7400,3266
17,46.7450,46.7500,46.7300,46.7300,1400
18,46.7400,46.7500,46.7200,46.7300,603
19,46.7300,46.7650,46.7200,46.7650,3310
20,46.7700,46.7700,46.7700,46.7700,300
21,46.7600,46.7700,46.7400,46.7600,6089
22,46.7650,46.7700,46.7400,46.7500,3749
23,46.7300,46.7300,46.6500,46.6550,5600
24,46.6500,46.6500,46.6100,46.6200,11584
25,46.6100,46.6400,46.6000,46.6400,7600
26,46.6300,46.6400,46.6200,46.6200,2800
27,46.6200,46.6200,46.6114,46.6114,300
28,46.6000,46.6100,46.5800,46.5900,5124
29,46.5850,46.5900,46.5600,46.5700,12844
30,46.5600,46.5700,46.5400,46.5450,8600
31,46.5400,46.5600,46.5100,46.5600,9136
32,46.5500,46.5900,46.5500,46.5900,1047
33,46.5400,46.5900,46.5400,46.5750,3710
34,46.5700,46.5700,46.5400,46.5400,2600
35,46.5500,46.5500,46.5400,46.5450,700
36,46.5600,46.5600,46.5500,46.5500,1300
37,46.5500,46.5550,46.5500,46.5500,2400
38,46.5500,46.5600,46.5500,46.5550,11590
39,46.5500,46.5500,46.5100,46.5100,4701
40,46.5200,46.5300,46.5100,46.5100,2200
41,46.5300,46.5300,46.5100,46.5150,4300
42,46.5200,46.5200,46.5000,46.5100,2918
43,46.5000,46.5100,46.5000,46.5000,1009
44,46.5000,46.5155,46.5000,46.5155,1965
45,46.5100,46.5100,46.5000,46.5000,1224
46,46.5000,46.5450,46.5000,46.5450,5959
47,46.5500,46.6000,46.5400,46.6000,10090
48,46.6000,46.6000,46.5500,46.5600,6108
49,46.5500,46.5800,46.5500,46.5600,5000
50,46.5800,46.5800,46.5700,46.5700,700
51,46.5700,46.5750,46.5400,46.5400,14152
52,46.5400,46.5500,46.5300,46.5300,2200
53,46.5200,46.5400,46.5200,46.5300,1519
54,46.5100,46.5200,46.5100,46.5100,1900
55,46.5100,46.5100,46.4967,46.5100,1559
56,46.5100,46.5200,46.5100,46.5100,1100
57,46.5100,46.5600,46.5100,46.5600,2700
58,46.5600,46.5600,46.5300,46.5300,7046
59,46.5300,46.5550,46.5300,46.5500,1500
60,46.5500,46.5600,46.5400,46.5500,2000
61,46.5600,46.5600,46.5400,46.5400,4200
62,46.5300,46.5500,46.5300,46.5500,1994
63,46.5400,46.5400,46.5200,46.5200,1824
64,46.5200,46.5200,46.5200,46.5200,1200
65,46.5300,46.5300,46.5150,46.5250,1700
66,46.5400,46.5400,46.5400,46.5400,200
67,46.5500,46.5600,46.5400,46.5400,4202
68,46.5400,46.5499,46.5200,46.5210,3386
69,46.5200,46.5350,46.5000,46.5000,6776
70,46.5000,46.5050,46.4800,46.4800,9761
71,46.4800,46.4800,46.4500,46.4700,6752
72,46.4800,46.4900,46.4700,46.4900,5201
73,46.4900,46.5000,46.4850,46.5000,8659
74,46.4950,46.5050,46.4600,46.4700,7444
75,46.4700,46.5200,46.4700,46.5200,8500
76,46.5100,46.5150,46.4800,46.4900,2896
77,46.5000,46.5000,46.4900,46.4950,5499
78,46.4900,46.5000,46.4900,46.4900,3299
79,46.5000,46.5250,46.5000,46.5250,4200
80,46.5225,46.5300,46.5100,46.5100,10092
81,46.5000,46.5100,46.4900,46.5050,3416
82,46.5200,46.5200,46.5200,46.5200,300
83,46.5100,46.5300,46.5100,46.5250,4100
84,46.5300,46.5350,46.5000,46.5200,11730
85,46.5100,46.5200,46.5100,46.5200,1100
86,46.5200,46.5200,46.5200,46.5200,500
87,46.5200,46.5300,46.5000,46.5100,3500
88,46.5000,46.5000,46.4900,46.4900,1500
89,46.5000,46.5200,46.5000,46.5000,1500
90,46.5000,46.5100,46.4900,46.5000,4578
91,46.5000,46.5100,46.5000,46.5100,3300
92,46.5100,46.5300,46.5000,46.5300,700
93,46.5400,46.5500,46.5400,46.5500,2100
94,46.5400,46.5400,46.5100,46.5100,4701
95,46.5200,46.5200,46.5000,46.5000,4077
96,46.4900,46.4900,46.4700,46.4700,2500
97,46.4600,46.4800,46.4600,46.4800,1000
98,46.4800,46.4800,46.4700,46.4700,2690
99,46.4800,46.4850,46.4700,46.4700,1900
100,46.4800,46.5050,46.4700,46.4900,1400
101,46.4900,46.5100,46.4900,46.5100,2099
102,46.5000,46.5000,46.4900,46.5000,1700
103,46.4900,46.4900,46.4800,46.4900,4323
104,46.4800,46.4900,46.4700,46.4900,1550
105,46.4900,46.4900,46.4800,46.4800,900
106,46.4900,46.5100,46.4900,46.5100,1400
107,46.5200,46.5200,46.5000,46.5100,400
108,46.5050,46.5050,46.5000,46.5000,3000
109,46.5000,46.5100,46.4900,46.5000,4100
110,46.5000,46.5100,46.4900,46.5000,2900
111,46.5000,46.5100,46.5000,46.5000,2300
112,46.5000,46.5100,46.4900,46.4900,2400
113,46.4800,46.5000,46.4800,46.5000,955
114,46.5000,46.5000,46.4800,46.4800,500
115,46.5000,46.5250,46.5000,46.5250,1900
116,46.5250,46.5250,46.5000,46.5200,3142
117,46.5100,46.5400,46.5100,46.5300,1400
118,46.5200,46.5300,46.5200,46.5200,3123
119,46.5300,46.5300,46.5200,46.5200,500
120,46.5200,46.5300,46.5152,46.5152,1155
121,46.5300,46.5350,46.5150,46.5150,2836
122,46.5100,46.5100,46.5000,46.5100,3274
123,46.5100,46.5200,46.5100,46.5200,600
124,46.5100,46.5200,46.4900,46.4900,5678
125,46.4900,46.4900,46.4800,46.4900,4190
126,46.4900,46.5000,46.4800,46.4900,3000
127,46.4900,46.5000,46.4800,46.4800,2799
128,46.4800,46.4900,46.4700,46.4700,2293
129,46.4600,46.4800,46.4600,46.4700,2801
130,46.4700,46.4900,46.4700,46.4900,1839
131,46.4900,46.5300,46.4900,46.5300,1200
132,46.5178,46.5300,46.5100,46.5200,2560
133,46.5150,46.5350,46.5150,46.5300,1334
134,46.5200,46.5300,46.5100,46.5100,2599
135,46.5200,46.5200,46.5100,46.5200,3900
136,46.5200,46.5300,46.5200,46.5200,1100
137,46.5300,46.5400,46.5200,46.5400,1100
138,46.5400,46.5400,46.5200,46.5300,5448
139,46.5300,46.5300,46.5000,46.5000,2300
140,46.4900,46.5100,46.4900,46.5100,5739
141,46.5000,46.5300,46.4900,46.5000,2400
142,46.5100,46.5100,46.5000,46.5000,1700
143,46.5100,46.5100,46.5000,46.5100,6767
144,46.5100,46.5300,46.5000,46.5200,3400
145,46.5300,46.5300,46.5100,46.5200,4900
146,46.5200,46.5450,46.5200,46.5400,1400
147,46.5500,46.5500,46.5500,46.5500,100
148,46.5500,46.5600,46.5500,46.5500,3382
149,46.5500,46.5600,46.5400,46.5500,7799
150,46.5400,46.5400,46.5100,46.5150,2072
151,46.5200,46.5400,46.5200,46.5400,1600
152,46.5300,46.5300,46.5200,46.5200,1000
153,46.5400,46.5400,46.5300,46.5400,700
154,46.5400,46.5450,46.5300,46.5400,1926
155,46.5300,46.5400,46.5300,46.5400,3200
156,46.5300,46.5500,46.5300,46.5400,2000
157,46.5400,46.5400,46.5400,46.5400,1000
158,46.5478,46.5600,46.5400,46.5500,3612
159,46.5500,46.5500,46.5300,46.5300,4655
160,46.5200,46.5400,46.5100,46.5100,1900
161,46.5000,46.5200,46.4700,46.4900,3160
162,46.5000,46.5200,46.4999,46.5100,2900
163,46.5000,46.5100,46.5000,46.5000,600
165,46.5000,46.5100,46.5000,46.5000,4221
166,46.5100,46.5100,46.5100,46.5100,100
167,46.5200,46.5500,46.5200,46.5300,3300
168,46.5300,46.5500,46.5300,46.5500,535
169,46.5400,46.5500,46.5200,46.5200,2525
170,46.5200,46.5250,46.5200,46.5200,2000
171,46.5200,46.5300,46.5100,46.5300,1300
172,46.5300,46.5300,46.5300,46.5300,200
173,46.5400,46.5400,46.5400,46.5400,300
174,46.5500,46.5500,46.5300,46.5300,2600
175,46.5500,46.5750,46.5500,46.5700,25600
176,46.5550,46.6800,46.5500,46.6000,25151
177,46.5900,46.6200,46.5900,46.6200,4657
178,46.6200,46.6300,46.6200,46.6200,2100
179,46.6100,46.6300,46.6000,46.6300,3699
180,46.6400,46.6400,46.6200,46.6200,2600
181,46.6200,46.6200,46.6000,46.6100,1900
182,46.5900,46.5900,46.5900,46.5900,400
183,46.6100,46.6200,46.6000,46.6100,3800
184,46.6100,46.6100,46.5900,46.5900,1000
185,46.5900,46.6100,46.5900,46.6000,3634
186,46.6000,46.6000,46.5700,46.5800,7172
187,46.5700,46.5800,46.5700,46.5700,6858
188,46.5700,46.5900,46.5700,46.5900,3000
189,46.5900,46.5900,46.5800,46.5800,3548
190,46.5800,46.5800,46.5700,46.5700,2800
191,46.5700,46.5800,46.5700,46.5800,2747
192,46.5800,46.5900,46.5700,46.5700,2300
193,46.5700,46.5750,46.5600,46.5700,1900
195,46.5600,46.5950,46.5600,46.5800,2445
196,46.5800,46.5850,46.5701,46.5701,1838
197,46.5800,46.5900,46.5800,46.5900,200
198,46.5900,46.6000,46.5900,46.6000,800
199,46.6100,46.6100,46.5800,46.5800,4500
200,46.5800,46.5800,46.5700,46.5700,700
201,46.5700,46.5800,46.5600,46.5600,1500
202,46.5700,46.5700,46.5700,46.5700,200
203,46.5800,46.5800,46.5800,46.5800,1000
204,46.5900,46.6000,46.5800,46.5800,2300
205,46.5900,46.5900,46.5800,46.5800,3005
206,46.5800,46.5800,46.5700,46.5700,2800
207,46.5700,46.5800,46.5700,46.5700,2100
208,46.5700,46.5800,46.5600,46.5800,967
209,46.5700,46.5800,46.5700,46.5800,1200
210,46.5800,46.5850,46.5800,46.5800,1000
211,46.5900,46.6100,46.5900,46.6100,500
212,46.6000,46.6000,46.5900,46.6000,32000
213,46.6050,46.6199,46.6000,46.6100,3800
214,46.6200,46.6200,46.6200,46.6200,100
215,46.6200,46.6200,46.6000,46.6050,1900
216,46.6050,46.6050,46.5300,46.5300,14225
217,46.5500,46.5600,46.5500,46.5500,1300
218,46.5700,46.5700,46.5600,46.5600,1100
219,46.5600,46.5700,46.5500,46.5500,1800
220,46.5700,46.5700,46.5600,46.5700,2200
221,46.5700,46.5700,46.5400,46.5400,4100
222,46.5400,46.5500,46.5400,46.5400,2400
223,46.5400,46.5400,46.5300,46.5300,3319
224,46.5200,46.5300,46.5000,46.5000,4800
225,46.4900,46.4900,46.4800,46.4800,2100
226,46.4700,46.4800,46.4350,46.4400,3698
228,46.4400,46.4600,46.4400,46.4500,3413
229,46.4500,46.4500,46.4400,46.4500,420
230,46.4500,46.4500,46.4300,46.4300,400
231,46.4500,46.4700,46.4500,46.4650,3410
232,46.4600,46.4600,46.4600,46.4600,1900
233,46.4600,46.4700,46.4600,46.4700,300
234,46.4700,46.4800,46.4500,46.4500,3749
235,46.4500,46.4700,46.4300,46.4300,2417
236,46.4500,46.4500,46.4400,46.4400,1300
237,46.4400,46.4500,46.4400,46.4500,800
238,46.4500,46.4650,46.4500,46.4500,1200
239,46.4600,46.4700,46.4300,46.4400,2700
240,46.4300,46.4400,46.4300,46.4400,300
241,46.4500,46.4500,46.4100,46.4200,5686
242,46.4300,46.4400,46.4300,46.4300,2000
243,46.4300,46.4300,46.4200,46.4300,900
244,46.4500,46.4500,46.4500,46.4500,200
245,46.4500,46.4500,46.4200,46.4200,3400
246,46.4300,46.4300,46.4200,46.4200,1600
247,46.4200,46.4300,46.4200,46.4200,1950
248,46.4100,46.4200,46.3900,46.3950,4660
249,46.3900,46.3900,46.3900,46.3900,1585
250,46.4000,46.4000,46.3800,46.3800,3846
251,46.3700,46.3800,46.3600,46.3800,2100
252,46.3700,46.3800,46.3700,46.3800,976
253,46.3800,46.4000,46.3800,46.3900,2200
254,46.3800,46.3900,46.3700,46.3900,1421
255,46.4000,46.4100,46.3800,46.3800,4000
256,46.3800,46.4000,46.3800,46.4000,1100
257,46.4000,46.4000,46.3800,46.3800,2145
258,46.4000,46.4000,46.3800,46.3800,2300
259,46.3800,46.3900,46.3600,46.3700,3800
260,46.3800,46.3900,46.3600,46.3800,16428
261,46.3800,46.4200,46.3700,46.4100,28900
262,46.4100,46.4200,46.4000,46.4200,1172
263,46.4100,46.4100,46.4100,46.4100,4999
264,46.4124,46.4124,46.4100,46.4100,1928
265,46.4100,46.4200,46.4100,46.4200,700
266,46.4200,46.4200,46.4000,46.4000,52200
267,46.4000,46.4100,46.3900,46.4000,59275
268,46.3900,46.4300,46.3900,46.4300,4900
269,46.4350,46.4450,46.4350,46.4400,1300
270,46.4500,46.4550,46.4400,46.4500,18531
271,46.4500,46.4500,46.4400,46.4400,8000
272,46.4450,46.4800,46.4450,46.4800,7928
273,46.4700,46.4750,46.4500,46.4500,6400
274,46.4600,46.4700,46.4600,46.4650,2900
275,46.4700,46.4700,46.4700,46.4700,1632
276,46.4799,46.4799,46.4600,46.4600,2500
277,46.4600,46.4800,46.4600,46.4650,1826
278,46.4600,46.4700,46.4600,46.4600,1800
279,46.4600,46.4800,46.4500,46.4800,5616
280,46.4800,46.4800,46.4700,46.4800,1300
281,46.4800,46.4900,46.4650,46.4700,9401
282,46.4700,46.4700,46.4600,46.4600,400
283,46.4600,46.4750,46.4600,46.4600,3175
284,46.4700,46.4800,46.4600,46.4800,1000
285,46.4799,46.4800,46.4799,46.4800,417
286,46.4900,46.5000,46.4900,46.4900,1900
287,46.4900,46.5000,46.4800,46.4900,3600
288,46.4900,46.5158,46.4900,46.5158,1920
289,46.5100,46.5200,46.5100,46.5100,1500
290,46.5150,46.5300,46.5100,46.5300,1500
291,46.5200,46.5250,46.5200,46.5200,1200
292,46.5200,46.5200,46.4800,46.4800,8200
293,46.5000,46.5000,46.5000,46.5000,100
294,46.5050,46.5050,46.4850,46.4900,2700
295,46.4800,46.4800,46.4800,46.4800,2400
296,46.4800,46.5000,46.4800,46.4900,1959
297,46.4900,46.4950,46.4700,46.4700,2100
298,46.4700,46.4900,46.4700,46.4900,900
299,46.4900,46.4900,46.4900,46.4900,2539
300,46.5000,46.5100,46.4900,46.4950,2000
301,46.4900,46.4950,46.4800,46.4800,3500
302,46.4900,46.5000,46.4900,46.5000,2100
304,46.5100,46.5100,46.4900,46.4900,6275
305,46.5000,46.5100,46.4900,46.5100,1600
306,46.5100,46.5300,46.5100,46.5300,970
307,46.5300,46.5300,46.5200,46.5300,3600
308,46.5200,46.5250,46.5100,46.5100,5800
309,46.5100,46.5100,46.5000,46.5100,3790
310,46.5100,46.5100,46.5100,46.5100,3600
311,46.5050,46.5050,46.4800,46.5000,4000
312,46.5000,46.5100,46.4900,46.5100,1165
313,46.5100,46.5200,46.5100,46.5200,800
314,46.5150,46.5150,46.5100,46.5150,3587
315,46.5200,46.5200,46.5100,46.5200,2199
316,46.5200,46.5300,46.5100,46.5200,5026
317,46.5200,46.5250,46.5150,46.5200,2300
318,46.5300,46.5550,46.5250,46.5500,27483
319,46.5500,46.5600,46.5500,46.5600,6700
320,46.5600,46.5700,46.5600,46.5700,500
321,46.5600,46.5700,46.5600,46.5700,1000
322,46.5800,46.5850,46.5800,46.5800,3100
323,46.5800,46.5800,46.5600,46.5800,3000
324,46.5800,46.5800,46.5800,46.5800,100
325,46.5700,46.5900,46.5700,46.5900,300
326,46.5700,46.5900,46.5500,46.5500,6992
328,46.5800,46.5825,46.5600,46.5700,2899
329,46.5600,46.5600,46.5600,46.5600,1400
330,46.5500,46.5600,46.5500,46.5500,4100
331,46.5500,46.5600,46.5400,46.5600,5284
332,46.5600,46.5650,46.5500,46.5600,3500
333,46.5600,46.5600,46.5400,46.5400,3778
334,46.5350,46.5400,46.5200,46.5400,2087
335,46.5500,46.5500,46.5400,46.5400,2426
336,46.5400,46.5600,46.5400,46.5500,2100
337,46.5550,46.5600,46.5500,46.5550,500
338,46.5600,46.5750,46.5500,46.5500,4184
339,46.5700,46.5700,46.5600,46.5700,726
340,46.5600,46.6000,46.5600,46.5800,6077
341,46.5700,46.5700,46.5400,46.5400,4952
342,46.5500,46.5500,46.5200,46.5200,1926
343,46.5200,46.5300,46.5100,46.5300,1800
344,46.5300,46.5300,46.5300,46.5300,2996
345,46.5300,46.5500,46.5300,46.5500,700
346,46.5500,46.5600,46.5500,46.5600,2526
347,46.5550,46.5700,46.5550,46.5700,4000
348,46.5650,46.5650,46.5300,46.5400,10510
349,46.5500,46.5550,46.5400,46.5500,2900
350,46.5500,46.5800,46.5500,46.5600,8000
351,46.5700,46.5800,46.5600,46.5600,3133
352,46.5800,46.5800,46.5700,46.5700,5352
353,46.5800,46.5800,46.5600,46.5600,5185
354,46.5600,46.5600,46.5500,46.5600,3300
355,46.5600,46.5650,46.5500,46.5600,1900
356,46.5700,46.5750,46.5500,46.5750,700
357,46.5700,46.5800,46.5700,46.5700,3600
358,46.5800,46.5850,46.5700,46.5750,3809
359,46.5750,46.5750,46.5400,46.5550,7200
360,46.5500,46.5550,46.5500,46.5550,1900
361,46.5600,46.5600,46.5300,46.5300,13146
362,46.5300,46.5350,46.5200,46.5200,5390
363,46.5200,46.5200,46.5100,46.5200,5493
364,46.5200,46.5200,46.5000,46.5000,11510
365,46.5100,46.5150,46.5000,46.5100,4693
366,46.5200,46.5200,46.5000,46.5100,6100
367,46.5100,46.5150,46.5000,46.5100,5091
368,46.5100,46.5200,46.5000,46.5050,7063
369,46.5000,46.5350,46.5000,46.5300,5276
370,46.5250,46.5400,46.5200,46.5300,4500
371,46.5300,46.5400,46.5200,46.5300,12142
372,46.5200,46.5350,46.5200,46.5300,5520
373,46.5300,46.5400,46.5300,46.5350,2652
374,46.5400,46.5500,46.5350,46.5400,6789
375,46.5400,46.5450,46.5300,46.5350,9902
376,46.5400,46.5400,46.5300,46.5400,3345
377,46.5400,46.5500,46.5300,46.5400,9074
378,46.5350,46.5400,46.5300,46.5300,6242
379,46.5350,46.5400,46.5300,46.5400,3700
380,46.5400,46.5900,46.5300,46.5700,20912
381,46.5700,46.5750,46.5400,46.5650,33547
382,46.5650,46.5650,46.5500,46.5600,18246
383,46.5600,46.5700,46.5500,46.5650,8675
384,46.5700,46.6100,46.5650,46.6000,37886
385,46.6000,46.6300,46.6000,46.6250,18990
386,46.6200,46.6300,46.6000,46.6100,45060
387,46.6100,46.6400,46.6050,46.6390,23439
388,46.6300,46.6600,46.6300,46.6500,45885
389,46.6550,46.6600,46.6400,46.6600,25439
390,46.6550,46.6600,46.6100,46.6300,249113