IVZ,Invesco Ltd.,Financials,4,Asset Management & Custody Banks,13762322610,2616244
a149935860089,33.3250,33.3400,33.3200,33.3350,63518
390,33.3350,33.3500,33.3300,33.3450,36703
1,33.1600,33.1700,33.0301,33.0301,34450
2,33.0867,33.1300,33.0000,33.1200,32287
3,33.1600,33.1900,33.1600,33.1800,3100
4,33.1799,33.1799,33.1200,33.1200,3473
5,33.1100,33.1200,33.0700,33.0700,2400
6,33.0700,33.0700,33.0400,33.0700,1200
7,33.0200,33.0700,33.0000,33.0700,2300
8,33.0524,33.0600,33.0500,33.0600,1440
9,33.0600,33.1000,33.0500,33.0700,5662
10,33.0900,33.1100,33.0700,33.0750,2935
11,33.0700,33.0800,33.0400,33.0500,3300
12,33.0486,33.0600,33.0410,33.0410,1003
13,33.0500,33.0900,33.0500,33.0900,4700
14,33.0800,33.1100,33.0700,33.1000,1954
15,33.0901,33.1300,33.0901,33.1250,2406
16,33.1400,33.1400,33.1000,33.1250,9233
17,33.1300,33.1900,33.1300,33.1800,21169
18,33.1800,33.1900,33.1600,33.1600,6816
19,33.1600,33.2200,33.1600,33.2200,9535
20,33.2100,33.2900,33.2100,33.2750,27758
21,33.2800,33.3100,33.2700,33.3050,6480
22,33.3050,33.3200,33.3000,33.3161,13296
23,33.3200,33.3400,33.3100,33.3200,24395
24,33.3250,33.3600,33.3200,33.3500,3470
25,33.3600,33.4000,33.3600,33.3900,7065
26,33.4000,33.4200,33.3800,33.3800,18643
27,33.3850,33.4000,33.3800,33.3800,6247
28,33.3800,33.3850,33.3300,33.3600,10668
29,33.3600,33.3750,33.3600,33.3700,3500
30,33.3678,33.3900,33.3600,33.3600,2492
31,33.3600,33.3800,33.3600,33.3800,3050
32,33.3700,33.3800,33.3200,33.3200,4639
33,33.3200,33.3200,33.2800,33.2900,4384
34,33.2800,33.2850,33.2800,33.2800,4529
35,33.2800,33.2900,33.2800,33.2900,1979
36,33.2900,33.3050,33.2850,33.2850,9419
37,33.2800,33.2800,33.2500,33.2600,3800
38,33.2600,33.2750,33.2501,33.2700,5071
39,33.2700,33.2700,33.2300,33.2300,6708
40,33.2300,33.2600,33.2250,33.2600,27822
41,33.2700,33.3200,33.2600,33.3200,4257
42,33.3100,33.3100,33.2850,33.3000,6971
43,33.2950,33.3100,33.2899,33.3000,6027
44,33.3000,33.3200,33.2800,33.3200,4489
45,33.3200,33.3200,33.2900,33.2900,2100
46,33.3000,33.3300,33.3000,33.3300,2900
47,33.3400,33.3500,33.3350,33.3400,3800
48,33.3400,33.3600,33.3400,33.3600,2302
49,33.3500,33.3800,33.3300,33.3800,8573
50,33.3800,33.4000,33.3800,33.3900,9461
51,33.3800,33.4200,33.3800,33.4100,13017
52,33.4000,33.4000,33.3900,33.4000,1500
53,33.3943,33.4200,33.3850,33.4100,11588
54,33.4100,33.4200,33.3600,33.3600,8296
55,33.3600,33.4000,33.3600,33.4000,6200
56,33.3906,33.4000,33.3800,33.3900,4827
57,33.3900,33.4400,33.3850,33.4200,9800
58,33.4200,33.4200,33.3950,33.4100,5256
59,33.4100,33.4300,33.4000,33.4200,7110
60,33.4200,33.4300,33.3850,33.3900,4602
61,33.3800,33.3800,33.3600,33.3700,3374
62,33.3650,33.3900,33.3600,33.3700,6580
63,33.3700,33.3700,33.3000,33.3200,12925
64,33.3200,33.3400,33.3100,33.3200,14984
65,33.3300,33.3400,33.3000,33.3100,5969
66,33.3000,33.3000,33.2800,33.3000,2100
67,33.3000,33.3100,33.2800,33.2900,3469
68,33.2800,33.2800,33.2600,33.2600,2150
69,33.2600,33.2675,33.2300,33.2300,7239
70,33.2400,33.2400,33.2150,33.2150,1995
71,33.2200,33.2600,33.2200,33.2500,8543
72,33.2600,33.2600,33.2250,33.2300,4100
73,33.2400,33.3000,33.2400,33.3000,4053
74,33.2900,33.3000,33.2850,33.3000,4200
75,33.2950,33.3250,33.2950,33.3200,5726
76,33.3100,33.3400,33.3100,33.3400,9618
77,33.3400,33.3700,33.3400,33.3664,6973
78,33.3700,33.3900,33.3400,33.3800,16071
79,33.3800,33.3800,33.3500,33.3500,5365
80,33.3600,33.3600,33.3400,33.3500,4973
81,33.3450,33.3550,33.3250,33.3300,4200
82,33.3300,33.3300,33.3300,33.3300,200
83,33.3300,33.3400,33.3250,33.3400,6513
84,33.3400,33.3400,33.3053,33.3053,3056
85,33.3000,33.3000,33.2800,33.3000,9619
86,33.3100,33.3100,33.2750,33.2800,6359
87,33.2800,33.2800,33.2600,33.2700,5693
88,33.2700,33.2800,33.2600,33.2700,2850
89,33.2700,33.3000,33.2700,33.2750,8089
90,33.2700,33.2700,33.2400,33.2600,5027
91,33.2664,33.2750,33.2600,33.2600,3601
92,33.2500,33.2600,33.2500,33.2510,4278
93,33.2500,33.2500,33.2500,33.2500,300
94,33.2600,33.2700,33.2550,33.2600,5097
95,33.2600,33.2600,33.2200,33.2300,15908
96,33.2250,33.2450,33.2100,33.2450,19221
97,33.2300,33.2300,33.2050,33.2100,5202
98,33.2100,33.2200,33.2034,33.2200,3044
99,33.2200,33.2200,33.2100,33.2100,4000
100,33.2150,33.2300,33.2000,33.2257,4066
101,33.2300,33.2350,33.2100,33.2300,5506
102,33.2300,33.2500,33.2200,33.2450,7567
103,33.2500,33.2600,33.2500,33.2547,1605
104,33.2550,33.2900,33.2450,33.2800,8397
105,33.2850,33.2900,33.2638,33.2700,4841
106,33.2600,33.2800,33.2600,33.2700,3800
107,33.2650,33.2700,33.2400,33.2400,6135
108,33.2400,33.2500,33.2200,33.2200,2815
109,33.2100,33.2475,33.2000,33.2450,15111
110,33.2450,33.2600,33.2400,33.2600,6563
111,33.2600,33.2700,33.2600,33.2700,1550
112,33.2700,33.2700,33.2579,33.2600,8567
113,33.2550,33.2600,33.2400,33.2400,2800
114,33.2400,33.2500,33.2350,33.2450,3884
115,33.2400,33.2800,33.2400,33.2800,6510
116,33.2800,33.2900,33.2700,33.2750,5829
117,33.2700,33.2800,33.2300,33.2500,9124
118,33.2400,33.2600,33.2400,33.2600,2501
119,33.2600,33.2700,33.2500,33.2500,4243
120,33.2500,33.2500,33.2400,33.2500,1700
121,33.2500,33.2500,33.2400,33.2400,2906
122,33.2400,33.2400,33.2300,33.2400,3216
123,33.2400,33.2900,33.2350,33.2900,12067
124,33.2800,33.2800,33.2699,33.2800,5704
125,33.2800,33.2800,33.2700,33.2700,1200
126,33.2700,33.3100,33.2646,33.3100,7100
127,33.3000,33.3000,33.2850,33.2900,3930
128,33.2900,33.3000,33.2853,33.2900,1820
129,33.2850,33.3500,33.2850,33.3350,9673
130,33.3357,33.3400,33.3300,33.3300,2198
131,33.3300,33.3400,33.3200,33.3400,4942
132,33.3400,33.3800,33.3400,33.3800,10300
133,33.3800,33.3900,33.3600,33.3600,4230
134,33.3550,33.3600,33.3100,33.3100,5901
135,33.3100,33.3300,33.3000,33.3000,12158
136,33.3000,33.3300,33.3000,33.3100,17853
137,33.3000,33.3100,33.3000,33.3050,600
138,33.3000,33.3000,33.2800,33.2800,3149
139,33.2700,33.2900,33.2700,33.2900,9514
140,33.2850,33.2900,33.2800,33.2850,1050
141,33.2900,33.3200,33.2900,33.3050,6324
142,33.3079,33.3100,33.3000,33.3000,2091
143,33.3000,33.3000,33.3000,33.3000,1700
144,33.2900,33.2900,33.2700,33.2800,1900
145,33.2700,33.2800,33.2700,33.2800,3400
146,33.2800,33.2900,33.2600,33.2700,6300
147,33.2700,33.2800,33.2646,33.2800,4377
148,33.2700,33.2700,33.2350,33.2500,3759
149,33.2300,33.2400,33.2200,33.2400,9219
150,33.2350,33.2500,33.2200,33.2500,8927
151,33.2500,33.3000,33.2500,33.2900,8500
152,33.2850,33.2900,33.2750,33.2750,4152
153,33.2800,33.3000,33.2800,33.3000,2100
154,33.2950,33.3000,33.2900,33.2950,600
155,33.2900,33.3000,33.2900,33.2900,4367
156,33.2800,33.2854,33.2800,33.2800,550
157,33.2800,33.3100,33.2800,33.3000,4649
158,33.3100,33.3200,33.3050,33.3100,2549
159,33.3000,33.3000,33.2900,33.2900,4025
160,33.2800,33.2800,33.2700,33.2700,2093
161,33.2700,33.2800,33.2600,33.2600,1079
162,33.2600,33.3000,33.2600,33.2950,13919
163,33.2925,33.3200,33.2925,33.3100,9373
164,33.3100,33.3400,33.3100,33.3300,5604
165,33.3250,33.3250,33.3125,33.3200,3757
166,33.3200,33.3500,33.3200,33.3500,3995
167,33.3500,33.3700,33.3400,33.3400,4322
168,33.3300,33.3300,33.3200,33.3200,700
169,33.3300,33.3500,33.3300,33.3400,3677
170,33.3400,33.3500,33.3200,33.3200,3800
171,33.3250,33.3300,33.3200,33.3200,1200
172,33.3200,33.3300,33.3200,33.3200,3650
173,33.3200,33.3400,33.3200,33.3330,3513
174,33.3300,33.3300,33.3300,33.3300,2900
175,33.3300,33.3300,33.3200,33.3200,1100
176,33.3200,33.3500,33.3200,33.3350,18153
177,33.3354,33.3400,33.3300,33.3300,4825
178,33.3253,33.3500,33.3250,33.3500,5554
179,33.3400,33.3400,33.3200,33.3200,3201
180,33.3200,33.3300,33.3150,33.3300,3683
181,33.3200,33.3200,33.3050,33.3100,2902
182,33.3100,33.3200,33.3064,33.3120,2597
183,33.3100,33.3100,33.2950,33.3000,3200
184,33.2900,33.3000,33.2900,33.2900,1205
185,33.3000,33.3200,33.2950,33.3120,8591
186,33.3200,33.3200,33.3000,33.3054,3213
187,33.3000,33.3050,33.2800,33.2900,3500
188,33.2850,33.2900,33.2850,33.2900,1385
189,33.2800,33.2900,33.2800,33.2800,3100
190,33.2700,33.2700,33.2600,33.2700,3200
191,33.2700,33.3000,33.2700,33.3000,5793
192,33.3000,33.3000,33.2950,33.2950,700
193,33.2970,33.3100,33.2970,33.3100,5416
194,33.3200,33.3200,33.3050,33.3100,7712
195,33.3000,33.3300,33.3000,33.3250,4075
196,33.3200,33.3300,33.3100,33.3200,4300
197,33.3124,33.3300,33.3124,33.3300,3247
198,33.3300,33.3600,33.3300,33.3400,10659
199,33.3500,33.3500,33.3300,33.3300,2967
200,33.3311,33.3400,33.3200,33.3250,2653
201,33.3150,33.3200,33.3150,33.3200,500
202,33.3150,33.3400,33.3100,33.3400,3700
203,33.3400,33.3400,33.3300,33.3300,900
204,33.3300,33.3350,33.3150,33.3200,3400
205,33.3150,33.3600,33.3150,33.3590,12316
206,33.3550,33.3550,33.3250,33.3250,6806
207,33.3300,33.3600,33.3300,33.3500,5511
208,33.3500,33.3500,33.3450,33.3450,1000
209,33.3450,33.3450,33.3350,33.3350,1410
210,33.3400,33.3600,33.3350,33.3500,7595
211,33.3600,33.3650,33.3550,33.3600,4189
212,33.3550,33.3600,33.3500,33.3500,2400
213,33.3480,33.3500,33.3100,33.3100,1936
214,33.3100,33.3150,33.3000,33.3050,2200
215,33.3069,33.3300,33.3069,33.3300,8000
216,33.3300,33.3400,33.3300,33.3400,3400
217,33.3400,33.3400,33.3400,33.3400,1500
219,33.3353,33.3400,33.3100,33.3200,5564
220,33.3200,33.3800,33.3200,33.3700,16432
221,33.3700,33.3700,33.3500,33.3500,5850
222,33.3500,33.3500,33.3400,33.3500,3301
223,33.3500,33.3500,33.3500,33.3500,600
224,33.3500,33.3500,33.3300,33.3300,4900
225,33.3300,33.3400,33.3300,33.3300,1200
226,33.3300,33.3400,33.3300,33.3300,2052
227,33.3200,33.3300,33.3200,33.3200,4466
228,33.3100,33.3400,33.3100,33.3400,3500
229,33.3400,33.3600,33.3400,33.3600,800
230,33.3600,33.3600,33.3600,33.3600,100
231,33.3600,33.3900,33.3600,33.3800,17894
232,33.3800,33.3900,33.3800,33.3850,900
233,33.3800,33.4450,33.3800,33.4300,22384
234,33.4400,33.4450,33.4300,33.4300,12980
235,33.4364,33.4390,33.4100,33.4100,2386
236,33.4000,33.4100,33.4000,33.4050,1800
237,33.4050,33.4300,33.4050,33.4200,4223
238,33.4157,33.4400,33.4157,33.4300,6519
239,33.4300,33.4300,33.4100,33.4200,6930
240,33.4000,33.4200,33.3900,33.4200,7159
241,33.4100,33.4153,33.4000,33.4000,2000
242,33.4000,33.4050,33.3900,33.3900,3305
243,33.3850,33.4300,33.3850,33.4262,8261
244,33.4300,33.4350,33.4100,33.4100,3484
245,33.4000,33.4300,33.3900,33.4150,22188
246,33.4200,33.4300,33.4033,33.4033,3361
247,33.4100,33.4154,33.4000,33.4000,4500
249,33.4100,33.4200,33.4100,33.4200,3050
250,33.4200,33.4300,33.4150,33.4200,3000
251,33.4210,33.4300,33.4199,33.4300,2807
252,33.4300,33.4500,33.4300,33.4400,5048
253,33.4400,33.4500,33.4350,33.4400,2101
254,33.4400,33.4400,33.4300,33.4400,5608
255,33.4400,33.4600,33.4300,33.4600,7199
256,33.4563,33.4600,33.4500,33.4600,1895
257,33.4600,33.4600,33.4400,33.4479,3983
258,33.4400,33.4500,33.4300,33.4400,7225
259,33.4400,33.4400,33.4400,33.4400,791
260,33.4454,33.4454,33.4454,33.4454,300
261,33.4500,33.4500,33.4400,33.4450,700
262,33.4400,33.4700,33.4400,33.4659,17415
263,33.4650,33.4700,33.4600,33.4700,1400
264,33.4653,33.4700,33.4600,33.4600,1818
265,33.4600,33.4700,33.4500,33.4700,8122
266,33.4600,33.4600,33.4500,33.4500,4902
267,33.4500,33.4700,33.4500,33.4700,4413
268,33.4600,33.4700,33.4500,33.4700,2812
269,33.4650,33.4700,33.4500,33.4600,4881
270,33.4550,33.4800,33.4550,33.4800,10923
271,33.4799,33.5000,33.4750,33.4900,14166
272,33.4875,33.5100,33.4800,33.5100,12688
273,33.5150,33.5300,33.5100,33.5150,8633
274,33.5100,33.5200,33.5050,33.5100,4986
275,33.5050,33.5300,33.5050,33.5150,5906
276,33.5200,33.5400,33.5146,33.5400,6804
277,33.5450,33.5500,33.5302,33.5302,4642
278,33.5350,33.5400,33.5350,33.5400,400
279,33.5300,33.5300,33.4850,33.4850,5593
280,33.4800,33.5000,33.4769,33.4800,9241
281,33.4801,33.4900,33.4800,33.4800,1056
282,33.4700,33.4800,33.4650,33.4700,5567
283,33.4630,33.4700,33.4600,33.4600,1976
284,33.4650,33.4700,33.4600,33.4613,1105
285,33.4600,33.4700,33.4600,33.4700,1500
286,33.4600,33.5000,33.4600,33.5000,15815
287,33.5000,33.5100,33.4900,33.5100,5634
288,33.5050,33.5300,33.5050,33.5100,5161
289,33.5150,33.5300,33.4900,33.5200,30749
290,33.5200,33.5400,33.5200,33.5300,4583
291,33.5300,33.5400,33.5300,33.5300,3264
292,33.5250,33.5300,33.5100,33.5200,2264
293,33.5200,33.5200,33.5050,33.5100,5471
294,33.5000,33.5100,33.5000,33.5000,1600
295,33.4900,33.5000,33.4700,33.5000,57926
296,33.5000,33.5000,33.5000,33.5000,485
297,33.4900,33.5000,33.4800,33.4800,7274
298,33.4700,33.4700,33.4600,33.4600,4473
299,33.4600,33.4600,33.4600,33.4600,4100
300,33.4700,33.4900,33.4700,33.4850,6077
301,33.4850,33.4900,33.4842,33.4900,494
302,33.4890,33.5100,33.4800,33.5000,70359
303,33.5000,33.5200,33.4900,33.4900,9059
304,33.4900,33.5200,33.4800,33.5100,12648
305,33.5100,33.5300,33.5050,33.5200,7138
306,33.5200,33.5500,33.5200,33.5400,5906
307,33.5400,33.5400,33.5250,33.5300,3100
308,33.5350,33.5350,33.5250,33.5250,3600
309,33.5200,33.5200,33.5000,33.5000,4072
310,33.5000,33.5050,33.4900,33.4900,3452
311,33.4900,33.4900,33.4850,33.4850,500
312,33.4900,33.5050,33.4800,33.5050,4931
313,33.5050,33.5300,33.5050,33.5200,6280
314,33.5200,33.5250,33.5150,33.5162,1195
315,33.5150,33.5300,33.5100,33.5200,4429
316,33.5200,33.5300,33.5100,33.5300,4425
317,33.5300,33.5300,33.5200,33.5225,2200
318,33.5150,33.5250,33.5100,33.5250,4100
319,33.5300,33.5400,33.5300,33.5400,8591
320,33.5400,33.5400,33.5300,33.5300,3800
321,33.5350,33.5350,33.5200,33.5200,3921
322,33.5200,33.5500,33.5200,33.5400,6561
323,33.5450,33.5600,33.5400,33.5600,5994
324,33.5600,33.5600,33.5590,33.5600,1561
325,33.5700,33.5800,33.5400,33.5450,13605
326,33.5500,33.5600,33.5450,33.5461,7152
327,33.5400,33.5400,33.5250,33.5250,3700
328,33.5300,33.5300,33.5100,33.5100,5700
329,33.5100,33.5150,33.5000,33.5000,3150
330,33.5070,33.5070,33.4850,33.4850,4449
331,33.4800,33.5000,33.4800,33.5000,8204
332,33.5100,33.5250,33.5100,33.5250,2615
333,33.5200,33.5650,33.5146,33.5400,50768
334,33.5350,33.5400,33.5250,33.5300,9500
335,33.5243,33.5250,33.5000,33.5000,5817
336,33.5050,33.5250,33.5000,33.5250,6295
337,33.5300,33.5300,33.5200,33.5299,980
338,33.5269,33.5400,33.5269,33.5400,4071
339,33.5370,33.5400,33.5323,33.5400,8115
340,33.5400,33.5500,33.5300,33.5400,12916
341,33.5350,33.5350,33.5200,33.5200,9793
342,33.5100,33.5100,33.4600,33.4600,10903
343,33.4700,33.4800,33.4700,33.4800,4864
344,33.4750,33.4750,33.4600,33.4600,3900
345,33.4650,33.4900,33.4600,33.4900,15200
346,33.4900,33.4900,33.4700,33.4700,4355
347,33.4700,33.4750,33.4600,33.4650,6133
348,33.4650,33.4700,33.4400,33.4400,9785
349,33.4450,33.4750,33.4450,33.4700,7750
350,33.4650,33.4700,33.4600,33.4700,1400
351,33.4700,33.4800,33.4700,33.4700,5702
352,33.4750,33.4800,33.4700,33.4750,6092
353,33.4750,33.4800,33.4700,33.4750,4820
354,33.4700,33.4756,33.4650,33.4650,8891
355,33.4650,33.4700,33.4600,33.4650,3675
356,33.4700,33.5100,33.4700,33.5100,17505
357,33.5100,33.5200,33.4822,33.4822,17751
358,33.4900,33.5100,33.4900,33.5100,5450
359,33.5100,33.5100,33.5000,33.5050,2400
360,33.5000,33.5100,33.4900,33.4900,6517
361,33.4900,33.5000,33.4650,33.4800,25562
362,33.4850,33.4900,33.4850,33.4900,2175
363,33.4900,33.5100,33.4850,33.5000,17239
364,33.5000,33.5000,33.4750,33.4800,12215
365,33.4850,33.4850,33.4700,33.4800,5240
366,33.4700,33.4700,33.4600,33.4600,7100
367,33.4600,33.4650,33.4600,33.4600,2400
368,33.4600,33.5000,33.4500,33.4950,33796
369,33.5000,33.5200,33.4900,33.5000,19695
370,33.4935,33.5000,33.4850,33.4889,10051
371,33.4800,33.4890,33.4700,33.4700,5471
372,33.4700,33.4800,33.4700,33.4700,6139
373,33.4800,33.5000,33.4800,33.5000,32141
374,33.5000,33.5000,33.4800,33.4800,5513
375,33.4800,33.4900,33.4600,33.4750,36429
376,33.4750,33.4800,33.4600,33.4650,12509
377,33.4650,33.4800,33.4600,33.4600,10418
378,33.4600,33.4650,33.4600,33.4650,15900
379,33.4600,33.4700,33.4600,33.4600,16896
380,33.4600,33.4662,33.4000,33.4100,26344
381,33.4100,33.4450,33.4050,33.4350,38069
382,33.4300,33.4350,33.4200,33.4200,13153
383,33.4200,33.4300,33.3900,33.3900,25856
384,33.3950,33.4050,33.3900,33.3950,10648
385,33.3900,33.4000,33.3900,33.3900,11840
386,33.3900,33.3950,33.3800,33.3800,20488
387,33.3800,33.3900,33.3800,33.3800,20306
388,33.3800,33.3900,33.3700,33.3700,60634
389,33.3700,33.3800,33.3700,33.3750,36637
390,33.3750,33.4100,33.3700,33.4100,78959