K,Kellogg Co.,Consumer Staples,2,Packaged Foods & Meats,25507235130,2587809
a149935860065,73.0250,73.0325,73.0050,73.0200,11247
366,73.0200,73.0200,73.0100,73.0150,700
368,73.0150,73.0200,73.0150,73.0150,900
369,73.0150,73.0400,73.0150,73.0200,9401
370,73.0150,73.0300,73.0150,73.0300,3758
371,73.0300,73.0300,73.0100,73.0100,6780
372,73.0050,73.0100,73.0050,73.0100,300
373,73.0050,73.0100,73.0001,73.0100,610
374,73.0100,73.0200,73.0050,73.0200,4062
375,73.0200,73.0300,73.0100,73.0100,7907
376,73.0100,73.0200,72.9800,72.9900,3731
377,72.9850,72.9900,72.9800,72.9800,2271
378,72.9800,72.9800,72.9300,72.9300,6153
379,72.9300,72.9400,72.9300,72.9300,5471
380,72.9300,72.9400,72.9200,72.9350,9217
381,72.9400,72.9500,72.9300,72.9400,8627
382,72.9350,72.9450,72.9300,72.9300,5600
383,72.9350,72.9350,72.9100,72.9200,8609
384,72.9200,72.9300,72.8950,72.9000,7908
385,72.9050,72.9300,72.9000,72.9200,8198
386,72.9250,72.9300,72.9100,72.9200,9788
387,72.9200,72.9300,72.9100,72.9150,9183
388,72.9200,72.9450,72.9100,72.9400,16135
389,72.9300,72.9600,72.9200,72.9250,17727
390,72.9300,72.9600,72.9200,72.9500,26491
1,72.8400,72.9292,72.7001,72.9100,9671
2,72.7400,72.7500,72.7400,72.7500,200
3,72.7300,72.7800,72.6400,72.7070,812
4,72.7400,72.7900,72.7299,72.7900,3705
5,72.7900,72.8600,72.7900,72.8600,900
6,72.8200,72.8700,72.8100,72.8100,5400
7,72.8100,72.8400,72.7830,72.7830,1400
8,72.7800,72.7800,72.7200,72.7200,800
9,72.7900,72.7900,72.7900,72.7900,100
10,72.7900,72.8800,72.7600,72.7600,2409
11,72.7500,72.7900,72.7500,72.7900,300
12,72.7600,72.7900,72.7100,72.7900,3335
13,72.7700,72.8300,72.7700,72.7800,2260
14,72.7700,72.7700,72.7700,72.7700,100
15,72.7800,72.7800,72.7300,72.7700,1666
16,72.7500,72.7600,72.7400,72.7500,3243
17,72.7300,72.7500,72.7200,72.7500,1200
18,72.7400,72.8000,72.7400,72.7850,6307
19,72.7500,72.8200,72.7500,72.8100,1800
20,72.7900,72.8150,72.7900,72.8150,400
21,72.8200,72.8900,72.8200,72.8900,7200
22,72.9000,72.9100,72.9000,72.9100,391
23,72.9300,72.9300,72.9150,72.9150,300
24,72.9500,72.9500,72.9500,72.9500,711
25,72.9300,72.9500,72.9100,72.9100,1200
26,72.9001,72.9400,72.9001,72.9300,430
27,72.9600,72.9600,72.9300,72.9600,300
28,72.9450,72.9800,72.9450,72.9450,3200
29,72.9500,72.9500,72.9200,72.9200,3429
30,72.9400,72.9700,72.9400,72.9700,1100
31,72.9899,72.9900,72.9700,72.9700,1230
32,72.9600,72.9750,72.9600,72.9700,1100
33,72.9600,72.9700,72.9400,72.9700,4925
34,72.9550,72.9700,72.9500,72.9600,1500
35,72.9500,72.9600,72.9200,72.9200,800
36,72.9600,72.9800,72.9500,72.9650,1881
37,72.9600,72.9600,72.9500,72.9600,300
38,72.9500,72.9700,72.9300,72.9700,2420
39,72.9600,72.9700,72.9300,72.9300,1800
40,72.9300,72.9900,72.9300,72.9900,2125
41,73.0000,73.0400,72.9900,73.0000,3162
42,72.9914,73.0000,72.9900,73.0000,561
43,73.0200,73.0450,73.0200,73.0450,1177
44,73.0400,73.0400,73.0000,73.0300,2008
45,73.0300,73.0389,73.0200,73.0200,1200
46,73.0300,73.0500,73.0300,73.0300,3100
47,73.0300,73.0300,73.0100,73.0300,1880
48,73.0400,73.0600,73.0400,73.0600,2052
49,73.0400,73.0450,73.0200,73.0450,1600
50,73.0400,73.0500,73.0200,73.0350,1850
51,73.0300,73.0400,73.0200,73.0300,1930
52,73.0400,73.0400,73.0100,73.0100,1874
53,73.0100,73.0400,73.0100,73.0200,2073
54,73.0200,73.0200,73.0200,73.0200,200
55,73.0200,73.0900,73.0200,73.0900,2849
56,73.0900,73.0900,73.0800,73.0800,400
57,73.0800,73.0800,73.0600,73.0600,900
58,73.0500,73.0500,73.0100,73.0100,625
59,73.0250,73.0400,73.0100,73.0400,900
60,73.0300,73.0300,73.0200,73.0200,700
61,73.0100,73.0500,73.0100,73.0400,3061
62,73.0300,73.0500,73.0200,73.0500,1400
63,73.0500,73.0500,73.0400,73.0500,400
64,73.0600,73.0600,73.0300,73.0300,1840
65,73.0500,73.0700,73.0400,73.0700,800
66,73.0688,73.0688,73.0500,73.0500,803
67,73.0600,73.0600,73.0300,73.0300,1040
68,73.0200,73.0200,72.9900,73.0200,2200
69,73.0000,73.0000,72.9900,72.9900,300
70,73.0000,73.0100,72.9900,73.0100,500
71,73.0100,73.0200,73.0050,73.0200,300
72,73.0300,73.0400,73.0250,73.0400,800
73,73.0300,73.0300,72.9800,72.9800,2204
74,72.9729,72.9729,72.9729,72.9729,100
75,72.9600,72.9600,72.9600,72.9600,800
76,72.9500,72.9700,72.9450,72.9625,1100
77,72.9600,72.9700,72.9500,72.9500,1632
78,72.9400,72.9400,72.9400,72.9400,100
79,72.9400,72.9500,72.9200,72.9200,1000
80,72.9100,72.9200,72.9100,72.9100,524
81,72.9100,72.9200,72.9100,72.9100,600
82,72.9100,72.9250,72.9100,72.9200,400
83,72.9200,72.9400,72.9150,72.9350,2509
84,72.9300,72.9300,72.9000,72.9200,1600
85,72.9100,72.9100,72.8900,72.8900,1649
86,72.8908,72.9000,72.8908,72.9000,783
87,72.8900,72.8900,72.8800,72.8900,2000
88,72.8900,72.9000,72.8850,72.9000,800
89,72.8995,72.8995,72.8995,72.8995,100
90,72.9000,72.9100,72.9000,72.9000,900
91,72.8900,72.9000,72.8900,72.8900,600
92,72.8900,72.9300,72.8800,72.9200,3050
93,72.9250,72.9300,72.9100,72.9200,900
94,72.9200,72.9200,72.9100,72.9100,1246
95,72.9100,72.9100,72.8800,72.8800,1359
96,72.8700,72.9099,72.8700,72.9099,1850
97,72.9100,72.9100,72.9000,72.9000,200
98,72.8900,72.8900,72.8750,72.8900,1400
99,72.9000,72.9000,72.8900,72.9000,400
100,72.8800,72.8900,72.8700,72.8900,1500
101,72.8900,72.9000,72.8900,72.9000,300
102,72.9000,72.9000,72.9000,72.9000,200
103,72.9200,72.9200,72.9200,72.9200,100
104,72.8900,72.9000,72.8800,72.9000,1200
105,72.9000,72.9200,72.9000,72.9100,1700
106,72.9032,72.9200,72.9032,72.9100,1493
107,72.9100,72.9100,72.9000,72.9000,900
108,72.8950,72.9300,72.8950,72.9000,900
109,72.9000,72.9400,72.9000,72.9000,1700
110,72.8950,72.9100,72.8950,72.9100,300
111,72.9000,72.9100,72.8900,72.9100,1602
112,72.9100,72.9300,72.9040,72.9040,500
114,72.9000,72.9000,72.8900,72.8900,1187
115,72.8900,72.9200,72.8900,72.9200,2600
116,72.9100,72.9100,72.9000,72.9100,600
117,72.8900,72.8900,72.8900,72.8900,500
118,72.8900,72.8900,72.8800,72.8800,400
119,72.8900,72.9300,72.8850,72.9100,1700
120,72.9000,72.9000,72.8700,72.8800,1300
121,72.8700,72.9000,72.8700,72.9000,1433
122,72.9200,72.9200,72.9200,72.9200,300
123,72.9300,72.9500,72.9300,72.9400,1200
124,72.9300,72.9300,72.8800,72.9000,1800
125,72.8800,72.8800,72.8800,72.8800,300
126,72.8800,72.9400,72.8800,72.9400,1500
127,72.9300,72.9300,72.9000,72.9000,1200
128,72.9000,72.9000,72.9000,72.9000,100
129,72.9200,72.9200,72.9100,72.9200,1232
130,72.9100,72.9100,72.9000,72.9000,300
131,72.9000,72.9200,72.9000,72.9200,3200
132,72.9300,72.9300,72.9200,72.9200,200
133,72.9400,72.9400,72.9200,72.9200,1600
134,72.9200,72.9600,72.9200,72.9500,4734
135,72.9300,72.9300,72.9100,72.9200,1100
136,72.9200,72.9400,72.9200,72.9229,2778
138,72.9400,72.9700,72.9350,72.9700,5100
139,72.9700,73.0100,72.9700,73.0000,2766
141,73.0000,73.0000,72.9800,72.9800,1399
142,72.9800,72.9800,72.9600,72.9600,300
143,72.9800,73.0000,72.9800,73.0000,900
144,72.9900,73.0000,72.9900,73.0000,2650
145,73.0000,73.0000,73.0000,73.0000,800
146,72.9900,72.9900,72.9800,72.9800,700
147,72.9832,72.9832,72.9832,72.9832,100
149,72.9800,72.9900,72.9781,72.9900,700
150,72.9807,72.9807,72.9600,72.9700,1276
151,72.9750,72.9750,72.9600,72.9700,901
152,72.9500,72.9500,72.9500,72.9500,1700
153,72.9500,72.9600,72.9500,72.9600,2392
154,72.9700,72.9800,72.9700,72.9700,1302
156,72.9700,72.9700,72.9500,72.9500,1198
157,72.9500,72.9700,72.9500,72.9700,400
158,72.9500,72.9500,72.9500,72.9500,100
159,72.9500,72.9500,72.9500,72.9500,100
160,72.9500,72.9700,72.9500,72.9650,1200
161,72.9600,72.9800,72.9550,72.9650,2201
162,72.9600,72.9600,72.9500,72.9500,500
163,72.9500,72.9700,72.9400,72.9400,7808
164,72.9300,72.9300,72.9000,72.9100,2000
166,72.9300,72.9500,72.9300,72.9500,1948
168,72.9401,72.9450,72.9300,72.9300,1336
169,72.9200,72.9200,72.9200,72.9200,100
170,72.9200,72.9200,72.8900,72.9000,1880
171,72.8900,72.9100,72.8900,72.9000,1600
173,72.8932,72.9000,72.8800,72.9000,800
174,72.9000,72.9100,72.8900,72.9100,1400
175,72.9000,72.9000,72.8800,72.8800,500
176,72.8800,72.8900,72.8700,72.8900,1488
178,72.9000,72.9200,72.8900,72.8900,2339
179,72.8700,72.8700,72.8700,72.8700,200
180,72.8600,72.8900,72.8600,72.8900,1400
181,72.9000,72.9000,72.8700,72.8700,1106
182,72.8650,72.8900,72.8600,72.8850,928
183,72.8900,72.9000,72.8800,72.9000,1000
184,72.9100,72.9100,72.9000,72.9100,1600
185,72.8900,72.9100,72.8900,72.9100,586
186,72.8900,72.9000,72.8700,72.8700,800
187,72.8800,72.8900,72.8800,72.8900,1100
188,72.8800,72.8800,72.8800,72.8800,100
189,72.8900,72.8900,72.8400,72.8400,1050
190,72.8600,72.8600,72.8480,72.8480,200
191,72.8500,72.8600,72.8400,72.8600,900
193,72.8300,72.8550,72.8300,72.8400,1700
196,72.8600,72.8800,72.8450,72.8700,1439
197,72.8700,72.8900,72.8700,72.8900,200
198,72.8900,72.8900,72.8900,72.8900,100
199,72.8700,72.8700,72.8500,72.8500,1900
200,72.8600,72.8700,72.8600,72.8600,1290
201,72.8600,72.8600,72.8600,72.8600,100
202,72.8800,72.8800,72.8500,72.8600,1982
205,72.8600,72.8700,72.8600,72.8600,1300
206,72.8650,72.8650,72.8100,72.8200,3400
207,72.8400,72.8400,72.8300,72.8300,1300
208,72.8200,72.8200,72.7800,72.8000,2819
209,72.7900,72.7900,72.7900,72.7900,100
210,72.7900,72.8100,72.7800,72.8100,2600
211,72.8000,72.8000,72.8000,72.8000,100
212,72.8100,72.8300,72.8100,72.8300,2245
213,72.8100,72.8200,72.8100,72.8200,661
214,72.8180,72.8326,72.8180,72.8326,214
215,72.8375,72.8400,72.8375,72.8400,400
219,72.8338,72.8350,72.8300,72.8350,434
221,72.8367,72.8367,72.8200,72.8300,2609
222,72.8200,72.8200,72.8200,72.8200,300
223,72.8100,72.8100,72.8100,72.8100,100
224,72.8100,72.8100,72.8100,72.8100,4858
225,72.8200,72.8200,72.8200,72.8200,227
226,72.8200,72.8300,72.8100,72.8300,1541
227,72.8200,72.8400,72.8200,72.8400,500
229,72.8300,72.8300,72.8100,72.8100,1025
230,72.8101,72.8101,72.8101,72.8101,200
231,72.8100,72.8298,72.8100,72.8298,300
232,72.8400,72.8600,72.8400,72.8600,600
233,72.8600,72.8700,72.8500,72.8500,903
234,72.8500,72.8900,72.8500,72.8900,400
236,72.8800,72.8800,72.8500,72.8500,711
237,72.8400,72.8400,72.8400,72.8400,100
238,72.8300,72.8400,72.8250,72.8350,1980
239,72.8400,72.8500,72.8400,72.8500,500
240,72.8450,72.8500,72.8400,72.8400,300
241,72.8600,72.8600,72.8400,72.8480,600
242,72.8490,72.8600,72.8490,72.8600,400
243,72.8600,72.8600,72.8600,72.8600,200
245,72.8700,72.8700,72.8300,72.8390,5456
246,72.8390,72.8500,72.8390,72.8490,2500
247,72.8400,72.8700,72.8400,72.8650,3374
248,72.8650,72.8700,72.8650,72.8650,500
249,72.8800,72.8899,72.8700,72.8700,2547
250,72.8790,72.8790,72.8770,72.8770,434
251,72.8700,72.8700,72.8700,72.8700,397
252,72.9000,72.9000,72.8900,72.8900,2100
253,72.8900,72.8900,72.8900,72.8900,100
254,72.9100,72.9100,72.9100,72.9100,600
255,72.9200,72.9200,72.9200,72.9200,1403
256,72.9300,72.9300,72.9100,72.9100,4258
258,72.9300,72.9700,72.9300,72.9700,4785
259,72.9700,72.9700,72.9600,72.9600,3767
260,72.9700,72.9700,72.9600,72.9600,200
261,72.9800,72.9800,72.9700,72.9700,300
262,72.9900,73.0200,72.9900,73.0100,2209
263,73.0200,73.0200,73.0200,73.0200,400
264,73.0200,73.0300,73.0200,73.0300,906
265,73.0300,73.0300,73.0300,73.0300,600
266,73.0100,73.0200,73.0100,73.0200,1063
267,73.0250,73.0250,73.0200,73.0200,500
268,73.0100,73.0100,72.9600,72.9600,3603
269,72.9700,72.9800,72.9600,72.9600,1563
270,72.9400,72.9700,72.9400,72.9600,1065
271,72.9600,72.9600,72.9600,72.9600,300
272,72.9600,72.9735,72.9547,72.9735,954
273,72.9800,72.9900,72.9700,72.9700,2335
274,72.9781,72.9800,72.9766,72.9766,2697
275,72.9500,72.9700,72.9500,72.9700,1249
276,72.9600,72.9600,72.9501,72.9530,2089
277,72.9500,72.9500,72.9500,72.9500,100
278,72.9600,72.9600,72.9600,72.9600,100
279,72.9500,72.9600,72.9500,72.9538,515
280,72.9566,72.9600,72.9400,72.9500,3655
281,72.9400,72.9475,72.9400,72.9475,300
283,72.9400,72.9450,72.9400,72.9400,1350
284,72.9400,72.9500,72.9350,72.9500,2371
285,72.9500,72.9500,72.9500,72.9500,900
286,72.9600,72.9700,72.9600,72.9700,500
287,72.9700,72.9700,72.9700,72.9700,565
288,72.9800,72.9800,72.9700,72.9700,200
289,72.9800,72.9800,72.9700,72.9700,1678
290,72.9700,72.9800,72.9650,72.9650,1200
291,72.9700,72.9700,72.9700,72.9700,200
292,72.9700,72.9700,72.9300,72.9300,1050
294,72.9350,72.9500,72.9350,72.9500,600
295,72.9600,72.9600,72.9600,72.9600,300
296,72.9500,72.9700,72.9500,72.9700,617
297,72.9700,72.9700,72.9600,72.9626,810
299,72.9600,72.9600,72.9600,72.9600,1734
300,72.9600,72.9600,72.9600,72.9600,300
301,72.9500,72.9532,72.9500,72.9532,300
302,72.9500,72.9500,72.9500,72.9500,640
303,72.9500,72.9500,72.9500,72.9500,100
304,72.9500,72.9800,72.9500,72.9800,3403
305,72.9800,72.9800,72.9700,72.9700,300
306,72.9900,73.0300,72.9900,73.0200,4100
307,73.0150,73.0300,73.0147,73.0147,2157
308,73.0100,73.0100,72.9900,72.9955,1462
309,72.9900,72.9900,72.9900,72.9900,200
310,72.9800,72.9900,72.9800,72.9900,1101
311,72.9950,72.9950,72.9900,72.9900,800
312,72.9900,72.9900,72.9900,72.9900,600
313,72.9900,73.0050,72.9800,72.9800,2131
314,72.9900,73.0100,72.9900,73.0100,400
315,73.0046,73.0400,73.0046,73.0400,4049
316,73.0400,73.0400,73.0300,73.0300,800
317,73.0300,73.0500,73.0150,73.0200,5914
318,73.0200,73.0200,73.0050,73.0100,700
319,73.0100,73.0100,73.0000,73.0000,465
320,73.0000,73.0100,73.0000,73.0100,600
321,73.0100,73.0180,73.0100,73.0100,493
322,73.0150,73.0150,73.0000,73.0050,1183
323,73.0000,73.0050,72.9900,72.9900,2865
324,72.9900,72.9900,72.9600,72.9650,2820
325,72.9700,72.9900,72.9550,72.9550,4690
326,72.9600,72.9600,72.9450,72.9450,509
327,72.9450,72.9500,72.9450,72.9450,1893
328,72.9550,72.9600,72.9500,72.9500,1145
329,72.9500,72.9500,72.9400,72.9400,1100
330,72.9500,72.9500,72.9500,72.9500,200
331,72.9600,72.9600,72.9550,72.9550,200
332,72.9550,72.9700,72.9550,72.9700,1400
333,72.9600,72.9600,72.9250,72.9250,2709
334,72.9200,72.9200,72.9050,72.9200,1824
335,72.9200,72.9300,72.9200,72.9300,550
336,72.9400,72.9600,72.9400,72.9600,3100
337,72.9500,72.9550,72.9400,72.9550,1600
338,72.9500,72.9600,72.9500,72.9500,1200
339,72.9450,72.9700,72.9450,72.9700,1500
340,72.9700,72.9700,72.9700,72.9700,200
341,72.9650,72.9700,72.9401,72.9500,5096
342,72.9500,72.9500,72.9200,72.9200,400
343,72.9150,72.9900,72.9150,72.9420,6215
344,72.9600,72.9800,72.9500,72.9500,2500
345,72.9400,72.9700,72.9400,72.9700,1840
346,72.9700,72.9700,72.9600,72.9600,2020
347,72.9700,72.9700,72.9600,72.9600,900
348,72.9800,72.9800,72.9600,72.9600,800
349,72.9600,72.9900,72.9550,72.9800,7273
350,72.9700,72.9700,72.9700,72.9700,400
351,72.9600,72.9600,72.9600,72.9600,400
352,72.9600,72.9600,72.9400,72.9500,4600
353,72.9590,72.9590,72.9500,72.9500,1456
354,72.9600,72.9700,72.9600,72.9700,1220
355,72.9700,72.9750,72.9650,72.9700,1279
356,72.9650,72.9650,72.9650,72.9650,100
357,72.9650,72.9700,72.9400,72.9500,3642
358,72.9500,72.9700,72.9500,72.9700,3700
359,72.9600,72.9650,72.9200,72.9200,2300
360,72.9100,72.9300,72.9000,72.9100,3100
361,72.9100,72.9100,72.8800,72.8900,5259
362,72.8900,72.9200,72.8900,72.8900,3888
363,72.8900,72.8900,72.8600,72.8600,2673
364,72.8600,72.8600,72.8300,72.8400,6998
365,72.8500,72.8590,72.8400,72.8500,5000
366,72.8500,72.8500,72.8200,72.8200,1100
367,72.8250,72.8350,72.8200,72.8250,2903
368,72.8350,72.8550,72.8250,72.8250,4041
369,72.8300,72.8300,72.8250,72.8300,1261
370,72.8300,72.8300,72.8200,72.8300,4900
371,72.8200,72.8350,72.8000,72.8300,6356
372,72.8200,72.8300,72.8200,72.8200,2074
373,72.8150,72.8300,72.8150,72.8300,2100
374,72.8300,72.8300,72.8001,72.8100,6502
375,72.8100,72.8200,72.8050,72.8200,9007
376,72.8250,72.8400,72.8250,72.8400,7685
377,72.8400,72.8500,72.8400,72.8500,3956
378,72.8500,72.8500,72.8400,72.8500,775
379,72.8450,72.8500,72.8350,72.8400,7767
380,72.8400,72.8400,72.8250,72.8325,6194
381,72.8350,72.8800,72.8350,72.8550,13978
382,72.8500,72.8550,72.8450,72.8547,3097
383,72.8550,72.8600,72.8400,72.8400,5203
384,72.8450,72.8600,72.8400,72.8400,10283
385,72.8400,72.8500,72.8250,72.8350,7981
386,72.8350,72.8450,72.8300,72.8350,9118
387,72.8400,72.8500,72.8400,72.8500,5650
388,72.8500,72.8600,72.8400,72.8500,8699
389,72.8600,72.8800,72.8550,72.8800,9795
390,72.8800,72.8900,72.8500,72.8750,67319