KMX,Carmax Inc,Consumer Discretionary,1,Specialty Stores,11235033496,2533718
a149935860088,62.6150,62.6200,62.6100,62.6150,21429
389,62.6150,62.6200,62.5600,62.5750,29623
390,62.5750,62.5900,62.5700,62.5900,24989
0,62.0500,62.3400,62.0500,62.3400,6283
1,62.0900,62.2000,62.0201,62.0400,4590
2,62.0400,62.0400,61.7800,61.9300,1951
4,61.9000,61.9000,61.6600,61.6600,15290
5,61.6500,61.6500,61.5200,61.5200,500
6,61.5300,61.5500,61.4100,61.4100,8219
7,61.4400,61.6300,61.3850,61.5200,3900
8,61.5200,61.5800,61.5000,61.5800,6208
9,61.5450,61.5450,61.3300,61.3900,16925
10,61.3300,61.4500,61.3300,61.4450,2316
11,61.4200,61.4900,61.3900,61.4900,5315
12,61.4900,61.5400,61.4900,61.5300,4050
13,61.5200,61.5800,61.5000,61.5800,6363
14,61.6100,61.7200,61.6100,61.7200,1080
15,61.7450,61.8000,61.6500,61.6750,13942
16,61.6400,61.7500,61.6400,61.7100,3154
17,61.7200,61.7200,61.6000,61.6200,10376
18,61.6400,61.6400,61.6200,61.6350,1400
19,61.6400,61.8000,61.6300,61.8000,22116
20,61.8000,61.8900,61.7800,61.8900,2250
21,61.9000,61.9900,61.7000,61.7000,30305
22,61.7200,61.7200,61.6200,61.6200,5121
23,61.6200,61.6300,61.4850,61.4850,4677
24,61.4600,61.5150,61.4500,61.5150,8692
25,61.5000,61.5200,61.3700,61.4000,14425
26,61.3700,61.3900,61.3550,61.3700,3100
28,61.3800,61.4300,61.3600,61.4000,4150
29,61.3900,61.4800,61.3900,61.4500,3501
30,61.4200,61.4200,61.3900,61.4050,400
31,61.4000,61.4500,61.3700,61.4400,5710
32,61.4300,61.4300,61.3800,61.3800,3700
33,61.3600,61.4100,61.3550,61.3950,4136
34,61.3800,61.3800,61.3400,61.3500,3474
35,61.3400,61.3410,61.2700,61.2700,10334
36,61.2900,61.2900,61.2100,61.2400,5644
37,61.2400,61.2500,61.2000,61.2000,3008
38,61.1700,61.2600,61.1700,61.1900,5950
39,61.1900,61.1900,61.1600,61.1600,2500
40,61.1800,61.2500,61.1650,61.2400,6539
41,61.2300,61.3300,61.2300,61.2800,5875
42,61.3300,61.3800,61.3300,61.3500,2151
43,61.3800,61.4600,61.3800,61.4100,3300
44,61.4200,61.4700,61.4000,61.4700,2400
45,61.4700,61.5100,61.4300,61.4300,2734
46,61.4700,61.4800,61.4600,61.4700,3360
47,61.4400,61.4500,61.4000,61.4400,3300
48,61.4300,61.4400,61.4300,61.4400,1335
49,61.4300,61.5200,61.4100,61.5000,8149
50,61.4800,61.5100,61.4800,61.5100,2745
51,61.5300,61.6000,61.5300,61.5500,6134
52,61.5200,61.5300,61.5000,61.5300,3714
53,61.5100,61.5100,61.4800,61.4800,700
54,61.4600,61.4700,61.4450,61.4500,4300
55,61.4600,61.5200,61.4400,61.5200,6262
56,61.5000,61.5500,61.4900,61.5500,4400
57,61.5600,61.6000,61.5600,61.5800,3001
58,61.5900,61.5900,61.5200,61.5600,4100
59,61.5600,61.5700,61.5500,61.5500,1669
60,61.5500,61.5600,61.5300,61.5500,3893
61,61.5500,61.5700,61.5500,61.5700,2200
62,61.5900,61.6300,61.5800,61.5800,4676
63,61.5700,61.5700,61.4900,61.4900,1700
64,61.5150,61.5900,61.5000,61.5400,7627
65,61.5231,61.5400,61.4700,61.5100,6390
66,61.5000,61.5000,61.4700,61.4800,3003
67,61.4800,61.5200,61.4700,61.5100,7243
68,61.5100,61.5900,61.5100,61.5700,7339
69,61.5789,61.6600,61.5600,61.6400,21619
70,61.6500,61.6700,61.5500,61.5700,7050
71,61.5675,61.6700,61.5675,61.6350,5500
72,61.6200,61.6200,61.5900,61.5900,3800
73,61.6100,61.6100,61.5900,61.5900,2922
74,61.6100,61.6500,61.6100,61.6500,2465
75,61.6600,61.7500,61.6450,61.7500,7650
76,61.7600,61.7700,61.7100,61.7700,3340
77,61.8100,61.8500,61.6900,61.7000,14779
78,61.7000,61.7000,61.6600,61.6600,2200
79,61.6600,61.7100,61.6600,61.7100,5000
80,61.7300,61.8100,61.7300,61.8000,8108
81,61.8200,61.8700,61.8200,61.8400,8521
82,61.8600,61.8700,61.8300,61.8400,10396
83,61.8300,61.8600,61.8300,61.8500,6488
84,61.8400,61.8400,61.8400,61.8400,360
85,61.8300,61.8500,61.7000,61.7000,15550
86,61.7000,61.7000,61.6200,61.6550,6800
87,61.6800,61.6800,61.6600,61.6600,3696
88,61.6500,61.6500,61.6500,61.6500,450
89,61.6600,61.7300,61.6600,61.7300,5650
90,61.7200,61.7200,61.7000,61.7000,3600
91,61.7000,61.7000,61.6500,61.6500,5431
92,61.6600,61.6600,61.6150,61.6400,11372
93,61.6300,61.6400,61.6300,61.6300,3600
94,61.6300,61.6300,61.5800,61.5900,3608
95,61.5900,61.5900,61.5650,61.5900,8556
96,61.5900,61.6000,61.5500,61.5700,10227
97,61.5700,61.5800,61.5300,61.5700,9864
98,61.5600,61.5900,61.5500,61.5800,4265
99,61.5700,61.5900,61.5500,61.5800,5900
100,61.5700,61.5800,61.5600,61.5600,2900
101,61.5750,61.5750,61.5300,61.5300,3261
102,61.5300,61.5300,61.4600,61.4600,3482
103,61.4600,61.4600,61.4200,61.4200,3250
104,61.4000,61.4700,61.4000,61.4300,8214
105,61.4400,61.4400,61.4100,61.4200,2211
106,61.4000,61.4400,61.3900,61.3900,5656
107,61.3900,61.3900,61.3200,61.3300,4737
108,61.3300,61.3700,61.3100,61.3300,6261
109,61.3382,61.3900,61.3300,61.3900,4018
110,61.3700,61.3900,61.3700,61.3900,900
111,61.3700,61.3700,61.2600,61.2900,5902
112,61.3100,61.3100,61.2700,61.2700,1400
113,61.2500,61.2500,61.2100,61.2100,7294
114,61.2200,61.2900,61.2200,61.2400,6130
115,61.2400,61.2600,61.2350,61.2600,1500
116,61.2600,61.2800,61.2600,61.2800,1181
117,61.2700,61.2800,61.2150,61.2150,4223
118,61.2200,61.2600,61.2200,61.2250,2300
119,61.2200,61.2200,61.1900,61.1900,1700
120,61.1900,61.2400,61.1900,61.2200,5226
121,61.2200,61.2600,61.1900,61.2200,4329
122,61.2200,61.2700,61.2200,61.2600,2450
123,61.2700,61.3350,61.2700,61.2900,4798
124,61.3100,61.3100,61.2800,61.2800,3000
125,61.3000,61.3000,61.2900,61.2900,1000
126,61.2800,61.3300,61.2800,61.3300,4146
128,61.3300,61.4100,61.3300,61.3900,3000
129,61.4000,61.5200,61.4000,61.5200,4025
130,61.5100,61.5200,61.5000,61.5000,1978
131,61.5100,61.5600,61.5100,61.5600,5470
132,61.5700,61.6200,61.5700,61.6100,3000
133,61.6300,61.6700,61.5700,61.5700,4411
134,61.5700,61.6000,61.5700,61.5900,1300
135,61.6000,61.6000,61.5700,61.5700,1400
136,61.5800,61.6000,61.5800,61.5900,930
137,61.6200,61.6200,61.6000,61.6100,1000
138,61.6000,61.6000,61.6000,61.6000,100
139,61.5900,61.5900,61.5700,61.5700,4808
140,61.5600,61.5800,61.5600,61.5700,1800
141,61.5800,61.6300,61.5800,61.6300,2970
142,61.6300,61.6600,61.6000,61.6000,5012
143,61.6000,61.6000,61.5700,61.5700,2056
144,61.5900,61.5900,61.5700,61.5800,2458
145,61.5700,61.6100,61.5600,61.6000,13525
146,61.6100,61.6200,61.6000,61.6200,8057
147,61.6200,61.6300,61.5900,61.5900,2350
148,61.5950,61.5950,61.5100,61.5300,3916
149,61.5200,61.5200,61.5000,61.5000,600
150,61.4800,61.4800,61.4200,61.4300,2363
151,61.4400,61.4700,61.4350,61.4400,3601
152,61.4400,61.4500,61.4300,61.4300,1547
153,61.4100,61.4300,61.3900,61.3900,3309
154,61.3700,61.3800,61.3300,61.3800,2609
156,61.3700,61.3700,61.3250,61.3250,8992
157,61.3300,61.3400,61.3100,61.3100,5274
158,61.3100,61.3300,61.3100,61.3300,1025
159,61.3300,61.3300,61.2800,61.2800,2100
160,61.2800,61.2900,61.2500,61.2800,9805
161,61.2800,61.2800,61.2650,61.2700,2400
162,61.2700,61.2800,61.2500,61.2600,2367
163,61.2700,61.2900,61.2600,61.2800,4104
164,61.2800,61.3600,61.2800,61.3400,6542
165,61.3400,61.3400,61.3300,61.3300,200
166,61.3500,61.4000,61.3500,61.4000,2414
167,61.4100,61.4800,61.4100,61.4800,3500
168,61.4800,61.4900,61.4700,61.4700,1700
169,61.4600,61.4800,61.4600,61.4700,700
170,61.4750,61.5000,61.4750,61.5000,798
171,61.5100,61.5600,61.5100,61.5400,1600
172,61.5400,61.5500,61.5300,61.5400,3000
173,61.5500,61.5500,61.5400,61.5400,400
174,61.5350,61.5400,61.5300,61.5300,300
175,61.5400,61.5400,61.5200,61.5200,2432
176,61.5200,61.5600,61.5200,61.5600,1000
177,61.5500,61.5600,61.5500,61.5600,1300
178,61.5800,61.5800,61.5800,61.5800,500
179,61.5900,61.6100,61.5700,61.5900,6784
180,61.5850,61.6100,61.5850,61.6000,1700
181,61.6000,61.6500,61.6000,61.6400,2901
182,61.6300,61.6350,61.6158,61.6200,2636
183,61.6100,61.6200,61.5950,61.6000,8004
184,61.6000,61.6000,61.5850,61.5900,4106
185,61.5950,61.6200,61.5900,61.6100,10732
186,61.6000,61.6100,61.6000,61.6000,2747
187,61.6000,61.6000,61.5800,61.5800,1800
188,61.5800,61.5800,61.5600,61.5600,2643
189,61.5600,61.5700,61.5500,61.5600,2000
190,61.5571,61.5600,61.5500,61.5600,1200
191,61.5600,61.6000,61.5500,61.5900,3850
192,61.6000,61.6000,61.5650,61.5650,2600
193,61.5700,61.5900,61.5700,61.5900,2102
194,61.5800,61.6000,61.5650,61.5650,3046
195,61.5700,61.5900,61.5700,61.5900,2400
196,61.6000,61.6100,61.5800,61.5800,4278
197,61.5800,61.5900,61.5700,61.5900,3000
198,61.5800,61.5800,61.5600,61.5650,2564
199,61.5600,61.5650,61.5400,61.5400,1892
200,61.5300,61.5300,61.5100,61.5200,3836
201,61.5200,61.5400,61.5200,61.5200,1979
202,61.5400,61.6100,61.5400,61.6100,2667
203,61.6200,61.6300,61.6200,61.6200,5700
204,61.6200,61.6750,61.6200,61.6700,5251
205,61.6600,61.6700,61.5800,61.5800,15808
206,61.5800,61.5800,61.5700,61.5700,1100
207,61.5700,61.5800,61.5600,61.5700,4277
208,61.5700,61.5700,61.5400,61.5600,3000
209,61.5500,61.5500,61.5300,61.5499,854
210,61.5300,61.5300,61.5200,61.5200,400
211,61.5200,61.5550,61.5100,61.5550,4364
212,61.5600,61.5600,61.5500,61.5600,1200
213,61.5500,61.5600,61.5500,61.5600,200
214,61.5600,61.5800,61.5600,61.5700,2616
215,61.5800,61.5800,61.5600,61.5800,6186
216,61.5800,61.6100,61.5800,61.6100,1000
217,61.6100,61.6100,61.6000,61.6000,3755
218,61.5910,61.6000,61.5910,61.6000,700
219,61.5900,61.5900,61.5400,61.5400,4527
220,61.5300,61.5400,61.5200,61.5300,3400
221,61.5200,61.5200,61.4900,61.5000,1100
222,61.5000,61.5000,61.4900,61.4900,1300
223,61.5100,61.5300,61.5100,61.5100,3750
224,61.5100,61.5200,61.5000,61.5000,2050
225,61.4800,61.4800,61.4800,61.4800,200
226,61.5000,61.5200,61.4800,61.5000,4442
227,61.5100,61.5150,61.5000,61.5000,1400
228,61.5000,61.5000,61.4900,61.4900,500
229,61.5000,61.6000,61.5000,61.5950,4653
230,61.5900,61.5900,61.5500,61.5500,3879
231,61.5600,61.5600,61.5200,61.5200,3002
232,61.5300,61.5400,61.5300,61.5400,1441
233,61.5400,61.5400,61.5400,61.5400,800
234,61.5500,61.5700,61.5500,61.5600,1100
235,61.5600,61.5600,61.5000,61.5000,2490
236,61.5100,61.5400,61.5100,61.5400,2221
237,61.5300,61.5300,61.4800,61.4900,4400
238,61.4800,61.4950,61.4600,61.4950,4200
239,61.5000,61.5100,61.4300,61.4300,6400
240,61.4400,61.4700,61.4000,61.4100,9550
241,61.4000,61.4100,61.3500,61.3900,11048
242,61.3800,61.3900,61.3400,61.3900,3768
243,61.3900,61.4000,61.3878,61.4000,1045
244,61.3971,61.4400,61.3971,61.4400,2176
245,61.4400,61.4400,61.3700,61.3700,2500
246,61.3800,61.4000,61.3800,61.4000,700
247,61.4050,61.4061,61.3800,61.3800,1680
248,61.3700,61.4200,61.3650,61.4100,3111
249,61.4300,61.4500,61.4200,61.4350,3000
250,61.4500,61.4500,61.4300,61.4300,1500
251,61.4400,61.4500,61.4400,61.4500,1000
252,61.4600,61.5100,61.4600,61.5100,1777
253,61.5000,61.5200,61.4950,61.5200,1893
254,61.5400,61.5400,61.5000,61.5000,2500
255,61.5100,61.5500,61.5000,61.5300,1200
256,61.5300,61.5450,61.5200,61.5450,3598
257,61.5500,61.5750,61.5500,61.5700,1200
258,61.5600,61.5700,61.5400,61.5700,1755
259,61.5500,61.5600,61.5500,61.5550,1332
260,61.5700,61.6000,61.5600,61.5650,6108
261,61.5600,61.5600,61.5600,61.5600,600
262,61.5550,61.5700,61.5500,61.5700,2100
263,61.5650,61.5800,61.5450,61.5600,4400
264,61.5600,61.5900,61.5600,61.5800,3689
265,61.5800,61.5850,61.5700,61.5700,1100
266,61.5750,61.5800,61.5450,61.5800,3620
267,61.5700,61.5900,61.5700,61.5900,3073
268,61.5900,61.6000,61.5800,61.5900,2772
269,61.5900,61.6000,61.5700,61.5700,4557
270,61.5700,61.5950,61.5700,61.5900,7367
271,61.5950,61.6100,61.5650,61.5700,19497
272,61.5750,61.5900,61.5631,61.5750,13316
273,61.5766,61.5766,61.5300,61.5350,4652
274,61.5350,61.5900,61.5300,61.5900,8973
275,61.6000,61.6300,61.5950,61.6300,12212
276,61.6300,61.6700,61.6300,61.6700,10613
277,61.6700,61.6800,61.6000,61.6000,11264
278,61.5900,61.6000,61.5500,61.5600,6173
279,61.5500,61.5500,61.5100,61.5350,3725
280,61.5300,61.5400,61.4950,61.4950,9670
281,61.4900,61.4900,61.4550,61.4700,3650
282,61.4700,61.4800,61.4600,61.4750,2107
283,61.4700,61.4700,61.4550,61.4600,5796
284,61.4500,61.5200,61.4500,61.5150,3700
285,61.5300,61.5698,61.5200,61.5600,10246
286,61.5600,61.5600,61.5300,61.5600,5340
287,61.5600,61.5600,61.5300,61.5400,1755
288,61.5400,61.5400,61.5250,61.5400,3000
289,61.5300,61.5700,61.5300,61.5700,3200
290,61.5800,61.6600,61.5800,61.6200,2727
291,61.6200,61.6200,61.5800,61.5800,5040
292,61.5700,61.6000,61.5650,61.5700,4735
293,61.5600,61.5700,61.5500,61.5700,6020
294,61.5750,61.5800,61.5600,61.5700,3604
295,61.5600,61.5750,61.5600,61.5600,1731
296,61.5550,61.5800,61.5450,61.5450,5912
297,61.5450,61.5800,61.5100,61.5800,15400
298,61.5700,61.5700,61.5200,61.5500,5529
299,61.5400,61.5800,61.5400,61.5600,8500
300,61.5900,61.5900,61.5500,61.5800,7606
301,61.5800,61.6200,61.5800,61.6200,6143
302,61.6100,61.6500,61.6000,61.6000,9060
303,61.5900,61.6100,61.5700,61.5800,7000
304,61.6000,61.6500,61.5900,61.6500,9521
305,61.6300,61.6400,61.6100,61.6100,7919
306,61.6200,61.6650,61.6200,61.6600,9210
307,61.6600,61.7000,61.6500,61.6700,4600
308,61.6900,61.6900,61.6800,61.6900,1700
309,61.6900,61.6900,61.6500,61.6550,4900
310,61.6550,61.6600,61.6200,61.6300,4000
311,61.6100,61.6400,61.6000,61.6400,2771
312,61.6400,61.6700,61.6200,61.6200,6500
313,61.6500,61.6700,61.6500,61.6600,2000
314,61.6500,61.6600,61.6400,61.6400,5659
315,61.6328,61.6500,61.6300,61.6500,3788
316,61.6500,61.6900,61.6500,61.6700,7775
317,61.6800,61.7000,61.6800,61.6900,3800
318,61.6900,61.6950,61.6300,61.6350,4450
319,61.6500,61.7500,61.6400,61.7500,15318
320,61.7600,61.7600,61.7400,61.7400,3200
321,61.7400,61.7400,61.7100,61.7100,4242
322,61.7200,61.8100,61.7200,61.8000,6023
323,61.8000,61.8000,61.7600,61.7600,6907
324,61.7600,61.7700,61.7400,61.7600,4424
325,61.7800,61.7950,61.7800,61.7900,2100
326,61.8000,61.8600,61.7900,61.8300,6712
327,61.8200,61.8200,61.7900,61.7900,3356
328,61.8000,61.8000,61.7800,61.8000,5700
329,61.8200,61.8200,61.8150,61.8200,1821
330,61.8200,61.8500,61.8100,61.8400,5956
331,61.8300,61.8900,61.8300,61.8900,6805
332,61.8800,61.9180,61.8800,61.9100,3300
333,61.9000,61.9050,61.8600,61.8900,10983
334,61.8800,61.8800,61.8500,61.8700,9529
335,61.8700,61.8700,61.8300,61.8400,4599
336,61.8400,61.8400,61.8000,61.8000,7000
337,61.7900,61.7900,61.7600,61.7600,6247
338,61.7650,61.7750,61.7650,61.7750,2381
339,61.7700,61.7900,61.7600,61.7800,11255
340,61.7800,61.7850,61.7700,61.7850,1400
341,61.7800,61.8000,61.7750,61.8000,5997
342,61.8100,61.8100,61.7500,61.7500,8830
343,61.7450,61.7700,61.7200,61.7200,12247
344,61.7000,61.7150,61.6900,61.6900,3837
345,61.7000,61.7300,61.7000,61.7300,3200
346,61.7250,61.7300,61.6900,61.6900,18201
347,61.7000,61.7000,61.6800,61.6800,1400
348,61.6900,61.6900,61.6700,61.6800,6909
349,61.6900,61.7100,61.6800,61.6900,8145
350,61.7000,61.7200,61.6900,61.6900,8204
351,61.6900,61.7100,61.6800,61.7100,5600
352,61.7200,61.7300,61.7000,61.7100,8789
353,61.7054,61.7100,61.6000,61.6500,15560
354,61.6500,61.6900,61.6500,61.6900,3775
355,61.7000,61.7000,61.6900,61.6900,2200
356,61.6900,61.7200,61.6850,61.7000,3360
357,61.7100,61.7400,61.6800,61.6850,12530
358,61.6900,61.7300,61.6900,61.7300,3316
359,61.7300,61.7400,61.6700,61.6700,7856
360,61.6500,61.7100,61.6500,61.7100,3900
361,61.7150,61.7200,61.6500,61.7000,11399
362,61.7100,61.7100,61.6790,61.6800,6709
363,61.6900,61.7300,61.6800,61.6800,4323
364,61.6800,61.6800,61.6300,61.6350,5203
365,61.6400,61.6450,61.6100,61.6200,12250
366,61.6100,61.6200,61.5732,61.5900,9051
367,61.6000,61.6250,61.6000,61.6100,15981
368,61.6100,61.6200,61.6050,61.6100,10883
369,61.6200,61.6300,61.6100,61.6100,19752
370,61.6100,61.6150,61.5950,61.6100,10423
371,61.6000,61.6100,61.6000,61.6050,4063
372,61.6100,61.6400,61.5950,61.6000,22110
373,61.6000,61.6400,61.6000,61.6400,12544
374,61.6400,61.6400,61.6300,61.6350,3377
375,61.6400,61.6400,61.6000,61.6400,24415
376,61.6500,61.6800,61.6400,61.6750,20648
377,61.6700,61.6800,61.6500,61.6800,11149
378,61.6700,61.6800,61.6700,61.6750,8109
379,61.6800,61.7400,61.6750,61.7300,14519
380,61.7250,61.7250,61.7000,61.7100,8905
381,61.7100,61.7350,61.7000,61.7000,19248
382,61.7000,61.7350,61.7000,61.7300,11165
383,61.7250,61.7300,61.6700,61.6700,29149
384,61.6800,61.6800,61.6600,61.6750,17594
385,61.6800,61.7000,61.6700,61.6900,8809
386,61.6950,61.7100,61.6550,61.6550,76805
387,61.6500,61.6750,61.6500,61.6700,25977
388,61.6600,61.6700,61.6600,61.6650,9319
389,61.6700,61.6700,61.6200,61.6250,40751
390,61.6200,61.6400,61.6000,61.6100,43843