MNK,Mallinckrodt Plc,Health Care,5,Pharmaceuticals,3780153108,2286728
a149935860088,40.5650,40.5700,40.5050,40.5050,17280
389,40.5100,40.5100,40.4900,40.5000,22687
390,40.5000,40.5200,40.4300,40.4800,64367
1,40.1500,40.4000,40.0300,40.3500,26019
2,40.3500,40.4000,40.2300,40.2600,2600
3,40.2400,40.4900,40.2400,40.3335,17199
4,40.3300,40.3900,40.2600,40.3100,2224
5,40.3000,40.3000,40.1600,40.2100,1942
6,40.1900,40.2500,40.1500,40.1700,28610
7,40.1711,40.2400,40.1711,40.1950,1700
8,40.1800,40.1900,40.0600,40.1364,9217
9,40.1700,40.2800,40.1400,40.1400,9230
10,40.1400,40.1500,39.7000,39.7300,19436
11,39.7000,39.9800,39.7000,39.9601,6317
12,39.9900,40.0900,39.9400,40.0150,6150
13,40.0400,40.1500,40.0300,40.1500,12850
14,40.2000,40.2900,40.1400,40.2500,9964
15,40.2500,40.4500,40.2500,40.3200,17430
16,40.3200,40.3200,40.1250,40.1500,2600
17,40.0900,40.1000,39.9000,39.9700,11500
18,39.9500,40.0400,39.9400,39.9750,9200
19,39.9750,40.0300,39.9500,40.0300,1722
20,40.0400,40.1250,40.0400,40.1100,3401
21,40.1000,40.2300,40.1000,40.2300,1146
22,40.2400,40.2450,40.1100,40.1400,4300
23,40.1600,40.2350,40.1468,40.2200,1500
25,40.2350,40.2420,40.1150,40.1150,1460
26,40.1150,40.1400,40.1150,40.1200,2100
27,40.1400,40.2000,40.0900,40.1000,5106
28,40.1100,40.1100,39.8900,39.9250,21600
29,39.9250,40.1200,39.8900,40.1000,18460
30,40.1000,40.1000,39.9400,39.9400,6257
31,39.9441,40.0700,39.9441,40.0700,10031
32,40.1000,40.1000,40.1000,40.1000,100
33,40.1300,40.2200,40.1150,40.2200,6864
34,40.1900,40.3100,40.1900,40.3000,8477
35,40.2700,40.2900,40.2700,40.2700,1249
36,40.2800,40.3700,40.2500,40.3200,7845
37,40.2850,40.2928,40.2500,40.2700,5900
38,40.2700,40.2700,40.2400,40.2500,2100
39,40.2450,40.2800,40.2450,40.2600,4000
40,40.2500,40.3100,40.2500,40.3100,1600
41,40.3300,40.3300,40.3100,40.3300,1707
42,40.3350,40.3350,40.2550,40.2700,3450
43,40.2800,40.3200,40.2500,40.2700,6016
44,40.2600,40.2700,40.2500,40.2550,1835
45,40.2500,40.3300,40.2400,40.3100,7300
46,40.3200,40.4100,40.3100,40.3900,2527
47,40.3800,40.4299,40.3700,40.4299,4825
48,40.4200,40.4200,40.3200,40.3250,4200
49,40.3100,40.3400,40.2500,40.3250,4008
50,40.3200,40.3300,40.3000,40.3000,1300
51,40.3300,40.4000,40.3000,40.3000,3881
52,40.2700,40.2700,40.2400,40.2550,4600
53,40.2500,40.2850,40.2500,40.2600,3600
54,40.2500,40.2900,40.2500,40.2900,1300
55,40.2750,40.2900,40.2500,40.2650,10275
56,40.2500,40.2700,40.2500,40.2700,1645
57,40.2800,40.2800,40.2500,40.2700,2851
58,40.2600,40.3450,40.2500,40.3450,4735
59,40.3600,40.4400,40.2700,40.3500,18105
60,40.3400,40.3500,40.3400,40.3400,1700
61,40.3400,40.3700,40.3400,40.3600,2720
62,40.3500,40.3700,40.3300,40.3500,6250
63,40.3500,40.4900,40.3470,40.4200,25482
64,40.4300,40.4300,40.4050,40.4050,500
65,40.4100,40.4100,40.2800,40.2900,5000
66,40.2900,40.3200,40.2450,40.2450,3641
67,40.2450,40.3200,40.2450,40.2900,6055
68,40.3000,40.3000,40.2960,40.3000,1300
69,40.2900,40.3100,40.2300,40.2500,8101
70,40.2400,40.2700,40.1900,40.2000,2700
71,40.2000,40.2300,40.1600,40.1800,3300
72,40.1700,40.2100,40.1700,40.1940,3186
73,40.1900,40.2700,40.0200,40.2600,33332
74,40.2400,40.2400,40.2300,40.2300,500
75,40.2350,40.2800,40.2000,40.2800,2700
76,40.3000,40.3100,40.2350,40.2700,4250
77,40.2800,40.2800,40.2500,40.2500,1200
78,40.2500,40.2500,40.2200,40.2200,1100
79,40.2200,40.2200,40.1600,40.1700,7600
80,40.1650,40.2000,40.1400,40.2000,11620
81,40.2200,40.2200,40.1800,40.2000,3725
82,40.1850,40.2000,40.1300,40.1400,5751
83,40.1350,40.1350,40.1000,40.1000,2300
84,40.1100,40.1800,40.0700,40.1800,8626
85,40.1600,40.1900,40.1100,40.1650,19137
86,40.1650,40.1900,40.1300,40.1750,10500
87,40.1750,40.1750,40.1500,40.1600,2100
88,40.1700,40.2000,40.1700,40.2000,2837
89,40.2000,40.2400,40.1800,40.1800,4638
90,40.1700,40.1700,40.1100,40.1100,600
91,40.1084,40.1400,40.1000,40.1000,3250
92,40.1050,40.1100,40.0700,40.0900,7577
93,40.0700,40.1000,40.0500,40.0500,2700
94,40.0400,40.0500,40.0100,40.0500,932
95,39.9900,40.0237,39.9100,40.0150,9648
96,40.0150,40.0200,39.9900,39.9900,4250
97,39.9850,39.9900,39.9400,39.9900,5717
98,40.0200,40.0600,40.0070,40.0070,3500
99,39.9800,39.9900,39.9550,39.9550,3900
100,39.9400,39.9700,39.9300,39.9434,7183
101,39.9500,39.9500,39.8700,39.8700,7361
102,39.8800,39.9000,39.8800,39.8800,6219
103,39.8800,39.9000,39.8600,39.8750,20343
104,39.8750,39.8900,39.8600,39.8700,4753
105,39.8600,39.9400,39.8600,39.9400,2000
106,39.9400,39.9500,39.9000,39.9500,8568
107,39.9300,39.9600,39.9300,39.9550,5464
108,39.9550,39.9600,39.9400,39.9400,5449
109,39.9400,39.9900,39.9300,39.9600,8125
110,39.9800,39.9800,39.8250,39.8250,7015
111,39.8100,39.8100,39.7500,39.7500,4900
112,39.7550,39.7700,39.7200,39.7450,9843
113,39.7500,39.7700,39.7300,39.7400,6300
114,39.7400,39.7400,39.6200,39.6600,11335
115,39.6600,39.6600,39.5800,39.5800,3350
116,39.6000,39.6190,39.5300,39.5500,8650
117,39.5650,39.6800,39.5500,39.5900,11326
118,39.5700,39.5700,39.4600,39.4600,5622
119,39.4948,39.4948,39.4400,39.4400,6904
120,39.4310,39.4500,39.3100,39.4075,47257
121,39.3900,39.5099,39.3800,39.4884,4869
122,39.4900,39.6000,39.4900,39.6000,4789
123,39.6200,39.6900,39.6100,39.6741,10361
124,39.6900,39.6900,39.6600,39.6600,2696
125,39.6600,39.7200,39.6600,39.7000,7831
126,39.6860,39.7600,39.6860,39.7000,12900
127,39.6800,39.7300,39.6500,39.7300,12917
128,39.7040,39.7600,39.7040,39.7200,7420
129,39.7300,39.7600,39.6600,39.6600,16919
130,39.7000,39.7200,39.6800,39.6950,6920
131,39.6900,39.7300,39.6900,39.7200,2706
132,39.7600,39.8000,39.7600,39.8000,700
133,39.8100,39.8900,39.8100,39.8310,1560
134,39.8350,39.8350,39.7900,39.8100,1410
135,39.7900,39.8000,39.7800,39.8000,1776
136,39.7600,39.7700,39.7600,39.7600,1349
137,39.7600,39.8200,39.7600,39.8200,3400
138,39.8300,39.8600,39.8300,39.8500,960
139,39.8500,39.8500,39.7449,39.7449,2600
140,39.7300,39.7900,39.7200,39.7700,4600
141,39.7600,39.7600,39.7000,39.7590,7244
142,39.7110,39.7110,39.7110,39.7110,139
143,39.7357,39.7450,39.7110,39.7220,1800
144,39.7475,39.7475,39.6800,39.6950,10506
145,39.6800,39.7000,39.6300,39.6400,2100
146,39.6500,39.6600,39.6150,39.6600,1490
147,39.6452,39.6700,39.5900,39.5900,6400
148,39.6000,39.6400,39.5700,39.5904,5014
149,39.5900,39.6000,39.5300,39.5800,5000
150,39.5708,39.6600,39.5500,39.5500,11800
151,39.5500,39.5600,39.5400,39.5400,1900
152,39.5408,39.5600,39.5000,39.5000,4280
153,39.5000,39.5500,39.5000,39.5040,6425
154,39.5000,39.5615,39.4900,39.5300,7650
155,39.5450,39.5600,39.5450,39.5550,1100
156,39.5600,39.6000,39.5300,39.6000,2300
157,39.6100,39.6300,39.5600,39.5600,2400
158,39.5600,39.5700,39.5200,39.5406,4000
159,39.5450,39.5450,39.4700,39.4700,11750
160,39.4601,39.4900,39.4300,39.4400,5350
161,39.4201,39.4700,39.4100,39.4200,10741
162,39.4000,39.4300,39.3950,39.4100,8100
163,39.3900,39.4200,39.3900,39.4000,4600
164,39.4000,39.4100,39.3650,39.3902,17243
165,39.4050,39.4300,39.4050,39.4200,3300
166,39.4400,39.4400,39.4100,39.4100,5265
167,39.4300,39.4325,39.4200,39.4210,2334
168,39.4250,39.4250,39.4000,39.4100,3200
169,39.4200,39.4350,39.4100,39.4250,4924
170,39.4300,39.4400,39.3600,39.3600,6241
171,39.3700,39.3700,39.3100,39.3200,7700
172,39.3200,39.3800,39.3200,39.3604,7412
173,39.3787,39.3850,39.3600,39.3600,1635
174,39.3400,39.3700,39.3200,39.3700,7250
175,39.3600,39.3600,39.3400,39.3600,3850
176,39.3500,39.3720,39.3500,39.3720,1556
177,39.3800,39.4290,39.3800,39.4290,1800
178,39.4500,39.4600,39.4000,39.4200,4900
179,39.4200,39.4500,39.4100,39.4300,2400
180,39.4300,39.4300,39.3300,39.3500,7416
181,39.3400,39.3400,39.2300,39.2400,8362
182,39.2300,39.2520,39.2300,39.2500,2650
183,39.2500,39.2532,39.1500,39.1800,11538
184,39.1600,39.1900,39.1500,39.1500,4991
185,39.1603,39.2200,39.1500,39.2120,4436
186,39.2200,39.2765,39.1990,39.2765,4800
187,39.2836,39.2836,39.2700,39.2700,350
188,39.2800,39.2800,39.2500,39.2600,4400
189,39.2700,39.2700,39.2400,39.2400,2900
190,39.2400,39.2600,39.2400,39.2600,1600
191,39.2500,39.2600,39.2400,39.2500,3100
192,39.2300,39.2490,39.2300,39.2300,3542
193,39.2200,39.2800,39.2200,39.2800,3900
194,39.3000,39.3000,39.3000,39.3000,100
195,39.2900,39.2900,39.2750,39.2900,2606
196,39.2900,39.3189,39.2800,39.3189,5174
197,39.3250,39.3400,39.3100,39.3100,600
198,39.3352,39.3400,39.3250,39.3400,5106
199,39.3540,39.3800,39.3100,39.3200,4750
200,39.3050,39.3350,39.2900,39.2900,9908
201,39.3000,39.3300,39.3000,39.3300,4200
202,39.3200,39.4100,39.3200,39.4100,6400
203,39.4000,39.4000,39.3800,39.3950,4552
204,39.4100,39.5900,39.4100,39.5500,19163
205,39.5800,39.5800,39.5000,39.5575,5814
206,39.5400,39.5400,39.5100,39.5100,1300
207,39.5600,39.6400,39.5600,39.6150,4422
208,39.6200,39.6200,39.6100,39.6150,2850
209,39.6200,39.6400,39.5650,39.5900,6545
210,39.5950,39.5950,39.5500,39.5550,5005
211,39.5400,39.5900,39.5400,39.5900,1350
212,39.5900,39.5900,39.5900,39.5900,200
213,39.6000,39.6000,39.5700,39.5800,2700
214,39.5799,39.5800,39.5650,39.5650,2580
215,39.5800,39.6200,39.5800,39.5950,3600
216,39.6000,39.6300,39.6000,39.6200,1000
217,39.6200,39.7230,39.6200,39.7200,9234
218,39.7200,39.7200,39.7140,39.7140,2400
219,39.7300,39.7400,39.7100,39.7350,5783
220,39.7500,39.7500,39.7200,39.7400,900
221,39.7200,39.7800,39.7200,39.7800,2618
222,39.7910,39.8200,39.7300,39.7300,11562
223,39.7300,39.8300,39.7300,39.8086,13600
224,39.8199,39.8199,39.7300,39.7300,2201
225,39.7500,39.7500,39.7200,39.7300,700
226,39.7300,39.7500,39.7200,39.7400,3588
227,39.7400,39.7400,39.6000,39.6200,5100
228,39.6200,39.7100,39.6150,39.7050,3000
229,39.7100,39.7300,39.7000,39.7000,2300
230,39.7010,39.7200,39.6800,39.6850,4654
231,39.7000,39.7000,39.6850,39.6850,200
232,39.6786,39.7000,39.6786,39.7000,4624
233,39.7062,39.7100,39.7062,39.7100,1100
234,39.7200,39.7200,39.6850,39.6850,4361
235,39.6800,39.6850,39.6400,39.6600,6020
236,39.6600,39.6600,39.6500,39.6600,20525
237,39.6614,39.6614,39.6300,39.6300,1999
238,39.6100,39.6100,39.6100,39.6100,100
239,39.6300,39.6700,39.6300,39.6700,10662
240,39.6800,39.6900,39.6800,39.6900,1100
241,39.7100,39.7300,39.7100,39.7300,1100
242,39.7300,39.8000,39.7300,39.7750,2900
243,39.7701,39.7701,39.7701,39.7701,180
244,39.7850,39.9400,39.7850,39.8500,22976
245,39.8600,39.9400,39.8500,39.8900,12732
246,39.8900,39.9100,39.8630,39.8630,4110
247,39.8650,39.8700,39.8650,39.8700,500
248,39.8800,40.0000,39.8800,39.9300,31339
249,39.9400,39.9800,39.9200,39.9700,7753
250,39.9644,39.9644,39.9440,39.9440,1200
251,39.9600,39.9600,39.9400,39.9450,1700
252,39.9500,39.9780,39.9500,39.9500,5062
253,39.9400,39.9400,39.9250,39.9250,1400
254,39.9200,39.9200,39.8500,39.8500,8214
255,39.8500,39.8799,39.8500,39.8799,1788
256,39.8650,39.9100,39.8650,39.9100,3202
258,39.9100,39.9100,39.9000,39.9000,2123
259,39.9050,39.9150,39.9000,39.9000,2338
260,39.9000,39.9050,39.8700,39.8700,3200
261,39.8600,39.8900,39.8600,39.8700,3200
262,39.8700,39.8700,39.8400,39.8500,3600
263,39.8400,39.8600,39.8100,39.8100,5684
264,39.8040,39.8200,39.7800,39.7800,1750
265,39.7900,39.7900,39.7800,39.7800,498
266,39.7900,39.8000,39.7700,39.7800,7108
267,39.7700,39.7700,39.7700,39.7700,1350
268,39.7714,39.8100,39.7500,39.7900,11424
269,39.8200,39.8200,39.8100,39.8100,1000
270,39.8397,39.8400,39.8350,39.8350,1727
271,39.8500,39.8900,39.8500,39.8800,4450
272,39.8837,39.8850,39.8700,39.8800,3299
273,39.8784,39.8784,39.8550,39.8600,2948
274,39.8600,39.9000,39.8600,39.8900,3203
275,39.8800,39.9050,39.8500,39.9000,11671
276,39.9000,39.9000,39.7800,39.7950,9232
277,39.8000,39.8000,39.7800,39.7800,1700
278,39.7800,39.7950,39.7800,39.7950,200
279,39.8100,39.8100,39.7850,39.7978,4849
280,39.8000,39.8100,39.7800,39.7850,7155
281,39.7850,39.8000,39.7800,39.8000,3130
282,39.8000,39.8300,39.7976,39.8300,11791
283,39.8400,39.8500,39.8400,39.8500,1000
285,39.8900,39.9000,39.8876,39.8900,4308
286,39.8800,39.8907,39.8700,39.8800,2107
287,39.9000,39.9100,39.8950,39.9100,2200
288,39.9200,39.9800,39.9100,39.9650,11900
289,39.9750,40.0150,39.9750,40.0150,5495
290,40.0300,40.0800,40.0300,40.0700,6123
291,40.0600,40.1890,40.0500,40.0800,25542
292,40.0700,40.0790,40.0253,40.0253,3625
293,40.0250,40.0250,40.0250,40.0250,200
294,40.0390,40.0390,40.0000,40.0000,4800
295,40.0000,40.0250,39.9800,39.9800,19025
296,39.9700,39.9700,39.9700,39.9700,400
297,39.9800,40.0200,39.9800,40.0000,10166
298,40.0150,40.0300,40.0000,40.0300,6750
299,40.0298,40.0300,40.0200,40.0300,1300
300,40.0300,40.1099,40.0300,40.0800,5756
301,40.0700,40.1200,40.0550,40.1000,8300
302,40.1300,40.2300,40.1300,40.2105,14100
303,40.2300,40.2900,40.1800,40.2000,16387
304,40.2500,40.2500,40.1700,40.2200,1200
305,40.2300,40.2300,40.1600,40.2200,2983
306,40.2200,40.2700,40.2185,40.2400,2625
307,40.2400,40.2400,40.2000,40.2000,1100
308,40.1700,40.2000,40.1700,40.2000,2370
309,40.2000,40.2000,40.1800,40.1900,1600
310,40.1700,40.1800,40.1500,40.1800,2112
311,40.1700,40.1710,40.1600,40.1600,1900
312,40.1600,40.1600,40.1450,40.1600,3400
313,40.1700,40.2300,40.1700,40.2100,6137
314,40.2000,40.2100,40.1500,40.1500,2125
315,40.1300,40.1600,40.1300,40.1500,3385
316,40.1450,40.1500,40.0900,40.1500,10300
317,40.1500,40.2400,40.1410,40.2400,27352
318,40.2338,40.2600,40.2300,40.2600,4517
319,40.2500,40.2600,40.2300,40.2300,2900
320,40.2400,40.2600,40.2400,40.2500,1175
321,40.2500,40.2600,40.2200,40.2200,2850
322,40.2200,40.2300,40.2200,40.2300,400
323,40.2150,40.2250,40.2050,40.2200,3255
324,40.2300,40.2400,40.2200,40.2400,1000
325,40.2100,40.2450,40.2100,40.2450,2605
326,40.2400,40.2900,40.2400,40.2800,2600
327,40.2900,40.3000,40.2539,40.2539,3900
328,40.2700,40.2900,40.2600,40.2600,3327
329,40.2600,40.3000,40.2600,40.2900,9324
330,40.2800,40.3700,40.2800,40.3400,9832
331,40.3300,40.3600,40.3200,40.3500,4900
332,40.3600,40.3700,40.3400,40.3400,3221
333,40.3200,40.3450,40.3166,40.3250,5217
334,40.3200,40.3300,40.3170,40.3170,900
335,40.3100,40.3200,40.3000,40.3100,4580
336,40.3200,40.3400,40.3200,40.3200,1400
337,40.3200,40.3400,40.3000,40.3150,9046
338,40.3150,40.3200,40.3100,40.3150,1700
339,40.3150,40.3150,40.2600,40.2601,9298
340,40.2600,40.2600,40.2100,40.2100,3400
341,40.2184,40.2300,40.2100,40.2100,6808
342,40.2100,40.2100,40.1800,40.1800,3647
343,40.1850,40.1850,40.1500,40.1600,7625
344,40.1583,40.1600,40.1550,40.1600,3701
345,40.1500,40.1600,40.1450,40.1600,9433
346,40.1600,40.1800,40.1600,40.1800,5137
347,40.1700,40.1900,40.1700,40.1800,1300
348,40.1800,40.1900,40.1601,40.1601,1320
349,40.1700,40.1700,40.1600,40.1700,3500
350,40.1600,40.1700,40.1500,40.1700,5695
351,40.1700,40.1700,40.1300,40.1500,10527
352,40.1520,40.1600,40.1520,40.1600,1900
353,40.1700,40.1700,40.1400,40.1700,1600
354,40.1700,40.1700,40.1500,40.1500,11450
355,40.1600,40.1900,40.1600,40.1800,9043
356,40.1800,40.2300,40.1700,40.2110,5659
357,40.2200,40.2700,40.2100,40.2700,11403
358,40.2580,40.2700,40.2400,40.2500,4015
359,40.2599,40.2599,40.2300,40.2400,5672
360,40.2500,40.2500,40.2400,40.2500,5074
361,40.2500,40.2500,40.2200,40.2400,12924
362,40.2400,40.2400,40.2200,40.2400,4600
363,40.2300,40.2300,40.2100,40.2300,3700
364,40.2100,40.2100,40.1700,40.1800,7898
365,40.1800,40.1800,40.1400,40.1500,10467
366,40.1600,40.1600,40.1400,40.1550,14401
367,40.1500,40.1550,40.1250,40.1300,8911
368,40.1250,40.1500,40.1200,40.1219,10105
369,40.1300,40.1500,40.1300,40.1500,15773
370,40.1500,40.1500,40.1300,40.1500,5488
371,40.1400,40.1800,40.1400,40.1800,7650
372,40.1800,40.1900,40.1600,40.1800,8437
373,40.1800,40.1800,40.1700,40.1746,8506
374,40.1750,40.1750,40.1500,40.1550,14098
375,40.1550,40.1600,40.0890,40.0890,20398
376,40.0900,40.1200,40.0850,40.1125,8908
377,40.1150,40.1200,40.1000,40.1150,9677
378,40.1100,40.1200,40.0900,40.0900,11903
379,40.0950,40.1000,40.0400,40.0600,27760
380,40.0550,40.1000,40.0550,40.0900,14154
381,40.0900,40.1900,40.0900,40.1500,15450
382,40.1600,40.1600,40.1100,40.1100,13421
383,40.1100,40.1100,40.0500,40.0650,15195
384,40.0600,40.0700,40.0500,40.0600,13392
385,40.0500,40.0700,40.0500,40.0500,14738
386,40.0500,40.0600,40.0300,40.0300,19158
387,40.0400,40.0400,40.0100,40.0250,25822
388,40.0250,40.0700,40.0200,40.0650,21225
389,40.0700,40.1000,40.0500,40.0850,34706
390,40.0850,40.1200,40.0800,40.0800,47162