NBL,Noble Energy Inc,Energy,3,Oil & Gas Exploration & Production,12633362475,7541167
a1499358600,28.9200,28.9200,28.8000,28.8000,13946
2,28.8100,28.8300,28.8050,28.8300,6468
3,28.8400,28.8500,28.8100,28.8500,10555
4,28.8500,28.8725,28.7850,28.7900,11585
5,28.7700,28.7800,28.7500,28.7800,3200
6,28.7700,28.7700,28.6150,28.6400,10004
7,28.6400,28.7100,28.6400,28.6600,3401
8,28.6900,28.6900,28.6400,28.6500,3605
9,28.6500,28.7400,28.6450,28.6900,10400
10,28.6900,28.7300,28.6700,28.7000,9495
11,28.6950,28.7200,28.6700,28.6950,9706
12,28.6900,28.7200,28.6900,28.7200,7594
13,28.7250,28.7300,28.6950,28.7200,9524
14,28.7200,28.7550,28.7150,28.7500,5300
15,28.7550,28.7750,28.7250,28.7250,3900
16,28.7200,28.7450,28.7150,28.7200,8100
17,28.7150,28.7150,28.6750,28.7000,5716
18,28.7100,28.7500,28.7050,28.7300,9125
19,28.7200,28.7200,28.6950,28.7000,4900
20,28.7100,28.7300,28.7000,28.7300,5400
21,28.7300,28.7400,28.7100,28.7200,6073
22,28.7100,28.7150,28.7100,28.7100,1100
23,28.7000,28.7400,28.6950,28.7200,11825
24,28.7100,28.7400,28.7000,28.7400,3800
25,28.7400,28.7500,28.7315,28.7400,4514
26,28.7500,28.7900,28.7500,28.7900,5967
27,28.7900,28.8200,28.7850,28.7950,10700
28,28.7950,28.8269,28.7950,28.8225,8614
29,28.8200,28.8250,28.7900,28.8000,12380
30,28.8000,28.8550,28.8000,28.8500,10739
31,28.8500,28.8700,28.8500,28.8650,5802
32,28.8650,28.8900,28.8600,28.8700,4875
33,28.8650,28.8850,28.8600,28.8700,7589
34,28.8750,28.8900,28.8700,28.8800,7234
35,28.8800,28.9100,28.8800,28.9100,6144
36,28.9100,28.9168,28.9000,28.9000,4333
37,28.9050,28.9050,28.8800,28.8800,5708
38,28.8900,28.8900,28.8650,28.8800,4027
39,28.8800,28.8843,28.8600,28.8800,4683
40,28.8700,28.8700,28.8367,28.8367,4258
41,28.8300,28.8500,28.8250,28.8400,7872
42,28.8460,28.8460,28.8200,28.8200,3632
43,28.8250,28.8250,28.7950,28.8000,5000
44,28.8000,28.8200,28.7950,28.8200,3200
45,28.8300,28.8300,28.7950,28.8100,5189
46,28.8100,28.8500,28.8050,28.8400,5300
47,28.8300,28.8400,28.8250,28.8400,3241
48,28.8400,28.8400,28.8150,28.8200,3000
49,28.8100,28.8100,28.7800,28.7800,5000
50,28.7700,28.7800,28.7650,28.7800,2101
51,28.7800,28.7800,28.7700,28.7750,2079
52,28.7750,28.7750,28.7200,28.7500,15152
53,28.7500,28.7500,28.7400,28.7500,10200
54,28.7500,28.7550,28.7450,28.7500,18911
55,28.7400,28.7400,28.7050,28.7100,9009
56,28.7200,28.7400,28.7150,28.7400,8075
57,28.7450,28.7600,28.7450,28.7500,26704
58,28.7400,28.7450,28.7250,28.7400,11809
59,28.7400,28.7400,28.7200,28.7400,5374
60,28.7400,28.7600,28.7400,28.7600,6618
61,28.7579,28.7600,28.7250,28.7300,6101
62,28.7300,28.7300,28.7200,28.7200,800
63,28.7250,28.7250,28.6850,28.6900,11691
64,28.6950,28.6950,28.6600,28.6700,2955
65,28.6600,28.6650,28.6400,28.6600,7600
66,28.6700,28.6700,28.6550,28.6610,4696
67,28.6600,28.6700,28.6600,28.6602,1461
68,28.6700,28.6800,28.6650,28.6759,4297
69,28.6800,28.6800,28.6650,28.6750,11924
70,28.6800,28.6850,28.6650,28.6699,9483
71,28.6650,28.6743,28.6550,28.6700,5100
72,28.6750,28.6750,28.6400,28.6450,3606
73,28.6500,28.6600,28.6500,28.6600,2900
74,28.6600,28.6700,28.6600,28.6700,2300
75,28.6700,28.6700,28.6600,28.6700,2100
76,28.6600,28.6600,28.6500,28.6500,3037
77,28.6550,28.6800,28.6550,28.6700,3300
78,28.6700,28.7100,28.6650,28.7100,10087
79,28.7100,28.7200,28.7100,28.7150,3411
80,28.7200,28.7600,28.7100,28.7500,12177
81,28.7400,28.7400,28.7200,28.7400,8902
82,28.7500,28.7600,28.7500,28.7500,16211
83,28.7600,28.7600,28.7350,28.7500,8700
84,28.7450,28.7500,28.7400,28.7450,1824
85,28.7400,28.7400,28.7200,28.7300,5176
86,28.7265,28.7300,28.7200,28.7300,643
87,28.7300,28.7300,28.6900,28.6900,10885
88,28.6900,28.6900,28.6750,28.6850,13657
89,28.6850,28.7100,28.6850,28.7000,8316
90,28.6900,28.7000,28.6900,28.7000,4000
91,28.7100,28.7150,28.7000,28.7000,4217
92,28.6900,28.7000,28.6900,28.7000,2909
93,28.7100,28.7300,28.7100,28.7300,2800
94,28.7400,28.7400,28.7250,28.7300,6916
95,28.7300,28.7350,28.7100,28.7150,4119
96,28.7150,28.7250,28.7100,28.7250,4064
97,28.7200,28.7400,28.7200,28.7400,5791
98,28.7400,28.7525,28.7400,28.7400,10535
99,28.7350,28.7500,28.7200,28.7350,20060
100,28.7350,28.7600,28.7350,28.7450,68410
101,28.7400,28.7500,28.7100,28.7500,15988
102,28.7500,28.7550,28.7450,28.7500,22745
103,28.7500,28.7500,28.7350,28.7350,12320
104,28.7350,28.7400,28.7350,28.7350,500
105,28.7350,28.7500,28.7300,28.7450,6515
106,28.7450,28.7500,28.7200,28.7200,8395
107,28.7200,28.7400,28.7200,28.7350,5448
108,28.7400,28.7400,28.7300,28.7350,1100
109,28.7300,28.7500,28.7300,28.7450,3500
110,28.7500,28.7500,28.7250,28.7300,7100
111,28.7300,28.7350,28.7150,28.7300,7400
112,28.7300,28.7300,28.7100,28.7100,3800
113,28.7200,28.7400,28.7000,28.7000,9591
114,28.7000,28.7100,28.6900,28.6950,5157
115,28.7000,28.7100,28.6900,28.6950,14367
116,28.7000,28.7100,28.6950,28.7000,5365
117,28.7100,28.7100,28.6800,28.6800,11728
118,28.6750,28.7100,28.6700,28.7000,19691
119,28.7100,28.7100,28.6900,28.6950,5596
120,28.7000,28.7000,28.6850,28.6950,4100
121,28.6950,28.6970,28.6850,28.6900,4647
122,28.6900,28.7000,28.6800,28.7000,2300
123,28.7000,28.7100,28.7000,28.7050,23449
124,28.7000,28.7150,28.6900,28.7100,25506
125,28.7100,28.7300,28.7050,28.7300,34533
126,28.7300,28.7600,28.7300,28.7600,13533
127,28.7500,28.7750,28.7450,28.7750,11237
128,28.7800,28.8200,28.7800,28.8100,6789
129,28.8100,28.8300,28.8000,28.8000,19599
130,28.8100,28.8600,28.8000,28.8550,74333
131,28.8500,28.8800,28.8450,28.8750,35508
132,28.8700,28.9200,28.8700,28.9150,11115
133,28.9200,28.9600,28.9100,28.9110,4541
134,28.9100,28.9150,28.8900,28.8900,12278
135,28.8900,28.8900,28.8600,28.8600,2028
136,28.8650,28.9400,28.8650,28.9300,5806
137,28.9400,28.9500,28.9400,28.9500,1600
138,28.9550,28.9600,28.9300,28.9300,2000
139,28.9300,28.9300,28.9100,28.9100,3575
140,28.9100,28.9100,28.8821,28.8900,5583
141,28.8900,28.9000,28.8800,28.8900,4300
142,28.8900,28.8900,28.8800,28.8800,1900
143,28.8700,28.8700,28.8500,28.8600,2400
144,28.8550,28.8700,28.8400,28.8500,4771
145,28.8500,28.8500,28.8400,28.8400,2279
146,28.8400,28.8500,28.8300,28.8300,3600
147,28.8350,28.8600,28.8350,28.8500,4407
148,28.8400,28.8400,28.8200,28.8200,2300
149,28.8100,28.8250,28.8100,28.8150,2484
150,28.8200,28.8200,28.8050,28.8050,3919
151,28.8050,28.8050,28.7800,28.7900,8093
152,28.7800,28.7800,28.7600,28.7700,2972
153,28.7700,28.7900,28.7700,28.7800,6399
154,28.7800,28.7900,28.7750,28.7800,5539
155,28.7800,28.7900,28.7800,28.7900,1300
156,28.7900,28.8000,28.7800,28.8000,2983
157,28.7950,28.8000,28.7950,28.8000,800
158,28.7950,28.8000,28.7900,28.8000,1300
159,28.7950,28.8300,28.7950,28.8200,8801
160,28.8200,28.8400,28.8200,28.8400,4400
161,28.8300,28.8350,28.8250,28.8300,7397
162,28.8400,28.8650,28.8400,28.8500,18958
163,28.8600,28.8900,28.8600,28.8800,10400
164,28.8900,28.9100,28.8800,28.9000,15504
165,28.9000,28.9050,28.8836,28.8836,6325
166,28.8800,28.8850,28.8700,28.8800,6150
167,28.8900,28.9050,28.8800,28.8800,5244
168,28.8850,28.9100,28.8800,28.9100,3667
169,28.9100,28.9250,28.9000,28.9000,8956
170,28.9000,28.9100,28.8900,28.8900,3900
171,28.8950,28.9100,28.8900,28.9000,4400
172,28.8950,28.9000,28.8950,28.9000,2562
173,28.9100,28.9200,28.8900,28.9042,17826
174,28.9050,28.9200,28.9000,28.9100,8920
175,28.9050,28.9050,28.8900,28.9050,5200
176,28.9050,28.9500,28.9050,28.9300,6200
177,28.9400,28.9600,28.9200,28.9500,5738
178,28.9500,28.9700,28.9300,28.9600,6575
179,28.9650,28.9700,28.9300,28.9358,3100
180,28.9300,28.9400,28.9200,28.9300,5000
181,28.9300,28.9500,28.9200,28.9200,3499
182,28.9300,28.9400,28.9000,28.9100,10645
183,28.9100,28.9200,28.8900,28.9000,12700
184,28.9000,28.9250,28.8900,28.9100,7680
185,28.9100,28.9150,28.9100,28.9150,2800
186,28.9200,28.9350,28.9100,28.9300,7900
187,28.9300,28.9300,28.9000,28.9300,7505
188,28.9250,28.9400,28.9200,28.9350,4416
189,28.9300,28.9300,28.9200,28.9300,4600
190,28.9361,28.9600,28.9361,28.9600,20726
191,28.9650,28.9800,28.9650,28.9650,7061
192,28.9650,29.0000,28.9650,28.9950,18970
193,29.0000,29.0300,28.9800,29.0300,20547
194,29.0400,29.0400,29.0300,29.0300,1800
195,29.0250,29.0400,29.0250,29.0400,1300
196,29.0300,29.0400,29.0300,29.0400,4500
197,29.0350,29.0800,29.0350,29.0650,4716
198,29.0700,29.0900,29.0700,29.0900,5770
199,29.0850,29.0850,29.0550,29.0550,2800
200,29.0600,29.0700,29.0400,29.0400,5244
201,29.0400,29.0500,29.0300,29.0500,4992
202,29.0600,29.0600,29.0500,29.0500,2700
203,29.0560,29.0560,29.0450,29.0450,2350
204,29.0433,29.0600,29.0433,29.0600,5590
205,29.0600,29.0858,29.0550,29.0700,9403
206,29.0650,29.0700,29.0400,29.0450,8303
207,29.0500,29.0599,29.0450,29.0550,2510
208,29.0500,29.0500,29.0350,29.0400,5000
209,29.0334,29.0450,29.0334,29.0400,5600
210,29.0350,29.0400,29.0350,29.0400,1600
211,29.0499,29.0750,29.0499,29.0700,5470
212,29.0700,29.0799,29.0500,29.0550,11385
213,29.0600,29.0700,29.0600,29.0600,8300
214,29.0600,29.0700,29.0400,29.0650,13400
215,29.0650,29.0900,29.0650,29.0800,2600
216,29.0900,29.1100,29.0900,29.1100,2600
217,29.1100,29.1200,29.1100,29.1100,10078
218,29.1100,29.1200,29.1100,29.1125,1100
219,29.1200,29.1200,29.0900,29.1200,25670
220,29.1200,29.1200,29.1000,29.1150,3474
221,29.1100,29.1150,29.1000,29.1050,2100
222,29.1100,29.1500,29.1100,29.1100,14767
223,29.1199,29.1200,29.1100,29.1150,1100
224,29.1100,29.1200,29.1000,29.1150,5900
225,29.1200,29.1400,29.1200,29.1400,4100
226,29.1500,29.1500,29.1300,29.1300,4900
227,29.1400,29.1499,29.1300,29.1450,2217
228,29.1400,29.1400,29.1300,29.1400,2000
229,29.1300,29.1400,29.1300,29.1400,1800
230,29.1350,29.1400,29.1350,29.1350,500
231,29.1400,29.1599,29.1350,29.1599,6939
232,29.1550,29.1700,29.1550,29.1700,2300
233,29.1650,29.1850,29.1500,29.1500,7801
234,29.1500,29.1600,29.1250,29.1300,12854
235,29.1200,29.1500,29.1200,29.1500,14807
236,29.1499,29.1500,29.1400,29.1450,500
237,29.1500,29.1600,29.1400,29.1550,6645
238,29.1500,29.1800,29.1500,29.1600,11677
239,29.1600,29.1800,29.1600,29.1800,8398
240,29.1700,29.1899,29.1700,29.1800,4100
241,29.1800,29.1900,29.1750,29.1800,35153
242,29.1900,29.2000,29.1800,29.1800,12746
243,29.1800,29.1900,29.1700,29.1900,5666
244,29.1835,29.1900,29.1600,29.1600,1712
245,29.1699,29.1699,29.1343,29.1400,15806
246,29.1350,29.1400,29.1250,29.1300,2991
247,29.1200,29.1400,29.1200,29.1350,13307
248,29.1350,29.1500,29.1350,29.1500,6600
249,29.1500,29.1500,29.1300,29.1400,26067
250,29.1400,29.1500,29.1350,29.1450,13470
251,29.1450,29.1599,29.1400,29.1400,4531
252,29.1500,29.1500,29.1400,29.1400,3400
253,29.1400,29.1400,29.1100,29.1200,7200
254,29.1150,29.1200,29.1000,29.1025,9084
255,29.1000,29.1000,29.0900,29.0900,3700
256,29.0950,29.1100,29.0900,29.1000,7000
257,29.1050,29.1250,29.1050,29.1250,3800
258,29.1200,29.1200,29.1000,29.1000,8000
259,29.1000,29.1050,29.1000,29.1000,800
260,29.1099,29.1150,29.0900,29.0900,8715
261,29.0950,29.1000,29.0900,29.0950,1300
262,29.0950,29.1200,29.0900,29.1200,4843
263,29.1100,29.1200,29.1100,29.1100,10293
264,29.1150,29.1400,29.1100,29.1300,7169
265,29.1400,29.1400,29.1200,29.1200,13750
266,29.1250,29.1400,29.1200,29.1400,5690
267,29.1400,29.1550,29.1350,29.1500,8300
268,29.1600,29.1700,29.1400,29.1700,24520
269,29.1700,29.1700,29.1600,29.1650,4300
270,29.1650,29.1800,29.1600,29.1650,25065
271,29.1650,29.2000,29.1600,29.1900,9604
272,29.2000,29.2200,29.2000,29.2100,5278
273,29.2100,29.2100,29.2000,29.2100,3615
274,29.2100,29.2300,29.2100,29.2300,5400
275,29.2250,29.2500,29.2250,29.2400,8271
276,29.2450,29.2500,29.2100,29.2100,18597
277,29.2100,29.2299,29.2100,29.2150,4894
278,29.2100,29.2200,29.1900,29.1900,7038
279,29.1800,29.1900,29.1700,29.1800,7390
280,29.1801,29.2000,29.1801,29.1950,4345
281,29.2000,29.2100,29.1900,29.2050,26850
282,29.2100,29.2200,29.1900,29.2100,15698
283,29.2100,29.2200,29.2000,29.2200,22665
284,29.2200,29.2300,29.2000,29.2100,2928
285,29.2100,29.2300,29.2050,29.2200,8411
286,29.2200,29.2300,29.2100,29.2100,19010
287,29.2200,29.2300,29.2150,29.2300,4481
288,29.2300,29.2450,29.2200,29.2450,4000
289,29.2450,29.2500,29.2300,29.2400,16505
290,29.2400,29.2500,29.2200,29.2250,11800
291,29.2250,29.2500,29.2200,29.2350,17453
292,29.2331,29.2400,29.2200,29.2200,10963
293,29.2250,29.2400,29.2200,29.2200,5422
294,29.2300,29.2400,29.2200,29.2200,23688
295,29.2200,29.2300,29.2200,29.2250,10527
296,29.2250,29.2300,29.2250,29.2250,3857
297,29.2250,29.2300,29.2240,29.2250,4485
298,29.2250,29.2500,29.2250,29.2450,26601
299,29.2450,29.2700,29.2450,29.2600,9650
300,29.2650,29.2800,29.2600,29.2600,7996
301,29.2550,29.2700,29.2550,29.2600,8126
302,29.2650,29.2700,29.2500,29.2700,17760
303,29.2700,29.2900,29.2650,29.2850,2600
304,29.2850,29.2950,29.2700,29.2850,9248
305,29.2900,29.3000,29.2800,29.2800,17831
306,29.2850,29.2900,29.2750,29.2750,5822
307,29.2750,29.2750,29.2400,29.2500,15137
308,29.2500,29.2700,29.2500,29.2600,21778
309,29.2600,29.2700,29.2550,29.2550,16592
310,29.2550,29.2650,29.2525,29.2650,5955
311,29.2700,29.2800,29.2650,29.2700,33653
312,29.2700,29.2850,29.2700,29.2850,2427
313,29.2900,29.3100,29.2800,29.3100,7806
314,29.3050,29.3100,29.2800,29.2850,34604
315,29.2800,29.2900,29.2700,29.2850,3900
316,29.2850,29.2850,29.2700,29.2700,3300
317,29.2800,29.2900,29.2700,29.2700,5329
318,29.2700,29.2700,29.2500,29.2500,13900
319,29.2500,29.2700,29.2500,29.2600,5512
320,29.2600,29.2800,29.2600,29.2700,4026
321,29.2800,29.2800,29.2700,29.2700,3200
322,29.2800,29.2900,29.2700,29.2900,5800
323,29.2800,29.3100,29.2800,29.3000,39663
324,29.3050,29.3200,29.3050,29.3100,3700
325,29.3200,29.3299,29.3100,29.3100,4600
326,29.3200,29.3300,29.3200,29.3250,5215
327,29.3200,29.3300,29.3000,29.3000,5419
328,29.3000,29.3100,29.3000,29.3000,1900
329,29.3000,29.3200,29.3000,29.3150,7006
330,29.3200,29.3200,29.3100,29.3200,4299
331,29.3250,29.3350,29.3200,29.3350,4000
332,29.3350,29.3400,29.3300,29.3400,3605
333,29.3400,29.3500,29.3350,29.3400,12211
334,29.3400,29.3500,29.3300,29.3350,14597
335,29.3400,29.3550,29.3350,29.3500,3900
336,29.3600,29.3600,29.3500,29.3550,23315
337,29.3550,29.3550,29.3200,29.3225,34687
338,29.3200,29.3300,29.3100,29.3250,12809
339,29.3250,29.3250,29.2800,29.2800,11229
340,29.2850,29.3000,29.2400,29.2400,18102
341,29.2450,29.2450,29.2300,29.2400,9515
342,29.2400,29.2500,29.2200,29.2200,29299
343,29.2200,29.2300,29.2200,29.2200,19752
344,29.2250,29.2300,29.2200,29.2200,17782
345,29.2250,29.2300,29.2200,29.2200,7879
346,29.2250,29.2300,29.2200,29.2300,8852
347,29.2400,29.2400,29.2200,29.2200,11368
348,29.2200,29.2300,29.2200,29.2250,22100
349,29.2300,29.2400,29.2100,29.2200,68916
350,29.2300,29.2399,29.2300,29.2350,10366
351,29.2300,29.2500,29.2250,29.2250,25741
352,29.2250,29.2350,29.2200,29.2250,40098
353,29.2300,29.2300,29.2000,29.2100,44207
354,29.2150,29.2700,29.2100,29.2700,18280
355,29.2750,29.2800,29.2450,29.2450,109105
356,29.2450,29.2700,29.2400,29.2700,23427
357,29.2700,29.2700,29.2500,29.2600,11918
358,29.2550,29.2600,29.2300,29.2600,23037
359,29.2550,29.2600,29.2400,29.2400,9329
360,29.2400,29.2700,29.2400,29.2600,6153
361,29.2700,29.2700,29.2100,29.2150,16864
362,29.2150,29.2600,29.2150,29.2500,130876
363,29.2600,29.2800,29.2300,29.2500,16689
364,29.2450,29.2500,29.2300,29.2350,34771
365,29.2350,29.2600,29.2300,29.2550,32726
366,29.2500,29.2600,29.2450,29.2600,4948
367,29.2563,29.2700,29.2400,29.2400,16326
368,29.2400,29.2550,29.2350,29.2450,25597
369,29.2500,29.2500,29.2400,29.2400,8320
370,29.2400,29.2500,29.2300,29.2350,95883
371,29.2300,29.2400,29.2300,29.2300,16896
372,29.2300,29.2400,29.1950,29.2000,72135
373,29.1900,29.2000,29.1800,29.1900,23307
374,29.1900,29.2000,29.1850,29.1900,29139
375,29.1900,29.1900,29.1600,29.1700,21244
376,29.1650,29.1800,29.1400,29.1600,116474
377,29.1650,29.1700,29.1600,29.1650,20700
378,29.1600,29.1650,29.1400,29.1450,44861
379,29.1450,29.1600,29.1450,29.1550,44715
380,29.1550,29.1600,29.1500,29.1500,10515
381,29.1500,29.1900,29.1500,29.1700,62123
382,29.1600,29.1700,29.1300,29.1300,87146
383,29.1350,29.1500,29.1300,29.1450,23948
384,29.1400,29.1500,29.1100,29.1100,85303
385,29.1100,29.1400,29.1100,29.1200,70278
386,29.1250,29.1300,29.1000,29.1100,99929
387,29.1050,29.1200,29.1000,29.1100,69981
388,29.1100,29.1300,29.1100,29.1250,97113
389,29.1250,29.1300,29.1100,29.1100,99955
390,29.1150,29.1200,29.1100,29.1150,127581