NFX,Newfield Exploration Co,Energy,3,Oil & Gas Exploration & Production,6118751376,2761244
a1499358600,30.4000,30.4000,30.4000,30.4000,11223
1,30.4250,30.4250,30.3400,30.4200,2400
2,30.3900,30.4300,30.3700,30.4200,3737
3,30.3950,30.4300,30.3950,30.4000,1200
4,30.4300,30.4600,30.3900,30.4200,4700
5,30.3700,30.3700,30.3050,30.3100,1122
6,30.3200,30.3300,30.2650,30.2750,4200
7,30.2600,30.2900,30.2500,30.2501,5320
8,30.2500,30.2500,30.2200,30.2300,3307
9,30.2150,30.3200,30.2150,30.2900,4670
11,30.2600,30.2600,30.1900,30.2100,8893
12,30.2100,30.3000,30.2100,30.3000,5571
13,30.3000,30.3100,30.2000,30.2400,2700
14,30.2500,30.2850,30.2500,30.2850,1300
15,30.3000,30.3300,30.2800,30.2800,5016
16,30.2950,30.2950,30.2600,30.2700,5550
17,30.2650,30.2650,30.2000,30.2400,5700
18,30.2600,30.2700,30.2450,30.2510,1059
19,30.2450,30.2700,30.2450,30.2500,1550
20,30.2700,30.3200,30.2550,30.3150,6200
21,30.3300,30.3300,30.2900,30.3150,11973
22,30.3150,30.3500,30.3150,30.3450,9600
23,30.3600,30.3700,30.3400,30.3400,5153
24,30.3597,30.3800,30.3450,30.3500,6344
25,30.3650,30.3850,30.3650,30.3850,4490
26,30.3800,30.4400,30.3650,30.4300,5070
27,30.4200,30.4200,30.4200,30.4200,100
28,30.4300,30.4700,30.4200,30.4550,4500
29,30.4600,30.4600,30.4100,30.4100,3400
30,30.4200,30.4600,30.4100,30.4600,5909
31,30.4801,30.4900,30.4300,30.4600,5179
32,30.4600,30.4900,30.4600,30.4600,6906
33,30.4530,30.4600,30.4500,30.4500,3907
34,30.4500,30.4600,30.4500,30.4500,900
35,30.4500,30.5000,30.4500,30.4900,4100
36,30.4900,30.5100,30.4900,30.4999,5250
37,30.5000,30.5000,30.4700,30.4700,3058
38,30.4650,30.4700,30.4500,30.4550,1615
39,30.4500,30.4600,30.4400,30.4400,3965
40,30.4400,30.4400,30.4050,30.4092,1900
41,30.4000,30.4300,30.4000,30.4200,7029
42,30.4100,30.4200,30.3950,30.4100,2835
43,30.4050,30.4300,30.4000,30.4100,2300
44,30.4000,30.4100,30.4000,30.4100,4200
45,30.4000,30.4000,30.3650,30.3900,2833
46,30.3800,30.4200,30.3800,30.4200,4450
47,30.4000,30.4150,30.3950,30.4100,2350
48,30.4100,30.4100,30.3600,30.3691,4678
49,30.3650,30.3650,30.3300,30.3300,2050
50,30.3250,30.3300,30.3250,30.3300,2004
51,30.3250,30.3500,30.3250,30.3350,4800
52,30.3300,30.3350,30.3000,30.3150,4184
53,30.3100,30.3400,30.3100,30.3400,3200
54,30.3500,30.3500,30.3500,30.3500,1000
55,30.3450,30.3450,30.3100,30.3250,4770
56,30.3300,30.3600,30.3250,30.3550,2300
57,30.3600,30.3800,30.3550,30.3800,1900
58,30.3700,30.3700,30.3250,30.3400,3787
59,30.3400,30.3500,30.3300,30.3400,2100
60,30.3400,30.3700,30.3400,30.3700,1699
61,30.3800,30.3800,30.3500,30.3600,5590
62,30.3600,30.3600,30.3350,30.3350,1500
63,30.3350,30.3350,30.2850,30.2900,6400
64,30.3000,30.3000,30.2800,30.2800,2419
65,30.2786,30.2786,30.2400,30.2500,4650
66,30.2600,30.2700,30.2500,30.2500,2500
67,30.2500,30.2550,30.2500,30.2500,869
68,30.2600,30.2600,30.2500,30.2550,1400
69,30.2550,30.2550,30.2400,30.2400,2833
70,30.2300,30.2400,30.2150,30.2300,8487
71,30.2300,30.2300,30.2200,30.2200,1500
72,30.2100,30.2100,30.1950,30.1950,1170
73,30.2000,30.2200,30.1950,30.2100,7050
74,30.2000,30.2150,30.1900,30.2000,5556
75,30.1950,30.2050,30.1900,30.1900,2300
76,30.1900,30.1900,30.1700,30.1800,7103
77,30.1900,30.2200,30.1900,30.2050,2932
78,30.2050,30.2100,30.2000,30.2100,3610
79,30.2100,30.2100,30.2100,30.2100,100
80,30.2200,30.2300,30.2150,30.2200,3351
81,30.2250,30.2250,30.1900,30.1900,1600
82,30.1900,30.1900,30.1700,30.1700,5271
83,30.1700,30.1700,30.1550,30.1700,5797
84,30.1600,30.1600,30.1500,30.1600,5778
85,30.1650,30.1650,30.1300,30.1500,4900
86,30.1500,30.1500,30.1250,30.1250,1400
87,30.1300,30.1300,30.1100,30.1100,2289
88,30.1050,30.1200,30.1050,30.1050,2200
89,30.1050,30.1367,30.1000,30.1000,5085
90,30.1100,30.1400,30.1100,30.1400,4460
91,30.1300,30.1300,30.1100,30.1100,3700
92,30.1100,30.1100,30.0950,30.1100,4464
93,30.1050,30.1150,30.1050,30.1100,2200
94,30.1100,30.1100,30.0850,30.0950,4695
95,30.1100,30.1100,30.0900,30.1000,3762
96,30.1000,30.1150,30.0950,30.1150,3007
97,30.1100,30.1300,30.1000,30.1250,4010
98,30.1300,30.1500,30.1300,30.1500,3175
99,30.1400,30.1400,30.0950,30.0950,3718
100,30.1000,30.1400,30.0950,30.1250,6100
101,30.1200,30.1300,30.1100,30.1300,2631
102,30.1250,30.1400,30.1246,30.1300,3149
103,30.1300,30.1600,30.1300,30.1300,6278
104,30.1350,30.1600,30.1250,30.1500,3306
105,30.1500,30.1650,30.1450,30.1600,5400
106,30.1500,30.1500,30.1300,30.1300,2059
107,30.1300,30.1400,30.1300,30.1300,5500
108,30.1400,30.1499,30.1300,30.1300,3723
109,30.1200,30.1300,30.1100,30.1250,3100
110,30.1300,30.1400,30.1050,30.1100,2200
111,30.1000,30.1000,30.0850,30.1000,3650
112,30.0900,30.0900,30.0700,30.0700,2783
113,30.0800,30.0900,30.0700,30.0700,3160
114,30.0800,30.0900,30.0750,30.0900,3413
115,30.0900,30.1100,30.0800,30.0900,4084
116,30.0800,30.0900,30.0800,30.0900,2950
117,30.0800,30.0800,30.0700,30.0800,4040
118,30.0900,30.1300,30.0900,30.1300,4800
119,30.1300,30.1300,30.1050,30.1100,1600
120,30.1100,30.1100,30.1100,30.1100,400
121,30.1100,30.1300,30.1000,30.1250,5356
122,30.1250,30.1700,30.1250,30.1650,3600
123,30.1650,30.1900,30.1650,30.1900,2400
124,30.1900,30.1950,30.1600,30.1950,5610
125,30.2000,30.2200,30.1975,30.2200,2970
126,30.2200,30.2300,30.2200,30.2300,1300
127,30.2200,30.2200,30.2050,30.2100,3400
128,30.2100,30.2600,30.2100,30.2500,5068
129,30.2600,30.3100,30.2600,30.2900,5983
130,30.3000,30.3600,30.3000,30.3600,3615
131,30.3500,30.4000,30.3500,30.4000,1700
132,30.4300,30.4300,30.4100,30.4300,4970
133,30.4350,30.4600,30.4200,30.4200,4425
134,30.4100,30.4400,30.4000,30.4000,2383
135,30.3950,30.4000,30.3700,30.3700,2500
136,30.3800,30.4700,30.3800,30.4600,9905
137,30.4600,30.4800,30.4600,30.4800,2874
138,30.4800,30.4850,30.4550,30.4550,4668
139,30.4500,30.4500,30.4500,30.4500,1000
140,30.4500,30.4500,30.4250,30.4450,2411
141,30.4500,30.4600,30.4400,30.4400,2885
142,30.4400,30.4650,30.4400,30.4400,3900
143,30.4400,30.4400,30.4350,30.4350,1273
144,30.4400,30.4450,30.4200,30.4200,4800
145,30.4200,30.4300,30.4000,30.4000,6633
146,30.4100,30.4100,30.3750,30.3900,5574
147,30.3900,30.4300,30.3900,30.4000,4400
148,30.4100,30.4200,30.3700,30.3700,2615
149,30.3600,30.3900,30.3500,30.3700,4302
150,30.3700,30.3700,30.3700,30.3700,553
151,30.3700,30.3800,30.3400,30.3600,3798
152,30.3600,30.3600,30.3300,30.3450,3190
153,30.3500,30.3600,30.3400,30.3400,2922
154,30.3500,30.3550,30.3500,30.3500,1000
155,30.3550,30.3700,30.3500,30.3700,4200
156,30.3800,30.3900,30.3800,30.3800,1121
157,30.3850,30.3850,30.3800,30.3850,500
158,30.3850,30.4000,30.3850,30.4000,3700
159,30.4100,30.4300,30.4100,30.4100,5709
160,30.4100,30.4200,30.4050,30.4200,1200
161,30.4200,30.4200,30.3800,30.3800,3026
162,30.3900,30.4300,30.3850,30.4300,5200
163,30.4400,30.4850,30.4350,30.4700,3800
164,30.4800,30.5600,30.4800,30.5400,4120
165,30.5300,30.5600,30.5200,30.5400,6000
166,30.5300,30.5600,30.5200,30.5500,3400
167,30.5600,30.5850,30.5500,30.5500,4910
168,30.5500,30.5800,30.5400,30.5800,1861
169,30.5832,30.6100,30.5700,30.5700,4247
170,30.5500,30.5500,30.5250,30.5250,2751
171,30.5300,30.5400,30.5300,30.5300,1300
172,30.5100,30.5300,30.5000,30.5300,4033
173,30.5400,30.5699,30.5300,30.5500,3830
174,30.5300,30.5335,30.5299,30.5299,2589
175,30.5200,30.5400,30.5200,30.5300,3850
176,30.5500,30.5800,30.5500,30.5699,3100
177,30.5500,30.5899,30.5500,30.5899,2800
178,30.5800,30.6100,30.5700,30.6099,10259
179,30.6000,30.6100,30.5899,30.5999,3700
180,30.5900,30.6000,30.5599,30.5800,3813
181,30.5800,30.5900,30.5650,30.5800,2210
182,30.5700,30.5800,30.5600,30.5800,3350
183,30.5700,30.5800,30.5450,30.5450,4304
184,30.5500,30.5600,30.5500,30.5500,800
185,30.5550,30.5600,30.5500,30.5600,3948
186,30.5700,30.5900,30.5700,30.5800,2500
187,30.5800,30.5800,30.5500,30.5600,5567
188,30.5700,30.5700,30.5700,30.5700,662
189,30.5700,30.5800,30.5550,30.5800,4887
190,30.5900,30.6400,30.5900,30.6300,6402
191,30.6300,30.6550,30.6300,30.6400,2433
192,30.6400,30.6900,30.6400,30.6900,3797
193,30.6911,30.7300,30.6900,30.7200,5185
194,30.7200,30.7200,30.6900,30.6900,1800
195,30.7000,30.7100,30.6900,30.7000,3550
196,30.6900,30.7000,30.6800,30.6900,4600
197,30.7000,30.7400,30.7000,30.7400,5697
198,30.7400,30.7700,30.7400,30.7700,4200
199,30.7700,30.7700,30.7100,30.7100,4680
200,30.7100,30.7100,30.6950,30.6950,2624
201,30.7000,30.7300,30.6950,30.7300,5250
202,30.7300,30.7300,30.7100,30.7100,1894
203,30.7100,30.7400,30.7050,30.7200,3394
204,30.7200,30.7200,30.7100,30.7200,800
205,30.7200,30.7250,30.7000,30.7000,2004
206,30.6900,30.6900,30.6800,30.6900,1090
207,30.6850,30.7100,30.6850,30.7000,4500
208,30.7000,30.7000,30.6900,30.7000,1900
209,30.7100,30.7150,30.7000,30.7000,2100
210,30.7000,30.7100,30.7000,30.7100,1200
211,30.7200,30.7700,30.7200,30.7500,5630
212,30.7400,30.7400,30.7250,30.7300,3293
213,30.7300,30.7500,30.7300,30.7500,1678
214,30.7400,30.7400,30.7300,30.7300,3900
215,30.7400,30.7600,30.7300,30.7600,3000
216,30.7600,30.7700,30.7600,30.7700,800
217,30.7900,30.8200,30.7900,30.8100,5101
218,30.8000,30.8000,30.8000,30.8000,1796
219,30.8000,30.8000,30.7800,30.7900,4500
220,30.7900,30.7900,30.7800,30.7900,2800
221,30.7800,30.7800,30.7750,30.7800,2701
222,30.7800,30.7900,30.7700,30.7700,2190
223,30.7800,30.7900,30.7750,30.7800,2223
224,30.7700,30.7700,30.7600,30.7700,4395
225,30.7800,30.8250,30.7800,30.8100,6290
226,30.8100,30.8100,30.8000,30.8100,4577
227,30.8100,30.8200,30.8100,30.8200,1200
228,30.8150,30.8500,30.8150,30.8400,12164
229,30.8400,30.8400,30.8300,30.8300,1500
230,30.8200,30.8200,30.7900,30.7900,3210
231,30.8000,30.8050,30.7950,30.8050,2087
232,30.8000,30.8300,30.7900,30.8300,4577
233,30.8300,30.8300,30.8000,30.8000,1903
234,30.8050,30.8100,30.7900,30.7900,3485
235,30.7800,30.7900,30.7800,30.7900,400
236,30.7900,30.8000,30.7850,30.8000,2390
237,30.8000,30.8000,30.8000,30.8000,290
238,30.8100,30.8300,30.8000,30.8000,6683
239,30.8100,30.8200,30.8050,30.8200,1800
240,30.8100,30.8100,30.8000,30.8000,2011
241,30.8000,30.8100,30.7900,30.8000,4944
242,30.8000,30.8000,30.8000,30.8000,313
243,30.7900,30.8300,30.7850,30.8300,3913
244,30.8200,30.8200,30.7900,30.7900,3100
245,30.7800,30.7800,30.7500,30.7700,4301
246,30.7700,30.7800,30.7700,30.7700,800
247,30.7600,30.7800,30.7600,30.7800,2600
248,30.7800,30.8000,30.7800,30.8000,3911
249,30.7900,30.7900,30.7600,30.7700,4897
250,30.7709,30.7811,30.7600,30.7811,6383
251,30.7800,30.7800,30.7500,30.7600,7074
252,30.7700,30.7900,30.7700,30.7811,2613
253,30.7900,30.7900,30.7700,30.7800,1628
254,30.7700,30.7700,30.7500,30.7600,4792
255,30.7500,30.7500,30.7500,30.7500,100
256,30.7511,30.7800,30.7511,30.7711,4100
257,30.7700,30.7850,30.7700,30.7800,1600
258,30.7700,30.7700,30.7500,30.7500,4731
259,30.7569,30.7569,30.7400,30.7400,620
260,30.7400,30.7500,30.7300,30.7350,4700
261,30.7200,30.7275,30.7200,30.7200,4900
262,30.7150,30.7400,30.7050,30.7400,4089
263,30.7300,30.7350,30.7300,30.7350,2225
264,30.7300,30.7300,30.7300,30.7300,588
265,30.7400,30.7400,30.7125,30.7125,4900
266,30.7100,30.7400,30.7000,30.7400,3800
267,30.7400,30.7500,30.7300,30.7500,3319
268,30.7500,30.7800,30.7450,30.7800,3205
269,30.7900,30.7900,30.7700,30.7700,2069
270,30.7600,30.7800,30.7500,30.7600,4149
271,30.7600,30.8000,30.7600,30.8000,3800
272,30.8000,30.8011,30.7900,30.7950,1994
273,30.7950,30.8100,30.7950,30.8100,2428
274,30.8100,30.8400,30.8100,30.8400,2535
275,30.8500,30.8600,30.8400,30.8600,18190
276,30.8500,30.8600,30.8500,30.8600,2900
277,30.8700,30.8900,30.8600,30.8800,3168
278,30.8800,30.8800,30.8500,30.8500,1704
279,30.8400,30.8700,30.8350,30.8700,3433
280,30.8700,30.8800,30.8650,30.8800,1831
281,30.8800,30.8900,30.8600,30.8730,4800
282,30.8700,30.8750,30.8550,30.8600,2183
283,30.8600,30.9200,30.8400,30.9200,9960
284,30.9100,30.9100,30.9000,30.9000,1200
285,30.8950,30.9450,30.8950,30.9350,4000
286,30.9300,30.9300,30.9000,30.9000,2612
287,30.9050,30.9500,30.9050,30.9400,5380
288,30.9400,30.9900,30.9400,30.9800,2615
289,30.9900,31.0178,30.9800,31.0000,13069
290,31.0100,31.0100,30.9700,30.9700,3665
291,30.9700,31.0350,30.9700,31.0000,7491
292,31.0000,31.0000,30.9900,30.9900,1300
293,30.9900,30.9950,30.9600,30.9600,4159
294,30.9500,31.0000,30.9500,30.9650,9717
295,30.9650,30.9650,30.9500,30.9600,5922
296,30.9550,30.9550,30.9300,30.9300,5800
297,30.9300,30.9300,30.9050,30.9200,7700
298,30.9150,30.9500,30.9150,30.9500,2621
299,30.9600,30.9800,30.9500,30.9800,4242
300,30.9900,31.0100,30.9500,30.9500,3520
301,30.9400,30.9550,30.9400,30.9500,4800
302,30.9500,30.9500,30.9250,30.9400,3663
303,30.9500,30.9800,30.9400,30.9700,4504
304,30.9800,31.0000,30.9600,30.9900,7260
305,30.9900,31.0200,30.9900,31.0100,5213
306,31.0000,31.0100,30.9900,30.9900,4260
307,30.9900,30.9950,30.9549,30.9700,5792
308,30.9700,30.9700,30.9600,30.9600,4500
309,30.9550,30.9650,30.9450,30.9500,5981
310,30.9450,30.9650,30.9450,30.9600,6000
311,30.9600,30.9900,30.9600,30.9750,7769
312,30.9743,30.9800,30.9700,30.9750,1222
313,30.9800,31.0000,30.9750,31.0000,2100
314,31.0100,31.0100,30.9700,30.9750,4091
315,30.9800,30.9800,30.9700,30.9700,2925
316,30.9700,30.9800,30.9700,30.9800,1100
317,30.9700,30.9850,30.9700,30.9800,4906
318,30.9700,30.9750,30.9600,30.9600,1800
319,30.9550,30.9700,30.9550,30.9650,950
320,30.9650,30.9950,30.9600,30.9850,7895
321,30.9900,30.9950,30.9800,30.9900,4308
322,30.9900,31.0000,30.9800,30.9950,5247
323,31.0000,31.0100,30.9900,31.0100,3102
324,31.0050,31.0200,31.0050,31.0200,2900
325,31.0200,31.0350,31.0200,31.0300,6270
326,31.0400,31.0664,31.0400,31.0500,4268
327,31.0464,31.0464,31.0200,31.0200,5278
328,31.0100,31.0150,31.0000,31.0100,4900
329,31.0200,31.0800,31.0150,31.0650,19795
330,31.0700,31.0950,31.0650,31.0950,4600
331,31.0900,31.0900,31.0800,31.0850,1600
332,31.0800,31.1200,31.0800,31.1150,3750
333,31.1225,31.1250,31.0800,31.0800,4100
334,31.0800,31.1050,31.0750,31.0900,4400
335,31.0700,31.0700,31.0600,31.0700,1779
336,31.0700,31.0700,31.0500,31.0500,1900
337,31.0400,31.0400,31.0100,31.0100,1850
338,31.0000,31.0200,30.9950,31.0150,3368
339,31.0200,31.0200,31.0000,31.0000,5731
340,31.0000,31.0000,30.9600,30.9600,5916
341,30.9500,30.9500,30.9200,30.9300,10096
342,30.9200,30.9200,30.8950,30.9100,6400
343,30.9100,30.9300,30.9100,30.9100,5000
344,30.9050,30.9200,30.9000,30.9100,2383
345,30.9050,30.9300,30.9050,30.9300,3002
346,30.9300,30.9500,30.9300,30.9450,3050
347,30.9550,30.9650,30.9550,30.9600,1200
348,30.9600,30.9600,30.9400,30.9600,3222
349,30.9600,30.9600,30.9500,30.9550,2920
350,30.9500,30.9550,30.9400,30.9500,3605
351,30.9500,30.9800,30.9500,30.9750,7160
352,30.9800,31.0100,30.9700,31.0100,9675
353,31.0000,31.0100,31.0000,31.0100,2302
354,31.0100,31.0200,30.9975,31.0200,3980
355,31.0200,31.0300,31.0000,31.0000,3773
356,31.0100,31.0550,31.0050,31.0550,7003
357,31.0400,31.0500,31.0200,31.0500,6473
358,31.0600,31.0600,31.0200,31.0400,5300
359,31.0400,31.0450,31.0250,31.0250,2900
360,31.0200,31.0421,31.0200,31.0400,6782
361,31.0400,31.0400,30.9800,30.9850,9532
362,30.9900,31.0300,30.9750,31.0250,8463
363,31.0300,31.0500,31.0100,31.0500,28095
364,31.0500,31.0500,31.0250,31.0350,10518
365,31.0365,31.0700,31.0250,31.0600,15614
366,31.0600,31.0800,31.0600,31.0650,4300
367,31.0663,31.0950,31.0600,31.0900,12745
368,31.0900,31.1000,31.0800,31.0900,17479
369,31.0850,31.1000,31.0800,31.0850,24340
370,31.0850,31.1000,31.0700,31.0700,15050
371,31.0700,31.0700,31.0350,31.0350,6856
372,31.0300,31.0400,31.0200,31.0200,3100
373,31.0200,31.0200,31.0050,31.0100,8043
374,31.0143,31.0310,31.0100,31.0200,16324
375,31.0250,31.0300,31.0100,31.0200,15990
376,31.0100,31.0300,31.0100,31.0200,10946
377,31.0300,31.0550,31.0250,31.0550,6955
378,31.0500,31.0500,31.0400,31.0400,5447
379,31.0400,31.0500,31.0400,31.0450,8423
380,31.0450,31.0700,31.0450,31.0650,6600
381,31.0700,31.1000,31.0500,31.0500,27270
382,31.0500,31.0600,31.0400,31.0500,12232
383,31.0450,31.0500,31.0400,31.0450,2400
384,31.0450,31.0600,31.0400,31.0400,10939
385,31.0450,31.0500,31.0400,31.0450,6873
386,31.0450,31.0450,31.0000,31.0200,38218
387,31.0150,31.0300,30.9850,31.0000,48389
388,30.9901,31.0200,30.9800,31.0150,49863
389,31.0200,31.0400,31.0200,31.0200,31678
390,31.0200,31.0600,31.0000,31.0410,76959