OXY,Occidental Petroleum,Energy,3,Oil & Gas Exploration & Production,46639475430,5071801
a1499358600,60.0000,60.0300,59.9500,59.9900,45598
2,59.9600,60.0800,59.9600,60.0800,9700
3,60.0600,60.0900,60.0400,60.0750,4554
4,60.0700,60.1100,60.0450,60.1100,5643
5,60.0500,60.1800,60.0400,60.1400,19346
6,60.1001,60.1400,60.0650,60.1100,5598
7,60.1100,60.1200,60.0600,60.0700,4500
8,60.0600,60.0700,60.0300,60.0500,3017
9,60.0323,60.1000,60.0300,60.0800,5385
10,60.0600,60.0700,60.0400,60.0500,5246
11,60.0400,60.0400,59.9745,60.0000,6569
12,60.0000,60.0100,59.9800,60.0100,3745
13,60.0100,60.0100,59.9500,59.9700,13698
14,59.9700,59.9702,59.9500,59.9600,5300
15,59.9600,59.9700,59.9100,59.9100,3780
16,59.9100,59.9200,59.8900,59.9000,4764
17,59.9071,59.9400,59.9005,59.9400,3189
18,59.9400,59.9900,59.9400,59.9700,6632
19,59.9700,60.0000,59.9700,59.9767,4587
20,59.9800,60.0400,59.9800,60.0400,7326
21,60.0300,60.0500,60.0200,60.0400,7033
22,60.0300,60.1100,60.0300,60.1100,12580
23,60.1200,60.1400,60.1100,60.1100,2886
24,60.1300,60.1500,60.1300,60.1450,3341
25,60.1310,60.1700,60.1300,60.1700,12845
26,60.1550,60.1900,60.1300,60.1900,7567
27,60.1900,60.2000,60.1800,60.1950,773
28,60.2000,60.2400,60.1950,60.2400,3291
29,60.2300,60.2300,60.1400,60.1400,8409
30,60.1500,60.2800,60.1500,60.2700,13805
31,60.2700,60.2900,60.2200,60.2310,11199
32,60.2400,60.2500,60.2302,60.2400,3595
33,60.2300,60.2800,60.2300,60.2600,4618
34,60.2500,60.2800,60.2350,60.2800,7863
35,60.2800,60.3500,60.2800,60.3150,7339
36,60.3200,60.3600,60.3100,60.3300,10490
37,60.3250,60.3300,60.3000,60.3000,9256
38,60.3000,60.3300,60.3000,60.3100,6300
39,60.3200,60.3400,60.3100,60.3300,7582
40,60.3300,60.3300,60.2800,60.2900,16057
41,60.2900,60.3200,60.2730,60.2900,8356
42,60.3000,60.3100,60.2900,60.3000,5964
43,60.3000,60.3100,60.2850,60.2900,8601
44,60.2850,60.3100,60.2800,60.3100,4277
45,60.3100,60.3100,60.2900,60.2950,4900
46,60.2900,60.3700,60.2900,60.3500,11396
47,60.3450,60.3700,60.3400,60.3600,7275
48,60.3600,60.3600,60.3202,60.3300,9900
49,60.3300,60.3300,60.3000,60.3100,13049
50,60.3100,60.3170,60.3000,60.3000,6678
51,60.3000,60.3020,60.2900,60.2900,4229
52,60.2800,60.2952,60.2500,60.2550,13188
53,60.2600,60.2800,60.2600,60.2700,5625
54,60.2700,60.2900,60.2700,60.2800,5826
55,60.2890,60.2900,60.2600,60.2700,14292
56,60.2700,60.2800,60.2662,60.2799,4822
57,60.2700,60.3000,60.2700,60.2800,5872
58,60.2900,60.2900,60.2650,60.2800,5525
59,60.2800,60.2950,60.2600,60.2850,9081
60,60.2900,60.3300,60.2900,60.3300,8685
61,60.3250,60.3450,60.3157,60.3200,5185
62,60.3100,60.3100,60.2900,60.2900,6129
63,60.2900,60.2900,60.2200,60.2300,8073
64,60.2300,60.2400,60.1950,60.1950,8366
65,60.2000,60.2000,60.1700,60.2000,9282
66,60.2000,60.2100,60.1900,60.1900,1700
67,60.1900,60.2000,60.1700,60.2000,4596
68,60.2050,60.2100,60.1900,60.1971,4678
69,60.1900,60.2000,60.1600,60.1600,10106
70,60.1600,60.2000,60.1600,60.1900,7670
71,60.1950,60.2000,60.1700,60.2000,4700
72,60.2050,60.2100,60.1700,60.1700,34237
73,60.1800,60.2500,60.1800,60.2500,27600
74,60.2400,60.2700,60.2400,60.2600,4434
75,60.2600,60.2700,60.2500,60.2600,2495
76,60.2600,60.2750,60.2600,60.2600,3285
77,60.2666,60.3000,60.2500,60.2500,8455
78,60.2500,60.2600,60.2400,60.2500,3624
79,60.2550,60.2600,60.2412,60.2500,4526
80,60.2476,60.2527,60.2100,60.2161,9373
81,60.2000,60.2000,60.1400,60.1638,11370
82,60.1600,60.1700,60.1400,60.1500,4704
83,60.1500,60.1600,60.1350,60.1500,13560
84,60.1401,60.1700,60.1300,60.1700,14936
85,60.1650,60.1800,60.1400,60.1700,6096
86,60.1700,60.1800,60.1600,60.1650,5096
87,60.1600,60.1600,60.1100,60.1100,4401
88,60.0900,60.1300,60.0900,60.1250,14337
89,60.1200,60.1300,60.1000,60.1062,7428
90,60.1000,60.1300,60.0950,60.1300,4270
91,60.1233,60.1400,60.1100,60.1100,4007
92,60.1000,60.1200,60.0850,60.0931,8508
93,60.0900,60.1300,60.0900,60.1100,5331
94,60.1100,60.1300,60.0900,60.1100,5715
95,60.1100,60.1200,60.0500,60.0500,17118
96,60.0550,60.0700,60.0400,60.0600,12398
97,60.0500,60.0700,60.0400,60.0700,3918
98,60.0700,60.1000,60.0650,60.1000,3397
99,60.0900,60.1000,60.0700,60.0700,8199
100,60.0800,60.0900,60.0600,60.0800,19165
101,60.0700,60.0900,60.0400,60.0781,15875
102,60.0800,60.0900,60.0750,60.0900,9669
103,60.0900,60.1200,60.0800,60.0800,13732
104,60.0700,60.0700,60.0500,60.0700,9082
105,60.0800,60.1400,60.0800,60.1400,5460
106,60.1300,60.1300,60.0950,60.1100,5437
107,60.1100,60.1300,60.1050,60.1200,6432
108,60.1200,60.1300,60.1178,60.1300,5591
109,60.1200,60.1200,60.1100,60.1169,2454
110,60.1150,60.1150,60.0700,60.0800,15009
111,60.0900,60.0900,60.0750,60.0800,5932
112,60.0757,60.0757,60.0300,60.0400,17918
113,60.0500,60.0700,60.0450,60.0562,10224
114,60.0600,60.0650,60.0500,60.0600,2900
115,60.0550,60.0800,60.0546,60.0550,6392
116,60.0600,60.0900,60.0600,60.0900,2360
117,60.0900,60.0950,60.0800,60.0800,4790
118,60.0800,60.1400,60.0800,60.1350,15374
119,60.1350,60.1354,60.0600,60.0800,14325
120,60.0800,60.0800,60.0300,60.0500,8833
121,60.0400,60.0600,60.0400,60.0600,5600
122,60.0600,60.0800,60.0500,60.0800,8038
123,60.0800,60.1100,60.0800,60.1100,15723
124,60.1000,60.1400,60.0900,60.1346,7838
125,60.1400,60.1400,60.1300,60.1300,2046
126,60.1350,60.1700,60.1301,60.1700,3299
127,60.1500,60.1700,60.1400,60.1500,8250
128,60.1500,60.1700,60.1250,60.1300,10041
129,60.1300,60.1700,60.1300,60.1550,11876
130,60.1600,60.1800,60.1600,60.1700,10427
131,60.1600,60.2300,60.1600,60.2300,6996
132,60.2400,60.2400,60.2000,60.2250,18524
133,60.2245,60.2600,60.2200,60.2200,3080
134,60.2000,60.2100,60.1300,60.1350,12550
135,60.1400,60.1500,60.1200,60.1300,6866
136,60.1300,60.2035,60.1250,60.1900,11337
137,60.1800,60.2100,60.1742,60.2100,4905
138,60.2300,60.2300,60.2000,60.2050,1936
139,60.2100,60.2200,60.1900,60.2200,3870
140,60.2200,60.2300,60.2050,60.2300,7052
141,60.2300,60.2400,60.2100,60.2100,4331
142,60.2100,60.2200,60.2100,60.2100,6363
143,60.2100,60.2100,60.1546,60.1546,3186
144,60.1600,60.1700,60.1200,60.1300,4634
145,60.1250,60.1300,60.1150,60.1200,1870
146,60.1200,60.1200,60.1000,60.1000,2600
147,60.1100,60.1700,60.1100,60.1400,12496
148,60.1400,60.1500,60.1200,60.1200,9425
149,60.1200,60.1300,60.1000,60.1300,11929
150,60.1390,60.1700,60.1250,60.1250,14444
151,60.1200,60.1200,60.1000,60.1200,3658
152,60.1100,60.1100,60.0750,60.0850,6600
153,60.0900,60.0900,60.0700,60.0800,5706
154,60.0830,60.0956,60.0800,60.0900,4690
155,60.0900,60.1000,60.0850,60.0942,2007
156,60.1000,60.1100,60.1000,60.1100,2146
157,60.1000,60.1200,60.1000,60.1200,14050
158,60.1200,60.1400,60.1200,60.1384,2717
159,60.1400,60.1600,60.1400,60.1600,1953
160,60.1650,60.1900,60.1600,60.1869,5679
161,60.1810,60.1900,60.1700,60.1742,4901
162,60.1800,60.2000,60.1700,60.2000,9780
163,60.2100,60.2272,60.2100,60.2150,4401
164,60.2100,60.2600,60.2000,60.2600,5157
165,60.2700,60.2800,60.2700,60.2700,4726
166,60.2600,60.2600,60.2300,60.2566,3176
167,60.2500,60.2800,60.2500,60.2600,3383
168,60.2600,60.2850,60.2550,60.2800,2300
169,60.2800,60.2999,60.2700,60.2761,8928
170,60.2720,60.2899,60.2650,60.2650,6135
171,60.2700,60.2700,60.2500,60.2600,4100
172,60.2550,60.2650,60.2500,60.2600,8740
173,60.2600,60.2600,60.2500,60.2500,5877
174,60.2500,60.2500,60.2454,60.2500,1300
175,60.2500,60.2700,60.2400,60.2700,4570
176,60.2700,60.3300,60.2650,60.3150,11546
177,60.3101,60.3200,60.2900,60.3200,5510
178,60.3200,60.3600,60.3150,60.3500,4850
179,60.3500,60.3500,60.3300,60.3300,6011
180,60.3200,60.3200,60.2900,60.3100,6745
181,60.3100,60.3300,60.3050,60.3090,3320
182,60.3100,60.3150,60.2800,60.3100,6160
183,60.3100,60.3100,60.2846,60.2903,4803
184,60.2950,60.3100,60.2900,60.3100,2100
185,60.3100,60.3200,60.3050,60.3100,5400
186,60.3100,60.3300,60.3100,60.3300,10279
187,60.3300,60.3300,60.3200,60.3300,7465
188,60.3400,60.3700,60.3400,60.3700,9843
189,60.3700,60.4000,60.3650,60.3950,4100
190,60.4000,60.4500,60.4000,60.4500,4548
191,60.4400,60.4700,60.4400,60.4500,11204
192,60.4500,60.5100,60.4500,60.5100,23547
193,60.5300,60.5600,60.5300,60.5600,13355
194,60.5700,60.5890,60.5500,60.5500,5506
195,60.5600,60.5800,60.5600,60.5631,16134
196,60.5500,60.5500,60.5307,60.5400,11748
197,60.5450,60.5700,60.5450,60.5700,29781
198,60.5800,60.6000,60.5800,60.5950,3540
199,60.6000,60.6000,60.5400,60.5600,8918
200,60.5500,60.5581,60.5400,60.5400,12337
201,60.5400,60.5600,60.5400,60.5600,11656
202,60.5600,60.5600,60.5300,60.5400,37330
203,60.5300,60.5600,60.5300,60.5500,4601
204,60.5400,60.5600,60.5400,60.5500,2301
205,60.5600,60.5900,60.5569,60.5790,14582
206,60.5700,60.5700,60.5400,60.5400,3100
207,60.5400,60.5450,60.5300,60.5350,5944
208,60.5300,60.5550,60.5300,60.5500,9900
209,60.5400,60.5750,60.5400,60.5750,4084
210,60.5800,60.5900,60.5700,60.5900,6764
211,60.6000,60.6300,60.5900,60.6100,31045
212,60.6041,60.6400,60.6000,60.6100,10907
213,60.6100,60.6800,60.6099,60.6800,21226
214,60.6800,60.6900,60.6443,60.6600,3891
215,60.6500,60.6800,60.6500,60.6600,22505
216,60.6600,60.6800,60.6500,60.6800,3919
217,60.6900,60.7000,60.6850,60.7000,2200
218,60.7000,60.7100,60.6900,60.7050,2102
219,60.7100,60.7250,60.7000,60.7000,5760
220,60.7100,60.7200,60.7000,60.7200,4000
221,60.7100,60.7300,60.7100,60.7300,3098
222,60.7200,60.7400,60.7000,60.7000,4050
223,60.7100,60.7200,60.7100,60.7100,2809
224,60.7050,60.7100,60.6750,60.7000,3941
225,60.7100,60.7600,60.7100,60.7455,4903
226,60.7420,60.7800,60.7400,60.7800,6877
227,60.7800,60.8000,60.7720,60.7900,3534
228,60.7900,60.7969,60.7800,60.7800,3080
229,60.7850,60.8000,60.7800,60.7900,12249
230,60.7850,60.7850,60.7700,60.7750,3100
231,60.7700,60.7800,60.7700,60.7700,2724
232,60.7800,60.7850,60.7600,60.7850,13557
233,60.7850,60.7950,60.7800,60.7800,10890
234,60.7850,60.8000,60.7750,60.7800,11228
235,60.7850,60.7850,60.7600,60.7600,4875
236,60.7650,60.7700,60.7600,60.7600,4717
237,60.7650,60.7700,60.7500,60.7650,4809
238,60.7650,60.7900,60.7600,60.7700,6701
239,60.7800,60.8100,60.7700,60.8000,7819
240,60.8085,60.8085,60.7738,60.7738,14090
241,60.7750,60.7800,60.7700,60.7800,2770
242,60.7750,60.7850,60.7700,60.7800,4308
243,60.7700,60.7750,60.7400,60.7450,16726
244,60.7500,60.7600,60.7233,60.7233,12816
245,60.7200,60.7250,60.6500,60.6750,29896
246,60.6799,60.6800,60.6650,60.6700,11512
247,60.6708,60.6800,60.6701,60.6750,5579
248,60.6750,60.7000,60.6750,60.7000,7733
249,60.7000,60.7050,60.6800,60.6900,15480
250,60.6900,60.6900,60.6600,60.6750,11650
251,60.6700,60.6800,60.6700,60.6750,5587
252,60.6800,60.6900,60.6700,60.6900,9251
253,60.6900,60.7000,60.6800,60.6900,9814
254,60.6800,60.6900,60.6700,60.6700,10018
255,60.6700,60.6750,60.6600,60.6650,7765
256,60.6600,60.6700,60.6600,60.6650,8912
257,60.6700,60.7200,60.6650,60.7150,27780
258,60.7150,60.7600,60.7150,60.7600,28307
259,60.7554,60.7900,60.7450,60.7800,31223
260,60.7900,60.8100,60.7600,60.7600,35917
261,60.7600,60.8000,60.7000,60.7000,48674
262,60.7100,60.7100,60.6950,60.7100,14360
263,60.7100,60.7200,60.7050,60.7050,6406
264,60.7000,60.7100,60.6850,60.6850,4995
265,60.7000,60.7090,60.6850,60.6950,12317
266,60.6850,60.6890,60.6600,60.6890,18429
267,60.6900,60.7200,60.6900,60.7200,7030
268,60.7200,60.7700,60.7110,60.7700,6140
269,60.7800,60.8200,60.7700,60.8200,9305
270,60.8200,60.8600,60.8000,60.8600,17119
271,60.8600,60.9300,60.8600,60.9300,29207
272,60.9400,60.9650,60.9300,60.9600,9530
273,60.9600,60.9700,60.9500,60.9600,8162
274,60.9600,60.9900,60.9510,60.9900,36806
275,60.9900,61.0500,60.9900,61.0500,10517
276,61.0400,61.0400,61.0100,61.0300,18376
277,61.0300,61.1100,61.0250,61.1100,16696
278,61.1000,61.1100,61.0900,61.0950,8534
279,61.1000,61.1800,61.1000,61.1800,51744
280,61.1900,61.2000,61.1800,61.1900,27640
281,61.1900,61.2200,61.1900,61.2150,56262
282,61.2100,61.2600,61.2100,61.2400,28281
283,61.2300,61.2800,61.2100,61.2600,72667
284,61.2600,61.2900,61.2500,61.2900,17819
285,61.2900,61.3600,61.2800,61.3600,25721
286,61.3600,61.3700,61.3100,61.3400,37673
287,61.3300,61.4100,61.3300,61.4100,25921
288,61.4050,61.4500,61.3900,61.4500,48400
289,61.4600,61.5300,61.4600,61.4900,57227
290,61.4900,61.5300,61.4900,61.5150,8335
291,61.5150,61.6300,61.5150,61.6200,40445
292,61.6100,61.6200,61.5500,61.6200,48232
293,61.6200,61.6800,61.6100,61.6500,84563
294,61.6450,61.7800,61.6450,61.7610,99130
295,61.7700,61.7900,61.6601,61.7100,136858
296,61.7118,61.7200,61.5900,61.6000,70769
297,61.5946,61.6100,61.5401,61.5700,24873
298,61.5510,61.6600,61.5510,61.5700,35134
299,61.5800,61.6100,61.5750,61.6000,12043
300,61.6100,61.6500,61.5800,61.5850,18295
301,61.5800,61.5800,61.5400,61.5700,14424
302,61.5700,61.6250,61.5500,61.6250,12573
303,61.6200,61.7250,61.6200,61.7250,60575
304,61.7300,61.8000,61.7100,61.7700,30505
305,61.7600,61.8200,61.7300,61.7800,19600
306,61.7800,61.7800,61.7350,61.7350,20506
307,61.7340,61.7850,61.7200,61.7600,37117
308,61.7600,61.7600,61.7300,61.7400,13133
309,61.7300,61.7500,61.7100,61.7500,37986
310,61.7500,61.7600,61.6850,61.7200,76088
311,61.7250,61.7400,61.6800,61.6900,47927
312,61.6900,61.7100,61.6700,61.6800,20387
313,61.6700,61.7500,61.6700,61.7500,39391
314,61.7500,61.7600,61.7300,61.7400,7190
315,61.7300,61.7500,61.7200,61.7350,9537
316,61.7300,61.7500,61.7200,61.7443,16280
317,61.7400,61.7600,61.7200,61.7250,25668
318,61.7200,61.7400,61.7200,61.7201,19301
319,61.7200,61.7500,61.7200,61.7363,17320
320,61.7500,61.7700,61.7450,61.7700,8393
321,61.7600,61.7600,61.7000,61.7050,22129
322,61.7050,61.7350,61.7000,61.7350,15369
323,61.7200,61.7350,61.7200,61.7315,14519
324,61.7400,61.7400,61.7300,61.7300,5336
325,61.7350,61.8000,61.7350,61.8000,24342
326,61.8000,61.8625,61.7800,61.7900,40804
327,61.7850,61.7850,61.7300,61.7700,17699
328,61.7700,61.7700,61.7300,61.7500,28867
329,61.7400,61.7600,61.7300,61.7350,17697
330,61.7350,61.7350,61.7200,61.7300,18758
331,61.7350,61.7350,61.7200,61.7250,15498
332,61.7250,61.7500,61.7200,61.7500,15946
333,61.7450,61.7700,61.7100,61.7250,31060
334,61.7299,61.7700,61.7100,61.7100,27169
335,61.7150,61.7300,61.7100,61.7224,15861
336,61.7250,61.7501,61.6900,61.6900,35941
337,61.6800,61.6800,61.6000,61.6000,20569
338,61.6100,61.6100,61.5700,61.5850,12366
339,61.5850,61.5900,61.5500,61.5550,7853
340,61.5500,61.5600,61.4850,61.4850,13099
341,61.4850,61.5500,61.4600,61.5500,50905
342,61.5350,61.5800,61.5350,61.5675,79773
343,61.5616,61.5700,61.5000,61.5500,50483
344,61.5400,61.5400,61.4738,61.4900,41111
345,61.5000,61.5200,61.4800,61.5000,32808
346,61.5000,61.5200,61.4900,61.5000,42449
347,61.5050,61.5100,61.4900,61.4900,16299
348,61.4950,61.5000,61.4800,61.4850,18784
349,61.4850,61.5000,61.4800,61.5000,27082
350,61.5100,61.5500,61.5100,61.5450,22298
351,61.5490,61.5992,61.5450,61.5650,32321
352,61.5700,61.6000,61.5600,61.6000,19740
353,61.5925,61.6200,61.5750,61.5900,26243
354,61.5800,61.5800,61.5400,61.5600,16055
355,61.5600,61.5600,61.4850,61.5000,19322
356,61.5050,61.5600,61.5050,61.5550,25090
357,61.5500,61.5600,61.5400,61.5500,24767
358,61.5500,61.5600,61.5300,61.5500,14381
359,61.5600,61.5800,61.5400,61.5600,31066
360,61.5600,61.5900,61.5400,61.5550,35928
361,61.5550,61.5600,61.5000,61.5300,21443
362,61.5300,61.5450,61.5250,61.5362,17557
363,61.5300,61.5400,61.4850,61.5100,23761
364,61.5000,61.5100,61.4454,61.4600,25823
365,61.4600,61.4950,61.4350,61.4799,14988
366,61.4700,61.5000,61.4650,61.4800,17402
367,61.4700,61.4900,61.4600,61.4600,12975
368,61.4600,61.4900,61.4500,61.4850,38085
369,61.4800,61.5600,61.4750,61.5250,70363
370,61.5250,61.5650,61.5200,61.5600,29663
371,61.5500,61.5600,61.5300,61.5450,44519
372,61.5400,61.5600,61.5300,61.5501,26541
373,61.5550,61.5600,61.5200,61.5450,35053
374,61.5400,61.5450,61.5300,61.5400,14914
375,61.5350,61.5500,61.5300,61.5350,36198
376,61.5350,61.5500,61.5200,61.5450,41970
377,61.5450,61.5600,61.5450,61.5600,22043
378,61.5550,61.5550,61.5300,61.5350,23915
379,61.5350,61.5500,61.5200,61.5400,35555
380,61.5400,61.5600,61.5350,61.5450,31192
381,61.5450,61.5800,61.5400,61.5500,42308
382,61.5600,61.5600,61.5400,61.5450,32208
383,61.5450,61.5500,61.5400,61.5400,18234
384,61.5500,61.5700,61.5450,61.5700,49093
385,61.5700,61.5800,61.5600,61.5700,35476
386,61.5800,61.6000,61.5400,61.5900,61777
387,61.5950,61.6300,61.5800,61.6200,53311
388,61.6200,61.6500,61.6100,61.6473,35542
389,61.6400,61.6400,61.6300,61.6300,45122
390,61.6300,61.6600,61.6000,61.6500,213609