PRGO,Perrigo,Health Care,5,Pharmaceuticals,10293057800,2153502
a149935860090,71.8300,71.8500,71.7800,71.7900,41895
0,71.0800,71.0800,70.9800,70.9800,21021
1,70.9800,71.0600,70.1250,70.3250,51426
2,70.2150,70.7400,70.1400,70.6600,12174
3,70.8100,71.0000,70.6700,70.6700,5965
4,70.8900,70.9100,70.7200,70.8400,4950
5,70.7900,70.7900,70.6600,70.7000,6420
6,70.7500,70.7700,70.4150,70.4800,4100
7,70.4800,70.9300,70.4400,70.8400,7908
8,70.8300,70.8300,70.5800,70.5800,2703
9,70.6900,70.8500,70.6200,70.7800,6100
10,70.7200,70.7200,70.4500,70.7000,17444
11,70.7200,70.8600,70.6700,70.8600,7554
12,70.8100,70.9550,70.7900,70.9100,21500
13,70.9000,70.9100,70.8500,70.9000,2272
14,70.9000,71.1900,70.7600,71.1400,22840
15,71.2000,71.4100,71.1650,71.2900,9863
16,71.2600,71.2600,70.9700,70.9700,12557
17,71.1000,71.1400,70.9200,70.9300,4400
18,71.0000,71.0600,70.9600,70.9700,5500
19,71.0000,71.0300,70.8200,70.8900,16276
20,70.9200,71.0100,70.9200,70.9757,14490
21,70.9500,71.0000,70.9100,71.0000,3970
22,71.0000,71.0373,70.7200,70.7200,30971
23,70.7700,71.0300,70.7600,71.0050,66976
24,71.0050,71.0100,70.9000,70.9200,2745
25,70.9000,70.9600,70.8800,70.8800,2438
26,70.9000,71.0000,70.8700,70.9200,4104
27,70.9900,71.0000,70.8600,70.8800,4205
28,70.8950,70.9300,70.8600,70.8850,4400
29,70.8850,71.0000,70.8600,70.8800,10298
30,70.9200,70.9200,70.3900,70.4500,9715
31,70.4500,70.8000,70.4500,70.7500,11592
32,70.7200,70.7200,70.5600,70.6100,4900
33,70.6600,70.7700,70.6350,70.7500,3683
34,70.7100,70.7600,70.7000,70.7600,800
35,70.7300,70.7800,70.6900,70.7800,6999
36,70.8400,70.9300,70.8400,70.8900,2475
37,70.9300,71.0000,70.8600,70.8600,4708
38,70.8600,70.8700,70.7600,70.7700,3771
39,70.8300,70.8700,70.7900,70.8200,2000
40,70.8800,70.9200,70.8100,70.8300,4500
41,70.8700,70.8900,70.8000,70.8450,2432
42,70.8450,70.8900,70.8000,70.8900,3900
43,70.8800,70.8800,70.8300,70.8600,1934
44,70.8600,70.8600,70.7900,70.8150,6537
45,70.7800,70.8500,70.7400,70.8150,3150
46,70.7900,70.8500,70.7900,70.8350,745
47,70.8400,70.8500,70.6500,70.7000,43466
48,70.6750,70.7900,70.6600,70.7000,19100
49,70.7100,70.7800,70.6600,70.7350,10261
50,70.7400,70.7800,70.7100,70.7800,1100
51,70.7800,70.8700,70.6900,70.7450,9914
52,70.7000,70.7500,70.6900,70.7050,4348
53,70.7275,70.8400,70.7275,70.7700,4181
54,70.7800,70.8000,70.6700,70.7000,2900
55,70.6950,70.6950,70.6950,70.6950,400
56,70.6950,70.7200,70.6500,70.6600,4581
57,70.6750,70.7500,70.4450,70.4700,8563
58,70.5100,70.5200,70.4500,70.4900,3756
59,70.4900,70.5500,70.4900,70.5500,1000
60,70.5800,70.5900,70.5100,70.5500,5249
61,70.5450,70.6100,70.4600,70.5500,7256
62,70.5750,70.5750,70.4400,70.4500,5355
63,70.4500,70.5200,70.3200,70.3200,5968
64,70.3500,70.3600,70.3000,70.3450,1900
65,70.3450,70.3800,70.3100,70.3600,3300
66,70.3000,70.3100,70.2400,70.2700,5500
67,70.3000,70.3700,70.2100,70.2100,10149
68,70.2458,70.2458,70.1700,70.1900,1200
69,70.1700,70.2900,70.1600,70.2700,12225
70,70.2500,70.3000,70.2300,70.2350,10514
71,70.2700,70.3500,70.2300,70.3200,4700
72,70.3000,70.3150,70.2900,70.3000,2700
73,70.3200,70.4600,70.3200,70.4350,9000
74,70.4375,70.4375,70.4000,70.4175,2500
75,70.4150,70.4400,70.3800,70.4150,3500
76,70.4150,70.4600,70.4100,70.4150,3239
77,70.4000,70.4050,70.2800,70.2800,5022
78,70.3100,70.3500,70.2900,70.3150,5684
79,70.3124,70.3150,70.2500,70.2800,8374
80,70.2900,70.3400,70.2900,70.3200,6100
81,70.3200,70.3500,70.3200,70.3200,5600
82,70.3400,70.4000,70.3400,70.3800,900
83,70.3600,70.3900,70.3500,70.3900,4300
84,70.3800,70.4000,70.3400,70.4000,5013
85,70.3800,70.4400,70.3500,70.4250,4114
86,70.4200,70.4200,70.3500,70.4000,5000
87,70.4000,70.4600,70.4000,70.4300,3700
88,70.4400,70.6400,70.4400,70.6400,5700
89,70.6650,70.7000,70.6300,70.6400,9725
90,70.6300,70.7000,70.6200,70.6300,5113
91,70.6250,70.6600,70.6100,70.6600,400
92,70.5900,70.6300,70.5900,70.6100,1789
93,70.6050,70.6500,70.5900,70.6450,1000
94,70.6200,70.6200,70.5400,70.5400,2642
95,70.5500,70.5500,70.4600,70.5300,2700
96,70.5500,70.5500,70.5250,70.5300,700
97,70.5100,70.5100,70.3500,70.3828,3632
98,70.3700,70.3700,70.2900,70.3300,4700
99,70.3300,70.3500,70.3000,70.3200,7388
100,70.3200,70.3300,70.2800,70.3000,5600
101,70.3100,70.3300,70.3050,70.3100,1700
102,70.3300,70.4600,70.3300,70.3400,7300
103,70.3400,70.3600,70.3400,70.3500,700
104,70.3400,70.3500,70.3300,70.3300,1400
105,70.3400,70.4000,70.3400,70.3900,2663
106,70.3900,70.4000,70.3800,70.3800,2043
107,70.4000,70.4050,70.4000,70.4050,300
108,70.4050,70.4300,70.3900,70.4000,2829
109,70.4000,70.4100,70.3700,70.3900,4254
110,70.4100,70.4100,70.3400,70.3700,4350
111,70.3700,70.3700,70.3500,70.3500,700
112,70.3558,70.3558,70.2400,70.3100,13000
113,70.2600,70.3000,70.2500,70.2900,1500
114,70.2900,70.3700,70.2900,70.3000,17384
115,70.3100,70.3100,70.2700,70.2950,6100
116,70.3200,70.3700,70.2900,70.2900,4489
117,70.2900,70.3200,70.2900,70.3150,1511
118,70.3150,70.3200,70.2800,70.2800,3401
119,70.2600,70.2950,70.2300,70.2300,2950
120,70.2300,70.2600,70.2200,70.2400,4608
121,70.2700,70.3200,70.2400,70.2800,1508
122,70.3300,70.4100,70.3300,70.4100,1500
123,70.4300,70.5100,70.4200,70.5100,2372
124,70.5300,70.5300,70.4300,70.4300,3000
125,70.4500,70.5900,70.4500,70.5800,5956
126,70.6100,70.6750,70.5750,70.6750,1700
127,70.6500,70.6500,70.5200,70.5900,4421
128,70.6100,70.7000,70.6100,70.7000,1400
129,70.7000,70.7000,70.5800,70.6000,4700
130,70.6400,70.7000,70.6200,70.6700,2732
131,70.6400,70.6500,70.6000,70.6000,4406
132,70.6200,70.6800,70.6200,70.6700,1545
133,70.7100,70.8000,70.7000,70.7000,3111
134,70.7100,70.7100,70.6500,70.6800,2283
135,70.6900,70.7100,70.6700,70.6700,1789
136,70.6650,70.6950,70.6650,70.6950,643
137,70.7000,70.7000,70.7000,70.7000,100
138,70.7000,70.7000,70.7000,70.7000,400
139,70.7000,70.7100,70.5300,70.5550,3200
140,70.5550,70.5550,70.5300,70.5400,500
141,70.5550,70.6200,70.5000,70.5200,6102
142,70.5500,70.5500,70.5200,70.5200,276
143,70.5500,70.6200,70.5500,70.5650,3194
145,70.5700,70.5700,70.5700,70.5700,200
146,70.5400,70.5400,70.4600,70.4600,2356
147,70.4750,70.5100,70.4600,70.5100,1500
148,70.5000,70.5000,70.5000,70.5000,100
149,70.4900,70.4900,70.4800,70.4800,800
150,70.4700,70.5100,70.4600,70.4700,4450
151,70.4650,70.4650,70.3800,70.3800,3250
152,70.4050,70.4050,70.4050,70.4050,200
153,70.4050,70.4050,70.3800,70.3800,300
154,70.3800,70.3800,70.3000,70.3300,5161
155,70.3150,70.3150,70.3150,70.3150,100
156,70.3200,70.3700,70.3100,70.3100,3018
157,70.3500,70.3500,70.2900,70.2900,2797
158,70.3100,70.3100,70.2500,70.2700,1200
159,70.2300,70.2900,70.2164,70.2900,1950
160,70.2900,70.2900,70.2500,70.2700,2000
161,70.2600,70.2600,70.2200,70.2400,1700
162,70.2250,70.2800,70.2250,70.2301,3000
163,70.2300,70.2881,70.1900,70.2881,5054
164,70.3200,70.3500,70.3200,70.3500,800
165,70.3700,70.3800,70.3100,70.3100,4200
166,70.3100,70.3300,70.3100,70.3300,900
167,70.3350,70.3350,70.3350,70.3350,100
168,70.3350,70.3350,70.3350,70.3350,200
169,70.3600,70.4000,70.3350,70.4000,2900
170,70.4000,70.4000,70.2800,70.3200,4267
171,70.2800,70.3500,70.2200,70.2350,5088
172,70.2600,70.2600,70.2200,70.2400,3950
173,70.2400,70.2800,70.1700,70.1800,4378
174,70.1500,70.1700,70.1300,70.1500,2350
175,70.1300,70.1800,70.1300,70.1600,3931
176,70.1700,70.2400,70.1700,70.2300,4575
177,70.2400,70.2400,70.2150,70.2300,712
178,70.2150,70.2150,70.2150,70.2150,231
179,70.2050,70.2050,70.1700,70.1850,2413
180,70.1600,70.1600,70.0800,70.0800,6712
181,70.1000,70.1100,70.0000,70.0000,17278
182,70.0200,70.0600,70.0100,70.0400,9446
183,70.0200,70.0600,70.0200,70.0350,2100
184,70.0500,70.0600,70.0200,70.0600,2830
185,70.0600,70.1700,70.0500,70.1600,4000
186,70.1450,70.1900,70.1450,70.1650,900
187,70.1598,70.1600,70.0930,70.0930,4098
188,70.0908,70.1200,70.0900,70.0900,1600
189,70.1100,70.1100,70.0600,70.0600,2713
190,70.0700,70.1900,70.0700,70.1900,5269
191,70.1900,70.2200,70.1000,70.1000,4700
192,70.1050,70.1800,70.1050,70.1800,1600
193,70.1800,70.2600,70.1800,70.2400,1800
194,70.2400,70.2700,70.2300,70.2700,1100
195,70.2900,70.3100,70.2900,70.2900,600
196,70.2900,70.3100,70.2900,70.3100,530
197,70.2850,70.2850,70.1775,70.1800,9009
198,70.1800,70.2500,70.1800,70.2400,2148
199,70.2400,70.3500,70.2400,70.3500,2300
200,70.3200,70.3200,70.2500,70.2700,4634
201,70.3100,70.3800,70.3000,70.3700,2237
202,70.3900,70.4700,70.3900,70.4699,1400
203,70.4600,70.4600,70.4450,70.4550,500
204,70.4700,70.5900,70.4700,70.5900,1943
205,70.5850,70.6800,70.5500,70.6800,4895
206,70.6900,70.8300,70.6500,70.8000,5801
207,70.8265,70.8265,70.7600,70.7800,2379
208,70.7700,70.7700,70.6700,70.6700,1400
209,70.6700,70.7400,70.6700,70.7400,1500
210,70.7250,70.7250,70.7250,70.7250,200
211,70.7250,70.7250,70.7250,70.7250,1859
212,70.7400,70.7800,70.7400,70.7800,2560
213,70.7600,70.8000,70.7301,70.8000,4978
214,70.7700,70.7900,70.7600,70.7700,600
215,70.7700,70.8000,70.7600,70.8000,1522
216,70.8300,70.8500,70.8300,70.8400,700
217,70.8450,70.8800,70.8450,70.8700,1000
218,70.8900,70.9100,70.8700,70.8900,4311
219,70.8900,70.9200,70.8900,70.9000,1900
220,70.9100,70.9700,70.9100,70.9600,1900
221,70.9800,70.9800,70.9300,70.9800,4100
222,70.9650,71.0200,70.9650,71.0000,2200
223,71.0050,71.0100,70.9600,71.0000,1798
224,70.9700,70.9700,70.9100,70.9100,3200
225,70.9150,70.9150,70.9000,70.9000,200
226,70.8950,70.8950,70.8500,70.8700,600
227,70.8400,70.8600,70.8350,70.8350,300
228,70.8200,70.9500,70.8000,70.9500,3710
229,70.9700,70.9700,70.9700,70.9700,100
230,70.9700,71.0000,70.9200,70.9800,4174
231,70.9500,70.9900,70.9500,70.9900,600
232,70.9890,70.9890,70.9750,70.9750,200
234,70.9600,70.9700,70.9600,70.9700,500
235,70.9400,71.0100,70.9100,71.0000,3001
236,70.9850,70.9850,70.9850,70.9850,100
237,71.0000,71.0000,70.9900,70.9900,200
238,71.0050,71.0100,70.9800,71.0100,1700
239,70.9810,71.0100,70.9300,71.0000,5825
240,70.9850,71.0000,70.9700,70.9700,2738
241,70.9800,71.0000,70.9600,70.9600,3980
242,70.9500,70.9900,70.9500,70.9500,910
243,70.9700,70.9900,70.9550,70.9800,1279
244,71.0000,71.0100,70.9500,70.9900,6100
245,71.0100,71.0300,70.9600,70.9600,10913
246,71.0000,71.0200,70.9900,71.0100,6948
247,71.0000,71.0150,70.9900,71.0150,800
248,71.0150,71.0150,71.0000,71.0000,200
249,71.0000,71.0150,70.9600,70.9600,6044
250,70.9850,70.9850,70.9850,70.9850,200
251,70.9850,70.9850,70.9000,70.9000,1774
252,70.8900,70.8900,70.8200,70.8400,1860
253,70.8800,70.9100,70.8800,70.9100,500
254,70.8900,70.8900,70.8200,70.8200,1640
255,70.8200,70.8250,70.8100,70.8100,400
256,70.8003,70.8800,70.8003,70.8600,2225
257,70.8900,70.8900,70.8900,70.8900,300
258,70.8600,70.8800,70.8100,70.8250,2200
259,70.8100,70.8500,70.8100,70.8500,2874
260,70.8600,70.8600,70.8600,70.8600,500
261,70.8700,70.8800,70.8500,70.8500,700
262,70.8400,70.8700,70.8200,70.8600,2001
263,70.8700,70.9400,70.8700,70.9100,2100
264,70.9000,70.9000,70.6900,70.6900,4400
265,70.6900,70.7400,70.6900,70.7000,700
266,70.7300,70.7600,70.6900,70.7200,3710
267,70.7500,70.7500,70.6700,70.6700,1600
268,70.6950,70.6950,70.6100,70.6100,1050
269,70.6000,70.6700,70.5500,70.6700,4546
270,70.6500,70.6700,70.6300,70.6500,3687
271,70.7000,70.7200,70.6600,70.7200,1800
272,70.6800,70.6900,70.6800,70.6800,400
273,70.6900,70.6900,70.6100,70.6300,4232
274,70.6200,70.6800,70.6200,70.6800,3800
275,70.7100,70.7100,70.6700,70.6900,500
276,70.6900,70.6900,70.5200,70.5500,4600
277,70.5100,70.5200,70.3400,70.4100,11901
278,70.3900,70.4142,70.3900,70.4142,400
279,70.4400,70.4400,70.4100,70.4250,621
280,70.4400,70.5800,70.4400,70.5800,5654
281,70.6100,70.6600,70.6100,70.6600,1600
282,70.6700,70.6700,70.6100,70.6150,2954
283,70.6300,70.6600,70.6300,70.6600,800
284,70.6550,70.6550,70.6550,70.6550,300
285,70.6700,70.7000,70.6500,70.6500,3855
286,70.6400,70.6400,70.4900,70.4900,2500
287,70.4700,70.5700,70.4700,70.5700,3688
288,70.5550,70.5800,70.4900,70.4900,2427
289,70.5200,70.5200,70.5200,70.5200,400
290,70.5000,70.5700,70.5000,70.5700,1950
291,70.5700,70.5700,70.5300,70.5500,1600
292,70.5700,70.5700,70.5500,70.5500,200
293,70.5500,70.5500,70.4500,70.4500,3210
294,70.4900,70.4900,70.3500,70.3500,3623
295,70.3900,70.4000,70.3500,70.3600,3500
296,70.3850,70.4100,70.3600,70.3600,700
297,70.3850,70.4100,70.3850,70.4100,200
298,70.4100,70.4300,70.3400,70.3400,4200
299,70.3400,70.3600,70.3300,70.3550,4200
300,70.3550,70.4200,70.3550,70.4200,3036
301,70.4500,70.4500,70.4400,70.4400,300
302,70.5400,70.5500,70.4800,70.5000,3162
303,70.5050,70.5700,70.4900,70.5600,3100
304,70.5740,70.6400,70.5500,70.6300,2502
305,70.6400,70.6900,70.6100,70.6500,1000
306,70.6900,70.8500,70.6600,70.8300,6069
307,70.8600,70.8800,70.8000,70.8200,4400
308,70.8000,70.8650,70.7900,70.8650,4500
309,70.8600,70.9300,70.8100,70.8100,11237
310,70.8100,70.8200,70.7500,70.7800,1705
311,70.7850,70.7850,70.7600,70.7850,300
312,70.8100,70.8100,70.7400,70.7650,4372
313,70.7400,70.7700,70.6900,70.6900,1262
314,70.7400,70.7400,70.6100,70.6200,1372
315,70.6132,70.6400,70.5700,70.5950,4266
316,70.6000,70.6700,70.5800,70.6300,2900
317,70.6700,70.7800,70.6700,70.7600,3600
318,70.7850,70.7850,70.7200,70.7300,2944
319,70.7450,70.7450,70.7100,70.7100,3018
320,70.6850,70.7300,70.6850,70.7300,2228
321,70.7250,70.7600,70.7250,70.7500,1200
322,70.7800,70.7800,70.7500,70.7500,1538
323,70.7500,70.7500,70.7100,70.7300,2192
324,70.7200,70.7400,70.6100,70.6400,8750
325,70.6600,70.6600,70.6600,70.6600,100
326,70.6800,70.7000,70.6400,70.6600,3600
327,70.6600,70.6800,70.6400,70.6700,2210
328,70.6600,70.6600,70.6100,70.6100,1199
329,70.6350,70.6350,70.6100,70.6100,800
330,70.6100,70.6300,70.6100,70.6100,400
331,70.6500,70.6900,70.6350,70.6600,3433
332,70.6650,70.6650,70.6200,70.6300,2525
333,70.6300,70.6700,70.6200,70.6300,2200
334,70.6300,70.6300,70.5900,70.6000,2001
335,70.6000,70.6400,70.6000,70.6300,3502
336,70.6450,70.7200,70.6400,70.7000,3000
337,70.6750,70.7100,70.6650,70.7100,2000
338,70.7200,70.7350,70.7200,70.7300,784
339,70.7300,70.7300,70.6600,70.6900,4059
340,70.6900,70.7000,70.6500,70.6600,5462
341,70.6600,70.6800,70.6450,70.6600,4604
342,70.6650,70.6650,70.6300,70.6400,7524
343,70.6400,70.6400,70.5700,70.5900,3171
344,70.5700,70.5900,70.5300,70.5300,4300
345,70.5100,70.5300,70.3700,70.4300,13210
346,70.4000,70.4400,70.3700,70.3900,7254
347,70.4100,70.4400,70.4000,70.4000,2300
348,70.4200,70.4500,70.4200,70.4500,3322
349,70.4400,70.4900,70.4400,70.4550,8569
350,70.4700,70.4800,70.4500,70.4500,3483
351,70.4650,70.4650,70.4200,70.4500,10633
352,70.4400,70.4500,70.4200,70.4450,1900
353,70.4450,70.4550,70.4350,70.4500,5314
354,70.4500,70.4500,70.4300,70.4400,4615
355,70.4400,70.4500,70.4400,70.4400,2659
356,70.4400,70.4500,70.4000,70.4200,3204
357,70.4200,70.4500,70.3900,70.4500,10502
358,70.4500,70.4800,70.4350,70.4800,3304
359,70.4686,70.4700,70.4000,70.4500,12113
360,70.4350,70.4600,70.4250,70.4250,1400
361,70.4100,70.4400,70.4100,70.4400,6856
362,70.4400,70.4400,70.3900,70.4200,10794
363,70.4200,70.4300,70.3900,70.4200,6844
364,70.4100,70.4500,70.4000,70.4500,6691
365,70.4400,70.4500,70.4000,70.4100,4894
366,70.4000,70.4200,70.4000,70.4200,7447
367,70.4100,70.4100,70.3800,70.3900,10821
368,70.4100,70.4200,70.3600,70.3750,14739
369,70.3600,70.4000,70.3500,70.4000,6800
370,70.3850,70.4000,70.3700,70.4000,12416
371,70.3900,70.4000,70.3800,70.4000,13463
372,70.3900,70.4000,70.3300,70.3400,16313
373,70.3400,70.3600,70.3400,70.3600,19370
374,70.3550,70.3550,70.2850,70.2850,7692
375,70.2700,70.4000,70.2700,70.3900,18793
376,70.3900,70.3900,70.3400,70.3500,8944
377,70.3400,70.3400,70.3000,70.3100,9417
378,70.3100,70.3100,70.2900,70.2900,22991
379,70.3000,70.3000,70.2200,70.2300,12523
380,70.2300,70.2700,70.2200,70.2550,10055
381,70.2800,70.3100,70.2475,70.3000,16013
382,70.3000,70.3200,70.3000,70.3000,6756
383,70.3000,70.3300,70.2900,70.3150,16043
384,70.3200,70.3250,70.3000,70.3250,13767
385,70.3300,70.3500,70.3250,70.3500,9761
386,70.3600,70.3700,70.3400,70.3475,16536
387,70.3550,70.3800,70.3500,70.3800,16730
388,70.3800,70.3800,70.3400,70.3500,17978
389,70.3450,70.4300,70.3100,70.4200,30051
390,70.4000,70.4200,70.3100,70.3390,47245