PSA,Public Storage,Real Estate,9,Specialized REITs,35708349730,1106702
a149935860079,211.6000,211.6100,211.5800,211.5800,1658
380,211.5900,211.6000,211.5300,211.5300,3861
381,211.5800,211.6200,211.5700,211.6100,3300
382,211.6300,211.6300,211.5300,211.5400,2140
383,211.5300,211.6300,211.5300,211.5800,4514
384,211.5700,211.6100,211.5700,211.5900,5352
385,211.6200,211.6200,211.4900,211.5300,5917
386,211.4900,211.5500,211.4000,211.4000,5369
387,211.4150,211.4400,211.3200,211.3600,8420
388,211.3500,211.3700,211.2600,211.3000,8761
389,211.3300,211.3300,211.2600,211.3200,14489
390,211.3300,211.3900,211.2600,211.3800,13700
0,211.3500,211.3500,210.8000,210.8000,11763
1,211.1300,211.1300,210.1800,210.3800,3100
2,210.3000,210.3900,209.4600,209.7900,8512
3,209.2901,210.0200,209.2901,209.8850,2600
4,209.4700,209.8400,209.4700,209.8400,600
5,209.6750,210.1500,209.6750,209.9800,3111
6,210.0900,210.2400,209.9000,210.1500,4476
7,210.4900,210.5900,210.2900,210.5650,1500
8,210.5700,210.5700,210.2500,210.3900,1300
9,210.4100,210.5586,210.3000,210.5150,2600
10,210.5600,210.5600,210.5600,210.5600,100
12,210.7000,210.8000,210.5950,210.8000,700
13,210.8000,210.8200,210.4400,210.6500,6000
14,210.8600,210.8600,210.7300,210.8500,1600
15,210.8300,210.9500,210.7000,210.8000,4800
16,210.6600,210.8975,210.6600,210.6800,1800
17,210.7600,210.8600,210.3900,210.5600,6575
18,210.5500,210.6300,210.5500,210.6200,600
19,210.6500,210.7100,210.4400,210.4800,5805
20,210.4200,210.4200,210.4200,210.4200,100
21,210.4600,210.4600,210.2800,210.2800,800
22,210.2900,210.2900,209.7300,209.7400,4357
23,209.7300,209.8200,209.7300,209.7300,1000
24,209.8150,210.1200,209.8000,210.1200,2865
25,210.1100,210.1100,209.9900,210.0000,717
26,210.0900,210.1000,210.0900,210.1000,700
27,210.3200,210.4400,210.3100,210.4400,1500
28,210.3600,210.3600,210.1600,210.1600,4400
29,210.1600,210.1600,210.1600,210.1600,1200
30,210.1600,210.2900,210.0300,210.0300,7296
31,210.0400,210.0400,209.7800,209.8000,2790
32,209.9500,210.0500,209.9500,209.9500,18366
33,209.9500,210.0900,209.9500,210.0200,8892
34,210.0100,210.0100,210.0000,210.0000,200
35,209.9800,210.0700,209.9500,210.0100,3000
36,210.0800,210.0800,210.0500,210.0500,200
37,210.0800,210.1550,210.0400,210.0400,2649
38,210.0400,210.0400,210.0400,210.0400,100
39,210.1100,210.2100,210.0800,210.1000,1400
40,210.1000,210.3000,210.0900,210.1800,3703
41,210.2800,210.3700,210.2700,210.3100,679
42,210.3100,210.4550,210.3100,210.4550,778
43,210.4200,210.4200,210.2600,210.2700,2289
44,210.2600,210.2600,210.0100,210.0100,200
45,210.1900,210.2300,210.1900,210.2300,700
46,210.3000,210.3650,210.3000,210.3650,600
47,210.3800,210.3800,210.3800,210.3800,100
48,210.3200,210.3200,210.2400,210.2400,300
49,210.1100,210.1500,210.1100,210.1500,200
50,210.1300,210.1300,209.9500,209.9500,7262
51,209.9500,210.0200,209.9500,209.9500,4800
52,209.9500,209.9850,209.9500,209.9500,3460
53,209.9500,210.0400,209.9500,210.0400,2625
54,210.0700,210.0800,210.0150,210.0300,1200
55,210.1300,210.1500,210.0600,210.0600,1500
56,210.0500,210.0500,210.0000,210.0000,2437
57,210.0800,210.1600,210.0650,210.1600,1000
58,210.0600,210.1000,210.0500,210.1000,2314
59,210.0700,210.1300,210.0500,210.0900,900
60,210.0800,210.0800,210.0500,210.0500,1425
61,210.1100,210.1250,210.0800,210.1200,1700
62,210.0500,210.0600,209.8105,209.8105,8690
63,209.8400,209.9000,209.8200,209.8350,2061
64,209.8900,209.8900,209.5650,209.5650,2735
65,209.5400,209.6000,209.5350,209.5995,2900
66,209.5700,209.6500,209.5700,209.5700,1500
67,209.6100,209.6250,209.5300,209.5700,1827
68,209.5000,209.5000,209.3600,209.4200,4587
69,209.4600,209.7100,209.4600,209.6650,4500
70,209.5301,209.5301,209.5301,209.5301,130
71,209.7400,209.9400,209.7400,209.9300,2526
72,209.8600,209.9500,209.8300,209.9500,900
73,209.8600,209.8700,209.7150,209.7150,2900
74,209.8100,209.9500,209.7800,209.9500,1400
77,209.9500,209.9500,209.9500,209.9500,300
78,209.9200,209.9200,209.7150,209.8700,500
79,209.7050,209.8600,209.7050,209.8050,700
80,209.8050,209.9700,209.8050,209.9500,5007
81,210.0000,210.0200,209.8800,209.9400,3326
82,209.9100,209.9500,209.9000,209.9500,1100
83,209.9100,209.9400,209.8300,209.9400,1300
84,209.8200,209.9100,209.8200,209.9100,300
86,209.8450,209.8600,209.7700,209.7950,900
87,209.8300,210.0100,209.8300,209.9500,3000
88,209.9850,209.9850,209.9600,209.9600,414
89,209.9800,210.0100,209.9800,210.0100,200
90,210.0200,210.0400,210.0200,210.0400,748
91,210.0300,210.0300,209.9600,209.9600,200
92,210.0400,210.0400,210.0400,210.0400,200
93,210.0400,210.1925,210.0400,210.1300,2000
94,210.1950,210.2100,210.1700,210.2000,900
97,210.2100,210.2200,210.0500,210.0950,1900
98,210.1549,210.1549,210.1100,210.1100,250
99,210.0900,210.0900,210.0200,210.0200,300
100,210.0000,210.0400,209.9800,210.0400,1600
101,210.0200,210.0800,210.0200,210.0800,316
102,210.0800,210.0900,210.0100,210.0200,1600
103,210.0000,210.0100,209.9200,209.9500,2236
104,209.9300,209.9800,209.9300,209.9800,500
105,210.0300,210.0800,209.9750,209.9750,600
106,210.1300,210.1300,209.9200,209.9200,600
107,209.9100,209.9600,209.9000,209.9600,600
109,209.8500,209.8600,209.8500,209.8600,200
110,209.9600,209.9600,209.9600,209.9600,200
111,209.8700,209.8700,209.8500,209.8500,500
112,209.9000,209.9000,209.9000,209.9000,100
113,209.9000,209.9050,209.9000,209.9050,400
114,209.9300,209.9300,209.8500,209.9000,5850
115,209.8600,209.9000,209.8600,209.8600,2400
116,209.8500,209.8600,209.8500,209.8500,13350
117,209.8500,209.8700,209.8500,209.8600,4570
118,209.8500,209.8500,209.5500,209.5500,5265
119,209.5800,209.8044,209.5800,209.8000,6518
120,209.8000,209.8000,209.7500,209.7500,1500
121,209.8000,209.8600,209.7750,209.7750,5348
122,209.7800,209.8600,209.6700,209.8600,10800
123,209.8500,209.8600,209.8200,209.8600,700
124,209.8500,209.8500,209.7600,209.7900,3136
125,209.8000,209.8500,209.7300,209.8500,4819
126,209.8100,209.8700,209.8100,209.8300,3516
127,209.8200,209.8800,209.7500,209.8500,4500
128,209.8650,209.8700,209.8500,209.8600,500
129,209.8600,209.9200,209.8500,209.8950,3200
130,209.9100,209.9600,209.8900,209.8900,300
131,209.9300,209.9400,209.8500,209.9400,3877
132,209.9390,209.9390,209.8700,209.8750,2410
134,209.9300,209.9700,209.9100,209.9350,1415
135,209.9000,209.9000,209.8300,209.8500,48400
136,209.9300,210.0100,209.9300,210.0100,1000
137,209.9700,210.0600,209.9700,210.0250,600
138,210.0300,210.1200,210.0300,210.1200,200
139,210.0450,210.0450,209.9500,209.9700,400
140,209.9900,210.0500,209.9500,209.9700,900
142,209.9754,209.9754,209.9000,209.9600,325
144,209.9850,210.0100,209.9200,210.0100,709
145,209.9823,209.9823,209.9200,209.9200,205
146,209.9450,209.9450,209.8700,209.9300,5132
147,209.9305,209.9305,209.9305,209.9305,225
148,209.9800,210.0000,209.9400,210.0000,1100
149,210.0000,210.0900,209.9400,210.0200,3200
150,210.0953,210.3900,210.0953,210.3300,2723
151,210.3350,210.3350,210.2300,210.2300,1600
152,210.3200,210.3700,210.2900,210.3200,1325
153,210.3500,210.3715,210.3000,210.3000,325
154,210.3700,210.4400,210.3500,210.4100,2900
155,210.4100,210.4100,210.4100,210.4100,300
156,210.3500,210.3500,210.1800,210.1850,3000
157,210.2750,210.2750,210.0700,210.0700,600
158,210.0800,210.0800,210.0300,210.0300,400
159,209.9900,210.0400,209.9500,209.9500,2300
160,210.0100,210.1000,210.0000,210.1000,1500
161,210.0700,210.1200,210.0450,210.1000,2100
162,210.1200,210.1200,210.0500,210.0550,900
163,210.0500,210.0500,209.9800,210.0000,2500
164,210.0200,210.0400,209.9200,209.9200,800
165,209.9000,209.9000,209.9000,209.9000,350
166,209.9900,210.0460,209.9200,209.9500,2282
167,209.9500,210.0000,209.9500,209.9500,27997
168,209.9900,210.0100,209.9900,210.0000,1700
169,210.0000,210.0000,209.9600,209.9600,300
170,210.0000,210.0000,209.8500,209.8500,3300
171,209.7700,209.8373,209.7700,209.8000,1300
172,209.8000,209.8200,209.7000,209.7000,1017
173,209.7000,209.7500,209.5900,209.6600,2600
174,209.6500,209.6900,209.6250,209.6900,1100
175,209.7000,209.7000,209.7000,209.7000,100
176,209.6300,209.6600,209.6000,209.6200,3395
177,209.6500,209.6500,209.6000,209.6500,500
178,209.6500,209.7000,209.6500,209.6900,2504
179,209.6800,209.7200,209.6600,209.7100,2700
180,209.7100,209.8500,209.7100,209.8500,931
181,209.8100,209.8100,209.7500,209.7500,1507
182,209.7200,209.8000,209.7200,209.8000,2594
183,209.7850,209.8500,209.7850,209.8000,900
184,209.8000,209.8000,209.7500,209.7800,1300
185,209.8000,209.8200,209.7100,209.7500,2001
186,209.7800,209.7800,209.7000,209.7000,5726
187,209.7000,209.7400,209.7000,209.7000,15718
188,209.7100,209.7800,209.6900,209.7500,7749
189,209.7500,209.7700,209.7050,209.7250,10587
190,209.7500,209.7700,209.5300,209.5500,8001
191,209.5200,209.6900,209.5200,209.6900,2494
192,209.6300,209.6300,209.5401,209.5401,700
193,209.5700,209.6000,209.5250,209.6000,3004
194,209.5800,209.5800,209.5600,209.5700,600
195,209.5750,209.5750,209.5500,209.5500,500
196,209.5400,209.5475,209.5300,209.5475,2700
197,209.5500,209.5800,209.5100,209.5100,4996
198,209.5800,209.6150,209.5700,209.5800,4700
199,209.6150,209.6200,209.5300,209.6199,2962
200,209.6400,209.6400,209.5500,209.6100,600
201,209.6100,209.6500,209.5800,209.5800,800
202,209.6450,209.6500,209.6450,209.6500,500
203,209.6000,209.6000,209.5500,209.5800,1500
204,209.5631,209.6000,209.5300,209.5999,1465
205,209.5500,209.5999,209.5200,209.5300,1140
206,209.5550,209.5900,209.5300,209.5300,600
207,209.5900,209.5900,209.4400,209.4400,5831
208,209.4000,209.4400,209.3900,209.4100,1100
209,209.4400,209.4800,209.4100,209.4800,1534
210,209.4800,209.5000,209.4200,209.5000,512
211,209.5000,209.5000,209.5000,209.5000,400
212,209.5299,209.5299,209.5299,209.5299,400
213,209.5000,209.5000,209.4650,209.5000,800
214,209.5200,209.6300,209.5000,209.6300,1500
215,209.6100,209.7350,209.5200,209.7150,2400
216,209.7800,209.7800,209.6700,209.6700,1000
217,209.7150,209.7300,209.6700,209.6700,800
218,209.7050,209.7050,209.6500,209.6500,500
219,209.6500,209.6500,209.6200,209.6250,900
220,209.6500,209.6500,209.5900,209.5900,700
221,209.6050,209.6050,209.5200,209.5400,1500
222,209.5650,209.6100,209.5100,209.5600,700
223,209.5000,209.5000,209.4100,209.4700,2998
224,209.4800,209.5200,209.4800,209.4800,500
225,209.4700,209.5100,209.4400,209.4400,1400
226,209.5100,209.5200,209.4700,209.5200,1000
227,209.5700,209.5899,209.5000,209.5899,1200
228,209.5655,209.6100,209.5655,209.6100,4151
229,209.6100,209.6400,209.5700,209.6000,1500
230,209.6050,209.6100,209.4800,209.4950,3941
231,209.5450,209.5450,209.5450,209.5450,100
232,209.5200,209.6200,209.5100,209.6000,1640
233,209.6000,209.6300,209.5300,209.5300,500
234,209.6050,209.6050,209.5500,209.5500,800
235,209.5977,209.5977,209.3400,209.3650,3219
237,209.4300,209.4300,209.3400,209.3950,900
238,209.4400,209.4400,209.3650,209.3650,400
239,209.3600,209.3900,209.3600,209.3900,800
240,209.3700,209.5999,209.3700,209.5999,5677
241,209.5500,209.5999,209.5500,209.5999,400
242,209.6300,209.6400,209.5750,209.6400,500
243,209.6200,209.6700,209.5950,209.6700,1500
244,209.6800,209.6900,209.6300,209.6850,1049
245,209.6850,209.6850,209.5400,209.6200,1700
246,209.5600,209.6300,209.5600,209.6300,600
247,209.6300,209.6600,209.5700,209.6199,800
248,209.5650,209.5650,209.4900,209.4900,900
249,209.5150,209.5150,209.3800,209.4200,4500
250,209.4700,209.4700,209.4700,209.4700,100
251,209.4400,209.4400,209.3300,209.3300,770
252,209.3900,209.4600,209.3900,209.4600,600
253,209.3900,209.4400,209.3500,209.3500,500
254,209.4200,209.4700,209.3500,209.3500,830
255,209.5000,209.5000,209.4000,209.4000,500
256,209.4500,209.5000,209.4500,209.5000,1000
257,209.4950,209.5200,209.4000,209.5000,1400
258,209.5000,209.5050,209.4000,209.4000,600
259,209.5000,209.5000,209.4200,209.4200,500
260,209.5000,209.5100,209.4550,209.5100,1100
261,209.5000,209.5700,209.4300,209.5700,3407
262,209.5700,209.5700,209.4100,209.5300,1100
263,209.5600,209.5600,209.4600,209.4600,600
264,209.4950,209.5600,209.4400,209.5600,1100
265,209.5000,209.5200,209.3800,209.3900,8291
266,209.4500,209.4500,209.3700,209.3700,400
267,209.4500,209.4700,209.4100,209.4700,2528
268,209.4200,209.4500,209.3700,209.4200,800
269,209.3600,209.4100,209.3200,209.3550,2804
270,209.3900,209.4850,209.3500,209.4850,2233
271,209.4200,209.4450,209.3800,209.3800,975
272,209.3800,209.3800,209.3700,209.3700,200
274,209.3800,209.4200,209.3400,209.4200,600
275,209.3100,209.4000,209.1700,209.1700,2000
276,209.2300,209.3000,209.2000,209.3000,3041
277,209.2900,209.3700,209.2700,209.3400,1700
278,209.2900,209.3400,209.1300,209.1300,3800
279,209.1600,209.1900,209.0800,209.1500,3000
280,209.1100,209.1500,209.0300,209.1250,2585
281,209.1500,209.2150,209.1400,209.1850,4600
282,209.1500,209.1800,209.0200,209.1550,4400
283,209.1100,209.1200,209.0400,209.0400,1200
284,209.1000,209.1000,208.9000,208.9650,8589
285,209.0000,209.1800,209.0000,209.1000,6300
286,209.1000,209.1050,209.0500,209.0500,1119
287,209.0900,209.1700,209.0900,209.1700,2400
288,209.1350,209.2000,209.0850,209.2000,1200
289,209.1700,209.2050,209.1500,209.1500,700
290,209.1500,209.2100,209.1100,209.1100,1900
291,209.1000,209.1000,209.0900,209.1000,300
292,209.1400,209.1400,208.9200,208.9700,4700
293,208.9400,208.9450,208.8800,208.8800,1700
294,208.9150,208.9150,208.7600,208.8200,1000
295,208.8150,208.9400,208.7100,208.8800,5309
296,208.9050,208.9050,208.7300,208.7300,2214
297,208.7250,208.7800,208.6700,208.7800,2900
298,208.7500,208.8000,208.7100,208.7400,3500
299,208.7350,208.7700,208.6500,208.7700,1800
300,208.7700,208.7700,208.6200,208.7350,3200
301,208.7200,208.8100,208.7200,208.7850,3260
302,208.8300,208.8900,208.7600,208.7600,5468
303,208.8300,208.8300,208.8000,208.8000,900
304,208.7900,208.8000,208.6901,208.7000,6432
305,208.7250,208.7700,208.6700,208.7700,3600
306,208.7400,208.7700,208.6200,208.6600,5200
307,208.6700,208.7200,208.6700,208.6950,1300
308,208.7000,208.7000,208.5000,208.5400,3358
309,208.5300,208.5350,208.4900,208.5350,900
310,208.5350,208.5350,208.4800,208.5200,1300
311,208.4950,208.5600,208.4900,208.5400,1700
312,208.4800,208.5400,208.4800,208.5200,500
313,208.4900,208.5900,208.4800,208.5556,3701
314,208.5100,208.5700,208.5000,208.5700,800
315,208.5900,208.6100,208.5500,208.5500,1400
316,208.5400,208.6400,208.5200,208.6400,3015
317,208.6200,208.6500,208.6200,208.6200,1300
318,208.5900,208.5900,208.5800,208.5800,600
319,208.6300,208.6300,208.5600,208.6100,6009
320,208.6100,208.6600,208.6000,208.6200,3400
321,208.6200,208.6200,208.6200,208.6200,100
322,208.6100,208.6400,208.5800,208.6000,1500
323,208.5950,208.5950,208.5500,208.5700,2400
324,208.5650,208.6100,208.5650,208.5900,3900
325,208.6100,208.6500,208.5900,208.6232,2710
326,208.6500,208.7000,208.5600,208.5600,8204
327,208.6000,208.6000,208.5850,208.6000,300
328,208.6100,208.6600,208.5850,208.6100,3100
329,208.5750,208.5900,208.4900,208.5000,1700
330,208.5000,208.5700,208.5000,208.5700,2800
331,208.5500,208.6700,208.5500,208.6400,2826
332,208.6650,208.6900,208.6300,208.6300,2336
333,208.6200,208.6400,208.5700,208.5700,2000
334,208.5800,208.5900,208.5350,208.5900,2900
336,208.5700,208.5900,208.5400,208.5900,3658
337,208.6000,208.6700,208.5800,208.5800,3930
338,208.5800,208.6700,208.5700,208.6700,2900
339,208.6800,208.7100,208.6100,208.7100,2700
340,208.7200,208.8200,208.6900,208.8200,3390
341,208.8200,208.8600,208.7900,208.8600,2300
342,208.8700,208.9000,208.8450,208.8750,4095
343,208.8600,208.8800,208.8300,208.8650,4680
344,208.8600,208.8700,208.8600,208.8700,500
345,208.8700,208.9400,208.8700,208.9400,5415
346,208.8900,208.9200,208.8300,208.8300,3430
347,208.7700,208.8100,208.7700,208.8100,1000
348,208.7900,208.8400,208.7900,208.8400,1600
349,208.8200,208.8700,208.8000,208.8000,3587
350,208.8100,208.8100,208.7000,208.7000,1261
351,208.7100,208.7100,208.5900,208.5900,1576
352,208.6000,208.6300,208.4600,208.4700,11380
353,208.4900,208.4900,208.3800,208.3897,10800
354,208.4540,208.5400,208.4200,208.4700,9096
355,208.4300,208.4300,208.3700,208.4100,400
356,208.4200,208.4700,208.3700,208.4700,895
357,208.4150,208.5200,208.4150,208.5200,730
358,208.5100,208.6000,208.5100,208.6000,1100
359,208.6150,208.6500,208.6000,208.6000,1659
360,208.6000,208.6000,208.5200,208.5200,1900
361,208.5200,208.5200,208.4000,208.4000,8346
362,208.4000,208.4600,208.4000,208.4200,1300
363,208.4400,208.4400,208.3400,208.3600,3900
364,208.3200,208.3600,208.3000,208.3400,4507
365,208.3400,208.3700,208.3100,208.3600,4197
366,208.3650,208.4000,208.3200,208.3200,3900
367,208.3700,208.3800,208.3200,208.3600,4600
368,208.3500,208.3800,208.2500,208.2500,3218
369,208.2500,208.2900,208.2300,208.2600,5008
370,208.2300,208.2800,208.1500,208.1500,4076
371,208.1400,208.1500,208.0800,208.1400,6364
372,208.1250,208.1400,208.1100,208.1400,3665
373,208.1400,208.1700,208.1200,208.1700,6962
374,208.1600,208.2000,208.1400,208.1900,3300
375,208.1700,208.2000,208.1600,208.1600,3650
376,208.1800,208.1900,208.1500,208.1600,6706
377,208.1800,208.1800,208.1100,208.1100,1924
378,208.1500,208.1500,208.0600,208.0800,4821
379,208.1100,208.1200,208.0300,208.0800,7493
380,208.0800,208.0800,208.0100,208.0200,2925
381,208.0400,208.0400,207.9500,207.9700,8062
382,207.9500,207.9900,207.9200,207.9500,4462
383,207.9400,207.9500,207.8800,207.8950,3100
384,207.8800,207.8900,207.7700,207.8400,7357
385,207.8400,207.8800,207.8400,207.8600,2566
386,207.8600,207.9000,207.7500,207.8400,13732
387,207.7500,207.8900,207.7500,207.8400,6708
388,207.8700,207.9000,207.8000,207.8000,6626
389,207.8100,207.8700,207.7900,207.8200,8262
390,207.8400,207.9000,207.6500,207.8500,39433