ROST,Ross Stores,Consumer Discretionary,1,Apparel Retail,24081518646,3020213
a1499358600,63.0800,63.1300,63.0700,63.0950,5619
2,63.0800,63.0900,63.0200,63.0500,4628
3,63.0600,63.0800,63.0200,63.0300,2562
4,63.0350,63.0700,62.9900,63.0700,6971
5,63.0500,63.0800,63.0100,63.0100,3800
6,63.0000,63.0125,62.8300,62.8700,6986
7,62.8800,62.9400,62.8700,62.8800,7600
8,62.9050,62.9900,62.9000,62.9600,2170
9,62.9900,63.0100,62.9900,63.0100,2000
10,63.0100,63.0200,62.9800,62.9800,2888
11,62.9700,62.9700,62.9200,62.9200,2000
12,62.9150,62.9600,62.9100,62.9450,3250
13,62.9600,63.0500,62.9600,63.0500,3100
14,63.0500,63.0800,63.0500,63.0716,2208
15,63.1000,63.1100,63.0600,63.0850,11735
16,63.1100,63.1400,63.0700,63.0800,11497
17,63.0850,63.0850,63.0400,63.0650,6025
18,63.0650,63.0650,63.0400,63.0450,2699
19,63.0600,63.1000,63.0500,63.0600,6433
20,63.0700,63.1600,63.0650,63.1600,10162
21,63.1700,63.1900,63.1500,63.1700,5000
22,63.1900,63.1900,63.1600,63.1600,1850
23,63.1600,63.1700,63.1400,63.1500,6300
24,63.1600,63.2200,63.1600,63.2100,2100
25,63.1900,63.2000,63.1400,63.1550,1600
26,63.1550,63.1600,63.1400,63.1400,4000
27,63.1500,63.1900,63.1400,63.1800,4100
28,63.1800,63.1800,63.1600,63.1700,1600
29,63.1900,63.2200,63.1850,63.2200,3453
30,63.2000,63.2500,63.1900,63.2400,3015
31,63.2450,63.2450,63.1900,63.2100,2600
32,63.2150,63.2150,63.1900,63.1900,2788
33,63.2000,63.2000,63.1900,63.1950,900
34,63.1900,63.2300,63.1900,63.2200,2540
35,63.2200,63.2200,63.1800,63.1950,2701
36,63.1950,63.2000,63.1800,63.1800,2800
37,63.1800,63.1900,63.1300,63.1450,6361
38,63.1400,63.1700,63.1350,63.1700,4200
39,63.1600,63.1600,63.1300,63.1300,3200
40,63.1500,63.1600,63.1400,63.1600,2200
41,63.1600,63.1800,63.1400,63.1500,4203
42,63.1600,63.1800,63.1600,63.1800,1830
43,63.1800,63.1800,63.1500,63.1500,1700
44,63.1500,63.1800,63.1400,63.1800,2500
45,63.1900,63.1900,63.1200,63.1250,3650
46,63.1200,63.1600,63.1200,63.1500,112327
47,63.1600,63.1800,63.1350,63.1600,3605
48,63.1600,63.1600,63.1300,63.1300,2600
49,63.1200,63.1300,63.1200,63.1200,984
50,63.1300,63.1500,63.1300,63.1400,2300
51,63.1500,63.1700,63.1400,63.1450,2600
52,63.1450,63.1500,63.1450,63.1500,800
53,63.1400,63.1400,63.1200,63.1350,1500
54,63.1200,63.1400,63.1000,63.1000,2100
55,63.1100,63.1300,63.1000,63.1200,2653
56,63.1200,63.1400,63.0900,63.1200,3200
57,63.1350,63.1800,63.1350,63.1800,4915
58,63.1600,63.1600,63.0950,63.1400,4780
59,63.1200,63.1500,63.1200,63.1400,2200
60,63.1300,63.1300,63.1000,63.1000,1500
61,63.0900,63.1150,63.0900,63.1100,4500
62,63.1100,63.1100,63.0600,63.0600,3750
63,63.0600,63.0600,63.0300,63.0400,4971
64,63.0400,63.0600,63.0284,63.0500,5270
65,63.0600,63.0600,62.9700,63.0100,11613
66,63.0100,63.0100,62.9400,62.9400,3600
67,62.9400,62.9900,62.9400,62.9900,4794
68,62.9900,63.0100,62.9800,62.9800,5384
69,62.9800,62.9800,62.9600,62.9600,1600
70,62.9700,62.9900,62.9600,62.9600,2487
71,62.9700,62.9800,62.9600,62.9750,2400
72,62.9900,62.9900,62.9500,62.9600,3500
73,62.9600,62.9900,62.9600,62.9900,3100
74,62.9800,63.0100,62.9800,63.0000,1400
75,62.9950,63.0000,62.9800,62.9900,2200
76,63.0000,63.0000,62.9900,62.9900,1200
77,62.9900,62.9950,62.9750,62.9900,3373
78,62.9900,62.9900,62.9500,62.9700,4500
79,62.9700,62.9900,62.9600,62.9875,4700
80,62.9800,62.9800,62.9700,62.9700,5600
81,62.9600,62.9650,62.9450,62.9450,3054
82,62.9500,62.9550,62.9350,62.9350,2461
83,62.9399,62.9700,62.9350,62.9700,3686
84,62.9700,62.9800,62.9600,62.9800,1700
85,62.9700,62.9700,62.9300,62.9300,3550
86,62.9300,62.9300,62.8600,62.8700,5502
87,62.8800,62.8900,62.8600,62.8800,4700
88,62.8850,62.8900,62.8750,62.8750,1900
89,62.8800,62.8900,62.8400,62.8400,4257
90,62.8500,62.8600,62.8000,62.8250,9274
91,62.8200,62.8300,62.8000,62.8000,3300
92,62.7900,62.8000,62.7900,62.7950,1800
93,62.8000,62.8000,62.7400,62.7450,9335
94,62.7450,62.7500,62.7300,62.7500,2400
95,62.7400,62.7400,62.6901,62.6901,4603
96,62.7000,62.7100,62.6500,62.6500,4850
97,62.6500,62.6600,62.6300,62.6600,5530
98,62.6600,62.6700,62.6600,62.6600,3268
99,62.6550,62.6700,62.6550,62.6650,2757
100,62.6600,62.6900,62.6546,62.6900,5668
101,62.6900,62.6900,62.5500,62.5800,24226
102,62.5900,62.6000,62.5400,62.5400,3800
103,62.5500,62.5500,62.5200,62.5250,2360
104,62.5300,62.5435,62.5250,62.5300,8202
105,62.5500,62.5500,62.5300,62.5450,6614
106,62.5450,62.5550,62.5400,62.5550,2100
107,62.5600,62.5700,62.5600,62.5600,2740
108,62.5600,62.6000,62.5600,62.5750,3402
109,62.5750,62.6150,62.5650,62.6100,13537
110,62.6150,62.6500,62.6150,62.6400,3500
111,62.6450,62.6600,62.6300,62.6350,2500
112,62.6350,62.6350,62.6150,62.6150,2966
113,62.6200,62.6400,62.5900,62.5900,3019
114,62.5900,62.6100,62.5900,62.6100,4200
115,62.6100,62.6500,62.6100,62.6500,2000
116,62.6400,62.6600,62.6400,62.6450,3100
117,62.6450,62.6600,62.6050,62.6550,3762
118,62.6501,62.6650,62.6501,62.6600,2196
119,62.6600,62.6600,62.6100,62.6100,3300
120,62.6100,62.6100,62.5950,62.5950,1177
121,62.6100,62.6300,62.6100,62.6300,900
122,62.6300,62.6600,62.6300,62.6600,900
123,62.6500,62.6600,62.6400,62.6402,2999
124,62.6400,62.6750,62.6400,62.6750,1900
125,62.6750,62.6800,62.6600,62.6600,2370
126,62.6500,62.6500,62.6400,62.6400,500
127,62.6310,62.6310,62.6300,62.6300,576
128,62.6400,62.6400,62.6200,62.6200,1100
129,62.6000,62.6200,62.6000,62.6200,16996
130,62.6100,62.6100,62.5800,62.5800,1139
131,62.5900,62.6100,62.5800,62.5900,4800
132,62.6000,62.6400,62.6000,62.6300,2800
133,62.6301,62.6400,62.6000,62.6100,3360
134,62.6100,62.6200,62.5700,62.5800,16800
135,62.5700,62.5700,62.5500,62.5500,1000
136,62.5400,62.5600,62.5400,62.5600,1957
137,62.5550,62.5700,62.5550,62.5650,1600
138,62.5600,62.5700,62.5300,62.5300,4797
139,62.5300,62.5300,62.4650,62.4800,5250
140,62.4900,62.5050,62.4900,62.5050,1200
141,62.5000,62.5000,62.4800,62.4850,4700
142,62.4850,62.5200,62.4850,62.4901,5540
143,62.5100,62.5100,62.5050,62.5100,2100
144,62.5100,62.5100,62.4800,62.4800,4000
145,62.4700,62.4700,62.4550,62.4700,4500
146,62.4700,62.4900,62.4700,62.4900,1800
147,62.5000,62.5100,62.5000,62.5000,1900
148,62.5000,62.5000,62.4500,62.4500,6700
149,62.4600,62.4650,62.4500,62.4500,1425
150,62.4500,62.4500,62.4200,62.4300,2128
151,62.4399,62.4500,62.4350,62.4400,3844
152,62.4450,62.4450,62.4300,62.4300,1100
153,62.4400,62.4500,62.4300,62.4300,1505
154,62.4300,62.4500,62.4250,62.4400,3538
155,62.4500,62.4600,62.4500,62.4500,600
156,62.4550,62.4550,62.4350,62.4350,1600
157,62.4400,62.4500,62.4350,62.4400,2524
158,62.4400,62.4500,62.4400,62.4500,800
159,62.4400,62.4400,62.4200,62.4200,2100
160,62.4200,62.4350,62.4200,62.4200,3132
161,62.4100,62.4100,62.4000,62.4000,700
162,62.4050,62.4050,62.3500,62.3800,26075
163,62.3800,62.3800,62.3550,62.3750,3450
164,62.3900,62.4000,62.3800,62.3800,2755
165,62.3700,62.3700,62.3700,62.3700,100
166,62.3700,62.4000,62.3700,62.4000,3823
167,62.4100,62.4600,62.4100,62.4300,6909
168,62.4400,62.4400,62.4300,62.4300,900
169,62.4400,62.4500,62.4300,62.4300,3664
170,62.4300,62.4400,62.4300,62.4400,300
171,62.4400,62.4650,62.4350,62.4650,5500
172,62.4600,62.4600,62.4500,62.4500,2989
173,62.4450,62.4450,62.4300,62.4300,725
174,62.4400,62.4401,62.4400,62.4400,1100
175,62.4500,62.4650,62.4500,62.4600,2884
176,62.4600,62.4600,62.4550,62.4600,2700
177,62.4600,62.4600,62.4500,62.4500,650
178,62.4500,62.4500,62.4300,62.4300,2300
179,62.4399,62.4600,62.4350,62.4600,2017
180,62.4600,62.4600,62.4395,62.4395,1650
181,62.4350,62.4400,62.4350,62.4400,1149
182,62.4400,62.4450,62.4300,62.4350,28794
183,62.4400,62.4400,62.4300,62.4300,1267
184,62.4300,62.4300,62.4100,62.4100,3300
185,62.4100,62.4200,62.4050,62.4200,2500
186,62.4100,62.4200,62.4050,62.4100,1404
187,62.4000,62.4100,62.4000,62.4000,1900
188,62.4000,62.4000,62.3600,62.3600,4556
189,62.3600,62.3600,62.3600,62.3600,300
190,62.3600,62.3700,62.3500,62.3500,6450
191,62.3300,62.3400,62.3300,62.3400,1300
192,62.3400,62.3450,62.3350,62.3350,1008
193,62.3350,62.3350,62.3300,62.3300,300
194,62.3350,62.3466,62.3200,62.3466,11821
195,62.3500,62.3550,62.3450,62.3550,2901
196,62.3600,62.3600,62.3300,62.3300,4200
197,62.3300,62.3300,62.3290,62.3290,455
198,62.3300,62.3500,62.3250,62.3500,2950
199,62.3450,62.3450,62.3200,62.3200,8300
200,62.3200,62.3203,62.3000,62.3010,2758
201,62.3050,62.3100,62.2800,62.2850,4316
202,62.2800,62.3100,62.2800,62.3100,5556
203,62.3050,62.3100,62.2900,62.2900,2725
204,62.3000,62.3350,62.2950,62.3350,10739
205,62.3400,62.3500,62.3200,62.3450,9361
206,62.3400,62.3500,62.3400,62.3500,2740
207,62.3600,62.3650,62.3550,62.3650,3700
208,62.3600,62.3750,62.3500,62.3750,6289
209,62.3800,62.3800,62.3700,62.3700,1900
210,62.3750,62.3750,62.3600,62.3600,8139
211,62.3600,62.3650,62.3200,62.3200,8588
212,62.3100,62.3200,62.3000,62.3100,12400
213,62.3100,62.3100,62.2700,62.2725,5274
214,62.2750,62.2750,62.2443,62.2443,2732
215,62.2425,62.2425,62.2200,62.2200,3692
216,62.2300,62.2550,62.2300,62.2550,47232
217,62.2550,62.3000,62.2550,62.2950,91851
218,62.2900,62.3400,62.2900,62.3300,11690
219,62.3300,62.3450,62.3100,62.3350,37269
220,62.3350,62.3400,62.2900,62.3000,12049
221,62.2900,62.3200,62.2600,62.3200,4996
222,62.3200,62.3300,62.3150,62.3300,1500
223,62.3400,62.3400,62.3250,62.3300,2215
224,62.3400,62.3400,62.3000,62.3150,3300
225,62.3100,62.3100,62.3100,62.3100,100
226,62.3100,62.3100,62.3000,62.3100,2600
227,62.3100,62.3100,62.3000,62.3000,2121
228,62.2946,62.3000,62.2946,62.3000,238
229,62.3000,62.3300,62.3000,62.3200,5595
230,62.3150,62.3200,62.3050,62.3200,1900
231,62.3200,62.3300,62.3100,62.3100,2600
232,62.3000,62.3000,62.2700,62.2850,2900
233,62.2800,62.2900,62.2700,62.2700,1900
234,62.2957,62.2957,62.2450,62.2450,4817
235,62.2500,62.2500,62.2300,62.2300,1310
236,62.2350,62.2350,62.2200,62.2200,1900
237,62.2200,62.2200,62.1500,62.1700,12988
238,62.1650,62.1800,62.1600,62.1750,6600
239,62.1800,62.1950,62.1600,62.1900,9432
240,62.1900,62.2100,62.1900,62.2000,2500
241,62.2100,62.2200,62.1700,62.1800,4050
242,62.1800,62.1950,62.1800,62.1950,800
243,62.2000,62.2100,62.2000,62.2100,2300
244,62.2200,62.2200,62.1900,62.1900,3400
245,62.2000,62.2100,62.1700,62.1700,2641
246,62.1700,62.1900,62.1700,62.1900,1700
247,62.1850,62.1850,62.1700,62.1700,800
248,62.1800,62.1800,62.1700,62.1700,600
249,62.1800,62.1875,62.1700,62.1850,6601
250,62.1850,62.1850,62.1600,62.1700,5000
251,62.1800,62.1950,62.1800,62.1900,3000
252,62.2000,62.2200,62.1900,62.2200,2554
253,62.2300,62.2300,62.2000,62.2000,2495
254,62.2050,62.2100,62.2050,62.2050,500
255,62.2100,62.2200,62.2100,62.2200,1600
256,62.2200,62.2200,62.1900,62.1900,4300
257,62.1950,62.2000,62.1900,62.2000,854
258,62.2000,62.2000,62.1900,62.1950,600
259,62.1900,62.2000,62.1900,62.1900,2800
260,62.2000,62.2050,62.1950,62.1950,1600
261,62.1950,62.1950,62.1750,62.1750,2300
262,62.1800,62.1925,62.1800,62.1925,6067
263,62.1900,62.2100,62.1850,62.1900,10631
264,62.2000,62.2100,62.1900,62.1900,2600
265,62.1950,62.1950,62.1900,62.1900,1200
266,62.1900,62.1900,62.1700,62.1700,1000
267,62.1700,62.1700,62.1600,62.1700,1200
268,62.1600,62.1600,62.1500,62.1500,4385
269,62.1510,62.1600,62.1500,62.1500,1300
270,62.1500,62.1600,62.1400,62.1400,4900
271,62.1400,62.1400,62.1200,62.1275,6012
272,62.1200,62.1300,62.0920,62.0950,6767
273,62.0900,62.0900,62.0750,62.0900,4186
274,62.0900,62.0900,62.0850,62.0900,1400
275,62.0865,62.1000,62.0865,62.1000,6593
276,62.1000,62.1100,62.0900,62.1001,4200
277,62.1000,62.1000,62.0800,62.0800,4865
278,62.0900,62.0900,62.0700,62.0700,3380
279,62.0700,62.0700,62.0600,62.0600,4107
280,62.0600,62.0700,62.0550,62.0680,2202
281,62.0700,62.0800,62.0700,62.0750,4768
282,62.0800,62.1100,62.0650,62.1050,15492
283,62.1050,62.1300,62.1050,62.1200,11661
284,62.1200,62.1450,62.1100,62.1100,11631
285,62.1000,62.1050,62.0600,62.0600,5195
286,62.0500,62.0500,62.0100,62.0150,6082
287,62.0200,62.0400,62.0150,62.0250,5637
288,62.0300,62.0300,62.0150,62.0200,4415
289,62.0150,62.0300,62.0150,62.0250,4194
290,62.0300,62.0400,62.0250,62.0250,7532
291,62.0250,62.0400,62.0250,62.0400,2763
292,62.0400,62.0500,62.0350,62.0450,1715
293,62.0500,62.0600,62.0450,62.0550,6876
294,62.0600,62.0600,62.0535,62.0535,2877
295,62.0550,62.0563,62.0100,62.0200,7359
296,62.0200,62.0310,62.0200,62.0200,4100
297,62.0100,62.0200,62.0100,62.0150,2847
298,62.0100,62.0225,62.0100,62.0100,5192
299,62.0100,62.0200,62.0000,62.0150,8477
300,62.0200,62.0800,62.0100,62.0700,13183
301,62.0800,62.1000,62.0750,62.1000,4454
302,62.0950,62.1050,62.0800,62.0800,7453
303,62.0800,62.0850,62.0700,62.0700,1500
304,62.0700,62.0900,62.0550,62.0800,13270
305,62.0900,62.0900,62.0501,62.0600,7300
306,62.0700,62.1100,62.0600,62.1050,10842
307,62.1000,62.1000,62.0701,62.0701,6495
308,62.0701,62.0800,62.0545,62.0565,9190
309,62.0600,62.0600,62.0500,62.0550,2350
310,62.0500,62.0600,62.0500,62.0500,4940
311,62.0500,62.0600,62.0450,62.0550,4400
312,62.0550,62.0550,62.0400,62.0400,3400
313,62.0400,62.0450,62.0400,62.0450,300
314,62.0450,62.0450,61.9900,62.0086,7261
315,62.0100,62.0300,62.0050,62.0150,10141
316,62.0100,62.0400,61.9900,62.0375,137064
317,62.0400,62.0600,62.0400,62.0500,6831
318,62.0500,62.0600,62.0400,62.0600,2600
319,62.0600,62.0600,62.0400,62.0500,5100
320,62.0400,62.0700,62.0400,62.0500,4351
321,62.0500,62.0625,62.0400,62.0400,4124
322,62.0500,62.0600,62.0500,62.0500,9016
323,62.0500,62.0700,62.0450,62.0450,16746
324,62.0450,62.0700,62.0450,62.0550,6060
325,62.0500,62.0700,62.0500,62.0500,5999
326,62.0600,62.1200,62.0550,62.1200,9981
327,62.1200,62.1400,62.1027,62.1100,19971
328,62.1050,62.1400,62.1013,62.1400,27040
329,62.1350,62.1407,62.1350,62.1350,3417
330,62.1475,62.1600,62.1450,62.1500,4335
331,62.1565,62.1700,62.1500,62.1500,4596
332,62.1400,62.1500,62.1100,62.1100,7224
333,62.1000,62.1100,62.0900,62.0901,13488
334,62.0900,62.1300,62.0850,62.1300,9134
335,62.1200,62.1300,62.1200,62.1250,3700
336,62.1250,62.1250,62.1000,62.1100,8042
337,62.1200,62.1200,62.1050,62.1100,4760
338,62.1000,62.1200,62.1000,62.1200,5200
339,62.1100,62.1100,62.1000,62.1000,4400
340,62.0950,62.1100,62.0900,62.1000,9600
341,62.1000,62.1000,62.0800,62.0800,3700
342,62.0700,62.0700,62.0550,62.0550,8996
343,62.0550,62.0600,62.0310,62.0310,9396
344,62.0300,62.0300,61.9950,62.0000,29195
345,62.0000,62.0100,61.9950,62.0050,4007
346,62.0050,62.0200,62.0050,62.0100,3600
347,62.0100,62.0300,62.0100,62.0200,5145
348,62.0200,62.0300,62.0100,62.0300,3000
349,62.0200,62.0600,62.0200,62.0600,9010
350,62.0550,62.0800,62.0550,62.0750,5200
351,62.0750,62.0800,62.0650,62.0650,7071
352,62.0610,62.0700,62.0600,62.0600,1456
353,62.0600,62.0600,62.0200,62.0250,8416
354,62.0200,62.0250,62.0200,62.0200,700
355,62.0200,62.0260,62.0000,62.0000,4023
356,62.0100,62.0101,61.9900,62.0000,9187
357,62.0000,62.0600,61.9950,62.0450,15139
358,62.0400,62.0400,62.0300,62.0300,4200
359,62.0300,62.0350,61.9550,61.9550,15222
360,61.9600,61.9800,61.9400,61.9400,17749
361,61.9500,61.9600,61.9300,61.9500,15453
362,61.9450,61.9450,61.9200,61.9400,8685
363,61.9300,61.9300,61.9200,61.9200,8000
364,61.9300,61.9300,61.8900,61.8950,10943
365,61.8950,61.8950,61.8500,61.8600,16227
366,61.8600,61.8800,61.8500,61.8750,12141
367,61.8800,61.9300,61.8800,61.9250,9871
368,61.9250,61.9250,61.8900,61.9051,21213
369,61.9000,61.9250,61.9000,61.9200,17640
370,61.9250,61.9300,61.9100,61.9100,14096
371,61.9100,61.9100,61.8900,61.8950,19830
372,61.8950,61.9000,61.8700,61.8750,10857
373,61.8800,61.8800,61.8700,61.8750,13162
374,61.8700,61.9099,61.8500,61.9099,21934
375,61.9050,61.9100,61.8800,61.8850,15325
376,61.8900,61.9000,61.8700,61.8850,14456
377,61.8850,61.9200,61.8800,61.9150,7583
378,61.9101,61.9200,61.8900,61.8900,17128
379,61.8900,61.9000,61.8650,61.8700,21397
380,61.8750,61.8800,61.8100,61.8400,21837
381,61.8400,61.8600,61.8200,61.8300,34756
382,61.8400,61.8500,61.8200,61.8200,13445
383,61.8200,61.8300,61.7300,61.7400,43507
384,61.7450,61.7900,61.7400,61.7500,36893
385,61.7500,61.7600,61.7400,61.7400,17012
386,61.7400,61.7800,61.7400,61.7800,36927
387,61.7900,61.8000,61.7700,61.7800,21943
388,61.7800,61.7900,61.7700,61.7800,35769
389,61.7750,61.8300,61.7700,61.8100,42203
390,61.8197,61.8500,61.8100,61.8400,353392