SNI,Scripps Networks Interactive Inc.,Consumer Discretionary,1,Cable & Satellite,8593734600,1711146
a149935860078,65.9900,65.9900,65.9600,65.9600,1300
379,65.9600,65.9900,65.9600,65.9700,5550
380,65.9600,66.0500,65.9500,65.9650,9000
381,65.9700,65.9800,65.9350,65.9350,6408
382,65.9300,65.9300,65.9000,65.9100,5818
383,65.9200,65.9400,65.9100,65.9400,1727
384,65.9300,65.9500,65.9100,65.9400,5405
385,65.9400,65.9400,65.9250,65.9350,2138
386,65.9400,65.9550,65.9300,65.9400,8381
387,65.9400,65.9400,65.9100,65.9300,5219
388,65.9300,65.9300,65.8600,65.8600,6211
389,65.8600,65.8750,65.8600,65.8600,5600
390,65.8600,65.8900,65.8550,65.8900,57789
0,65.8800,65.8800,65.8800,65.8800,4493
1,65.9700,65.9700,65.9300,65.9300,200
2,65.8500,65.9300,65.6400,65.7200,3000
3,65.7250,65.7250,65.6100,65.6500,800
4,65.5000,65.6400,65.5000,65.5600,1400
5,65.6600,65.7000,65.5900,65.6200,1000
6,65.4400,65.5300,65.2800,65.4750,4270
7,65.5200,65.5200,65.3500,65.3500,3020
8,65.3800,65.4000,65.2700,65.2700,5260
9,65.2300,65.6200,65.2300,65.5600,3900
10,65.5600,65.6000,65.4200,65.4700,2320
11,65.4100,65.4800,65.4000,65.4100,1700
12,65.3500,65.4400,65.3300,65.3400,600
13,65.3700,65.4300,65.3300,65.3950,2100
14,65.4600,65.5200,65.4600,65.5150,1900
15,65.4900,65.6000,65.4790,65.4790,2000
16,65.5500,65.5900,65.5500,65.5600,1100
17,65.5600,65.5700,65.5100,65.5250,2400
18,65.5050,65.5100,65.4950,65.4950,700
19,65.5200,65.5900,65.5050,65.5650,3133
20,65.5500,65.5800,65.5150,65.5150,1100
21,65.5050,65.5050,65.4100,65.4100,1588
22,65.4100,65.4100,65.4050,65.4050,300
23,65.3950,65.4000,65.3950,65.4000,212
24,65.3950,65.4900,65.3950,65.4350,2900
25,65.4300,65.4300,65.3600,65.3700,1402
26,65.3700,65.4500,65.3600,65.4500,1198
27,65.4600,65.5100,65.4600,65.5100,3900
28,65.5000,65.5300,65.4800,65.5100,4239
29,65.5300,65.5500,65.5000,65.5300,2800
30,65.5300,65.5300,65.5300,65.5300,300
31,65.5350,65.6200,65.5300,65.6000,2200
32,65.6200,65.6400,65.6000,65.6100,1400
33,65.5800,65.5900,65.5400,65.5700,2400
34,65.5600,65.6400,65.5600,65.6400,1500
35,65.6400,65.6800,65.6100,65.6700,2507
36,65.6900,65.7300,65.6600,65.6700,2795
37,65.6550,65.6800,65.6300,65.6800,3150
38,65.7000,65.7200,65.6600,65.7200,2100
39,65.7200,65.7600,65.7000,65.7000,1800
40,65.6850,65.7500,65.6850,65.7500,1600
41,65.7600,65.8100,65.7600,65.7600,4136
42,65.7800,65.8000,65.7600,65.8000,1700
43,65.7950,65.8300,65.7800,65.8300,3000
44,65.8300,65.8900,65.8300,65.8800,5550
45,65.8600,65.8800,65.8300,65.8700,2650
46,65.8700,65.9200,65.8700,65.9200,2500
47,65.9500,65.9800,65.9100,65.9800,2500
48,66.0000,66.0100,66.0000,66.0100,200
49,66.0200,66.0200,65.9300,65.9350,5874
50,65.9350,65.9350,65.9000,65.9000,700
51,65.9050,65.9300,65.9000,65.9300,300
52,65.9000,65.9050,65.8900,65.8900,1154
53,65.8800,65.9400,65.8600,65.9100,4780
54,65.9400,65.9400,65.9100,65.9100,2909
55,65.9100,65.9500,65.9100,65.9200,2500
56,65.9000,65.9200,65.9000,65.9200,2200
57,65.9300,66.0006,65.9300,65.9600,3800
58,65.9650,65.9650,65.9400,65.9500,2800
59,65.9600,65.9700,65.9600,65.9700,674
60,65.9900,65.9900,65.9600,65.9600,975
61,65.9600,65.9600,65.9300,65.9300,3700
62,65.9300,65.9900,65.9300,65.9900,3440
63,66.0000,66.0000,65.9100,65.9300,5901
64,65.9200,66.0000,65.9200,65.9300,5600
65,65.9350,65.9500,65.9250,65.9500,1200
66,65.9500,65.9825,65.9500,65.9600,800
67,65.9400,65.9900,65.9400,65.9900,3226
68,65.9900,66.0000,65.9900,65.9900,400
69,65.9900,66.0000,65.8850,65.8850,2498
70,65.8700,65.9600,65.8700,65.9400,4500
71,65.8700,65.9800,65.8700,65.9300,5122
72,65.9500,65.9900,65.9500,65.9900,5600
73,66.0000,66.0300,66.0000,66.0300,3037
74,66.0250,66.0400,66.0250,66.0400,500
75,66.0400,66.0700,66.0300,66.0700,4901
76,66.0700,66.0900,66.0400,66.0500,17921
77,66.0700,66.1000,66.0500,66.0900,5940
78,66.0900,66.0900,66.0400,66.0600,15100
79,66.0800,66.1000,66.0800,66.0800,2100
80,66.0750,66.1000,66.0700,66.0850,1300
81,66.0850,66.1000,66.0850,66.0850,900
82,66.0850,66.1000,66.0850,66.1000,500
83,66.0700,66.0700,66.0001,66.0400,3415
84,66.0500,66.0700,66.0150,66.0250,6300
85,66.0300,66.0500,66.0000,66.0200,5400
86,66.0200,66.0300,65.9700,65.9700,3111
87,65.9600,66.0000,65.9500,65.9900,2100
88,65.9900,66.0000,65.9800,66.0000,2107
89,66.0000,66.0000,65.9800,66.0000,1400
90,66.0100,66.0100,66.0000,66.0100,700
91,66.0200,66.0300,65.9900,65.9900,2594
92,66.0100,66.0200,65.9801,66.0190,440
93,66.0200,66.0400,66.0000,66.0200,2500
94,66.0200,66.0700,66.0150,66.0600,2540
95,66.0400,66.0599,66.0300,66.0599,1002
96,66.0500,66.0800,66.0500,66.0800,1095
97,66.0900,66.0900,66.0250,66.0400,3238
98,66.0500,66.0800,66.0500,66.0800,1909
99,66.0899,66.0900,66.0400,66.0500,2000
100,66.0600,66.0700,66.0500,66.0500,700
101,66.0500,66.0700,66.0500,66.0629,1375
102,66.0800,66.0800,66.0800,66.0800,300
103,66.0800,66.0800,66.0200,66.0400,2700
104,66.0800,66.0800,66.0450,66.0500,3000
105,66.0500,66.0750,66.0500,66.0500,4218
106,66.0600,66.0700,66.0600,66.0600,1100
107,66.0600,66.0800,66.0600,66.0600,2100
108,66.0600,66.0600,66.0301,66.0301,929
109,66.0500,66.0700,66.0300,66.0700,1300
110,66.0800,66.0900,66.0800,66.0900,200
111,66.1000,66.1200,66.1000,66.1200,1007
112,66.1200,66.1200,66.1028,66.1028,635
113,66.1200,66.1200,66.0800,66.0800,2787
114,66.0900,66.0900,66.0900,66.0900,200
115,66.0999,66.0999,66.0999,66.0999,190
116,66.1000,66.1500,66.1000,66.1500,1200
117,66.1499,66.1500,66.0500,66.0900,3710
118,66.1100,66.1100,66.1100,66.1100,100
119,66.1300,66.1300,66.1300,66.1300,200
120,66.1300,66.1400,66.0800,66.0950,1400
121,66.1100,66.1300,66.1100,66.1300,700
122,66.1300,66.1800,66.1300,66.1800,300
123,66.1800,66.2500,66.1700,66.2500,1788
124,66.2500,66.2500,66.1900,66.2100,1000
125,66.1600,66.1700,66.1300,66.1300,800
126,66.1300,66.1400,66.1300,66.1400,400
127,66.1700,66.1800,66.1700,66.1800,200
128,66.2000,66.2100,66.2000,66.2100,300
129,66.2040,66.2100,66.1800,66.1900,1561
130,66.2000,66.2000,66.1900,66.1900,300
131,66.2100,66.2100,66.2100,66.2100,100
132,66.1900,66.2200,66.1900,66.1900,700
133,66.1800,66.2400,66.1800,66.2400,1400
134,66.2700,66.2700,66.2700,66.2700,100
135,66.2300,66.2300,66.2100,66.2300,700
137,66.2000,66.2000,66.1400,66.1800,4257
140,66.1500,66.1600,66.1300,66.1500,600
141,66.1400,66.1600,66.0900,66.0900,2900
142,66.0900,66.1200,66.0900,66.1200,800
143,66.1400,66.1600,66.1200,66.1600,1500
145,66.1300,66.1800,66.1300,66.1800,6500
146,66.1850,66.2200,66.1800,66.1900,4621
147,66.1900,66.2300,66.1900,66.2200,2700
148,66.1800,66.2100,66.1700,66.1800,7719
149,66.1700,66.1700,66.1300,66.1450,600
150,66.1450,66.2200,66.1450,66.1700,7191
151,66.1800,66.2400,66.1800,66.2100,1442
152,66.2100,66.2300,66.2000,66.2000,709
153,66.2050,66.2200,66.1900,66.2200,1141
154,66.2200,66.2400,66.1900,66.1900,2340
155,66.1900,66.2200,66.1500,66.1700,3057
156,66.1700,66.1700,66.1600,66.1700,3100
157,66.1500,66.1900,66.1500,66.1600,1500
158,66.1700,66.2100,66.1600,66.2000,6768
159,66.2100,66.2100,66.1800,66.1950,4730
160,66.1800,66.1800,66.1600,66.1650,1200
161,66.1600,66.1800,66.1400,66.1800,4800
162,66.1700,66.1900,66.1700,66.1700,2900
163,66.1700,66.2000,66.1400,66.1900,6405
164,66.1800,66.2000,66.1700,66.1700,8583
165,66.1800,66.1800,66.1300,66.1500,4918
166,66.1500,66.1900,66.1500,66.1800,1534
167,66.1800,66.2100,66.1750,66.1900,1300
168,66.1600,66.1700,66.1500,66.1700,2316
169,66.1800,66.1800,66.1600,66.1600,1200
170,66.1500,66.1700,66.1500,66.1600,2009
171,66.1600,66.1700,66.1300,66.1300,3268
172,66.1300,66.1500,66.1300,66.1500,1200
173,66.1400,66.1400,66.1400,66.1400,100
174,66.1600,66.1700,66.1500,66.1700,2700
175,66.1700,66.1800,66.1400,66.1800,3310
176,66.1700,66.1800,66.1500,66.1800,2400
177,66.1800,66.1800,66.1500,66.1500,3400
178,66.1500,66.1800,66.1500,66.1800,3551
181,66.1750,66.1750,66.1000,66.1400,4400
182,66.1200,66.1300,66.1200,66.1300,700
183,66.1193,66.1193,66.1193,66.1193,150
184,66.1100,66.1100,66.1000,66.1000,902
185,66.1100,66.1100,66.1000,66.1100,900
187,66.1000,66.1300,66.1000,66.1200,1700
188,66.1300,66.1500,66.1300,66.1350,700
189,66.1350,66.1400,66.1300,66.1400,1100
190,66.1350,66.1500,66.1300,66.1300,2100
191,66.1250,66.1272,66.1100,66.1100,1245
192,66.1400,66.1500,66.1400,66.1500,300
193,66.1700,66.1700,66.1600,66.1700,500
194,66.1700,66.1800,66.1700,66.1800,300
195,66.1800,66.2100,66.1800,66.2100,600
196,66.2150,66.2200,66.1600,66.1600,3300
197,66.1600,66.2000,66.1600,66.2000,1400
198,66.1800,66.1800,66.1800,66.1800,100
199,66.1700,66.1700,66.1700,66.1700,100
200,66.1600,66.1600,66.1600,66.1600,100
202,66.1700,66.1800,66.1700,66.1800,800
203,66.1850,66.2000,66.1850,66.1900,900
204,66.1800,66.1800,66.1700,66.1700,600
205,66.1600,66.1700,66.1600,66.1700,50400
206,66.1700,66.1700,66.1700,66.1700,700
207,66.1900,66.2000,66.1900,66.2000,1000
208,66.2200,66.2200,66.2200,66.2200,100
209,66.2150,66.2150,66.2150,66.2150,243
210,66.2300,66.2300,66.2300,66.2300,100
211,66.2000,66.2000,66.2000,66.2000,100
212,66.2300,66.2600,66.2000,66.2600,3811
213,66.2600,66.2600,66.2401,66.2500,2646
214,66.2500,66.2500,66.2400,66.2400,950
215,66.2450,66.2700,66.2400,66.2700,9039
216,66.2600,66.2900,66.2600,66.2900,5100
217,66.3000,66.3000,66.2700,66.2700,5500
218,66.2800,66.2800,66.2800,66.2800,200
219,66.2500,66.2500,66.2500,66.2500,200
220,66.2400,66.2400,66.2400,66.2400,200
221,66.2400,66.2800,66.2400,66.2700,4000
222,66.2800,66.2800,66.2800,66.2800,100
223,66.2750,66.2750,66.2700,66.2700,600
224,66.2700,66.2700,66.2300,66.2300,1000
225,66.2450,66.2450,66.2250,66.2400,1224
226,66.2500,66.3100,66.2300,66.2700,3302
227,66.2700,66.2900,66.2600,66.2700,4273
228,66.2400,66.2400,66.2250,66.2300,900
229,66.2400,66.3000,66.2400,66.2900,1822
230,66.2800,66.2900,66.2600,66.2600,2900
231,66.2700,66.2700,66.2600,66.2600,300
232,66.2800,66.2800,66.2600,66.2700,700
233,66.2500,66.2900,66.2400,66.2800,4400
234,66.2700,66.2700,66.2400,66.2400,2400
235,66.2400,66.2400,66.2250,66.2300,800
237,66.2100,66.2100,66.2100,66.2100,100
238,66.2100,66.2500,66.2100,66.2400,2900
239,66.2500,66.2700,66.2300,66.2700,2300
240,66.2700,66.2900,66.2100,66.2100,6594
241,66.2200,66.2200,66.2100,66.2100,800
242,66.2300,66.2400,66.2300,66.2300,900
243,66.2200,66.2200,66.2200,66.2200,200
244,66.2300,66.2500,66.2300,66.2500,1100
245,66.2500,66.2600,66.2250,66.2250,1300
246,66.2400,66.2500,66.2200,66.2200,1100
247,66.2300,66.2400,66.2300,66.2400,400
248,66.2500,66.2500,66.2500,66.2500,200
249,66.2400,66.2500,66.2300,66.2300,800
250,66.2200,66.2200,66.2100,66.2100,900
251,66.2000,66.2000,66.1800,66.1800,700
252,66.1700,66.2200,66.1600,66.2200,1300
253,66.2100,66.2100,66.1800,66.1800,1714
254,66.1900,66.2000,66.1800,66.2000,700
255,66.1900,66.2100,66.1800,66.1900,988
256,66.1900,66.1900,66.1600,66.1800,800
257,66.1500,66.1500,66.1500,66.1500,700
258,66.1600,66.1600,66.1600,66.1600,100
259,66.1500,66.1700,66.1500,66.1500,500
260,66.1700,66.1700,66.1700,66.1700,200
261,66.1300,66.1450,66.1300,66.1400,1600
262,66.1600,66.1600,66.1500,66.1500,500
263,66.1700,66.1700,66.1600,66.1600,400
264,66.1800,66.2000,66.1800,66.1900,1000
265,66.1900,66.2000,66.1900,66.2000,500
266,66.1800,66.1800,66.1800,66.1800,100
267,66.1500,66.1600,66.1400,66.1500,1755
268,66.1400,66.1450,66.1300,66.1300,600
269,66.1500,66.2000,66.1500,66.2000,1600
270,66.2000,66.2000,66.2000,66.2000,407
271,66.2096,66.2400,66.2000,66.2000,919
272,66.2150,66.2300,66.2100,66.2300,802
273,66.2150,66.2300,66.2000,66.2300,524
274,66.2100,66.2400,66.2100,66.2400,600
275,66.2400,66.3000,66.2400,66.3000,1600
276,66.3100,66.3100,66.2700,66.3100,2600
277,66.3000,66.3200,66.2800,66.2800,1848
278,66.2600,66.2800,66.2600,66.2800,300
279,66.2300,66.2600,66.2300,66.2600,1300
281,66.2800,66.2800,66.2700,66.2800,1000
282,66.2800,66.2800,66.2700,66.2800,400
283,66.2900,66.3000,66.2800,66.2800,1048
284,66.2800,66.3000,66.2700,66.3000,2600
285,66.2700,66.3000,66.2700,66.2900,1089
286,66.2900,66.2900,66.2900,66.2900,100
287,66.3000,66.3300,66.2800,66.3300,2000
288,66.3300,66.3500,66.3300,66.3300,998
289,66.3400,66.3800,66.3400,66.3800,4434
290,66.3800,66.3900,66.3700,66.3900,600
291,66.3800,66.4000,66.3600,66.4000,3200
292,66.3700,66.3900,66.3500,66.3650,1365
293,66.3500,66.3800,66.3500,66.3800,200
294,66.3650,66.4000,66.3600,66.4000,3400
295,66.4000,66.4400,66.3900,66.3950,3162
296,66.3900,66.4100,66.3800,66.3800,654
297,66.3800,66.4000,66.3600,66.4000,3100
298,66.3900,66.4100,66.3800,66.3800,433
299,66.4000,66.4700,66.4000,66.4400,1850
300,66.4300,66.4520,66.4200,66.4400,1221
301,66.4200,66.4200,66.3900,66.3950,2242
302,66.4100,66.4500,66.4100,66.4500,1300
303,66.4200,66.4350,66.3800,66.4100,2000
304,66.4000,66.4400,66.4000,66.4400,2600
305,66.4300,66.4500,66.4250,66.4500,300
306,66.4500,66.4500,66.4500,66.4500,100
307,66.4200,66.4300,66.4200,66.4300,400
308,66.4000,66.4100,66.4000,66.4100,1000
309,66.3800,66.4100,66.3750,66.4100,1300
310,66.4000,66.4000,66.4000,66.4000,100
311,66.4000,66.4000,66.3650,66.3650,1200
312,66.3740,66.4000,66.3500,66.4000,4075
313,66.4000,66.4400,66.4000,66.4400,400
314,66.4200,66.4200,66.4100,66.4100,400
315,66.4100,66.4450,66.4100,66.4400,2700
316,66.4400,66.4400,66.4171,66.4300,530
317,66.4399,66.4400,66.4399,66.4400,730
318,66.4200,66.4600,66.4200,66.4500,2500
319,66.4400,66.4700,66.4230,66.4400,4150
320,66.4150,66.4400,66.4150,66.4150,300
321,66.3900,66.3950,66.3600,66.3700,1201
322,66.3500,66.3700,66.3500,66.3600,1700
323,66.3700,66.3800,66.3500,66.3750,2200
324,66.3600,66.4100,66.3600,66.4000,2100
325,66.3700,66.3900,66.3700,66.3900,2030
326,66.4000,66.4200,66.4000,66.4200,700
327,66.4200,66.4200,66.3952,66.3952,239
328,66.3800,66.4000,66.3800,66.3900,1100
329,66.3800,66.3900,66.3500,66.3600,857
330,66.3700,66.3700,66.3550,66.3550,200
331,66.3500,66.3900,66.3500,66.3900,1700
332,66.3500,66.3800,66.3500,66.3800,1120
333,66.3800,66.3900,66.3600,66.3700,2600
334,66.3700,66.4000,66.3700,66.4000,700
336,66.3700,66.4000,66.3700,66.4000,1700
337,66.4000,66.4100,66.3900,66.3900,1400
338,66.3900,66.4700,66.3900,66.4700,2000
339,66.4600,66.4700,66.4500,66.4600,800
340,66.4400,66.4800,66.4300,66.4350,1503
341,66.4400,66.4400,66.4200,66.4300,400
342,66.4200,66.4300,66.4000,66.4100,1800
343,66.4000,66.4300,66.4000,66.4300,900
345,66.4000,66.4300,66.3900,66.4200,1800
346,66.4100,66.4500,66.4100,66.4200,1400
347,66.4150,66.4200,66.3900,66.4150,1462
349,66.3800,66.4400,66.3800,66.4300,2696
350,66.4350,66.4350,66.4100,66.4200,2659
351,66.4100,66.4200,66.3900,66.4100,2665
352,66.4000,66.4100,66.4000,66.4100,400
353,66.3950,66.4100,66.3800,66.3800,536
355,66.3750,66.3750,66.3750,66.3750,200
356,66.3700,66.3800,66.3700,66.3800,1300
357,66.3800,66.4200,66.3600,66.3900,3541
358,66.3900,66.3900,66.3800,66.3900,300
359,66.3800,66.3800,66.3100,66.3100,3178
360,66.3000,66.3000,66.3000,66.3000,100
361,66.2950,66.3100,66.2400,66.2750,4663
362,66.2600,66.2800,66.2500,66.2500,1110
363,66.2500,66.2800,66.2400,66.2700,2993
364,66.2500,66.2500,66.2000,66.2100,1000
365,66.2050,66.2400,66.2000,66.2400,3400
366,66.2400,66.2600,66.2000,66.2000,1300
367,66.2000,66.2300,66.1950,66.2300,2300
368,66.2150,66.2500,66.2150,66.2500,600
369,66.2500,66.2700,66.2500,66.2500,2017
370,66.2500,66.2500,66.2400,66.2500,1200
371,66.2200,66.2400,66.2200,66.2300,1800
372,66.2200,66.2500,66.2200,66.2300,5109
373,66.2300,66.2500,66.2300,66.2500,1501
374,66.2500,66.2500,66.2300,66.2500,2100
375,66.2300,66.2500,66.2100,66.2100,1700
376,66.2100,66.2100,66.1700,66.1900,3450
377,66.1850,66.1900,66.1800,66.1800,1800
378,66.1900,66.1900,66.1500,66.1500,4046
379,66.1600,66.2100,66.1600,66.2000,3200
380,66.2000,66.2500,66.1800,66.2000,9635
381,66.2300,66.2800,66.2200,66.2600,3693
382,66.2600,66.2700,66.2550,66.2550,4603
383,66.2550,66.2600,66.2200,66.2200,6026
384,66.2250,66.2500,66.2200,66.2500,6210
385,66.2450,66.2500,66.2300,66.2400,5781
386,66.2400,66.2400,66.2200,66.2300,6658
387,66.2250,66.2900,66.2200,66.2800,10801
388,66.2800,66.2850,66.2700,66.2800,11238
389,66.2600,66.3000,66.2600,66.2800,11087
390,66.2800,66.2900,66.2500,66.2800,105691