VTR,Ventas Inc,Real Estate,9,Health Care REITs,23571137246,1814510
a149935860063,67.0000,67.0100,66.9900,67.0050,3986
364,67.0050,67.0050,67.0050,67.0050,612
365,67.0000,67.0000,66.9950,67.0000,840
366,67.0000,67.0201,67.0000,67.0200,5358
367,67.0200,67.0300,67.0101,67.0200,2260
368,67.0200,67.0400,67.0200,67.0400,2650
369,67.0400,67.0500,67.0350,67.0400,5735
370,67.0300,67.0301,67.0100,67.0201,6764
371,67.0100,67.0200,67.0000,67.0200,2509
372,67.0100,67.0100,66.9800,67.0000,4177
373,67.0000,67.0100,66.9850,66.9850,3170
374,66.9850,66.9900,66.9850,66.9900,750
375,66.9900,67.0100,66.9870,67.0000,2243
376,67.0000,67.0100,66.9900,67.0100,6294
377,67.0000,67.0000,66.9486,66.9700,4515
378,66.9700,66.9700,66.9600,66.9600,1500
379,66.9700,66.9800,66.9500,66.9500,3613
380,66.9600,66.9600,66.9500,66.9500,2484
381,66.9400,66.9500,66.9300,66.9500,3904
382,66.9500,66.9700,66.9500,66.9500,3073
383,66.9450,66.9600,66.9450,66.9600,1811
384,66.9500,66.9600,66.9400,66.9400,3208
385,66.9500,66.9500,66.9200,66.9200,6772
386,66.9200,66.9250,66.8900,66.8900,5390
387,66.8900,66.9250,66.8850,66.9100,10712
388,66.9100,66.9300,66.9100,66.9100,6298
389,66.9100,66.9700,66.8950,66.9600,18019
390,66.9600,66.9700,66.9400,66.9600,15581
0,67.0400,67.1200,67.0400,67.1200,21533
1,66.9200,66.9600,66.6700,66.7400,2000
2,66.7500,66.7600,66.6400,66.7000,3593
3,66.7000,66.7200,66.6200,66.6300,3112
4,66.6750,66.7200,66.5900,66.6000,809
5,66.6700,66.7200,66.6000,66.6820,3236
6,66.6800,66.8000,66.6800,66.7300,3421
7,66.8200,66.8400,66.8000,66.8300,1100
8,66.8400,66.8800,66.8300,66.8300,2600
9,66.7900,66.8600,66.7500,66.8500,2050
10,66.8400,66.8600,66.7900,66.8200,808
11,66.7900,66.7900,66.7900,66.7900,100
12,66.8600,66.8600,66.8500,66.8600,700
13,66.8400,66.8600,66.8080,66.8400,1100
14,66.8400,66.8900,66.8200,66.8200,2400
15,66.8400,66.8600,66.8400,66.8600,200
16,66.8600,66.8900,66.7600,66.7600,2415
17,66.8000,66.8000,66.7700,66.7700,300
18,66.7800,66.8500,66.7800,66.8500,600
19,66.8400,66.8600,66.8300,66.8600,500
20,66.8300,66.8600,66.8300,66.8354,987
21,66.8500,66.9500,66.8500,66.9200,1100
22,66.9200,66.9350,66.8900,66.8900,1115
23,66.8900,66.9300,66.8900,66.8900,624
24,66.9200,66.9400,66.9200,66.9400,200
25,66.9400,66.9400,66.9100,66.9200,1400
26,66.9000,66.9600,66.8900,66.9600,600
27,66.9900,67.0304,66.9900,67.0304,1359
28,67.0000,67.0000,66.9350,66.9700,1299
29,66.9600,66.9600,66.9600,66.9600,462
30,66.9500,66.9600,66.9150,66.9500,700
31,66.9500,66.9500,66.9100,66.9100,1987
32,66.9107,66.9700,66.9107,66.9400,2089
33,66.9100,66.9100,66.9100,66.9100,200
34,66.8920,66.8920,66.8920,66.8920,302
35,66.8700,66.8800,66.8300,66.8400,1100
37,66.8800,66.8800,66.8500,66.8500,723
38,66.8300,66.8800,66.8300,66.8300,1005
39,66.8500,66.8585,66.8250,66.8500,411
40,66.8300,66.8800,66.8200,66.8500,1000
41,66.8400,66.8800,66.8400,66.8600,921
42,66.8740,66.9000,66.8400,66.8400,685
43,66.8100,66.9000,66.8100,66.9000,594
44,66.8500,66.8700,66.8300,66.8700,1309
45,66.8750,66.9000,66.8750,66.8950,800
46,66.9300,66.9328,66.9000,66.9000,797
47,66.9300,66.9300,66.8900,66.9050,400
48,66.8900,66.8900,66.7100,66.8100,21083
49,66.7800,66.8010,66.7500,66.7500,1577
50,66.7400,66.7750,66.7400,66.7400,1888
51,66.6700,66.6800,66.6400,66.6400,600
52,66.6400,66.6800,66.6400,66.6400,400
53,66.6400,66.6400,66.6000,66.6200,1880
54,66.6200,66.6500,66.6200,66.6500,200
55,66.6300,66.7000,66.6300,66.6700,4967
56,66.6600,66.7300,66.6600,66.7300,2433
57,66.6800,66.7090,66.6800,66.7090,250
58,66.6900,66.6900,66.6500,66.6500,200
60,66.6700,66.7000,66.6600,66.6600,400
61,66.6800,66.7300,66.6800,66.7300,800
62,66.7100,66.7100,66.6900,66.6900,700
63,66.7400,66.7400,66.7400,66.7400,185
64,66.7600,66.7600,66.6900,66.6900,700
65,66.7050,66.7450,66.7050,66.7450,350
66,66.7479,66.7479,66.7479,66.7479,150
67,66.7600,66.7700,66.7600,66.7700,300
68,66.7700,66.7700,66.7200,66.7200,2176
69,66.7700,66.7800,66.7600,66.7600,400
70,66.7600,66.7600,66.7500,66.7500,702
71,66.7450,66.7500,66.7200,66.7500,550
72,66.7300,66.7300,66.7100,66.7100,200
73,66.7100,66.7200,66.6900,66.6900,700
74,66.6900,66.7700,66.6900,66.7500,1000
75,66.7100,66.7185,66.7000,66.7000,1216
76,66.7000,66.7000,66.6700,66.6700,200
77,66.6950,66.6950,66.6800,66.6800,300
78,66.6700,66.6850,66.6700,66.6850,300
79,66.6850,66.7000,66.6800,66.6900,900
80,66.6850,66.7000,66.6800,66.6800,598
81,66.6950,66.7300,66.6950,66.7300,1100
82,66.7500,66.7800,66.7300,66.7800,600
83,66.7500,66.7500,66.7200,66.7300,1700
84,66.7350,66.7700,66.7200,66.7700,1659
85,66.7500,66.7700,66.7400,66.7700,505
86,66.7700,66.7700,66.7200,66.7300,1000
87,66.7400,66.7415,66.7400,66.7415,410
88,66.7550,66.7550,66.7500,66.7500,470
89,66.7550,66.7550,66.7550,66.7550,117
90,66.7900,66.8000,66.7600,66.7700,1600
92,66.7800,66.7800,66.7800,66.7800,200
93,66.7900,66.8500,66.7900,66.8500,1200
94,66.8200,66.8200,66.7700,66.7700,1500
95,66.8197,66.8197,66.8150,66.8150,374
96,66.8300,66.8300,66.8000,66.8000,2072
97,66.7900,66.8100,66.7829,66.8100,475
98,66.8200,66.8200,66.8150,66.8150,450
99,66.8200,66.8200,66.8000,66.8100,820
100,66.7976,66.8250,66.7976,66.8250,1710
101,66.8250,66.8600,66.8250,66.8600,2534
102,66.8762,66.8800,66.8700,66.8700,1100
103,66.8800,66.8800,66.8100,66.8300,2104
104,66.8300,66.8600,66.8300,66.8600,600
105,66.8750,66.8750,66.8750,66.8750,200
106,66.8750,66.8750,66.8600,66.8700,613
107,66.8700,66.8800,66.8700,66.8800,200
108,66.8800,66.8800,66.8800,66.8800,100
109,66.9100,66.9128,66.9100,66.9128,600
110,66.9300,66.9300,66.9300,66.9300,300
111,66.9300,66.9300,66.9000,66.9100,2690
113,66.9400,66.9400,66.9400,66.9400,100
114,66.9700,66.9700,66.9200,66.9200,600
115,66.9000,66.9000,66.9000,66.9000,400
116,66.9200,66.9200,66.9200,66.9200,100
117,66.9250,66.9250,66.9000,66.9200,732
118,66.9200,66.9400,66.8900,66.9100,815
119,66.9100,66.9300,66.9100,66.9300,1200
120,66.9500,66.9500,66.9300,66.9500,300
121,66.9400,66.9400,66.9400,66.9400,300
122,66.9600,66.9750,66.9600,66.9750,210
123,66.9900,67.0200,66.9900,67.0100,814
124,67.0150,67.0200,67.0000,67.0150,814
125,67.0300,67.0300,66.9700,67.0100,1400
126,67.0228,67.0228,67.0000,67.0200,680
127,67.0250,67.0600,67.0100,67.0600,1477
128,67.0800,67.0800,67.0600,67.0600,700
129,67.0200,67.0200,67.0100,67.0200,600
130,67.0250,67.0450,67.0250,67.0450,705
131,67.0300,67.0300,67.0150,67.0150,1661
132,67.0150,67.0150,67.0100,67.0100,1200
133,67.0392,67.0400,67.0300,67.0300,1510
134,67.0300,67.0400,67.0300,67.0400,700
136,67.0700,67.0900,67.0700,67.0900,200
137,67.0800,67.0800,67.0500,67.0500,854
139,67.0500,67.0500,67.0447,67.0447,426
140,67.0500,67.0500,67.0300,67.0300,735
141,67.0300,67.0300,67.0100,67.0100,200
142,67.0300,67.0300,67.0100,67.0200,1100
143,67.0200,67.0500,67.0200,67.0500,300
144,67.0500,67.0800,67.0300,67.0300,3206
145,67.0200,67.0550,67.0100,67.0550,2497
147,67.0700,67.0700,67.0600,67.0650,600
148,67.0600,67.0600,67.0400,67.0500,700
150,67.0590,67.0600,67.0590,67.0600,300
151,67.0550,67.0550,67.0000,67.0000,1720
152,67.0000,67.0150,67.0000,67.0150,365
153,67.0128,67.0200,67.0000,67.0000,811
154,67.0000,67.0000,67.0000,67.0000,100
155,66.9800,66.9800,66.9600,66.9600,400
156,66.9900,66.9900,66.9900,66.9900,276
157,66.9986,67.0000,66.9800,66.9800,750
159,66.9700,66.9700,66.9700,66.9700,100
160,66.9632,66.9900,66.9600,66.9900,1518
161,66.9800,66.9999,66.9800,66.9900,500
162,66.9900,67.0050,66.9900,67.0050,200
163,66.9900,66.9900,66.9500,66.9650,1045
164,66.9500,66.9500,66.9500,66.9500,700
165,66.9500,66.9500,66.9500,66.9500,500
166,66.9300,66.9300,66.9300,66.9300,400
168,66.9200,66.9200,66.9200,66.9200,400
169,66.9200,66.9200,66.9200,66.9200,200
170,66.9000,66.9000,66.9000,66.9000,100
171,66.9299,66.9299,66.9299,66.9299,152
172,66.9000,66.9200,66.8900,66.9000,500
173,66.9100,66.9100,66.8990,66.8990,927
174,66.9200,66.9400,66.9200,66.9400,1000
175,66.9500,66.9500,66.9300,66.9300,800
176,66.9200,66.9291,66.8900,66.9000,2192
177,66.9000,66.9200,66.9000,66.9200,400
178,66.9100,66.9100,66.9100,66.9100,300
179,66.9000,66.9000,66.8900,66.8950,420
180,66.9100,66.9100,66.9100,66.9100,600
181,66.9100,66.9100,66.9100,66.9100,518
182,66.9100,66.9200,66.9100,66.9200,300
183,66.9200,66.9400,66.9100,66.9200,2496
184,66.9100,66.9200,66.8800,66.9200,5500
185,66.9000,66.9000,66.8900,66.9000,600
186,66.8900,66.8900,66.8700,66.8700,600
187,66.8700,66.8700,66.8700,66.8700,400
189,66.8500,66.8500,66.8400,66.8500,884
190,66.8400,66.8400,66.8400,66.8400,100
191,66.8400,66.8400,66.8400,66.8400,179
192,66.8300,66.8485,66.8300,66.8300,1056
194,66.8500,66.8500,66.8500,66.8500,254
196,66.8395,66.8499,66.8200,66.8499,2045
197,66.8309,66.8500,66.8309,66.8400,567
198,66.8600,66.8700,66.8600,66.8700,500
200,66.8420,66.8445,66.8420,66.8445,506
201,66.8700,66.8700,66.8700,66.8700,100
203,66.8700,66.8700,66.8700,66.8700,900
204,66.8710,66.8868,66.8710,66.8800,800
205,66.8860,66.9000,66.8860,66.9000,800
206,66.9027,66.9100,66.9000,66.9000,1110
207,66.8900,66.8900,66.8800,66.8800,915
208,66.8700,66.8700,66.8500,66.8600,943
209,66.8600,66.8700,66.8600,66.8700,344
210,66.8500,66.8800,66.8500,66.8800,1367
211,66.8800,66.8900,66.8800,66.8900,1243
212,66.8900,66.8900,66.8900,66.8900,400
213,66.8950,66.8950,66.8800,66.8800,684
214,66.8800,66.8800,66.8800,66.8800,307
215,66.8800,66.8900,66.8800,66.8900,942
216,66.9000,66.9000,66.8900,66.8900,400
217,66.8800,66.8800,66.8800,66.8800,200
219,66.8950,66.8950,66.8950,66.8950,100
223,66.8972,66.8972,66.8972,66.8972,199
224,66.9002,66.9002,66.8800,66.8800,3130
225,66.8900,66.9200,66.8900,66.8900,982
226,66.9200,66.9200,66.9200,66.9200,100
227,66.9000,66.9000,66.8900,66.8900,700
229,66.9200,66.9200,66.9200,66.9200,155
230,66.9100,66.9100,66.8900,66.8900,1236
231,66.9000,66.9000,66.9000,66.9000,300
232,66.9000,66.9200,66.9000,66.9200,300
233,66.9200,66.9200,66.9200,66.9200,100
234,66.9200,66.9200,66.9000,66.9000,200
235,66.8880,66.8880,66.8700,66.8700,900
236,66.8727,66.8727,66.8558,66.8558,530
237,66.8600,66.8680,66.8500,66.8680,460
238,66.8700,66.8700,66.8700,66.8700,300
239,66.8900,66.8900,66.8900,66.8900,100
240,66.8666,66.8800,66.8666,66.8800,300
242,66.8800,66.8800,66.8800,66.8800,100
243,66.8700,66.8750,66.8700,66.8750,200
245,66.8700,66.8700,66.8100,66.8100,700
246,66.8387,66.8496,66.8200,66.8496,1021
249,66.8229,66.8229,66.8100,66.8100,900
250,66.8100,66.8100,66.7800,66.7800,300
251,66.8000,66.8200,66.8000,66.8200,655
252,66.8100,66.8140,66.8100,66.8140,200
253,66.8200,66.8200,66.7900,66.7900,200
254,66.8020,66.8200,66.8020,66.8200,300
255,66.8300,66.8300,66.7900,66.7900,500
257,66.7900,66.7900,66.7900,66.7900,300
258,66.8000,66.8100,66.8000,66.8100,200
259,66.8100,66.8100,66.8100,66.8100,650
260,66.8100,66.8100,66.8000,66.8100,900
262,66.8100,66.8200,66.8100,66.8200,1100
263,66.8200,66.8400,66.8100,66.8400,800
264,66.8300,66.8400,66.8300,66.8400,400
265,66.8300,66.8400,66.8200,66.8200,1600
266,66.8200,66.8400,66.8200,66.8400,500
267,66.8171,66.8200,66.7900,66.8200,5937
269,66.8200,66.8300,66.8200,66.8300,200
270,66.8200,66.8200,66.7930,66.8000,583
271,66.8150,66.8300,66.8150,66.8150,745
272,66.8206,66.8443,66.8000,66.8391,5667
273,66.8400,66.8400,66.8100,66.8100,1100
274,66.8200,66.8200,66.8200,66.8200,200
275,66.8100,66.8100,66.7800,66.7950,2111
276,66.7951,66.8300,66.7950,66.8200,3982
277,66.8100,66.8100,66.8100,66.8100,501
278,66.8000,66.8050,66.7900,66.7999,800
279,66.7900,66.7900,66.7800,66.7800,700
280,66.7700,66.7700,66.7500,66.7500,400
281,66.7500,66.7600,66.7500,66.7600,862
282,66.7700,66.7900,66.7700,66.7900,957
283,66.7900,66.8100,66.7900,66.8100,300
284,66.8100,66.8100,66.8100,66.8100,100
285,66.8100,66.8400,66.8100,66.8400,1500
286,66.8400,66.8597,66.8300,66.8300,807
287,66.8599,66.8599,66.8300,66.8400,1368
288,66.8400,66.8500,66.8400,66.8400,1071
289,66.8393,66.8600,66.8393,66.8600,200
290,66.8400,66.8400,66.8400,66.8400,100
291,66.8500,66.8500,66.8454,66.8454,226
292,66.8400,66.8490,66.8100,66.8100,1300
293,66.8120,66.8200,66.8120,66.8200,200
294,66.8268,66.8268,66.8200,66.8200,600
295,66.8400,66.8400,66.8250,66.8250,300
296,66.8300,66.8300,66.7898,66.7898,2301
297,66.7900,66.8000,66.7800,66.7950,2025
298,66.8100,66.8100,66.8000,66.8000,300
299,66.7902,66.8000,66.7900,66.8000,899
300,66.7900,66.8100,66.7900,66.8100,881
301,66.8000,66.8100,66.7900,66.8000,1000
302,66.8100,66.8100,66.8100,66.8100,100
303,66.8100,66.8100,66.7900,66.7900,1400
304,66.7900,66.7900,66.7700,66.7800,800
305,66.7700,66.7700,66.7500,66.7700,2377
306,66.7800,66.7800,66.7500,66.7600,3769
307,66.7600,66.7800,66.7600,66.7750,895
308,66.7714,66.7800,66.7714,66.7800,450
309,66.7600,66.7800,66.7600,66.7600,400
310,66.7800,66.7800,66.7500,66.7500,200
312,66.7750,66.7750,66.7750,66.7750,150
313,66.7900,66.8100,66.7867,66.8050,1401
314,66.7900,66.8000,66.7800,66.8000,500
315,66.8100,66.8200,66.8100,66.8200,200
316,66.7800,66.8200,66.7800,66.8200,1100
317,66.8200,66.8200,66.8200,66.8200,700
318,66.8300,66.8300,66.8300,66.8300,400
319,66.8200,66.8200,66.8200,66.8200,200
320,66.8300,66.8400,66.8300,66.8400,401
321,66.8300,66.8472,66.8300,66.8472,229
322,66.8300,66.8500,66.8300,66.8500,1375
323,66.8477,66.8599,66.8477,66.8599,285
324,66.8600,66.8700,66.8600,66.8700,791
325,66.8800,66.9000,66.8800,66.9000,900
326,66.9000,66.9300,66.8900,66.8900,1776
327,66.8950,66.8950,66.8950,66.8950,100
328,66.9100,66.9200,66.9000,66.9000,600
329,66.9100,66.9100,66.9100,66.9100,300
330,66.9200,66.9400,66.9200,66.9400,900
331,66.9400,66.9500,66.9400,66.9500,300
332,66.9600,66.9700,66.9500,66.9502,863
333,66.9500,66.9700,66.9400,66.9500,753
334,66.9400,66.9600,66.9400,66.9600,560
335,66.9600,66.9800,66.9600,66.9800,201
336,66.9600,66.9670,66.9400,66.9650,1826
337,66.9700,66.9800,66.9700,66.9800,200
339,66.9800,67.0100,66.9800,67.0100,1523
340,67.0300,67.0300,67.0100,67.0200,400
341,67.0250,67.0300,67.0250,67.0300,333
342,67.0300,67.0400,67.0200,67.0400,3600
343,67.0300,67.0400,67.0200,67.0300,1502
344,67.0200,67.0250,67.0100,67.0100,1000
345,67.0100,67.0100,67.0000,67.0050,2251
346,67.0000,67.0050,66.9800,66.9800,2000
347,66.9800,66.9900,66.9800,66.9900,302
348,66.9800,67.0100,66.9800,67.0000,2972
349,66.9900,67.0050,66.9900,67.0000,3012
350,66.9964,67.0000,66.9900,67.0000,699
351,66.9900,67.0000,66.9600,66.9700,3397
352,66.9700,66.9800,66.9658,66.9800,504
353,66.9700,66.9900,66.9700,66.9900,1597
354,66.9800,67.0000,66.9600,66.9600,2800
355,66.9700,66.9700,66.9400,66.9500,800
356,66.9200,66.9200,66.9100,66.9100,900
357,66.9200,66.9300,66.9100,66.9100,2452
358,66.9060,66.9060,66.9060,66.9060,100
359,66.9000,66.9100,66.8800,66.8800,2016
360,66.8700,66.8800,66.8500,66.8600,900
361,66.8600,66.8700,66.8400,66.8500,1601
362,66.8450,66.8450,66.8200,66.8200,1500
363,66.8300,66.8400,66.8300,66.8300,1700
364,66.8200,66.8250,66.8000,66.8100,3000
365,66.8100,66.8200,66.8100,66.8200,3758
366,66.8138,66.8138,66.8000,66.8100,1600
367,66.8100,66.8100,66.7800,66.7900,2226
368,66.7900,66.7900,66.7800,66.7800,1400
369,66.7800,66.7800,66.7600,66.7600,2178
370,66.7600,66.7600,66.7200,66.7300,2002
371,66.7200,66.7300,66.7100,66.7200,3759
372,66.7300,66.7400,66.7200,66.7200,2644
373,66.7400,66.7500,66.7200,66.7500,3319
374,66.7500,66.7500,66.7300,66.7400,2200
375,66.7200,66.7300,66.7000,66.7100,4546
376,66.6900,66.7300,66.6900,66.7200,7977
377,66.7200,66.7200,66.6900,66.6900,2075
378,66.7000,66.7100,66.6800,66.6900,1992
379,66.6800,66.7000,66.6700,66.6700,6043
380,66.6800,66.6900,66.6700,66.6800,2436
381,66.6700,66.6800,66.6400,66.6400,8039
382,66.6400,66.6500,66.6200,66.6200,3100
383,66.6252,66.6300,66.5900,66.5900,4405
384,66.6000,66.6000,66.5500,66.5600,6362
385,66.5600,66.5700,66.5600,66.5600,3285
386,66.5600,66.5600,66.5300,66.5300,9297
387,66.5400,66.5600,66.5300,66.5350,11510
388,66.5350,66.5600,66.5300,66.5300,8891
389,66.5200,66.5600,66.5200,66.5600,13603
390,66.5500,66.5900,66.5500,66.5800,26963