WBA,Walgreens Boots Alliance,Consumer Staples,2,Drug Retail,88340108025,3943438
a1499358600,83.3500,83.3500,82.8400,82.9400,6877
2,82.9200,82.9750,82.7300,82.7800,16529
3,82.7700,82.8000,82.7200,82.7400,7204
4,82.7400,82.7400,82.5800,82.6700,9880
5,82.6800,82.6850,82.6000,82.6000,7104
6,82.6200,82.6200,82.5600,82.5700,8332
7,82.5700,82.5800,82.4561,82.4900,18804
8,82.5000,82.6000,82.5000,82.5500,18309
9,82.5600,82.6700,82.5300,82.6700,12636
10,82.6900,82.7100,82.6600,82.6900,2764
11,82.6650,82.6800,82.6500,82.6600,4500
12,82.6600,82.6600,82.6200,82.6400,45137
13,82.6200,82.6900,82.5900,82.6900,11020
14,82.6900,82.7800,82.6900,82.7000,7819
15,82.7000,82.7400,82.6900,82.6900,11263
16,82.7000,82.8200,82.7000,82.8200,6707
17,82.8400,82.8800,82.8200,82.8750,6002
18,82.8800,82.9500,82.8600,82.9500,11500
19,82.9700,82.9700,82.9400,82.9400,5000
20,82.9500,82.9800,82.9200,82.9300,5000
21,82.9300,82.9300,82.8500,82.8800,9875
22,82.8950,82.9200,82.8300,82.8300,11498
23,82.8300,82.8400,82.7600,82.7650,14197
24,82.7600,82.7600,82.7200,82.7300,10489
25,82.7300,82.7400,82.7050,82.7050,10160
26,82.7100,82.7300,82.6900,82.6900,7537
27,82.6800,82.6900,82.6700,82.6750,5636
28,82.6800,82.7150,82.6650,82.6700,11859
29,82.6700,82.7000,82.6700,82.6900,12456
30,82.6950,82.7400,82.6900,82.7350,19130
31,82.7300,82.7300,82.7100,82.7100,11967
32,82.7200,82.7300,82.6900,82.7100,8061
33,82.7100,82.7150,82.6630,82.6630,7880
34,82.6600,82.6600,82.6300,82.6300,3485
35,82.6300,82.6300,82.5800,82.5800,8299
36,82.5850,82.6000,82.5700,82.5800,10726
37,82.5700,82.5700,82.4900,82.4900,9806
38,82.4900,82.4900,82.4600,82.4650,10168
39,82.4650,82.4700,82.4300,82.4400,6832
40,82.4500,82.4600,82.4300,82.4350,6783
41,82.4400,82.4700,82.4200,82.4300,17026
42,82.4200,82.4600,82.4100,82.4550,14027
43,82.4600,82.4850,82.4600,82.4750,27915
44,82.4700,82.4800,82.4538,82.4800,9314
45,82.4800,82.4900,82.4700,82.4800,6787
46,82.4800,82.4800,82.4600,82.4800,11011
47,82.4800,82.4900,82.4700,82.4900,8071
48,82.4900,82.5100,82.4800,82.4800,8605
49,82.4850,82.5100,82.4850,82.5000,19791
50,82.5000,82.5100,82.4700,82.4700,6539
51,82.4700,82.4800,82.4200,82.4200,6150
52,82.4200,82.4200,82.3500,82.3500,8811
53,82.3400,82.3400,82.2500,82.2600,20840
54,82.2600,82.2890,82.2600,82.2750,5240
55,82.2750,82.2850,82.2000,82.2100,15228
56,82.2100,82.2200,82.1700,82.1900,13454
57,82.1700,82.2100,82.1200,82.1300,27337
58,82.1400,82.2300,82.1400,82.2300,8705
59,82.2300,82.2500,82.1900,82.1900,6850
60,82.2000,82.2200,82.1800,82.2090,8229
61,82.2100,82.2800,82.2050,82.2600,15697
62,82.2650,82.2750,82.2545,82.2600,8524
63,82.2550,82.2900,82.2500,82.2850,6900
64,82.2800,82.2950,82.2750,82.2950,5400
65,82.2950,82.3100,82.2800,82.2800,13130
66,82.2750,82.2750,82.2386,82.2450,4369
67,82.2450,82.2700,82.2000,82.2000,8444
68,82.2050,82.2050,82.1800,82.1850,5761
69,82.1850,82.1867,82.1350,82.1350,4983
70,82.1350,82.1400,82.0900,82.0900,9231
71,82.0900,82.1000,82.0800,82.0850,11669
72,82.0900,82.1100,82.0900,82.1010,4946
73,82.1100,82.2100,82.1100,82.1900,13526
74,82.1900,82.2000,82.1800,82.1950,3945
75,82.1950,82.1960,82.1750,82.1750,5089
76,82.1750,82.1750,82.1300,82.1300,5100
77,82.1300,82.1400,82.0950,82.1000,13579
78,82.0900,82.1200,82.0900,82.1000,9088
79,82.0950,82.0990,82.0200,82.0600,21889
80,82.0550,82.0600,82.0400,82.0550,5852
81,82.0500,82.0700,82.0500,82.0650,2600
82,82.0650,82.0800,82.0650,82.0800,3300
83,82.0800,82.0800,82.0746,82.0750,5979
84,82.0750,82.0800,82.0700,82.0750,7865
85,82.0800,82.0900,82.0750,82.0800,3800
86,82.0800,82.0800,82.0100,82.0100,10274
87,82.0138,82.0300,82.0100,82.0200,7355
88,82.0200,82.0200,81.9800,81.9850,13143
89,81.9800,81.9900,81.9700,81.9850,6200
90,81.9900,81.9950,81.9550,81.9750,9426
91,81.9750,81.9965,81.9750,81.9965,3510
92,81.9900,81.9950,81.9900,81.9950,800
93,81.9950,82.0000,81.9500,81.9600,9200
94,81.9600,81.9700,81.9300,81.9350,9059
95,81.9400,81.9500,81.9200,81.9200,7074
96,81.9400,81.9400,81.8950,81.9100,9960
97,81.9200,81.9200,81.8800,81.8870,8087
98,81.8900,81.8900,81.8850,81.8850,600
99,81.8900,81.8900,81.8500,81.8500,16657
100,81.8600,81.8600,81.8400,81.8600,14213
101,81.8600,81.8600,81.8400,81.8450,9330
102,81.8500,81.8500,81.8300,81.8450,10899
103,81.8400,81.8450,81.8200,81.8250,2229
104,81.8250,81.8400,81.8250,81.8350,7100
105,81.8400,81.8500,81.8350,81.8400,7714
106,81.8400,81.8500,81.8301,81.8390,10300
107,81.8350,81.8350,81.7950,81.8000,14733
108,81.7971,81.7971,81.7550,81.7643,12302
109,81.7650,81.7800,81.7450,81.7750,12134
110,81.7750,81.7850,81.7500,81.7550,5660
111,81.7550,81.7550,81.6200,81.6500,37434
112,81.6500,81.6600,81.6400,81.6500,5468
113,81.6450,81.6700,81.6200,81.6300,19420
114,81.6250,81.6600,81.6200,81.6250,11577
115,81.6200,81.6250,81.5900,81.6000,19704
116,81.5950,81.6050,81.5800,81.5800,11500
117,81.5800,81.5900,81.5500,81.5500,11140
118,81.5550,81.5600,81.5200,81.5200,10927
119,81.5100,81.5200,81.4900,81.4950,16558
120,81.4950,81.5000,81.4900,81.5000,8589
121,81.4950,81.5400,81.4900,81.5400,29405
122,81.5350,81.5800,81.5350,81.5700,24070
123,81.5750,81.7250,81.5750,81.7250,26463
124,81.7250,81.7500,81.7100,81.7500,8989
125,81.7600,81.8300,81.7600,81.8200,8822
126,81.8300,81.8400,81.8100,81.8200,19909
127,81.8200,81.8500,81.8200,81.8300,11606
128,81.8300,81.8350,81.7500,81.7500,17223
129,81.7500,81.7700,81.7200,81.7300,9819
130,81.7100,81.7800,81.7100,81.7700,6429
131,81.7800,81.8400,81.7800,81.8250,4800
132,81.8300,81.8300,81.8100,81.8142,6405
133,81.8100,81.8200,81.7800,81.8000,8931
134,81.8000,81.8000,81.7950,81.7950,2100
135,81.7950,81.7950,81.7700,81.7700,3000
136,81.7800,81.7900,81.7500,81.7500,8200
137,81.7400,81.7500,81.7200,81.7300,7550
138,81.7250,81.7300,81.7100,81.7150,1800
139,81.7150,81.7300,81.7000,81.7100,6681
140,81.7050,81.7050,81.6800,81.6900,5872
141,81.6950,81.7000,81.6900,81.7000,2200
142,81.7000,81.7100,81.6900,81.7000,5553
143,81.6990,81.7100,81.6950,81.7090,5680
144,81.7100,81.7300,81.7050,81.7300,8307
145,81.7300,81.7589,81.6700,81.7500,19289
146,81.7400,81.7450,81.6900,81.6900,10256
147,81.6950,81.7100,81.6900,81.7100,4247
148,81.7100,81.7100,81.6800,81.6850,4704
149,81.6850,81.7000,81.6600,81.7000,10855
150,81.6950,81.7000,81.6800,81.6850,11065
151,81.6800,81.6900,81.6750,81.6850,4736
152,81.6900,81.6900,81.6150,81.6200,8609
153,81.6150,81.6200,81.5900,81.5900,4045
154,81.5950,81.5950,81.5600,81.5650,8024
155,81.5550,81.5600,81.5350,81.5500,4120
156,81.5450,81.5600,81.5400,81.5500,8300
157,81.5550,81.5600,81.5246,81.5300,7603
158,81.5350,81.5400,81.5300,81.5350,700
159,81.5300,81.5400,81.5100,81.5100,3920
160,81.5150,81.5200,81.4500,81.5050,20367
161,81.5050,81.5050,81.4900,81.5000,3200
162,81.5000,81.5050,81.4600,81.4601,4278
163,81.4650,81.4650,81.4100,81.4100,7416
164,81.4100,81.4100,81.3900,81.4000,8515
165,81.3990,81.4100,81.3750,81.4000,8824
166,81.4100,81.4300,81.4000,81.4200,12125
167,81.4200,81.4400,81.4150,81.4300,4000
168,81.4343,81.4350,81.3900,81.3900,10080
169,81.3850,81.3900,81.3700,81.3900,11934
170,81.3900,81.4000,81.3900,81.3950,1200
171,81.4000,81.4200,81.3950,81.4200,9187
172,81.4200,81.4300,81.4000,81.4000,6365
173,81.4050,81.4150,81.4000,81.4100,8065
174,81.4200,81.4300,81.4100,81.4300,3900
175,81.4300,81.4500,81.4200,81.4200,9800
176,81.4200,81.4250,81.3900,81.4050,14320
177,81.4053,81.4150,81.4000,81.4150,7325
178,81.4100,81.4500,81.4100,81.4200,6646
179,81.4200,81.4200,81.4000,81.4000,3228
180,81.4050,81.4050,81.3800,81.3800,7962
181,81.3850,81.3900,81.3800,81.3850,3044
182,81.3850,81.3850,81.3300,81.3450,18141
183,81.3500,81.3800,81.3500,81.3750,6000
184,81.3750,81.4700,81.3600,81.4700,14269
185,81.4675,81.5200,81.4600,81.5200,7988
186,81.5200,81.5200,81.4900,81.4950,4900
187,81.4950,81.5000,81.4500,81.4700,9682
188,81.4650,81.4700,81.4500,81.4550,6900
189,81.4550,81.4800,81.4500,81.4550,10250
190,81.4550,81.4550,81.4200,81.4300,15583
191,81.4300,81.4700,81.4250,81.4650,14080
192,81.4700,81.4700,81.4600,81.4700,1741
193,81.4650,81.5000,81.4550,81.5000,11169
194,81.5000,81.5000,81.4850,81.4850,5100
195,81.4900,81.4950,81.4650,81.4700,20179
196,81.4750,81.4750,81.4400,81.4700,6900
197,81.4650,81.4700,81.4550,81.4600,5333
198,81.4700,81.4800,81.4500,81.4500,18125
199,81.4550,81.4550,81.4100,81.4100,8621
200,81.4150,81.4200,81.4100,81.4150,4200
201,81.4150,81.4150,81.4000,81.4050,29105
202,81.4050,81.4100,81.3700,81.3700,5989
203,81.3700,81.3750,81.3700,81.3750,200
204,81.3700,81.3750,81.3500,81.3550,8700
205,81.3550,81.3600,81.3200,81.3200,17563
206,81.3100,81.3200,81.3100,81.3150,1900
207,81.3142,81.3300,81.3142,81.3300,13458
208,81.3300,81.3300,81.3200,81.3250,2900
209,81.3250,81.3300,81.3150,81.3150,2600
210,81.3150,81.3200,81.2343,81.2400,15326
211,81.2400,81.2400,81.2200,81.2200,9831
212,81.2150,81.2300,81.2142,81.2300,5336
213,81.2300,81.2400,81.2250,81.2350,4300
214,81.2350,81.2400,81.2300,81.2350,10649
215,81.2400,81.2400,81.2050,81.2100,8599
216,81.2000,81.2000,81.1850,81.1900,3224
217,81.1900,81.1900,81.1800,81.1800,1011
218,81.1899,81.1899,81.1700,81.1750,14128
219,81.1800,81.1800,81.1700,81.1800,3700
220,81.1800,81.1800,81.1750,81.1750,2348
221,81.1710,81.1710,81.1401,81.1500,9848
222,81.1500,81.1500,81.1242,81.1242,4628
223,81.1300,81.1300,81.1101,81.1150,5556
224,81.1150,81.1200,81.0800,81.0900,14954
225,81.0950,81.0950,81.0800,81.0850,7021
226,81.0900,81.0900,81.0850,81.0850,9400
227,81.0800,81.0900,81.0750,81.0900,14765
228,81.0900,81.1300,81.0900,81.1300,33636
229,81.1220,81.1400,81.1220,81.1400,2600
230,81.1400,81.2300,81.1400,81.2200,11283
231,81.2158,81.2400,81.2100,81.2315,4641
232,81.2400,81.2700,81.2400,81.2700,3034
233,81.2700,81.2700,81.2050,81.2400,11990
234,81.2500,81.3000,81.2400,81.2950,4264
235,81.2900,81.2900,81.2500,81.2500,4800
236,81.2600,81.2630,81.1800,81.2100,11483
237,81.2050,81.2150,81.2000,81.2150,4494
238,81.2138,81.2750,81.2138,81.2700,6087
239,81.2790,81.3400,81.2790,81.3300,8714
240,81.3300,81.3600,81.3300,81.3550,3724
241,81.3600,81.4000,81.3600,81.4000,105500
242,81.4090,81.4800,81.4090,81.4800,11312
243,81.5000,81.5410,81.4800,81.5300,18356
244,81.5400,81.5400,81.5100,81.5100,29584
245,81.5138,81.5150,81.4300,81.4300,41545
246,81.4300,81.4800,81.4300,81.4700,67845
247,81.4600,81.5200,81.4600,81.5050,24800
248,81.5100,81.5300,81.5100,81.5276,5304
249,81.5300,81.5500,81.5200,81.5500,4405
250,81.5500,81.5500,81.5300,81.5400,4346
251,81.5300,81.5300,81.5000,81.5100,5000
252,81.5100,81.6200,81.5100,81.6200,14972
253,81.6200,81.6500,81.6200,81.6400,5889
254,81.6450,81.6450,81.5800,81.5900,13267
255,81.5900,81.7250,81.5900,81.6600,14212
256,81.6600,81.6800,81.6400,81.6400,9800
257,81.6400,81.6400,81.6300,81.6300,1900
258,81.6400,81.7600,81.6400,81.7000,45969
259,81.7100,81.7900,81.7000,81.7700,12271
260,81.7650,81.8300,81.7600,81.8200,12794
261,81.8200,81.9000,81.8100,81.9000,21879
262,81.9000,81.9300,81.9000,81.9200,9088
263,81.9200,81.9400,81.9000,81.9000,20332
264,81.9000,81.9500,81.8950,81.9450,6491
265,81.9400,81.9450,81.9200,81.9200,5500
266,81.9200,81.9300,81.8950,81.9100,17660
267,81.9100,81.9390,81.9000,81.9200,8500
268,81.9200,81.9250,81.8950,81.9100,14251
269,81.9050,81.9210,81.8950,81.9200,4700
270,81.9250,81.9600,81.9250,81.9550,12643
271,81.9543,82.0300,81.9200,81.9950,77810
272,81.9900,82.0498,81.9900,82.0200,19869
273,82.0200,82.0500,82.0200,82.0250,9970
274,82.0200,82.0700,82.0000,82.0300,10169
275,82.0300,82.0750,82.0200,82.0400,6740
276,82.0350,82.0600,82.0250,82.0400,8683
277,82.0550,82.0700,82.0500,82.0650,3691
278,82.0600,82.0600,82.0100,82.0100,9251
279,82.0150,82.0168,81.9900,82.0050,8919
280,82.0050,82.0250,82.0000,82.0100,7178
281,82.0100,82.0100,81.9600,81.9600,6957
282,81.9500,81.9800,81.9500,81.9700,10380
283,81.9700,81.9700,81.9500,81.9500,3890
284,81.9550,81.9700,81.9400,81.9400,4804
285,81.9400,81.9661,81.9400,81.9600,6000
286,81.9600,81.9650,81.9210,81.9300,9872
287,81.9200,81.9900,81.9200,81.9899,17233
288,81.9950,82.0250,81.9950,82.0190,10676
289,82.0200,82.0350,82.0100,82.0300,3500
290,82.0200,82.0900,82.0200,82.0900,4710
291,82.0899,82.1000,82.0850,82.0900,7100
292,82.0800,82.0900,82.0800,82.0900,2500
293,82.0900,82.0900,82.0550,82.0550,3900
294,82.0550,82.0550,82.0300,82.0300,3700
295,82.0250,82.0300,82.0100,82.0100,3200
296,82.0000,82.0000,81.9300,81.9300,10129
297,81.9200,81.9210,81.9000,81.9000,3012
298,81.9046,81.9900,81.9046,81.9900,12551
299,81.9900,82.0200,81.9900,82.0000,4800
300,82.0000,82.0200,81.9965,82.0100,853
301,82.0000,82.0100,82.0000,82.0100,3806
302,82.0000,82.0201,81.9500,81.9800,17148
303,81.9800,81.9800,81.9500,81.9600,2200
304,81.9500,82.0100,81.9400,82.0100,9980
305,82.0050,82.0400,82.0000,82.0300,4700
306,82.0300,82.1100,82.0300,82.0800,13088
307,82.0700,82.0800,82.0600,82.0650,2613
308,82.0600,82.0600,82.0100,82.0100,9993
309,82.0150,82.0150,81.9810,81.9810,2109
310,81.9800,81.9800,81.9445,81.9445,5115
311,81.9450,81.9500,81.9400,81.9500,5500
312,81.9400,81.9500,81.9400,81.9450,5100
313,81.9500,81.9600,81.9400,81.9400,4765
314,81.9500,81.9500,81.9150,81.9300,8325
315,81.9399,81.9399,81.9100,81.9199,5855
316,81.9150,81.9400,81.9000,81.9300,20603
317,81.9350,81.9600,81.9300,81.9300,8756
318,81.9200,81.9200,81.8900,81.8900,27401
319,81.9000,81.9288,81.8950,81.9150,8432
320,81.9150,81.9200,81.9000,81.9000,10262
321,81.9000,81.9200,81.8950,81.9200,18359
322,81.9157,81.9600,81.9100,81.9410,8959
323,81.9450,81.9450,81.9200,81.9250,6009
324,81.9200,81.9300,81.9200,81.9300,800
325,81.9200,81.9300,81.9100,81.9100,6468
326,81.9200,81.9200,81.9000,81.9100,9525
327,81.9100,81.9100,81.9000,81.9100,7099
328,81.9100,81.9100,81.8950,81.9093,10443
329,81.9050,81.9100,81.9000,81.9000,2181
330,81.9050,81.9100,81.8950,81.9050,8508
331,81.9000,81.9050,81.9000,81.9050,2539
332,81.9050,81.9100,81.9000,81.9100,3029
333,81.9050,81.9100,81.8900,81.9000,25044
334,81.9000,81.9100,81.8900,81.9000,14102
335,81.9050,81.9100,81.9050,81.9050,5000
336,81.9000,81.9100,81.9000,81.9050,15547
337,81.9100,81.9100,81.8600,81.9000,86057
338,81.8950,81.9000,81.8900,81.9000,3672
339,81.8900,81.9400,81.8900,81.9300,17057
340,81.9300,81.9300,81.9100,81.9100,18094
341,81.9100,81.9100,81.8900,81.8950,8141
342,81.8950,81.9000,81.8900,81.9000,14691
343,81.9000,81.9500,81.8900,81.9400,39017
344,81.9500,81.9600,81.8950,81.8950,18114
345,81.9000,81.9200,81.8700,81.8700,12184
346,81.8600,81.8650,81.7700,81.7700,15837
347,81.7650,81.7800,81.7400,81.7400,7810
348,81.7300,81.7300,81.6600,81.6600,9686
349,81.6600,81.7400,81.6600,81.7300,12667
350,81.7250,81.7250,81.6700,81.6950,12051
351,81.6950,81.7500,81.6950,81.7450,12877
352,81.7500,81.7600,81.7400,81.7400,11200
353,81.7450,81.7450,81.7100,81.7150,12170
354,81.7150,81.7500,81.7150,81.7417,11570
355,81.7500,81.7500,81.7200,81.7200,7332
356,81.7200,81.7400,81.7150,81.7325,13450
357,81.7350,81.7600,81.7100,81.7150,11808
358,81.7100,81.7150,81.6700,81.6700,21435
359,81.6800,81.6800,81.5900,81.5900,10443
360,81.5800,81.6300,81.5800,81.6000,14839
361,81.6000,81.6200,81.5500,81.5600,22023
362,81.5400,81.5700,81.5200,81.5200,15301
363,81.5200,81.5300,81.4900,81.5100,23700
364,81.5100,81.5100,81.4900,81.4900,14907
365,81.4900,81.5300,81.4600,81.5300,30520
366,81.5200,81.5750,81.5100,81.5700,15533
367,81.5600,81.6000,81.5500,81.5900,16802
368,81.5950,81.6000,81.5700,81.5800,27384
369,81.5750,81.5750,81.5400,81.5400,17432
370,81.5500,81.5550,81.5200,81.5400,24752
371,81.5450,81.5500,81.5400,81.5500,7128
372,81.5400,81.5600,81.4900,81.5000,23301
373,81.4900,81.5100,81.4900,81.4950,14075
374,81.4900,81.5000,81.4800,81.4800,12035
375,81.4850,81.4850,81.4700,81.4700,7975
376,81.4800,81.5400,81.4700,81.4900,63770
377,81.4900,81.5000,81.4800,81.4850,11479
378,81.4850,81.4900,81.4800,81.4800,7621
379,81.4850,81.4900,81.4200,81.4300,19772
380,81.4200,81.4200,81.3499,81.4200,62872
381,81.4100,81.5400,81.4100,81.5200,47941
382,81.5300,81.5300,81.4800,81.4800,30321
383,81.4850,81.4899,81.4300,81.4300,21674
384,81.4300,81.4350,81.4100,81.4100,24839
385,81.4100,81.4200,81.4100,81.4150,24168
386,81.4150,81.4400,81.4100,81.4400,38650
387,81.4450,81.5100,81.4450,81.5100,28512
388,81.5100,81.5300,81.5050,81.5250,21296
389,81.5250,81.5500,81.5200,81.5450,33732
390,81.5500,81.5700,81.4300,81.4500,585512