AMT,American Tower Corp A,Real Estate,9,Specialized REITs,55370229976,1906048
a1499617800,130.4300,130.4300,130.2300,130.3800,16597
1,130.9500,130.9500,130.5100,130.7250,812
2,130.8200,130.8200,130.8200,130.8200,150
3,130.8350,130.9100,130.6300,130.6300,2800
5,130.5942,130.6700,130.5100,130.5850,1911
6,130.5400,130.6400,130.5100,130.5700,1600
7,130.5200,130.6300,130.5200,130.5900,700
8,130.5300,130.5900,130.5100,130.5300,1400
9,130.5000,130.5700,130.4700,130.4850,4776
10,130.4958,130.5600,130.4000,130.5600,2500
11,130.5300,130.6700,130.5300,130.6700,1100
12,130.7200,130.8400,130.7100,130.8000,1200
13,130.8570,130.8570,130.5500,130.5950,5964
14,130.5900,130.6700,130.5800,130.6500,2300
15,130.6250,130.7200,130.5900,130.7200,1200
16,130.6900,130.8900,130.6900,130.8900,1600
17,130.8350,130.8500,130.7800,130.8450,500
18,130.8500,130.9500,130.8500,130.9500,1300
19,130.8900,130.9600,130.8900,130.9150,1800
20,130.9200,131.0400,130.9200,131.0400,1905
21,131.0400,131.0900,131.0400,131.0700,600
22,131.0687,131.1100,131.0200,131.0300,3542
23,130.9600,131.0650,130.8800,130.8900,1600
24,130.9100,130.9250,130.8200,130.8200,2818
25,130.7600,130.7900,130.6100,130.6600,7413
26,130.6750,130.8100,130.6750,130.7100,2900
27,130.7000,130.7000,130.6600,130.6600,1200
28,130.6600,130.8500,130.6600,130.8000,3226
29,130.8250,130.9500,130.8250,130.9500,600
30,130.9100,130.9700,130.9100,130.9700,2329
31,130.9500,131.0100,130.9490,130.9900,1988
32,130.9950,131.1200,130.9700,131.1200,3502
33,131.1200,131.1600,131.0700,131.1600,1200
34,131.1500,131.2700,131.1350,131.2700,8606
35,131.2592,131.3100,131.2500,131.2800,1560
36,131.3200,131.3700,131.3100,131.3250,4113
37,131.3400,131.5200,131.3400,131.5200,2700
38,131.5300,131.6100,131.4800,131.6100,4678
39,131.5900,131.6100,131.5500,131.6000,3189
40,131.5600,131.6800,131.5600,131.6500,3308
41,131.6700,131.6700,131.6000,131.6500,1400
42,131.6499,131.6500,131.6100,131.6500,1700
43,131.6400,131.6800,131.6150,131.6150,4543
44,131.6000,131.6200,131.5700,131.5701,1560
45,131.5800,131.6000,131.4700,131.4900,3819
46,131.4700,131.5400,131.4700,131.5400,1900
47,131.5600,131.6300,131.5600,131.5700,2974
48,131.5500,131.5600,131.5400,131.5400,600
49,131.5300,131.5800,131.5300,131.5748,3168
50,131.5750,131.6000,131.5750,131.5840,979
51,131.5800,131.5800,131.5183,131.5300,4700
52,131.5600,131.5800,131.5300,131.5700,2100
53,131.6000,131.6700,131.5900,131.6400,4537
54,131.6200,131.6700,131.6000,131.6700,1900
55,131.6650,131.7100,131.6100,131.6400,4175
56,131.6200,131.6700,131.6100,131.6200,2768
57,131.6100,131.6200,131.5300,131.5300,1604
58,131.5350,131.5800,131.5300,131.5800,1700
59,131.4940,131.5250,131.4400,131.4400,5465
60,131.4382,131.4400,131.3500,131.4000,2300
61,131.4100,131.4400,131.3700,131.4150,1300
62,131.3900,131.3900,131.3000,131.3000,2944
63,131.2900,131.2900,131.2700,131.2700,500
64,131.2600,131.2700,131.1900,131.1900,4100
65,131.2500,131.3500,131.2200,131.3500,2066
66,131.3900,131.4200,131.3300,131.4200,1300
67,131.3700,131.4800,131.3700,131.4475,2244
68,131.4400,131.4800,131.4000,131.4000,2400
69,131.4250,131.4800,131.4000,131.4500,3701
70,131.4500,131.4900,131.4400,131.4900,2047
71,131.4500,131.4650,131.3900,131.3900,800
72,131.3900,131.4200,131.3900,131.3900,500
73,131.4323,131.4400,131.3900,131.3900,1685
74,131.3500,131.3500,131.3300,131.3300,700
75,131.3253,131.3800,131.3000,131.3600,2915
76,131.3291,131.3800,131.3291,131.3450,859
77,131.3700,131.3700,131.2700,131.2700,1715
78,131.2700,131.2700,131.2300,131.2400,500
79,131.2300,131.2800,131.2000,131.2000,2000
80,131.1900,131.2000,131.1500,131.1800,2525
81,131.1500,131.1500,131.1200,131.1200,1150
82,131.1450,131.2300,131.1450,131.2300,2800
83,131.2499,131.2499,131.2000,131.2000,1204
84,131.1900,131.2100,131.1600,131.1750,1100
85,131.1600,131.2100,131.1400,131.1900,3000
86,131.2200,131.2700,131.2200,131.2700,700
87,131.2700,131.3100,131.2550,131.3100,800
88,131.3050,131.3300,131.2000,131.2000,2800
89,131.2499,131.2499,131.2100,131.2100,474
90,131.2400,131.2400,131.2000,131.2000,700
91,131.1800,131.1800,131.1500,131.1500,700
92,131.1443,131.1800,131.1300,131.1800,1011
93,131.1300,131.2200,131.1300,131.1700,5965
94,131.1700,131.2100,131.1700,131.1900,2700
95,131.1800,131.2200,131.1800,131.2000,1401
96,131.2300,131.2400,131.2300,131.2400,500
97,131.2473,131.2500,131.2200,131.2400,1490
98,131.2300,131.2300,131.2200,131.2200,300
99,131.2200,131.2200,131.2200,131.2200,100
100,131.2600,131.2600,131.1707,131.1750,2339
101,131.1750,131.1750,131.1500,131.1500,400
102,131.1700,131.2200,131.1700,131.1900,2400
103,131.1900,131.2050,131.1000,131.1000,3212
104,131.0900,131.0900,131.0100,131.0100,3674
105,131.0000,131.0200,130.9900,130.9900,2611
106,131.0088,131.0700,131.0049,131.0700,1963
107,131.0200,131.0450,130.9500,130.9700,2420
108,130.9700,130.9700,130.8600,130.8600,1128
109,130.8700,130.9000,130.8600,130.9000,300
110,130.8700,130.8700,130.8600,130.8600,400
111,130.8600,130.9100,130.8400,130.8896,3665
112,130.9200,130.9200,130.9050,130.9050,400
113,130.9300,130.9500,130.9050,130.9300,1990
114,130.9300,130.9300,130.9000,130.9300,2100
115,130.9100,130.9100,130.8800,130.9100,3434
116,130.8900,130.8900,130.8500,130.8600,1700
117,130.8900,130.9600,130.8900,130.9600,2500
118,130.9500,131.0200,130.9300,131.0200,1700
119,131.0500,131.0690,130.9600,130.9600,2498
121,131.0100,131.0400,130.9800,131.0400,914
122,131.0350,131.0800,131.0200,131.0200,600
123,131.0800,131.1000,131.0500,131.0500,2984
124,131.0400,131.1100,131.0400,131.1100,1400
125,131.0700,131.0700,130.9900,130.9900,3050
126,131.0010,131.0600,130.9500,130.9500,2600
127,130.9900,131.0000,130.9600,131.0000,1100
128,130.9400,131.0400,130.9400,131.0050,2339
129,131.0400,131.0600,131.0400,131.0600,900
130,131.0100,131.0200,130.9800,130.9800,1600
131,131.0100,131.0200,130.9800,130.9999,1500
132,131.0000,131.0100,131.0000,131.0050,800
133,131.0200,131.0700,131.0200,131.0200,2326
134,131.0000,131.0200,130.9700,131.0200,1800
135,130.9900,130.9900,130.9700,130.9861,821
136,131.0100,131.0100,130.9900,130.9900,400
137,131.0200,131.0200,130.9700,131.0000,1200
138,130.9730,130.9730,130.9000,130.9372,4029
139,130.9500,130.9500,130.8800,130.9000,2600
141,130.9000,130.9000,130.8900,130.8950,1800
142,130.8950,130.9500,130.8800,130.9500,2400
143,130.9600,130.9600,130.9400,130.9500,600
144,130.9200,130.9400,130.8300,130.8452,3200
146,130.8600,130.9200,130.8600,130.9200,3123
147,130.9400,130.9600,130.9300,130.9300,1700
148,130.9250,130.9400,130.9100,130.9100,1600
149,130.9100,130.9200,130.8900,130.8900,1721
150,130.8900,130.8900,130.8600,130.8700,1000
151,130.8900,130.8900,130.8900,130.8900,100
152,130.9000,130.9000,130.8600,130.9000,3389
153,130.9000,130.9400,130.8850,130.9400,1600
154,130.9250,130.9275,130.8100,130.8200,4040
155,130.8100,130.8500,130.8000,130.8300,3827
156,130.8400,130.8700,130.8400,130.8700,1200
157,130.8699,130.8700,130.8500,130.8550,1800
158,130.8700,130.9000,130.8600,130.8700,2900
159,130.8800,130.9100,130.8800,130.8900,1800
160,130.8900,130.8900,130.8641,130.8641,1240
161,130.8900,130.9100,130.8900,130.8900,1500
162,130.9100,130.9200,130.8900,130.8900,1500
163,130.9100,130.9100,130.9100,130.9100,100
164,130.8940,130.9300,130.8800,130.9300,604
165,130.8800,130.9300,130.8800,130.9000,2700
166,130.8800,130.9100,130.8700,130.9010,3600
167,130.9200,130.9300,130.8700,130.9100,2400
168,130.8800,130.8800,130.8100,130.8100,2800
169,130.8027,130.8400,130.8027,130.8400,434
170,130.8300,130.8300,130.7800,130.8075,2000
171,130.8200,130.8300,130.8100,130.8300,2100
172,130.8300,130.8400,130.8000,130.8200,1200
173,130.8400,130.8600,130.8100,130.8100,2700
174,130.8100,130.8300,130.8100,130.8300,700
175,130.8100,130.8350,130.8000,130.8100,1100
176,130.8200,130.8900,130.8200,130.8900,2400
177,130.8300,130.8700,130.8300,130.8500,700
178,130.8300,130.8500,130.8300,130.8300,600
179,130.8200,130.8500,130.8200,130.8500,1600
180,130.8450,130.9000,130.8300,130.9000,1800
182,130.9100,130.9100,130.8900,130.8900,300
183,130.8800,130.8865,130.8601,130.8601,2100
184,130.8600,130.8800,130.8300,130.8500,4700
185,130.8500,130.8500,130.7500,130.7500,1300
186,130.7264,130.7264,130.6600,130.6600,805
187,130.6950,130.7300,130.6950,130.7300,1100
188,130.7300,130.7450,130.6400,130.6800,1300
189,130.6400,130.6400,130.6300,130.6300,1318
190,130.6200,130.6450,130.6200,130.6450,300
191,130.6200,130.6300,130.5700,130.5900,2000
192,130.5700,130.5700,130.5200,130.5200,700
193,130.5200,130.5600,130.5000,130.5450,1490
194,130.5700,130.5800,130.5600,130.5800,600
195,130.5800,130.6700,130.5700,130.6500,7857
196,130.6800,130.7000,130.6500,130.6833,4624
197,130.6950,130.7200,130.6900,130.7000,2600
198,130.7100,130.7600,130.7100,130.7600,1600
199,130.7600,130.7700,130.7300,130.7300,1319
200,130.7400,130.8000,130.7400,130.8000,1404
201,130.7800,130.8100,130.7800,130.8100,2513
202,130.8200,130.8900,130.8200,130.8900,1100
203,130.8900,130.8900,130.8800,130.8800,700
204,130.8600,130.8900,130.8500,130.8900,1782
205,130.8900,130.9100,130.8800,130.9000,1426
206,130.9200,130.9500,130.9000,130.9500,1010
207,130.9500,130.9500,130.9500,130.9500,100
208,130.9300,130.9400,130.8800,130.9400,2073
209,130.9500,130.9500,130.9200,130.9500,1100
210,130.9100,130.9300,130.9000,130.9100,1305
211,130.8600,130.8853,130.8600,130.8800,1100
212,130.8812,130.9000,130.8600,130.8700,2650
213,130.8400,130.8750,130.8400,130.8600,1700
214,130.8800,130.8800,130.8700,130.8800,300
215,130.8500,130.8500,130.7800,130.8000,1200
216,130.8052,130.8052,130.7800,130.8000,2514
217,130.7900,130.8100,130.7900,130.8000,1100
218,130.8200,130.8200,130.7600,130.7700,2800
219,130.7700,130.7800,130.7400,130.7408,1500
220,130.7600,130.7600,130.7600,130.7600,650
221,130.7300,130.7700,130.7300,130.7700,400
222,130.7550,130.7550,130.6600,130.6800,2600
223,130.7000,130.7000,130.6500,130.6500,1500
224,130.6500,130.7025,130.6500,130.6900,2150
225,130.6700,130.7100,130.6600,130.7100,2117
226,130.6798,130.7200,130.6798,130.6950,420
227,130.7200,130.7200,130.6500,130.6600,2778
228,130.6800,130.6800,130.6200,130.6200,2500
229,130.6700,130.6800,130.6700,130.6800,300
230,130.6600,130.6600,130.6300,130.6400,1900
231,130.6366,130.6800,130.6366,130.6500,1860
232,130.6300,130.7400,130.6300,130.7400,1518
233,130.7300,130.7800,130.7300,130.7800,2917
234,130.7705,130.8500,130.7705,130.8500,1019
235,130.8600,130.8700,130.8471,130.8700,523
236,130.8200,130.8200,130.7600,130.7900,1600
237,130.7900,130.8100,130.6900,130.7300,2560
238,130.7500,130.7500,130.7100,130.7500,927
239,130.7700,130.7900,130.7300,130.7900,1464
240,130.7900,130.8400,130.7900,130.8000,1400
241,130.7879,130.8000,130.7600,130.7600,547
242,130.7600,130.7600,130.6400,130.6400,600
243,130.6900,130.7200,130.6700,130.6800,1800
244,130.6500,130.6900,130.6400,130.6900,1076
245,130.6400,130.7600,130.6100,130.7600,2600
246,130.7700,130.8100,130.7700,130.8100,1100
247,130.7900,130.7900,130.6800,130.6800,1400
248,130.7400,130.7400,130.6200,130.6200,1400
249,130.6200,130.6500,130.5800,130.5800,1730
250,130.5900,130.6900,130.5900,130.6281,3000
251,130.6000,130.7300,130.6000,130.7050,5495
252,130.6800,130.7300,130.6700,130.6700,1433
253,130.6600,130.6928,130.6500,130.6530,1001
254,130.6800,130.7000,130.6800,130.7000,1239
255,130.7000,130.7400,130.7000,130.7400,1000
256,130.7350,130.7600,130.7350,130.7600,200
257,130.7600,130.7700,130.7300,130.7300,1874
258,130.7600,130.7900,130.7300,130.7300,4000
259,130.7400,130.7600,130.6900,130.6900,2100
260,130.6900,130.6900,130.6400,130.6400,1228
261,130.6000,130.6600,130.6000,130.6500,3100
262,130.6200,130.7000,130.6200,130.7000,2600
263,130.7100,130.7300,130.7100,130.7200,700
264,130.6884,130.7300,130.6884,130.7300,2991
265,130.7000,130.7100,130.6600,130.6900,1200
266,130.6900,130.7100,130.6600,130.6900,5360
267,130.6900,130.6900,130.6500,130.6800,2300
268,130.6900,130.6900,130.5400,130.5600,3926
269,130.5300,130.6300,130.5300,130.6100,2370
270,130.6100,130.6200,130.5800,130.5800,3150
271,130.5700,130.6800,130.5700,130.6800,3492
272,130.6900,130.7800,130.6900,130.7400,7176
273,130.7900,130.8000,130.6800,130.6800,5137
274,130.7000,130.7069,130.6893,130.7000,3473
275,130.7000,130.7600,130.6300,130.7600,9451
276,130.7400,130.8700,130.7400,130.8700,2870
277,130.8700,130.9100,130.8700,130.8800,3201
278,130.8700,130.9200,130.8700,130.8900,5534
279,130.9100,130.9400,130.9100,130.9400,3957
280,130.9300,130.9600,130.9250,130.9350,4818
281,130.9600,131.0400,130.9400,130.9400,7299
282,130.9650,130.9650,130.8500,130.8500,2004
283,130.8600,130.8724,130.8500,130.8724,1628
284,130.8400,130.8500,130.7400,130.7700,2483
285,130.7600,130.8300,130.7600,130.8000,900
286,130.8300,130.8400,130.8250,130.8250,400
287,130.8300,130.8600,130.8090,130.8500,600
288,130.8830,130.8830,130.8830,130.8830,800
289,130.8300,130.9500,130.8300,130.9400,3700
290,130.9600,131.0150,130.9600,130.9800,3000
291,131.0100,131.0200,131.0100,131.0100,1000
292,130.9600,131.0010,130.9600,131.0010,500
293,130.9500,131.0000,130.9100,130.9400,2400
294,130.9500,130.9500,130.9500,130.9500,120
295,130.9200,130.9225,130.8300,130.8300,2527
296,130.8300,130.8300,130.7600,130.7900,1900
297,130.8000,130.8325,130.8000,130.8200,2942
298,130.8200,130.8300,130.7600,130.7650,1000
299,130.7650,130.7650,130.7300,130.7500,800
300,130.7200,130.7500,130.6900,130.7399,1800
301,130.6800,130.7100,130.6600,130.7000,1200
302,130.6700,130.7000,130.6700,130.6700,1000
303,130.6600,130.6600,130.6600,130.6600,200
304,130.6600,130.7000,130.6000,130.6000,2500
305,130.6300,130.6300,130.5300,130.5850,2800
306,130.6000,130.6200,130.5300,130.5500,2200
307,130.5400,130.6000,130.5400,130.6000,900
308,130.5900,130.5900,130.5700,130.5700,600
309,130.5900,130.6900,130.5800,130.6900,2200
310,130.6500,130.7000,130.6500,130.7000,1200
311,130.7000,130.7200,130.6500,130.6500,1200
312,130.6800,130.6900,130.6000,130.6250,2126
313,130.5950,130.6200,130.5600,130.5975,600
314,130.5900,130.5900,130.5100,130.5400,2200
315,130.5300,130.5400,130.4960,130.4960,2300
316,130.4600,130.4900,130.4100,130.4900,2901
317,130.4900,130.5100,130.4300,130.4400,8490
318,130.4400,130.4750,130.4000,130.4000,2641
319,130.3800,130.4400,130.3200,130.3200,7876
320,130.3600,130.3800,130.2400,130.2800,7012
321,130.2600,130.3900,130.2600,130.3700,3900
322,130.3400,130.4100,130.3300,130.4000,2130
323,130.3800,130.4100,130.3500,130.4000,2200
324,130.4300,130.4700,130.4100,130.4400,3420
325,130.4700,130.4800,130.4200,130.4200,3023
326,130.4300,130.4400,130.3900,130.4200,4599
327,130.4600,130.4800,130.4000,130.4700,2400
328,130.4600,130.4600,130.4050,130.4200,1782
329,130.4100,130.4200,130.3200,130.3200,1555
330,130.3110,130.3600,130.2500,130.2500,2800
331,130.2500,130.2800,130.1900,130.2300,2900
332,130.2400,130.3600,130.2000,130.3400,6236
333,130.3400,130.4100,130.3200,130.3850,3304
334,130.3800,130.4200,130.3300,130.3300,3240
335,130.3300,130.3300,130.2800,130.3300,1300
336,130.3100,130.3100,130.2100,130.2100,2000
337,130.2100,130.2100,130.1200,130.1800,3100
338,130.1600,130.1600,130.0800,130.0810,5837
339,130.0708,130.1700,130.0700,130.1500,6099
340,130.1600,130.2100,130.1550,130.1800,4400
341,130.1800,130.2100,130.1700,130.2000,1906
342,130.1750,130.2300,130.1600,130.2000,3416
343,130.2000,130.2000,130.1600,130.1700,5844
344,130.1600,130.1600,130.1300,130.1600,4303
345,130.1500,130.1500,130.1100,130.1200,1250
346,130.1300,130.1500,130.1000,130.1150,2500
347,130.1000,130.1300,130.0900,130.1100,3890
348,130.1000,130.1000,130.0300,130.0300,2030
349,130.0300,130.0300,129.9900,130.0000,5677
350,130.0000,130.0600,129.9800,130.0500,7570
351,130.0400,130.0700,130.0200,130.0700,3149
352,130.0450,130.1100,130.0000,130.0000,7297
353,130.0200,130.0200,129.9600,129.9600,8625
354,129.9500,130.0000,129.9400,129.9400,45411
355,129.9400,130.0101,129.9400,130.0000,5909
356,130.0300,130.0300,129.9600,129.9600,4300
357,129.9600,129.9600,129.9300,129.9500,4174
358,129.9400,129.9400,129.8900,129.9100,4200
359,129.8900,129.9000,129.8600,129.8700,6541
360,129.8740,129.9800,129.8700,129.9700,10542
361,129.9550,129.9589,129.9200,129.9200,4597
362,129.9200,129.9300,129.8900,129.8900,4928
363,129.8900,129.9096,129.8500,129.8500,4600
364,129.8500,129.8600,129.8100,129.8100,7272
365,129.8300,129.8500,129.8089,129.8200,5450
366,129.8500,129.8800,129.8400,129.8500,4339
367,129.8501,129.9700,129.8501,129.9500,5238
368,129.9500,129.9700,129.9400,129.9550,3200
369,129.9700,130.0200,129.9700,130.0100,8601
370,130.0000,130.0100,129.9900,130.0100,5593
371,130.0000,130.0000,129.9500,129.9500,3000
372,129.9700,130.0000,129.9501,129.9700,4336
373,129.9700,129.9800,129.9700,129.9800,6500
374,129.9900,130.0050,129.9200,129.9301,7986
375,129.9400,129.9700,129.9200,129.9600,6337
376,129.9750,130.0400,129.9645,129.9900,10265
377,129.9800,130.0000,129.9600,129.9900,4925
378,130.0000,130.0050,129.9700,129.9900,6241
379,130.0000,130.0000,129.9300,129.9600,8012
380,129.9700,130.0000,129.9600,130.0000,3600
381,129.9900,130.1600,129.9900,130.1600,11412
382,130.1550,130.1800,130.1500,130.1750,7135
383,130.1750,130.1750,130.0550,130.0550,13437
384,130.0600,130.0600,129.9800,130.0100,19610
385,130.0050,130.0200,129.9900,130.0200,13035
386,130.0150,130.0700,130.0000,130.0500,24608
387,130.0500,130.1300,130.0500,130.1100,16132
388,130.1200,130.1500,130.1100,130.1500,13520
389,130.1500,130.1700,130.1200,130.1700,17607
390,130.1500,130.2600,130.1400,130.2100,27060