BMY,Bristol-Myers Squibb,Health Care,5,Health Care Distributors,90057540200,8236320
a1499617800,52.7700,52.7700,52.7700,52.7700,76460
1,52.7880,52.8000,52.7400,52.7900,6948
2,52.8100,52.9900,52.8100,52.8800,26580
3,52.9008,52.9300,52.8300,52.8300,7133
4,52.8700,52.8700,52.8200,52.8700,1604
5,52.8700,52.9000,52.8500,52.8700,6345
6,52.8900,52.9000,52.8500,52.8500,4500
7,52.8500,52.8500,52.7800,52.8200,3968
8,52.8000,52.8200,52.7800,52.7800,3100
9,52.7900,52.7967,52.7400,52.7700,4406
10,52.7700,52.7850,52.7000,52.7200,6223
11,52.7300,52.7600,52.7000,52.7314,3940
12,52.7524,52.7800,52.6880,52.6880,15509
13,52.6900,52.7000,52.6500,52.6752,12010
14,52.6700,52.6900,52.6500,52.6900,11020
15,52.6800,52.7300,52.6800,52.7000,5870
16,52.7000,52.7300,52.6938,52.7100,7897
17,52.7200,52.9500,52.7200,52.9500,23335
18,52.9200,52.9400,52.9000,52.9325,17233
19,52.9350,53.0800,52.9300,53.0700,13776
20,53.0600,53.0900,53.0400,53.0600,6470
21,53.0700,53.0800,53.0250,53.0300,13595
22,53.0300,53.0600,53.0200,53.0301,2826
23,53.0300,53.1000,53.0000,53.0900,13625
24,53.0944,53.1700,53.0944,53.1600,30115
25,53.1600,53.1900,53.1400,53.1523,17528
26,53.1524,53.2200,53.1200,53.2101,12700
27,53.2101,53.2400,53.1700,53.2000,23966
28,53.2100,53.2500,53.2000,53.2500,21822
29,53.2500,53.2601,53.2200,53.2300,42395
30,53.2200,53.2450,53.1950,53.2450,15941
31,53.2500,53.3868,53.2500,53.3750,91759
32,53.3701,53.4000,53.3100,53.3250,24037
33,53.3200,53.3250,53.2700,53.3250,15782
34,53.3300,53.3401,53.2910,53.3300,12604
35,53.3210,53.3300,53.2700,53.3300,21344
36,53.3257,53.3400,53.3100,53.3100,22885
37,53.3100,53.3100,53.2700,53.3050,8898
38,53.3100,53.3300,53.2800,53.3050,15236
39,53.3000,53.3100,53.2450,53.2500,8126
40,53.2500,53.2600,53.2200,53.2400,12691
41,53.2500,53.2650,53.2350,53.2400,11851
42,53.2450,53.2700,53.2400,53.2464,10010
43,53.2450,53.2900,53.2400,53.2550,14896
44,53.2550,53.2600,53.2350,53.2600,9123
45,53.2505,53.2900,53.2500,53.2850,13533
46,53.2900,53.3100,53.2800,53.2850,7310
47,53.2850,53.3500,53.2800,53.3300,89445
48,53.3400,53.3500,53.3200,53.3350,18333
49,53.3350,53.3350,53.3000,53.3301,8469
50,53.3300,53.3700,53.3200,53.3624,81311
51,53.3700,53.4400,53.3500,53.4300,46825
52,53.4200,53.4900,53.4200,53.4800,33867
53,53.4900,53.5200,53.4800,53.4900,37762
54,53.4890,53.4900,53.4348,53.4348,7000
55,53.4300,53.4500,53.4150,53.4400,11025
56,53.4500,53.4650,53.4300,53.4600,17703
57,53.4500,53.5300,53.4500,53.5300,37171
58,53.5342,53.5400,53.4600,53.4900,29625
59,53.4850,53.4950,53.4400,53.4500,18582
60,53.4570,53.4800,53.4500,53.4700,13917
61,53.4650,53.4900,53.4601,53.4842,9328
62,53.4850,53.5100,53.4800,53.5000,20059
63,53.4950,53.4950,53.4301,53.4541,20525
64,53.4550,53.5000,53.4500,53.4500,18815
65,53.4600,53.4750,53.4300,53.4350,40980
66,53.4400,53.4632,53.4300,53.4400,20742
67,53.4300,53.4400,53.4300,53.4350,7240
68,53.4342,53.4450,53.4100,53.4250,15186
69,53.4250,53.4332,53.4100,53.4200,12957
70,53.4150,53.4500,53.4150,53.4500,7031
71,53.4500,53.4700,53.4400,53.4550,8443
72,53.4600,53.4700,53.4500,53.4700,8249
73,53.4700,53.4799,53.4500,53.4550,4567
74,53.4500,53.4700,53.4435,53.4600,11216
75,53.4548,53.4800,53.4548,53.4799,4635
76,53.4700,53.4900,53.4700,53.4744,9439
77,53.4750,53.4900,53.4750,53.4800,6835
78,53.4800,53.4800,53.4400,53.4600,10678
79,53.4600,53.4800,53.4600,53.4601,7980
80,53.4650,53.4900,53.4600,53.4750,16648
81,53.4800,53.4800,53.4443,53.4500,6161
82,53.4600,53.4600,53.4300,53.4415,10907
83,53.4500,53.4540,53.4350,53.4350,5806
84,53.4300,53.4500,53.4250,53.4375,12398
85,53.4399,53.4600,53.4300,53.4501,12383
86,53.4500,53.4700,53.4500,53.4648,3542
87,53.4600,53.4855,53.4500,53.4850,14921
88,53.4800,53.4900,53.4700,53.4900,17933
89,53.4900,53.5300,53.4899,53.4950,17532
90,53.5000,53.5100,53.4850,53.5050,13736
91,53.5000,53.5100,53.4750,53.4750,32072
92,53.4700,53.4700,53.4500,53.4550,3724
93,53.4503,53.4661,53.4433,53.4566,14317
94,53.4500,53.4600,53.4450,53.4600,10531
95,53.4600,53.4700,53.4600,53.4700,2709
96,53.4600,53.5000,53.4600,53.4950,8896
97,53.4900,53.5100,53.4900,53.4950,9754
98,53.5000,53.5000,53.4800,53.4900,3149
99,53.4900,53.5000,53.4900,53.4950,3038
100,53.4999,53.4999,53.4500,53.4500,8333
101,53.4500,53.4700,53.4500,53.4600,11156
102,53.4700,53.4750,53.4600,53.4700,14831
103,53.4600,53.4800,53.4600,53.4800,3040
104,53.4701,53.4800,53.4600,53.4700,7790
105,53.4700,53.4750,53.4550,53.4600,11342
106,53.4600,53.4800,53.4600,53.4710,5089
107,53.4800,53.4800,53.4562,53.4800,21229
108,53.4700,53.4850,53.4600,53.4850,6443
109,53.4800,53.4900,53.4500,53.4590,4105
110,53.4550,53.4900,53.4500,53.4900,10527
111,53.4900,53.5100,53.4900,53.5050,8437
112,53.4900,53.4900,53.4700,53.4750,3125
113,53.4800,53.4950,53.4800,53.4800,4215
114,53.4850,53.4900,53.4600,53.4600,10453
115,53.4500,53.4500,53.4300,53.4500,19983
116,53.4500,53.4500,53.4200,53.4300,16744
117,53.4400,53.4800,53.4400,53.4700,13442
118,53.4750,53.4900,53.4500,53.4900,14393
119,53.4900,53.4963,53.4700,53.4900,28387
120,53.4900,53.5050,53.4800,53.4900,22381
121,53.4900,53.5000,53.4800,53.4800,12638
122,53.4800,53.4900,53.4800,53.4900,7291
123,53.4900,53.5000,53.4800,53.4900,15800
124,53.4900,53.5000,53.4750,53.4850,13438
125,53.4800,53.5000,53.4700,53.4800,14701
126,53.4900,53.5300,53.4840,53.5300,21172
127,53.5300,53.5350,53.5000,53.5150,8950
128,53.5200,53.5400,53.5200,53.5400,3040
129,53.5300,53.5599,53.5300,53.5550,10101
130,53.5550,53.5850,53.5500,53.5800,15001
131,53.5700,53.6100,53.5700,53.6000,25782
132,53.5950,53.6100,53.5900,53.5900,19217
133,53.5950,53.6100,53.5900,53.6000,14562
134,53.5950,53.5950,53.5700,53.5834,6009
135,53.5800,53.5850,53.5700,53.5750,7860
136,53.5700,53.5800,53.5700,53.5750,5328
137,53.5800,53.5800,53.5700,53.5700,5076
138,53.5750,53.6000,53.2000,53.6000,135085
139,53.6000,53.6100,53.6000,53.6021,9640
140,53.6100,53.6300,53.6100,53.6200,21128
141,53.6200,53.6300,53.6100,53.6150,4783
142,53.6150,53.6601,53.6100,53.6601,13624
143,53.6600,53.6650,53.6530,53.6600,4135
144,53.6700,53.6700,53.6600,53.6700,4103
145,53.6700,53.6700,53.6550,53.6650,10145
146,53.6650,53.6650,53.6500,53.6500,2845
147,53.6550,53.6600,53.6400,53.6500,7689
148,53.6600,53.6800,53.6430,53.6430,20431
149,53.6470,53.6550,53.6253,53.6253,7831
150,53.6299,53.6400,53.6100,53.6400,7204
151,53.6400,53.6500,53.6334,53.6400,4355
152,53.6500,53.6900,53.6400,53.6800,13625
153,53.6800,53.6900,53.6700,53.6898,9060
154,53.6800,53.7100,53.6700,53.7050,12673
155,53.6999,53.7100,53.6900,53.7000,11835
156,53.6999,53.7000,53.6700,53.7000,4652
157,53.6929,53.7000,53.6900,53.6900,5884
158,53.7000,53.7100,53.6900,53.6900,7973
159,53.6900,53.7000,53.6700,53.6700,6950
160,53.6800,53.7000,53.6750,53.6900,9774
161,53.6990,53.7100,53.6800,53.6947,24114
162,53.7000,53.7000,53.6900,53.6900,6398
163,53.6864,53.6900,53.6600,53.6800,5015
164,53.6700,53.6900,53.6699,53.6900,5273
165,53.6810,53.7000,53.6800,53.7000,9443
166,53.7000,53.7050,53.6900,53.7000,3538
167,53.6900,53.7100,53.6800,53.6850,14719
168,53.6850,53.7000,53.6810,53.6900,4401
169,53.6940,53.7100,53.6900,53.7100,19774
170,53.7047,53.7400,53.7047,53.7300,5700
171,53.7250,53.7347,53.7200,53.7247,5904
172,53.7300,53.7400,53.7200,53.7200,7649
173,53.7200,53.7200,53.6900,53.7185,8137
174,53.7200,53.7200,53.7100,53.7100,2169
175,53.7100,53.7300,53.7100,53.7250,9747
176,53.7300,53.7300,53.7200,53.7250,5086
177,53.7250,53.7400,53.7200,53.7400,7734
178,53.7300,53.7600,53.7300,53.7600,8050
179,53.7638,53.7900,53.7638,53.7900,19306
180,53.7800,53.8000,53.7800,53.7946,4820
181,53.8000,53.8000,53.7800,53.7900,36085
182,53.7850,53.7850,53.7800,53.7850,3119
183,53.7900,53.8000,53.7900,53.7930,6704
184,53.7900,53.8100,53.7900,53.8100,11427
185,53.8100,53.8700,53.8100,53.8407,27865
186,53.8500,53.8600,53.8400,53.8600,17391
187,53.8554,53.8950,53.8554,53.8850,17235
188,53.8900,53.8901,53.8700,53.8700,13090
189,53.8750,53.9100,53.8700,53.9100,11719
190,53.9000,53.9400,53.9000,53.9200,16154
191,53.9159,53.9300,53.9150,53.9300,4036
192,53.9300,53.9400,53.9240,53.9300,6766
193,53.9350,53.9600,53.9300,53.9541,17510
194,53.9500,53.9558,53.9300,53.9500,8469
195,53.9500,53.9600,53.9400,53.9550,3324
196,53.9600,53.9800,53.9500,53.9700,13918
197,53.9750,53.9900,53.9700,53.9850,4047
198,53.9850,54.0200,53.9850,54.0100,25747
199,54.0100,54.0200,54.0100,54.0200,7439
200,54.0300,54.0300,54.0100,54.0200,4600
201,54.0150,54.0200,54.0100,54.0150,8399
202,54.0200,54.0350,54.0150,54.0350,6098
203,54.0371,54.0400,53.9950,53.9950,14438
204,53.9950,54.0100,53.9800,53.9800,23592
205,53.9850,53.9950,53.9800,53.9910,9292
206,53.9900,54.0100,53.9900,54.0050,9070
207,54.0100,54.0100,53.9950,54.0100,17517
208,54.0198,54.0200,54.0100,54.0200,2285
209,54.0153,54.0200,54.0100,54.0127,5470
210,54.0100,54.0150,54.0000,54.0100,5165
211,54.0050,54.0100,54.0000,54.0050,2498
212,54.0000,54.0200,54.0000,54.0100,9253
213,54.0100,54.0200,54.0000,54.0200,4265
214,54.0200,54.0600,54.0100,54.0600,10004
215,54.0500,54.0700,54.0500,54.0652,4263
216,54.0600,54.0900,54.0600,54.0800,12493
217,54.0900,54.0900,54.0750,54.0900,9645
218,54.0900,54.1000,54.0900,54.1000,9515
219,54.0900,54.0950,54.0810,54.0900,7100
220,54.0900,54.1000,54.0800,54.0950,7312
221,54.1000,54.1450,54.1000,54.1400,21831
222,54.1400,54.1600,54.1300,54.1599,12837
223,54.1500,54.1600,54.0850,54.0900,37904
224,54.0850,54.1250,54.0800,54.1100,11572
225,54.1050,54.1200,54.0900,54.1100,10934
226,54.1050,54.1300,54.1050,54.1200,15340
227,54.1250,54.1500,54.1200,54.1400,19245
228,54.1500,54.1700,54.1300,54.1700,12230
229,54.1700,54.1800,54.1400,54.1400,23156
230,54.1450,54.1600,54.1400,54.1500,20963
231,54.1401,54.1500,54.1400,54.1500,9751
232,54.1466,54.1500,54.1200,54.1300,35493
233,54.1250,54.1300,54.0900,54.1000,9345
234,54.1050,54.1050,54.0900,54.1000,12543
235,54.1066,54.1100,54.0900,54.1000,14917
236,54.1000,54.1000,54.0900,54.1000,13194
237,54.1000,54.1100,54.0800,54.1100,12674
238,54.1156,54.1400,54.1100,54.1400,9799
239,54.1350,54.1350,54.1037,54.1037,3815
240,54.1000,54.1050,54.0866,54.0900,6732
241,54.0846,54.0900,54.0600,54.0600,10243
242,54.0650,54.0900,54.0600,54.0900,10826
243,54.0846,54.0966,54.0800,54.0900,10598
244,54.0933,54.1000,54.0244,54.0250,15825
245,54.0200,54.0500,54.0200,54.0500,6970
246,54.0400,54.0700,54.0400,54.0650,9488
247,54.0550,54.0600,54.0400,54.0500,4085
248,54.0500,54.0653,54.0490,54.0544,6999
249,54.0600,54.0600,54.0200,54.0240,9002
250,54.0300,54.0400,54.0100,54.0400,8338
251,54.0310,54.0400,54.0200,54.0300,12237
252,54.0200,54.0200,54.0000,54.0100,10886
253,54.0035,54.0278,54.0000,54.0200,7973
254,54.0200,54.0325,54.0135,54.0250,5203
255,54.0200,54.0350,54.0100,54.0300,12320
256,54.0234,54.0234,54.0000,54.0000,3900
257,54.0065,54.0150,54.0000,54.0100,5050
258,54.0100,54.0300,54.0100,54.0300,4852
259,54.0300,54.0400,54.0208,54.0400,11091
260,54.0400,54.0450,54.0240,54.0400,7057
261,54.0500,54.0500,54.0150,54.0200,5100
262,54.0300,54.0400,54.0300,54.0350,3300
263,54.0346,54.0600,54.0250,54.0600,6730
264,54.0600,54.0654,54.0300,54.0300,5740
265,54.0300,54.0500,54.0300,54.0300,4500
266,54.0300,54.0400,54.0200,54.0400,7165
267,54.0400,54.0800,54.0400,54.0700,7747
268,54.0785,54.0800,54.0400,54.0500,10458
269,54.0500,54.0600,54.0300,54.0300,17943
270,54.0299,54.0301,53.9900,53.9900,54424
271,54.0000,54.0200,53.9950,54.0100,17446
272,54.0050,54.0101,53.9950,54.0100,14010
273,54.0050,54.0100,53.9900,53.9950,43278
274,54.0000,54.0100,53.9900,54.0008,14272
275,54.0000,54.0000,53.9800,53.9900,12218
276,53.9900,53.9900,53.9600,53.9617,14717
277,53.9650,53.9650,53.9400,53.9400,6223
278,53.9350,53.9500,53.9210,53.9455,6953
279,53.9500,53.9500,53.9245,53.9300,5241
280,53.9300,53.9300,53.8750,53.8750,5584
281,53.8700,53.8800,53.8550,53.8630,8232
282,53.8700,53.8800,53.8550,53.8773,17743
283,53.8600,53.8800,53.8500,53.8800,10023
284,53.8700,53.8797,53.8400,53.8601,17636
285,53.8600,53.8900,53.8600,53.8900,8356
286,53.8900,53.9000,53.8900,53.9000,5685
287,53.9000,53.9000,53.8700,53.8900,6733
288,53.8950,53.9000,53.8800,53.8900,12036
289,53.8950,53.9000,53.8900,53.8950,2380
290,53.9000,53.9000,53.8850,53.8850,30836
291,53.8800,53.9001,53.8800,53.8900,12107
292,53.8900,53.9400,53.8900,53.9400,15347
293,53.9400,53.9400,53.9000,53.9000,7623
294,53.8900,53.9000,53.8800,53.8900,12064
295,53.8949,53.9200,53.8900,53.9100,34153
296,53.9049,53.9100,53.8950,53.9000,8410
297,53.9050,53.9100,53.9000,53.9098,3150
298,53.9100,53.9200,53.9000,53.9162,6132
299,53.9200,53.9400,53.9200,53.9350,32759
300,53.9347,53.9400,53.9100,53.9200,11056
301,53.9200,53.9500,53.9150,53.9300,23220
302,53.9300,53.9700,53.9300,53.9700,14525
303,53.9600,53.9700,53.9404,53.9550,6587
304,53.9600,53.9600,53.9240,53.9399,8145
305,53.9400,53.9500,53.9100,53.9500,11706
306,53.9400,53.9400,53.9000,53.9100,6756
307,53.9100,53.9200,53.8800,53.9100,17232
308,53.9054,53.9054,53.8640,53.8700,20133
309,53.8600,53.8650,53.8200,53.8250,15948
310,53.8233,53.8500,53.8233,53.8450,12862
311,53.8400,53.8500,53.8210,53.8444,15222
312,53.8400,53.8450,53.8100,53.8100,5020
313,53.8109,53.8300,53.7900,53.8100,10807
314,53.8100,53.8150,53.7900,53.7934,13355
315,53.8000,53.8000,53.7500,53.7700,19757
316,53.7700,53.7700,53.7200,53.7400,23610
317,53.7400,53.7700,53.7150,53.7600,69927
318,53.7600,53.7758,53.7200,53.7249,19325
319,53.7250,53.7400,53.7200,53.7200,12507
320,53.7100,53.7300,53.6800,53.6800,17925
321,53.6800,53.7400,53.6500,53.6650,39461
322,53.6650,53.6900,53.6450,53.6450,18428
323,53.6400,53.6800,53.6350,53.6550,10195
324,53.6500,53.6850,53.6450,53.6800,16423
325,53.6800,53.6850,53.6600,53.6800,15020
326,53.6850,53.6900,53.6601,53.6750,12730
327,53.6800,53.6850,53.6500,53.6650,8021
328,53.6700,53.6700,53.6600,53.6700,7675
329,53.6700,53.6750,53.6450,53.6500,20869
330,53.6500,53.6850,53.6450,53.6500,138871
331,53.6500,53.6850,53.6500,53.6740,21614
332,53.6700,53.7250,53.6700,53.7250,27872
333,53.7200,53.7700,53.7000,53.7550,25004
334,53.7500,53.8100,53.7400,53.7850,18780
335,53.7800,53.7800,53.7250,53.7300,15904
336,53.7300,53.7328,53.7050,53.7100,8900
337,53.7000,53.7150,53.6700,53.7150,14540
338,53.7143,53.7150,53.6901,53.7000,16443
339,53.7100,53.7100,53.6800,53.6900,14000
340,53.6900,53.7200,53.6800,53.7200,10550
341,53.7200,53.7400,53.7150,53.7300,15955
342,53.7300,53.7400,53.7150,53.7250,8401
343,53.7250,53.7300,53.7000,53.7000,8459
344,53.6950,53.6950,53.6700,53.6775,13939
345,53.6900,53.7000,53.6850,53.6950,14569
346,53.7050,53.7150,53.6600,53.6601,20783
347,53.6700,53.6800,53.6400,53.6600,23089
348,53.6500,53.6500,53.5800,53.5800,11093
349,53.5800,53.6000,53.5700,53.5900,22941
350,53.5900,53.6300,53.5850,53.6200,19260
351,53.6300,53.6400,53.6000,53.6000,12279
352,53.6000,53.6050,53.5800,53.6000,35848
353,53.6000,53.6200,53.6000,53.6200,20993
354,53.6100,53.6200,53.6000,53.6200,13085
355,53.6200,53.6400,53.6150,53.6352,14749
356,53.6332,53.6500,53.6200,53.6200,25636
357,53.6186,53.6550,53.6150,53.6500,11515
358,53.6600,53.6600,53.6405,53.6500,4525
359,53.6450,53.6700,53.6400,53.6700,9103
360,53.6600,53.7200,53.6600,53.7000,13679
361,53.6900,53.7200,53.6800,53.6850,18743
362,53.6850,53.7000,53.6700,53.6700,7937
363,53.6750,53.6900,53.6250,53.6350,73239
364,53.6400,53.6600,53.6200,53.6300,43362
365,53.6300,53.6500,53.6200,53.6200,14501
366,53.6148,53.6300,53.5700,53.5800,26968
367,53.5800,53.5900,53.5500,53.5600,19510
368,53.5600,53.5600,53.5350,53.5400,9298
369,53.5500,53.5900,53.5500,53.5800,37651
370,53.5800,53.5900,53.5400,53.5500,22556
371,53.5550,53.5650,53.5500,53.5650,161234
372,53.5700,53.6350,53.5700,53.6350,24499
373,53.6350,53.6350,53.5901,53.6200,29523
374,53.6250,53.6500,53.6000,53.6050,19035
375,53.6000,53.6800,53.6000,53.6700,41148
376,53.6600,53.6800,53.6500,53.6800,36682
377,53.6800,53.6800,53.6700,53.6750,32477
378,53.6775,53.7400,53.6700,53.7000,107669
379,53.7000,53.7000,53.6700,53.6700,14864
380,53.6700,53.7100,53.6700,53.6900,50389
381,53.6950,53.7300,53.6700,53.7190,74248
382,53.7198,53.7400,53.7000,53.7000,26453
383,53.7000,53.7400,53.7000,53.7150,36964
384,53.7150,53.7400,53.7000,53.7400,33734
385,53.7350,53.7800,53.7350,53.7690,40453
386,53.7650,53.7650,53.7150,53.7200,39938
387,53.7100,53.7300,53.7000,53.7250,71871
388,53.7201,53.7600,53.6850,53.7100,79794
389,53.7000,53.7350,53.6900,53.6950,64026
390,53.6950,53.7700,53.6900,53.7300,127817