CFG,Citizens Financial Group,Financials,4,Regional Banks,18779975446,4512148
a1499617800,35.8900,35.8900,35.8900,35.8900,18379
1,35.8900,36.0700,35.8700,36.0700,9746
2,36.0400,36.0500,36.0300,36.0500,3600
3,36.0500,36.1100,36.0400,36.1100,6183
4,36.1100,36.1700,36.0950,36.1600,161315
5,36.1600,36.1800,36.1300,36.1700,6600
6,36.1800,36.1800,36.1200,36.1400,13399
7,36.1400,36.2400,36.1300,36.2350,9380
8,36.2250,36.2400,36.2000,36.2000,5000
9,36.2050,36.2300,36.1800,36.1850,3466
10,36.1800,36.1800,36.1350,36.1600,104840
11,36.1650,36.1650,36.1200,36.1200,9710
12,36.1175,36.2000,36.1050,36.2000,7975
13,36.1900,36.2000,36.1341,36.1341,10222
14,36.1300,36.2100,36.1300,36.1900,4691
15,36.1850,36.1900,36.1300,36.1350,6900
16,36.1350,36.1350,36.0900,36.1000,12432
17,36.1050,36.1200,36.0600,36.0800,26221
18,36.0800,36.0900,36.0400,36.0400,4300
19,36.0500,36.1400,36.0300,36.1350,7708
20,36.1500,36.1600,36.1100,36.1250,5400
21,36.1200,36.1200,36.1100,36.1100,3642
22,36.1000,36.1000,36.0550,36.0700,9870
23,36.0900,36.1700,36.0900,36.1700,9577
24,36.1700,36.2500,36.1700,36.2300,11622
25,36.2400,36.2850,36.2300,36.2800,8400
26,36.2800,36.3650,36.2411,36.3500,14034
27,36.3700,36.4300,36.3700,36.4100,6639
28,36.4100,36.4300,36.3900,36.4100,4823
29,36.4000,36.4400,36.4000,36.4100,6326
30,36.4000,36.4400,36.3800,36.4200,11021
31,36.4100,36.4350,36.3700,36.3700,20347
32,36.3500,36.3500,36.3000,36.3200,9257
33,36.3100,36.3600,36.3100,36.3500,3786
34,36.3590,36.3600,36.3100,36.3100,8503
35,36.3200,36.3600,36.3200,36.3400,3259
36,36.3350,36.3500,36.3139,36.3300,4946
37,36.3185,36.3200,36.2800,36.3200,5811
38,36.3200,36.3700,36.3100,36.3700,12237
39,36.3600,36.3800,36.3600,36.3700,3830
40,36.3800,36.4050,36.3800,36.3800,3330
41,36.3700,36.4100,36.3650,36.4000,8190
42,36.4000,36.4000,36.3400,36.3500,7900
43,36.3450,36.3900,36.3300,36.3900,6753
44,36.3900,36.4000,36.3700,36.3850,8627
45,36.3800,36.4100,36.3600,36.3700,10270
46,36.3700,36.4000,36.3650,36.3850,9188
47,36.3850,36.4200,36.3850,36.4100,7407
48,36.4150,36.4200,36.4000,36.4090,1801
49,36.4100,36.4100,36.3800,36.4000,10182
50,36.3950,36.4150,36.3800,36.3950,5400
51,36.4000,36.4200,36.4000,36.4100,7111
52,36.4200,36.4200,36.3800,36.4200,11147
53,36.4000,36.4150,36.3900,36.4100,7413
54,36.4000,36.4300,36.4000,36.4250,8274
55,36.4250,36.4500,36.4100,36.4250,33012
56,36.4150,36.4300,36.4100,36.4200,13212
57,36.4200,36.4400,36.4100,36.4400,10582
58,36.4500,36.5050,36.4500,36.4900,33467
59,36.4900,36.5400,36.4900,36.5200,7402
60,36.5100,36.5450,36.5100,36.5300,3499
61,36.5200,36.5400,36.5150,36.5400,9667
62,36.5400,36.5800,36.5200,36.5600,14545
63,36.5550,36.6050,36.5550,36.6000,6103
64,36.6050,36.6100,36.5900,36.5950,5476
65,36.6000,36.6000,36.5250,36.5400,5205
66,36.5300,36.5450,36.5100,36.5450,11438
67,36.5400,36.5400,36.5100,36.5300,5936
68,36.5300,36.5800,36.5300,36.5700,23008
69,36.5700,36.5800,36.5650,36.5650,27467
70,36.5750,36.5750,36.5300,36.5350,12049
71,36.5300,36.5350,36.5000,36.5250,14549
72,36.5200,36.5200,36.4700,36.4800,12941
73,36.4731,36.5300,36.4700,36.5200,12994
74,36.5150,36.5400,36.5000,36.5100,12235
75,36.5100,36.5550,36.5062,36.5550,8804
76,36.5500,36.5750,36.5500,36.5700,16458
77,36.5750,36.6100,36.5600,36.5900,20157
78,36.5800,36.5800,36.5300,36.5400,20116
79,36.5350,36.5600,36.5350,36.5550,19061
80,36.5600,36.6100,36.5500,36.6100,15600
81,36.6200,36.6300,36.5700,36.5750,13341
82,36.5600,36.5650,36.5400,36.5400,11222
83,36.5300,36.5550,36.5200,36.5500,8200
84,36.5400,36.5400,36.5050,36.5150,14467
85,36.5100,36.5100,36.4700,36.4700,3985
86,36.4600,36.4600,36.4300,36.4500,10185
87,36.4300,36.5000,36.4300,36.5000,13802
88,36.5200,36.5300,36.5000,36.5200,8211
89,36.5300,36.5300,36.5150,36.5300,6464
90,36.5200,36.5300,36.5100,36.5300,5500
91,36.5200,36.5450,36.5100,36.5200,6996
92,36.5100,36.5300,36.5100,36.5200,2600
93,36.5200,36.5400,36.5080,36.5300,13307
94,36.5200,36.5700,36.5200,36.5600,6702
95,36.5600,36.5800,36.5600,36.5700,4800
96,36.5700,36.6100,36.5700,36.6000,5101
97,36.6000,36.6100,36.5800,36.5800,2488
98,36.5800,36.5800,36.5650,36.5700,2359
99,36.5600,36.5658,36.5600,36.5658,1795
100,36.5700,36.6100,36.5700,36.6100,10408
101,36.6100,36.6500,36.6100,36.6250,33900
102,36.6300,36.6300,36.6000,36.6000,2960
103,36.5950,36.6100,36.5600,36.6100,23890
104,36.6000,36.6400,36.6000,36.6300,35536
105,36.6300,36.6400,36.6050,36.6200,13352
106,36.6300,36.6900,36.6200,36.6600,39928
107,36.6700,36.6850,36.6400,36.6600,10955
108,36.6600,36.6850,36.6250,36.6700,17507
109,36.6600,36.7061,36.6600,36.6700,29683
110,36.6700,36.6800,36.6500,36.6500,5058
111,36.6550,36.6659,36.6300,36.6500,17941
112,36.6500,36.6500,36.6100,36.6100,5200
113,36.6100,36.6400,36.6050,36.6350,45831
114,36.6300,36.6300,36.6150,36.6244,7700
115,36.6300,36.6400,36.6050,36.6100,18648
116,36.6100,36.6150,36.5600,36.5600,8510
117,36.5700,36.5800,36.5600,36.5800,5400
118,36.5900,36.6100,36.5900,36.5900,5520
119,36.5900,36.5900,36.5850,36.5900,1500
120,36.5900,36.6000,36.5850,36.6000,8719
121,36.6000,36.6200,36.5750,36.5900,13307
122,36.6000,36.6300,36.6000,36.6200,7227
123,36.6100,36.6100,36.5800,36.6100,4600
124,36.6100,36.6200,36.6000,36.6050,6487
125,36.6050,36.6300,36.5900,36.6100,5300
126,36.6150,36.6200,36.5800,36.5800,5500
127,36.5900,36.5900,36.5600,36.5800,2137
128,36.5900,36.6100,36.5800,36.5950,7400
129,36.5950,36.6200,36.5900,36.6200,12563
130,36.6100,36.6100,36.5600,36.5700,2873
131,36.5600,36.5700,36.5600,36.5600,1512
132,36.5600,36.5700,36.5500,36.5600,15800
133,36.5636,36.5700,36.5500,36.5600,11198
134,36.5550,36.5800,36.5550,36.5800,5100
135,36.5850,36.6200,36.5800,36.6100,9259
136,36.6100,36.6100,36.5900,36.6000,5483
137,36.6000,36.6200,36.5950,36.6200,2509
138,36.6300,36.6700,36.6300,36.6662,12247
139,36.6600,36.6600,36.6400,36.6400,2900
140,36.6400,36.6600,36.6300,36.6300,3300
141,36.6300,36.6600,36.6300,36.6400,5040
142,36.6400,36.6400,36.6200,36.6200,1600
143,36.6200,36.6250,36.6100,36.6100,2000
144,36.6200,36.6300,36.5900,36.6000,3757
145,36.6000,36.6100,36.5900,36.6000,3400
146,36.5900,36.6100,36.5800,36.6100,3100
147,36.6100,36.6500,36.6100,36.6200,7326
148,36.6200,36.6300,36.6100,36.6100,2200
149,36.6100,36.6200,36.6000,36.6100,3400
150,36.6100,36.6100,36.5800,36.5850,5645
151,36.5900,36.6000,36.5700,36.5800,3796
152,36.5700,36.5700,36.5450,36.5500,7671
153,36.5550,36.5700,36.5450,36.5600,21696
154,36.5550,36.6100,36.5550,36.5850,13746
155,36.5850,36.5900,36.5700,36.5700,6955
156,36.5601,36.5900,36.5601,36.5850,7710
157,36.5800,36.5850,36.5550,36.5700,7383
158,36.5650,36.6050,36.5601,36.5950,7420
159,36.5900,36.6090,36.5850,36.6000,4480
160,36.6100,36.6300,36.6100,36.6239,2500
161,36.6300,36.6450,36.6300,36.6350,2800
162,36.6400,36.6700,36.6400,36.6600,3200
163,36.6600,36.6600,36.6300,36.6600,4500
164,36.6600,36.6700,36.6500,36.6500,18200
165,36.6500,36.6600,36.6350,36.6547,22314
166,36.6500,36.6600,36.6300,36.6300,3500
167,36.6400,36.6600,36.6200,36.6200,11980
168,36.6200,36.6400,36.6200,36.6300,4090
169,36.6300,36.6400,36.6100,36.6147,2921
170,36.6200,36.6300,36.6150,36.6200,3600
171,36.6200,36.6200,36.5900,36.5900,3576
172,36.5800,36.6050,36.5700,36.6000,4764
173,36.6000,36.6100,36.5600,36.5600,3100
174,36.5500,36.5600,36.5200,36.5200,5693
175,36.5250,36.5300,36.5000,36.5000,2200
176,36.5000,36.5200,36.4700,36.4700,11108
177,36.4700,36.4800,36.4500,36.4600,5400
178,36.4600,36.4900,36.4600,36.4650,6400
179,36.4600,36.4800,36.4500,36.4600,17054
180,36.4600,36.5000,36.4550,36.5000,39272
181,36.5000,36.5300,36.5000,36.5200,6860
182,36.5300,36.5500,36.5300,36.5400,6532
183,36.5300,36.5650,36.5243,36.5600,4524
184,36.5700,36.5700,36.5200,36.5200,3239
185,36.5250,36.5500,36.5000,36.5500,13217
186,36.5500,36.5500,36.4800,36.5100,4680
187,36.5100,36.5200,36.4900,36.5000,16380
188,36.4900,36.5050,36.4800,36.5000,8400
189,36.5050,36.5700,36.5050,36.5500,5997
190,36.5500,36.5700,36.5400,36.5400,6108
191,36.5300,36.5400,36.5200,36.5200,4433
192,36.5200,36.5300,36.5100,36.5100,3290
193,36.5200,36.5200,36.4950,36.5000,2700
194,36.4900,36.4950,36.4600,36.4700,2400
195,36.4800,36.5100,36.4800,36.5100,5335
196,36.5100,36.5400,36.5050,36.5400,5085
197,36.5400,36.5800,36.5400,36.5800,9013
198,36.5800,36.5900,36.5500,36.5700,4057
199,36.5800,36.5800,36.5600,36.5700,2660
200,36.5600,36.5700,36.5400,36.5700,3300
201,36.5600,36.5600,36.5400,36.5600,2900
202,36.5600,36.5700,36.5500,36.5700,2900
203,36.5700,36.6000,36.5700,36.6000,3200
204,36.6100,36.6200,36.5800,36.6000,10503
205,36.6000,36.6100,36.5900,36.6050,7787
206,36.6000,36.6200,36.6000,36.6000,5004
207,36.6000,36.6200,36.6000,36.6100,4921
208,36.6100,36.6100,36.5850,36.6000,4300
209,36.5900,36.5900,36.5650,36.5800,2200
210,36.5800,36.6100,36.5800,36.6000,9527
211,36.6000,36.6200,36.5950,36.6100,19148
212,36.6100,36.6900,36.6100,36.6800,11777
213,36.6800,36.6800,36.6500,36.6500,2900
214,36.6500,36.6550,36.6400,36.6550,2505
215,36.6500,36.6900,36.6400,36.6900,5947
216,36.6900,36.7000,36.6650,36.6800,8368
217,36.6800,36.7200,36.6800,36.7100,2480
218,36.7100,36.7300,36.7100,36.7200,3413
219,36.7100,36.7300,36.7000,36.7300,5246
220,36.7200,36.7399,36.7100,36.7100,7888
221,36.7100,36.7100,36.6950,36.6950,3000
222,36.6900,36.7000,36.6650,36.6700,6898
223,36.6700,36.6700,36.6200,36.6200,5095
224,36.6300,36.6400,36.6000,36.6150,6920
225,36.6200,36.6343,36.5900,36.6300,6381
226,36.6300,36.6300,36.6200,36.6200,3585
227,36.6300,36.6400,36.6300,36.6400,2400
228,36.6400,36.6400,36.5700,36.5950,9908
229,36.6000,36.6000,36.5800,36.5900,6410
230,36.5900,36.6254,36.5900,36.6000,11311
231,36.6000,36.6000,36.5900,36.5900,3369
232,36.5800,36.5800,36.5600,36.5600,5202
233,36.5600,36.5662,36.5500,36.5500,2310
234,36.5500,36.5500,36.5400,36.5500,7221
235,36.5453,36.6000,36.5453,36.5900,6425
236,36.5800,36.5900,36.5700,36.5700,2700
237,36.5600,36.5800,36.5600,36.5700,3485
238,36.5700,36.5800,36.5500,36.5800,2885
239,36.5700,36.5900,36.5631,36.5700,6895
240,36.5700,36.5900,36.5700,36.5800,2285
241,36.5900,36.5900,36.5650,36.5700,3533
242,36.5600,36.5600,36.5450,36.5500,6207
243,36.5400,36.6000,36.5400,36.5900,12116
244,36.5900,36.6100,36.5900,36.6000,2695
245,36.6000,36.6000,36.5900,36.6000,3400
246,36.6000,36.6100,36.5900,36.6100,1903
247,36.5900,36.6100,36.5700,36.6000,20413
248,36.6000,36.6400,36.6000,36.6100,5771
249,36.6100,36.6100,36.5900,36.6000,7011
250,36.5900,36.6300,36.5900,36.6050,15902
251,36.6050,36.6200,36.5900,36.6100,27997
252,36.6200,36.6400,36.6100,36.6300,10505
253,36.6300,36.6400,36.6000,36.6200,11895
254,36.6200,36.6300,36.6150,36.6200,7400
255,36.6300,36.6500,36.6200,36.6400,8519
256,36.6400,36.6400,36.6200,36.6250,2700
257,36.6300,36.6300,36.5900,36.5900,13000
258,36.6000,36.6000,36.5700,36.5850,13656
259,36.5800,36.6100,36.5700,36.5950,21351
260,36.5800,36.6050,36.5000,36.5050,24206
261,36.5100,36.5100,36.4400,36.4550,15818
262,36.4600,36.4600,36.4000,36.4100,4954
263,36.4100,36.4400,36.4000,36.4400,7210
264,36.4400,36.4474,36.3900,36.4000,9643
265,36.4059,36.4100,36.3700,36.3800,7920
266,36.3800,36.4000,36.3800,36.3950,3800
267,36.4000,36.4200,36.3800,36.3800,9644
268,36.3800,36.3800,36.3500,36.3641,15973
269,36.3700,36.3900,36.3400,36.3400,5600
270,36.3400,36.3600,36.3300,36.3300,3700
271,36.3200,36.3700,36.3150,36.3300,16185
272,36.3200,36.3396,36.3150,36.3200,4453
273,36.3300,36.3600,36.3300,36.3600,3500
274,36.3562,36.3800,36.3562,36.3600,5695
275,36.3700,36.3700,36.3560,36.3700,5476
276,36.3800,36.4000,36.3600,36.3600,4500
277,36.3600,36.3600,36.3250,36.3250,5792
278,36.3300,36.3400,36.3200,36.3200,4356
279,36.3300,36.3400,36.3200,36.3300,4991
280,36.3300,36.3400,36.3300,36.3300,1048
281,36.3400,36.3500,36.3200,36.3500,8137
282,36.3600,36.3900,36.3600,36.3900,10342
283,36.3900,36.4000,36.3800,36.3800,6512
284,36.3750,36.3750,36.3300,36.3500,8242
285,36.3500,36.3900,36.3450,36.3900,5243
286,36.4000,36.4100,36.3900,36.3900,4983
287,36.3800,36.3900,36.3600,36.3900,5921
288,36.3900,36.3998,36.3800,36.3800,4600
289,36.3900,36.3900,36.3150,36.3200,9898
290,36.3200,36.3400,36.3001,36.3050,18112
291,36.3000,36.3300,36.2900,36.3300,5905
292,36.3250,36.3250,36.2700,36.3000,7546
293,36.3100,36.3300,36.3100,36.3100,8979
294,36.3150,36.3400,36.3150,36.3300,4190
295,36.3200,36.3200,36.2850,36.3000,4772
296,36.3000,36.3200,36.2900,36.2900,4941
297,36.2900,36.2950,36.2700,36.2700,3901
298,36.2700,36.2900,36.2700,36.2700,6852
299,36.2800,36.3000,36.2800,36.3000,1900
300,36.2950,36.3100,36.2900,36.2901,4543
301,36.2900,36.2900,36.2650,36.2700,5236
302,36.2800,36.3200,36.2650,36.3000,9552
303,36.3000,36.3150,36.2900,36.3000,3702
304,36.2850,36.2900,36.2600,36.2800,9227
305,36.2900,36.2900,36.2389,36.2400,8624
306,36.2400,36.2800,36.2300,36.2600,12626
307,36.2500,36.2550,36.2000,36.2100,11124
308,36.2000,36.2000,36.1700,36.1900,8116
309,36.1800,36.1850,36.1000,36.1300,25628
310,36.1300,36.1700,36.1300,36.1700,4249
311,36.1700,36.1850,36.1500,36.1700,7838
312,36.1700,36.1700,36.1200,36.1400,5800
313,36.1450,36.1450,36.1100,36.1200,5255
314,36.1250,36.1300,36.1000,36.1000,22990
315,36.1000,36.1000,36.0500,36.0500,14662
316,36.0400,36.0600,36.0400,36.0400,5937
317,36.0300,36.0800,36.0100,36.0800,18503
318,36.0900,36.1100,36.0700,36.0900,13355
319,36.0700,36.1000,36.0500,36.0700,13149
320,36.0650,36.1300,36.0650,36.1250,25705
321,36.1300,36.1500,36.0200,36.0200,39823
322,36.0200,36.0200,35.9800,35.9900,10500
323,35.9900,35.9900,35.9250,35.9500,14237
324,35.9400,35.9700,35.9199,35.9606,13481
325,35.9600,36.0200,35.9600,36.0200,5762
326,36.0300,36.0350,35.9450,35.9800,28934
327,35.9900,36.0000,35.9400,35.9900,10781
328,36.0000,36.0200,35.9900,36.0000,7882
329,36.0000,36.0100,35.9600,35.9700,5897
330,35.9700,36.0000,35.9600,35.9800,13247
331,35.9700,36.0100,35.9700,36.0100,12843
332,36.0200,36.0900,36.0200,36.0800,16896
333,36.0800,36.1500,36.0750,36.1500,14603
334,36.1500,36.1900,36.1500,36.1800,15216
335,36.1800,36.1800,36.1200,36.1300,9928
336,36.1400,36.1800,36.1400,36.1700,11106
337,36.1700,36.1750,36.1400,36.1400,7324
338,36.1300,36.1300,36.0900,36.1000,10604
339,36.1000,36.1300,36.1000,36.1300,5200
340,36.1400,36.1800,36.1300,36.1800,8453
341,36.1700,36.2250,36.1700,36.2150,7820
342,36.2200,36.2300,36.2100,36.2300,5800
343,36.2200,36.2400,36.2200,36.2300,7885
344,36.2300,36.2300,36.1600,36.1800,7534
345,36.1900,36.1900,36.1700,36.1850,5307
346,36.1900,36.2400,36.1850,36.2250,5887
347,36.2300,36.2300,36.2200,36.2300,5900
348,36.2200,36.2200,36.1550,36.1600,15185
349,36.1600,36.2300,36.1600,36.2300,5164
350,36.2300,36.2700,36.2300,36.2600,9897
351,36.2700,36.2800,36.2500,36.2500,6231
352,36.2500,36.2600,36.2301,36.2500,6495
353,36.2500,36.2700,36.2500,36.2600,5400
354,36.2500,36.2800,36.2300,36.2800,6698
355,36.2800,36.3200,36.2800,36.3200,9077
356,36.3200,36.3300,36.2700,36.2800,16522
357,36.2800,36.2850,36.2650,36.2800,5250
358,36.2800,36.2842,36.2700,36.2800,3523
359,36.2700,36.3200,36.2700,36.3100,6608
360,36.3185,36.3400,36.3150,36.3350,12645
361,36.3300,36.3350,36.2600,36.2600,19357
362,36.2600,36.2600,36.2300,36.2300,8860
363,36.2300,36.2300,36.2100,36.2150,21080
364,36.2100,36.2200,36.1900,36.2050,18432
365,36.2100,36.2300,36.2100,36.2200,12500
366,36.2250,36.2400,36.2200,36.2250,12373
367,36.2250,36.2400,36.2250,36.2300,7742
368,36.2300,36.2300,36.1850,36.2000,17431
369,36.2100,36.2250,36.2000,36.2200,11823
370,36.2250,36.2250,36.1800,36.1950,12894
371,36.1950,36.1950,36.1500,36.1700,14933
372,36.1700,36.2000,36.1700,36.2000,14720
373,36.2000,36.2100,36.1850,36.2100,18518
374,36.2100,36.2200,36.1700,36.1850,14811
375,36.1850,36.2300,36.1700,36.2300,22862
376,36.2250,36.2700,36.2200,36.2700,27734
377,36.2800,36.3000,36.2700,36.3000,13758
378,36.3000,36.3200,36.2850,36.3100,18402
379,36.3100,36.3150,36.2750,36.3000,37352
380,36.3000,36.3300,36.2950,36.3300,41818
381,36.3300,36.3900,36.3200,36.3700,48953
382,36.3650,36.3700,36.3600,36.3700,9080
383,36.3700,36.3800,36.3550,36.3650,28488
384,36.3650,36.3700,36.3250,36.3550,25886
385,36.3550,36.3600,36.3400,36.3600,16945
386,36.3600,36.3700,36.3000,36.3100,40270
387,36.3050,36.3100,36.2900,36.3100,26492
388,36.3100,36.3250,36.3042,36.3150,33774
389,36.3150,36.3200,36.3000,36.3000,27490
390,36.3000,36.3400,36.3000,36.3300,66118