COG,Cabot Oil & Gas,Energy,3,Oil & Gas Exploration & Production,10918403256,6834273
a1497015000,22.36,22.36,22.36,22.36,38842
1,22.38,22.38,22.34,22.37,2488
2,22.44,22.44,22.3726,22.3726,6796
3,22.4021,22.45,22.4021,22.45,3864
4,22.38,22.41,22.37,22.4,4300
5,22.45,22.46,22.36,22.38,9043
6,22.43,22.46,22.41,22.46,5295
7,22.43,22.44,22.41,22.44,3100
8,22.3841,22.42,22.38,22.42,10100
9,22.42,22.425,22.38,22.39,8088
10,22.39,22.43,22.39,22.42,4278
11,22.34,22.385,22.33,22.38,16254
12,22.37,22.39,22.35,22.35,5468
13,22.36,22.38,22.33,22.38,28357
14,22.35,22.38,22.345,22.35,6158
15,22.35,22.36,22.3,22.355,23271
16,22.35,22.36,22.34,22.35,3456
17,22.36,22.37,22.335,22.35,23259
18,22.37,22.385,22.35,22.36,7610
19,22.375,22.39,22.35,22.37,4199
20,22.39,22.39,22.37,22.38,8800
21,22.405,22.41,22.38,22.39,21273
22,22.41,22.415,22.4,22.41,9037
23,22.42,22.42,22.39,22.4,6244
24,22.44,22.45,22.41,22.42,10805
25,22.48,22.48,22.44,22.44,16289
26,22.48,22.51,22.48,22.485,7033
27,22.47,22.475,22.45,22.475,25333
28,22.475,22.475,22.45,22.47,33384
29,22.46,22.495,22.46,22.47,7779
30,22.46,22.47,22.46,22.47,2000
31,22.46,22.47,22.455,22.465,25408
32,22.45,22.48,22.45,22.46,14262
33,22.45,22.465,22.45,22.45,10563
34,22.48,22.4811,22.45,22.46,11146
35,22.495,22.5,22.47,22.47,7800
36,22.5,22.51,22.49,22.49,4025
37,22.48,22.5,22.48,22.5,5916
38,22.465,22.47,22.45,22.47,15263
39,22.46,22.47,22.45,22.46,8287
40,22.465,22.465,22.46,22.465,500
41,22.49,22.49,22.465,22.465,10821
42,22.495,22.495,22.49,22.49,3200
43,22.49,22.51,22.48,22.5,7151
44,22.48,22.49,22.47,22.48,113783
45,22.465,22.475,22.465,22.475,6937
46,22.495,22.5,22.46,22.46,18551
47,22.5,22.505,22.49,22.495,3536
48,22.47,22.505,22.46,22.5,11515
49,22.485,22.49,22.48,22.48,2775
50,22.5,22.505,22.49,22.49,6653
51,22.525,22.525,22.49,22.49,18672
52,22.53,22.53,22.52,22.52,4788
53,22.52,22.54,22.515,22.52,8844
54,22.545,22.55,22.52,22.52,12944
55,22.53,22.55,22.52,22.55,5242
56,22.5259,22.53,22.51,22.53,10493
57,22.525,22.525,22.51,22.52,4592
58,22.53,22.53,22.52,22.53,4404
59,22.525,22.53,22.52,22.52,2600
60,22.545,22.545,22.52,22.53,15459
61,22.555,22.56,22.545,22.55,16607
62,22.54,22.56,22.535,22.55,15916
63,22.535,22.56,22.535,22.5377,29191
64,22.525,22.535,22.52,22.5333,6961
65,22.51,22.54,22.5,22.53,19652
66,22.51,22.51,22.49,22.51,19417
67,22.52,22.52,22.5099,22.51,7000
68,22.51,22.525,22.51,22.52,4055
69,22.5038,22.53,22.5,22.515,9109
70,22.51,22.515,22.5,22.505,25885
71,22.515,22.525,22.5,22.5,17731
72,22.52,22.52,22.505,22.51,29213
73,22.53,22.54,22.52,22.52,39789
74,22.525,22.535,22.51,22.535,40893
75,22.535,22.54,22.52,22.52,9274
76,22.57,22.575,22.535,22.535,22763
77,22.565,22.575,22.56,22.57,10515
78,22.59,22.59,22.56,22.565,28780
79,22.56,22.59,22.55,22.59,6394
80,22.5807,22.59,22.545,22.55,33374
81,22.595,22.61,22.58,22.585,15232
82,22.645,22.65,22.6,22.6,32189
83,22.635,22.65,22.63,22.65,10123
84,22.63,22.635,22.6225,22.63,2984
85,22.625,22.635,22.61,22.63,9900
86,22.615,22.625,22.605,22.62,11784
87,22.645,22.645,22.61,22.61,11526
88,22.64,22.65,22.615,22.64,10762
89,22.625,22.635,22.62,22.635,5378
90,22.6338,22.635,22.62,22.63,10473
91,22.65,22.66,22.64,22.64,13432
92,22.67,22.69,22.65,22.65,9396
93,22.66,22.675,22.66,22.675,4800
94,22.635,22.65,22.63,22.65,2100
95,22.645,22.645,22.62,22.63,9840
96,22.63,22.65,22.62,22.65,9550
97,22.655,22.66,22.635,22.64,9380
98,22.655,22.66,22.65,22.66,1700
99,22.67,22.67,22.64,22.65,13018
100,22.66,22.68,22.66,22.675,6027
101,22.67,22.67,22.66,22.66,5932
102,22.665,22.69,22.665,22.675,13925
103,22.665,22.67,22.655,22.67,7525
104,22.65,22.67,22.65,22.6659,7086
105,22.62,22.66,22.615,22.66,52217
106,22.665,22.665,22.63,22.63,12734
107,22.68,22.68,22.66,22.665,7763
108,22.67,22.69,22.665,22.68,12054
109,22.67,22.675,22.66,22.67,7100
110,22.68,22.68,22.655,22.67,12663
111,22.69,22.71,22.68,22.68,40240
112,22.7,22.7,22.67,22.685,7833
113,22.69,22.7,22.68,22.7,8227
114,22.675,22.685,22.67,22.685,6064
115,22.69,22.71,22.67,22.68,64246
116,22.67,22.695,22.67,22.695,15371
117,22.69,22.695,22.665,22.68,17588
118,22.67,22.7,22.67,22.69,6822
119,22.68,22.68,22.67,22.68,2376
120,22.68,22.69,22.67,22.67,14513
121,22.67,22.7,22.655,22.685,17733
122,22.64,22.67,22.64,22.67,7700
123,22.61,22.645,22.61,22.645,14150
124,22.595,22.62,22.59,22.61,9115
125,22.58,22.6,22.575,22.6,13123
126,22.6,22.6,22.58,22.585,6612
127,22.6,22.6,22.58,22.59,8777
128,22.615,22.63,22.6,22.6,14039
129,22.61,22.625,22.6,22.62,8759
130,22.595,22.61,22.59,22.61,3200
131,22.53,22.59,22.53,22.59,31787
132,22.545,22.55,22.535,22.54,8691
133,22.565,22.57,22.545,22.545,13500
134,22.58,22.58,22.54,22.56,22449
135,22.57,22.59,22.56,22.5789,16491
136,22.585,22.59,22.57,22.57,6623
137,22.585,22.6,22.58,22.58,6878
138,22.62,22.62,22.58,22.58,9100
139,22.62,22.63,22.6,22.61,16171
140,22.62,22.63,22.6,22.62,12025
141,22.6501,22.66,22.615,22.62,37422
142,22.65,22.6597,22.64,22.655,25393
143,22.65,22.65,22.63,22.65,35614
144,22.65,22.66,22.65,22.65,27846
145,22.63,22.66,22.63,22.65,22331
146,22.655,22.66,22.63,22.64,30078
147,22.66,22.66,22.65,22.66,20204
148,22.65,22.66,22.64,22.655,15563
149,22.65,22.66,22.65,22.65,7711
150,22.65,22.66,22.65,22.65,3600
151,22.675,22.675,22.645,22.66,27616
152,22.7,22.71,22.68,22.68,12576
153,22.735,22.735,22.695,22.7,20056
154,22.725,22.735,22.715,22.735,9800
155,22.72,22.735,22.72,22.73,4790
156,22.735,22.74,22.7299,22.7299,3648
157,22.735,22.745,22.725,22.74,38574
158,22.74,22.74,22.73,22.73,5000
159,22.7443,22.75,22.74,22.74,4643
160,22.75,22.77,22.74,22.75,11394
161,22.75,22.75,22.735,22.75,5325
162,22.76,22.765,22.74,22.75,8262
163,22.745,22.75,22.74,22.75,7001
164,22.765,22.77,22.735,22.735,9125
165,22.78,22.78,22.76,22.77,7300
166,22.765,22.78,22.76,22.78,3313
167,22.785,22.79,22.76,22.77,8332
168,22.7892,22.79,22.78,22.78,4836
169,22.8,22.8,22.78,22.8,6943
170,22.79,22.82,22.79,22.81,6200
171,22.7999,22.7999,22.79,22.795,4400
172,22.81,22.825,22.795,22.795,6472
173,22.77,22.815,22.765,22.81,11106
174,22.745,22.78,22.74,22.76,43488
175,22.725,22.75,22.715,22.745,13181
176,22.73,22.735,22.72,22.73,7179
177,22.73,22.74,22.72,22.725,20365
178,22.75,22.75,22.72,22.73,24578
179,22.74,22.745,22.73,22.74,41128
180,22.73,22.7483,22.73,22.73,21155
181,22.73,22.74,22.72,22.73,12294
182,22.77,22.77,22.74,22.74,9934
183,22.8,22.81,22.77,22.78,7120
184,22.795,22.8,22.79,22.8,2400
185,22.805,22.81,22.79,22.795,8567
186,22.79,22.82,22.79,22.81,37353
187,22.81,22.81,22.79,22.79,5992
188,22.825,22.83,22.81,22.81,11225
189,22.84,22.84,22.83,22.83,4831
190,22.855,22.855,22.83,22.83,10708
191,22.8401,22.85,22.84,22.85,2880
192,22.84,22.865,22.84,22.845,8200
193,22.86,22.86,22.83,22.84,10300
194,22.885,22.885,22.86,22.86,6674
195,22.87,22.885,22.86,22.88,9150
196,22.91,22.91,22.865,22.865,5804
197,22.915,22.92,22.895,22.91,13287
198,22.915,22.93,22.89,22.92,8310
199,22.93,22.945,22.92,22.92,8916
200,22.9,22.945,22.895,22.935,17852
201,22.915,22.92,22.9,22.905,3288
202,22.925,22.925,22.92,22.92,4000
203,22.935,22.94,22.91,22.92,27200
204,22.96,22.96,22.935,22.94,11181
205,22.945,22.955,22.94,22.95,7449
206,22.95,22.955,22.935,22.94,7895
207,22.95,22.95,22.94,22.95,1800
208,22.9063,22.945,22.895,22.94,10835
209,22.88,22.905,22.88,22.905,3811
210,22.9,22.9,22.8738,22.875,13580
211,22.88,22.9,22.87,22.89,4733
212,22.88,22.895,22.875,22.88,6385
213,22.87,22.88,22.855,22.8746,13330
214,22.88,22.88,22.87,22.87,7949
215,22.87,22.88,22.865,22.87,6108
216,22.86,22.87,22.845,22.87,8555
217,22.855,22.865,22.85,22.865,2100
218,22.87,22.875,22.855,22.86,6120
219,22.87,22.8803,22.86,22.87,14327
220,22.87,22.89,22.867,22.87,13493
221,22.89,22.89,22.87,22.87,3211
222,22.895,22.905,22.88,22.89,45157
223,22.9,22.91,22.885,22.9,37632
224,22.905,22.91,22.9,22.9,5800
225,22.92,22.93,22.901,22.901,8886
226,22.915,22.925,22.91,22.92,5610
227,22.92,22.925,22.91,22.91,6093
228,22.915,22.915,22.9,22.91,7300
229,22.9,22.915,22.895,22.91,8500
230,22.86,22.91,22.86,22.9,21568
231,22.86,22.87,22.86,22.87,2136
232,22.85,22.865,22.85,22.865,10036
233,22.84,22.85,22.835,22.85,5385
234,22.83,22.845,22.825,22.84,4184
235,22.815,22.83,22.815,22.83,1800
236,22.79,22.815,22.78,22.81,4871
237,22.805,22.805,22.79,22.79,5250
238,22.809,22.82,22.79,22.8,7300
239,22.82,22.83,22.8,22.82,8201
240,22.8,22.83,22.795,22.8162,46890
241,22.795,22.8,22.785,22.79,16326
242,22.795,22.8,22.79,22.8,4220
243,22.785,22.795,22.78,22.795,15268
244,22.785,22.79,22.78,22.79,1717
245,22.795,22.8,22.78,22.78,17926
246,22.775,22.8,22.765,22.795,13125
247,22.795,22.8,22.775,22.78,7434
248,22.8,22.8,22.775,22.8,8761
249,22.795,22.805,22.78,22.8,44893
250,22.8,22.805,22.8,22.8,4400
251,22.79,22.79,22.775,22.79,3936
252,22.76,22.7896,22.76,22.7896,8754
253,22.765,22.77,22.76,22.76,1600
254,22.75,22.775,22.75,22.765,6200
255,22.75,22.755,22.73,22.75,9473
256,22.775,22.775,22.76,22.76,4100
257,22.765,22.775,22.76,22.7735,16000
258,22.79,22.79,22.765,22.77,13155
259,22.805,22.825,22.79,22.79,21679
260,22.82,22.835,22.805,22.81,13629
261,22.805,22.815,22.805,22.815,3200
262,22.82,22.82,22.8,22.805,4860
263,22.82,22.82,22.81,22.815,2654
264,22.8079,22.825,22.8079,22.82,4100
265,22.84,22.84,22.79,22.81,16861
266,22.835,22.85,22.83,22.84,6031
267,22.825,22.84,22.82,22.83,6891
268,22.815,22.825,22.81,22.825,8058
269,22.83,22.84,22.82,22.82,5920
270,22.83,22.835,22.82,22.83,4533
271,22.83,22.84,22.825,22.83,8649
272,22.83,22.84,22.82,22.83,7479
273,22.8167,22.84,22.8167,22.83,10325
274,22.83,22.83,22.82,22.82,4274
275,22.805,22.83,22.795,22.83,8908
276,22.8,22.805,22.8,22.8,2100
277,22.805,22.81,22.79,22.8,10522
278,22.82,22.82,22.805,22.805,2600
279,22.8,22.81,22.79,22.81,10566
280,22.81,22.82,22.79,22.795,7057
281,22.835,22.84,22.81,22.81,11457
282,22.835,22.835,22.82,22.83,6500
283,22.85,22.8596,22.84,22.84,12723
284,22.86,22.87,22.84,22.84,7094
285,22.875,22.88,22.86,22.86,8547
286,22.8996,22.91,22.87,22.88,22324
287,22.91,22.91,22.88,22.895,12601
288,22.885,22.91,22.885,22.9,7200
289,22.88,22.885,22.86,22.88,12802
290,22.89,22.9,22.88,22.88,8992
291,22.9,22.91,22.88,22.8854,23229
292,22.905,22.905,22.9,22.9,5820
293,22.905,22.91,22.89,22.9,11869
294,22.935,22.95,22.905,22.905,14212
295,22.915,22.935,22.91,22.93,10592
296,22.92,22.93,22.91,22.915,15051
297,22.935,22.935,22.92,22.925,7919
298,22.925,22.94,22.915,22.94,16038
299,22.94,22.94,22.92,22.93,8783
300,22.9399,22.94,22.93,22.93,3631
301,22.96,22.96,22.93,22.94,16052
302,22.97,22.98,22.96,22.97,13727
303,22.965,22.975,22.96,22.97,7854
304,22.94,22.965,22.94,22.965,12675
305,22.92,22.94,22.91,22.94,29160
306,22.96,22.96,22.91,22.91,19156
307,22.945,22.96,22.94,22.96,33627
308,22.94,22.96,22.94,22.94,17749
309,22.89,22.935,22.8801,22.935,26299
310,22.89,22.89,22.87,22.89,15800
311,22.9,22.91,22.88,22.88,7918
312,22.88,22.905,22.87,22.9,20952
313,22.885,22.89,22.87,22.87,44263
314,22.9,22.905,22.8807,22.89,8986
315,22.92,22.92,22.89,22.895,17543
316,22.93,22.93,22.91,22.92,6104
317,22.99,23.01,22.92,22.925,22252
318,23.01,23.01,22.98,22.995,10916
319,23.03,23.05,23,23.005,24497
320,23.035,23.05,23.01,23.03,23897
321,22.99,23.06,22.985,23.04,31584
322,22.94,22.985,22.93,22.98,32599
323,22.89,22.95,22.89,22.935,11573
324,22.885,22.89,22.87,22.89,8406
325,22.885,22.895,22.88,22.89,8500
326,22.855,22.89,22.84,22.89,23823
327,22.83,22.85,22.82,22.85,13409
328,22.845,22.86,22.81,22.83,24565
329,22.835,22.855,22.82,22.85,8069
330,22.845,22.865,22.82,22.84,10298
331,22.855,22.86,22.84,22.84,3911
332,22.86,22.865,22.84,22.85,12727
333,22.82,22.86,22.82,22.85,13280
334,22.775,22.815,22.77,22.81,24389
335,22.76,22.785,22.755,22.77,29950
336,22.79,22.8,22.765,22.765,8400
337,22.805,22.81,22.78,22.79,20180
338,22.78,22.805,22.77,22.8,11459
339,22.79,22.79,22.78,22.78,6700
340,22.795,22.815,22.79,22.7938,16985
341,22.8,22.815,22.795,22.795,10267
342,22.8,22.81,22.8,22.8,10263
343,22.78,22.8,22.78,22.795,18161
344,22.795,22.795,22.77,22.78,20911
345,22.815,22.82,22.7938,22.795,10413
346,22.825,22.85,22.82,22.83,19208
347,22.79,22.825,22.79,22.82,12090
348,22.76,22.79,22.75,22.79,23900
349,22.82,22.82,22.77,22.77,14864
350,22.85,22.85,22.82,22.82,9000
351,22.85,22.86,22.84,22.85,8758
352,22.905,22.91,22.855,22.855,19156
353,22.935,22.945,22.9,22.9,12131
354,22.91,22.94,22.91,22.93,9900
355,22.915,22.92,22.91,22.91,6313
356,22.93,22.93,22.915,22.92,14731
357,22.94,22.955,22.93,22.93,15850
358,22.925,22.945,22.92,22.94,12436
359,22.93,22.94,22.925,22.925,11491
360,22.93,22.93,22.9,22.92,18451
361,22.915,22.935,22.91,22.93,24772
362,22.9001,22.93,22.89,22.92,10862
363,22.89,22.92,22.89,22.9,18987
364,22.91,22.91,22.89,22.89,26819
365,22.895,22.925,22.89,22.91,15690
366,22.88,22.9,22.8601,22.9,28000
367,22.84,22.88,22.84,22.875,16468
368,22.86,22.87,22.84,22.84,26049
369,22.88,22.885,22.86,22.87,22911
370,22.84,22.87,22.84,22.87,28630
371,22.83,22.845,22.83,22.845,15266
372,22.845,22.86,22.83,22.835,39556
373,22.845,22.845,22.83,22.84,25622
374,22.815,22.845,22.8,22.845,37212
375,22.87,22.87,22.81,22.81,28330
376,22.87,22.88,22.8501,22.86,41265
377,22.8801,22.885,22.855,22.87,37545
378,22.86,22.89,22.86,22.89,21159
379,22.85,22.86,22.85,22.86,21595
380,22.855,22.86,22.85,22.85,21911
381,22.885,22.9,22.85,22.855,55916
382,22.875,22.9,22.875,22.885,26775
383,22.86,22.88,22.85,22.875,45854
384,22.855,22.86,22.85,22.855,14925
385,22.865,22.87,22.85,22.86,46144
386,22.875,22.9,22.855,22.865,94572
387,22.855,22.88,22.85,22.88,24488
388,22.86,22.86,22.85,22.85,29077
389,22.865,22.87,22.85,22.86,58883
390,22.87,22.88,22.86,22.865,109821
