CRM,Salesforce.com,Information Technology,7,Internet Software & Services,59442774658,5088428
a1497015060,91.145,91.22,91.01,91.09,69118
1,90.97,91.17,90.93,91.17,9749
2,90.85,90.99,90.84,90.975,9965
3,90.76,90.93,90.75,90.8861,16243
4,90.64,90.76,90.63,90.76,28035
5,90.42,90.65,90.41,90.61,17773
6,90.2617,90.52,90.25,90.4285,30114
7,90.015,90.35,89.99,90.26,57958
8,89.58,90.05,89.52,89.98,69136
9,89.87,89.89,89.43,89.56,37903
10,89.89,89.95,89.78,89.89,37723
11,89.9794,90.069,89.84,89.92,11773
12,90.05,90.17,90.05,90.05,11443
13,89.94,90.08,89.92,90.08,19493
14,89.853,89.9401,89.84,89.9401,11314
15,90.04,90.08,89.82,89.8508,24739
16,90.26,90.26,90,90.04,50862
17,90.43,90.43,90.24,90.24,14406
18,90.53,90.54,90.36,90.41,48249
19,90.555,90.61,90.54,90.55,15272
20,90.53,90.545,90.43,90.54,24265
21,90.51,90.53,90.44,90.5294,20848
22,90.48,90.53,90.47,90.49,12650
23,90.42,90.5,90.42,90.47,10106
24,90.37,90.44,90.37,90.41,13492
25,90.46,90.54,90.36,90.37,15264
26,90.5,90.54,90.46,90.46,15733
27,90.52,90.54,90.48,90.52,14732
28,90.4,90.6054,90.39,90.5035,22382
29,90.42,90.45,90.39,90.405,14215
30,90.36,90.47,90.36,90.42,19297
31,90.51,90.57,90.38,90.38,11386
32,90.53,90.56,90.51,90.53,12379
33,90.7,90.71,90.518,90.52,13306
34,90.83,90.83,90.72,90.72,5690
35,90.83,90.87,90.82,90.83,8936
36,90.91,90.91,90.8298,90.83,7495
37,90.96,90.97,90.885,90.92,13949
38,90.895,90.97,90.88,90.96,12926
39,90.97,90.99,90.895,90.895,5650
40,90.98,91.06,90.98,90.98,14404
41,90.89,90.98,90.88,90.98,14498
42,90.88,90.895,90.86,90.88,21940
43,90.88,90.9,90.842,90.88,26020
44,90.84,90.9,90.84,90.89,9515
45,90.83,90.87,90.82,90.86,13923
46,90.88,90.9,90.84,90.84,12883
47,90.93,90.94,90.87,90.88,7284
48,91.04,91.04,90.94,90.94,33590
49,91.03,91.04,91.01,91.04,3900
50,90.99,91.05,90.97,91.02,8343
51,90.96,91,90.93,91,3800
52,90.9,90.96,90.8907,90.96,5893
53,91.0033,91.02,90.89,90.9,14822
54,90.98,91.01,90.98,91,4141
55,90.92,91,90.89,91,3829
56,90.9087,90.92,90.8831,90.92,3786
57,90.86,90.95,90.86,90.92,3677
58,90.85,90.9,90.84,90.89,9200
59,90.8366,90.86,90.81,90.83,7235
60,90.88,90.88,90.842,90.842,8100
61,90.88,90.9,90.86,90.885,6966
62,90.9,90.905,90.86,90.88,6309
63,90.88,90.96,90.88,90.9,17373
64,90.95,90.95,90.87,90.87,11700
65,90.9,90.955,90.9,90.94,4654
66,90.93,90.93,90.88,90.9,8100
67,90.86,90.96,90.86,90.94,22599
68,90.92,90.95,90.86,90.86,10801
69,90.86,90.91,90.85,90.9,2898
70,90.87,90.87,90.81,90.85,6100
71,90.89,90.89,90.82,90.86,7265
72,90.8874,90.92,90.8874,90.91,4684
73,90.84,90.88,90.82,90.88,3900
74,90.8157,90.85,90.8,90.85,5900
75,90.74,90.8142,90.71,90.8142,20853
76,90.77,90.77,90.708,90.72,3748
77,90.81,90.82,90.78,90.78,4100
78,90.78,90.8,90.77,90.8,4494
79,90.73,90.79,90.71,90.78,10249
80,90.74,90.76,90.71,90.74,4095
81,90.71,90.745,90.71,90.745,3335
82,90.67,90.71,90.66,90.71,4602
83,90.73,90.75,90.67,90.67,3730
84,90.765,90.765,90.76,90.76,300
85,90.7445,90.78,90.74,90.75,3833
86,90.67,90.78,90.67,90.77,3802
87,90.63,90.67,90.6,90.67,9461
88,90.64,90.64,90.59,90.62,5363
89,90.65,90.68,90.65,90.65,3300
90,90.6559,90.68,90.62,90.64,3690
91,90.69,90.69,90.63,90.657,2813
92,90.68,90.69,90.67,90.68,3207
93,90.715,90.73,90.685,90.69,5055
94,90.7158,90.72,90.71,90.72,1322
95,90.7,90.72,90.68,90.72,5068
96,90.7,90.72,90.7,90.7,1900
97,90.74,90.74,90.72,90.73,1400
98,90.68,90.75,90.68,90.75,4435
99,90.7203,90.75,90.69,90.69,5932
100,90.72,90.72,90.71,90.71,4741
101,90.77,90.77,90.71,90.72,5080
102,90.72,90.77,90.72,90.76,5641
103,90.68,90.7199,90.67,90.71,3934
104,90.65,90.7,90.65,90.68,10150
105,90.64,90.68,90.63,90.65,3095
106,90.6,90.65,90.6,90.64,5063
107,90.61,90.62,90.6,90.619,3620
108,90.57,90.61,90.57,90.61,2600
109,90.58,90.61,90.56,90.57,4644
110,90.49,90.56,90.49,90.56,6095
111,90.5,90.53,90.47,90.485,12259
112,90.48,90.515,90.46,90.51,15850
113,90.39,90.47,90.36,90.47,5457
114,90.37,90.41,90.37,90.39,3750
115,90.38,90.39,90.35,90.36,4200
116,90.46,90.46,90.38,90.38,6607
117,90.43,90.47,90.42,90.42,6319
118,90.405,90.4199,90.37,90.41,5160
119,90.47,90.48,90.43,90.43,2728
120,90.46,90.4847,90.46,90.4847,3366
121,90.51,90.51,90.47,90.47,4739
122,90.53,90.53,90.48,90.51,4650
123,90.48,90.53,90.48,90.53,3800
124,90.49,90.5,90.45,90.48,3601
125,90.45,90.49,90.43,90.49,4209
126,90.42,90.4473,90.42,90.43,1700
127,90.44,90.49,90.44,90.44,4279
128,90.38,90.44,90.36,90.44,7330
129,90.2925,90.38,90.285,90.37,12994
130,90.31,90.32,90.28,90.3,18392
131,90.29,90.311,90.27,90.31,18566
132,90.2925,90.305,90.28,90.3,15491
133,90.43,90.46,90.25,90.29,26513
134,90.61,90.61,90.44,90.4407,23274
135,90.5,90.61,90.5,90.61,9879
136,90.57,90.59,90.5,90.5,2900
137,90.46,90.55,90.46,90.55,3866
138,90.47,90.47,90.42,90.45,3004
139,90.44,90.49,90.44,90.46,5842
140,90.44,90.45,90.43,90.45,4301
141,90.5,90.5299,90.45,90.45,4474
142,90.44,90.5,90.44,90.5,4962
143,90.41,90.44,90.41,90.43,2210
144,90.47,90.48,90.4,90.41,5222
145,90.46,90.46,90.44,90.46,1700
146,90.4515,90.48,90.44,90.48,4805
147,90.4838,90.4838,90.4697,90.4697,964
148,90.43,90.49,90.42,90.49,5854
149,90.3801,90.42,90.37,90.42,3243
150,90.34,90.39,90.34,90.38,2475
151,90.355,90.36,90.32,90.33,4000
152,90.36,90.375,90.35,90.35,7127
153,90.3974,90.41,90.36,90.36,5347
154,90.34,90.41,90.34,90.41,9100
155,90.29,90.37,90.28,90.355,8003
156,90.3044,90.3044,90.293,90.3,4629
157,90.27,90.31,90.27,90.3,8714
158,90.21,90.26,90.21,90.26,13154
159,90.218,90.24,90.21,90.22,5998
160,90.185,90.22,90.18,90.22,6760
161,90.15,90.19,90.15,90.18,8813
162,90.06,90.14,90.05,90.14,14870
163,90.03,90.07,90.03,90.06,8831
164,89.975,90.02,89.94,90.02,20805
165,89.84,89.98,89.83,89.97,21296
166,89.6,89.87,89.6,89.845,44980
167,89.62,89.65,89.56,89.63,18476
168,89.51,89.63,89.51,89.62,22140
169,89.39,89.55,89.35,89.53,68975
170,89.29,89.3972,89.26,89.3972,33454
171,89.285,89.33,89.25,89.3,87870
172,89.29,89.32,89.26,89.28,40652
173,89.22,89.32,89.21,89.285,39284
174,89.16,89.24,89.15,89.24,25386
175,89.09,89.18,89.04,89.16,45852
176,89.07,89.07,88.86,89.06,73542
177,89.09,89.1,88.99,89.05,26216
178,89.18,89.222,89.09,89.1,41972
179,89.19,89.22,89.155,89.19,28328
180,89.02,89.185,89.01,89.185,51763
181,88.895,89.02,88.86,89.02,30809
182,89.01,89.01,88.87,88.9,19282
183,88.92,89.03,88.89,89.02,13755
184,88.98,89.025,88.93,88.95,8146
185,89.07,89.09,89.02,89.03,6300
186,88.9,89.1,88.87,89.1,16316
187,88.78,88.91,88.75,88.8997,48245
188,88.635,88.77,88.57,88.77,29644
189,88.6,88.65,88.55,88.635,23327
190,88.585,88.67,88.58,88.6129,19972
191,88.8,88.8028,88.5925,88.5925,26474
192,88.77,88.82,88.725,88.78,18724
193,88.775,88.8,88.7,88.78,26350
194,88.815,88.9,88.78,88.78,57201
195,88.61,88.8,88.57,88.8,16394
196,88.545,88.66,88.53,88.62,6811
197,88.55,88.63,88.53,88.56,28268
198,88.58,88.6,88.56,88.5618,13823
199,88.69,88.69,88.58,88.58,7378
200,88.77,88.79,88.69,88.72,6587
201,88.8,88.83,88.76,88.78,7352
202,88.87,88.87,88.795,88.81,5850
203,88.88,88.89,88.82,88.87,10032
204,88.89,88.91,88.85,88.89,10323
205,88.95,88.97,88.86,88.88,19117
206,88.95,89,88.94,88.96,7207
207,89,89.005,88.945,88.945,11959
208,88.99,89.02,88.97,89,4200
209,88.9,88.9707,88.84,88.9707,18265
210,88.91,88.95,88.875,88.9,6668
211,88.845,88.92,88.829,88.88,12394
212,88.82,88.85,88.81,88.85,78428
213,88.844,88.857,88.79,88.82,10873
214,88.75,88.845,88.7,88.845,16766
215,88.689,88.75,88.67,88.75,7475
216,88.63,88.68,88.63,88.67,10259
217,88.51,88.635,88.5,88.63,31698
218,88.38,88.53,88.37,88.5,26799
219,88.4,88.4397,88.36,88.36,12443
220,88.17,88.4,88.15,88.4,48513
221,87.94,88.175,87.88,88.17,75269
222,87.75,87.98,87.6804,87.94,52379
223,87.71,87.85,87.67,87.72,12465
224,87.54,87.7,87.52,87.67,39375
225,87.26,87.56,87.18,87.56,99480
226,87.33,87.41,87.03,87.24,77553
227,87.13,87.29,87.01,87.29,45374
228,87.3,87.34,87.09,87.15,27695
229,87.44,87.45,87.26,87.32,19526
230,87.56,87.56,87.36,87.46,17754
231,87.535,87.62,87.51,87.5347,27082
232,87.66,87.72,87.548,87.55,52037
233,87.69,87.75,87.659,87.665,47242
234,87.67,87.7565,87.66,87.71,45471
235,87.742,87.75,87.63,87.67,32957
236,87.74,87.74,87.67,87.74,21816
237,87.705,87.76,87.66,87.74,91629
238,87.69,87.705,87.65,87.705,6348
239,87.58,87.6957,87.5,87.685,34986
240,87.58,87.66,87.54,87.56,19501
241,87.61,87.63,87.56,87.583,36714
242,87.5439,87.64,87.54,87.62,21522
243,87.38,87.54,87.38,87.5301,38432
244,87.33,87.38,87.33,87.38,27922
245,87.265,87.34,87.265,87.32,22623
246,87.02,87.26,87.02,87.26,24248
247,86.95,87.02,86.79,87.02,95334
248,86.9,87,86.85,86.96,25208
249,86.93,86.93,86.8581,86.9,27916
250,87.0486,87.07,86.93,86.93,35565
251,86.96,87.07,86.94,87.06,32867
252,86.94,87.02,86.92,86.96,33917
253,86.89,86.96,86.88,86.94,34472
254,86.77,86.92,86.6684,86.89,105988
255,86.835,86.87,86.785,86.785,19125
256,87.0124,87.0124,86.84,86.84,33800
257,86.94,87.02,86.92,87.01,30391
258,86.76,86.94,86.725,86.94,27404
259,86.64,86.785,86.61,86.75,30518
260,86.815,86.815,86.64,86.64,21625
261,86.82,86.91,86.81,86.815,9543
262,86.79,86.85,86.73,86.82,17861
263,86.84,86.87,86.78,86.78,21071
264,86.72,86.86,86.66,86.84,25843
265,86.65,86.74,86.615,86.7,30891
266,86.5807,86.64,86.52,86.64,25708
267,86.36,86.58,86.33,86.57,81581
268,86.34,86.48,86.34,86.35,20167
269,86.22,86.37,86.22,86.37,37711
270,86.211,86.2894,86.19,86.24,41386
271,86.22,86.32,86.22,86.25,48948
272,86.51,86.51,86.2103,86.22,48341
273,86.73,86.77,86.5,86.5,24332
274,86.74,86.7492,86.64,86.73,24206
275,86.8,86.83,86.74,86.75,33384
276,86.81,86.85,86.77,86.79,13136
277,86.845,86.8516,86.81,86.82,37394
278,86.825,86.9,86.81,86.845,81185
279,86.62,86.83,86.62,86.8293,28601
280,86.585,86.67,86.48,86.61,55303
281,86.75,86.81,86.62,86.62,27954
282,86.81,86.83,86.73,86.74,16545
283,86.75,86.8102,86.68,86.8102,29365
284,86.57,86.75,86.57,86.7438,38363
285,86.66,86.6799,86.58,86.59,23553
286,86.69,86.77,86.67,86.68,23016
287,86.74,86.74,86.67,86.72,19253
288,86.77,86.83,86.74,86.74,11427
289,86.72,86.76,86.68,86.74,12394
290,86.78,86.87,86.72,86.735,24856
291,86.87,86.88,86.77,86.7949,22699
292,86.755,86.895,86.75,86.8774,31485
293,86.72,86.84,86.71,86.77,24497
294,86.86,86.87,86.71,86.74,57836
295,86.92,86.94,86.82,86.87,52187
296,87.05,87.06,86.92,86.92,27113
297,87.03,87.22,87.03,87.06,32919
298,87.01,87.09,87,87.03,36204
299,86.905,87.03,86.89,87,36599
300,86.83,86.91,86.8,86.91,50806
301,86.85,86.89,86.82,86.82,26954
302,86.72,86.85,86.72,86.85,17334
303,86.56,86.73,86.54,86.73,31043
304,86.41,86.55,86.41,86.55,46932
305,86.3925,86.495,86.33,86.43,39281
306,86.39,86.41,86.34,86.4,11617
307,86.41,86.43,86.37,86.39,11967
308,86.3,86.4323,86.3,86.42,46369
309,86.54,86.55,86.3,86.3,28758
310,86.35,86.53,86.35,86.52,15760
311,86.14,86.38,86.05,86.365,158552
312,86.055,86.16,86.04,86.14,22520
313,86.08,86.14,86.01,86.07,76967
314,86.085,86.1,86.03,86.07,29674
315,86.09,86.11,86.04,86.08,15249
316,86.06,86.08,86.01,86.08,49406
317,85.825,86.06,85.82,86.0599,122914
318,85.64,85.84,85.58,85.83,114858
319,85.315,85.67,85.3,85.63,128807
320,85.54,85.55,85.226,85.3,49068
321,85.65,85.6716,85.49,85.55,177454
322,85.67,85.7,85.62,85.65,29802
323,85.89,85.91,85.665,85.68,72159
324,85.94,85.95,85.79,85.9,63606
325,85.96,85.98,85.86,85.96,26063
326,85.93,85.97,85.78,85.97,50526
327,86.23,86.25,85.99,85.99,20040
328,86.29,86.3399,86.23,86.24,21578
329,86.38,86.39,86.26,86.28,66964
330,86.52,86.55,86.36,86.36,23207
331,86.74,86.74,86.54,86.55,33412
332,86.8538,86.97,86.7138,86.7357,197311
333,87.24,87.48,86.86,86.86,71370
334,87.12,87.23,87.04,87.22,23531
335,87.19,87.2,87.025,87.13,40732
336,86.79,87.19,86.75,87.19,51396
337,87.06,87.14,86.76,86.78,84366
338,87.12,87.19,87.01,87.06,13737
339,87.22,87.23,87.08,87.15,26183
340,87.29,87.35,87.2,87.23,25800
341,87.349,87.42,87.31,87.31,20756
342,87.585,87.6,87.3,87.34,27680
343,87.5,87.61,87.38,87.59,31958
344,87.49,87.54,87.45,87.49,18965
345,87.53,87.57,87.49,87.49,22706
346,87.55,87.6,87.47,87.54,22479
347,87.34,87.56,87.31,87.55,23841
348,87.445,87.46,87.33,87.35,25461
349,87.55,87.64,87.44,87.445,22091
350,87.57,87.57,87.47,87.545,31811
351,87.46,87.7,87.46,87.57,27729
352,87.48,87.55,87.47,87.49,25220
353,87.53,87.53,87.3971,87.47,15547
354,87.49,87.5498,87.46,87.54,21280
355,87.4,87.51,87.34,87.5,21019
356,87.26,87.415,87.26,87.415,17247
357,87.16,87.29,87.15,87.26,30747
358,87.14,87.15,87.06,87.14,49408
359,87.32,87.34,87.15,87.15,22729
360,87.16,87.33,87.16,87.31,33993
361,87.185,87.19,87.09,87.17,43878
362,87.1,87.19,87.07,87.17,41290
363,87.125,87.15,87.08,87.11,22681
364,87.22,87.27,87.12,87.12,30206
365,87.33,87.36,87.22,87.22,37235
366,87.23,87.33,87.23,87.33,23496
367,87.1625,87.2499,87.105,87.23,38212
368,87.06,87.19,87.05,87.17,43470
369,87.1,87.155,87.06,87.07,23914
370,87.08,87.15,87.07,87.105,31824
371,87,87.09,86.93,87.08,47032
372,86.96,87.01,86.9453,87,30261
373,86.94,87.03,86.94,86.97,28290
374,86.93,86.96,86.89,86.94,57340
375,86.93,87.01,86.9,86.935,50477
376,86.94,86.95,86.89,86.94,56027
377,86.89,86.98,86.84,86.94,38266
378,86.9,86.94,86.88,86.88,35589
379,87,87.01,86.9,86.91,45351
380,87.17,87.185,87.01,87.01,60882
381,87.14,87.2,87.11,87.16,40673
382,87.12,87.165,87.11,87.125,44617
383,87.02,87.12,86.99,87.11,50517
384,87.085,87.11,86.99,87.02,50811
385,87.09,87.16,87.07,87.08,69843
386,87.17,87.18,87.09,87.09,60788
387,87.1999,87.22,87.15,87.16,42952
388,87.2,87.21,87.17,87.19,79683
389,87.25,87.285,87.17,87.2,149324
