DUK,Duke Energy,Utilities,11,Electric Utilities,60232928890,2508746
a1499617800,85.1000,85.2100,85.1000,85.2100,19848
1,85.3100,85.3800,85.2600,85.3800,3293
2,85.3300,85.3700,85.3100,85.3700,3569
3,85.3300,85.3401,85.3000,85.3000,1900
5,85.3090,85.3090,85.0900,85.0900,2179
6,85.1400,85.1600,85.0400,85.0400,3639
7,85.1000,85.1000,85.0100,85.0100,200
9,85.0200,85.0700,85.0200,85.0700,800
10,85.1200,85.1320,85.1200,85.1320,200
11,85.2000,85.2500,85.2000,85.2100,2558
12,85.2200,85.2600,85.2200,85.2600,1986
13,85.2500,85.2600,85.2100,85.2600,1462
14,85.2900,85.3000,85.2500,85.2500,1300
15,85.2700,85.2840,85.2000,85.2600,1215
16,85.2500,85.3000,85.2500,85.3000,3996
17,85.2900,85.3200,85.2600,85.2700,8474
18,85.2800,85.3400,85.2800,85.3350,2133
19,85.3359,85.3600,85.2900,85.2900,2531
20,85.2700,85.2700,85.2400,85.2600,2000
21,85.2700,85.3100,85.2700,85.3100,2080
22,85.3200,85.3800,85.3200,85.3800,2200
23,85.3600,85.3600,85.3200,85.3200,1369
24,85.3063,85.3200,85.2950,85.2950,2933
25,85.3000,85.3300,85.2800,85.2900,7709
26,85.3000,85.3200,85.2600,85.2900,7061
27,85.2700,85.2900,85.2700,85.2800,1559
28,85.3000,85.3100,85.2500,85.2500,2126
29,85.2300,85.2625,85.2300,85.2300,2200
30,85.2200,85.2300,85.2050,85.2050,987
31,85.1900,85.2516,85.1800,85.2516,1975
32,85.2500,85.2700,85.2500,85.2600,2411
33,85.2800,85.3556,85.2800,85.3300,2236
34,85.3400,85.3800,85.3400,85.3500,1189
35,85.3500,85.3500,85.2700,85.2800,7710
36,85.2801,85.3050,85.2600,85.2600,2206
37,85.2700,85.2900,85.2401,85.2762,4037
38,85.2700,85.2700,85.2000,85.2650,6770
39,85.2700,85.2700,85.2300,85.2300,3529
40,85.2500,85.3300,85.2500,85.3100,4655
41,85.3150,85.3200,85.2500,85.2600,2434
42,85.2700,85.3100,85.2700,85.3100,600
43,85.3200,85.3200,85.2700,85.2700,1607
44,85.2800,85.3100,85.2650,85.3050,3303
45,85.3000,85.3100,85.2700,85.2700,5117
46,85.2700,85.2800,85.2500,85.2700,2500
47,85.2800,85.2900,85.2600,85.2700,2382
48,85.2800,85.2800,85.2600,85.2600,700
49,85.2501,85.3200,85.2501,85.3200,3037
50,85.3400,85.3456,85.3400,85.3400,712
51,85.3300,85.3300,85.3000,85.3000,2400
52,85.2900,85.2900,85.2700,85.2900,1188
53,85.2900,85.2900,85.2700,85.2700,2033
54,85.2700,85.2800,85.2600,85.2600,852
55,85.2500,85.2600,85.2500,85.2600,500
56,85.2631,85.3200,85.2631,85.3200,1912
57,85.3200,85.3200,85.2701,85.2701,1702
58,85.2700,85.2700,85.2400,85.2600,3267
59,85.2601,85.2900,85.2601,85.2900,1552
60,85.3000,85.3100,85.2900,85.2900,1000
61,85.2900,85.2900,85.2600,85.2608,2030
62,85.2600,85.2900,85.2600,85.2900,1361
63,85.2867,85.2867,85.2400,85.2439,3544
64,85.2400,85.2700,85.2350,85.2600,2470
65,85.2700,85.2950,85.2700,85.2850,1854
66,85.2900,85.2900,85.2500,85.2500,1623
67,85.2500,85.2600,85.2300,85.2300,3529
68,85.2100,85.2200,85.2100,85.2200,730
69,85.2100,85.2200,85.1869,85.2200,1272
70,85.2200,85.2400,85.2100,85.2200,2926
71,85.2300,85.2400,85.2300,85.2400,1101
72,85.2399,85.2550,85.2300,85.2300,934
73,85.2362,85.2362,85.2134,85.2200,1374
74,85.2200,85.2300,85.2199,85.2300,1622
75,85.2300,85.2638,85.2300,85.2638,1140
76,85.2600,85.2700,85.2600,85.2700,1400
77,85.2600,85.2700,85.2400,85.2500,1400
78,85.2500,85.2500,85.2500,85.2500,425
79,85.2400,85.2400,85.2300,85.2400,1200
80,85.2442,85.2500,85.2350,85.2350,2219
81,85.2300,85.2300,85.2147,85.2150,2242
82,85.2200,85.2353,85.2200,85.2300,1701
83,85.2400,85.2700,85.2300,85.2300,2698
84,85.2350,85.2400,85.2200,85.2200,1588
85,85.2150,85.2150,85.2100,85.2150,519
86,85.2250,85.2350,85.2241,85.2300,3490
87,85.2400,85.2500,85.2300,85.2300,3417
88,85.2200,85.2250,85.2000,85.2000,2100
89,85.2000,85.2100,85.1900,85.2100,2150
90,85.2100,85.2300,85.2000,85.2100,3075
91,85.2100,85.2100,85.1600,85.1800,3166
92,85.1750,85.2300,85.1750,85.2300,8435
93,85.2300,85.2399,85.2200,85.2250,3300
94,85.2300,85.2344,85.2150,85.2247,3910
95,85.2299,85.2300,85.1900,85.2000,2344
96,85.1900,85.2100,85.1900,85.2000,2360
97,85.2000,85.2000,85.1800,85.1800,3129
98,85.1800,85.1800,85.1700,85.1800,1041
99,85.1700,85.2500,85.1700,85.2400,3192
100,85.2300,85.2350,85.2100,85.2100,3335
101,85.2000,85.2100,85.1900,85.2050,1698
102,85.2000,85.2100,85.2000,85.2100,1830
103,85.2200,85.2300,85.2200,85.2300,717
104,85.2350,85.2350,85.2250,85.2300,1592
105,85.2250,85.2300,85.2150,85.2300,2249
106,85.2378,85.2378,85.2332,85.2350,2250
107,85.2300,85.2400,85.1900,85.2250,3941
108,85.2200,85.2293,85.2069,85.2100,2100
109,85.2300,85.2600,85.2250,85.2600,3426
110,85.2700,85.2800,85.2600,85.2600,2730
111,85.2766,85.2850,85.2750,85.2850,2438
112,85.2750,85.3000,85.2750,85.3000,1216
113,85.3000,85.3200,85.2901,85.3200,740
114,85.3300,85.3900,85.3300,85.3600,4538
115,85.3400,85.3600,85.3400,85.3400,1300
116,85.3400,85.3910,85.3400,85.3900,2123
117,85.4000,85.4200,85.3900,85.3900,3605
118,85.4000,85.4150,85.3900,85.4000,2662
119,85.4054,85.4200,85.4000,85.4200,3528
120,85.4200,85.4400,85.4200,85.4400,3249
121,85.4350,85.4750,85.4334,85.4700,3825
122,85.4600,85.4600,85.4100,85.4300,3437
123,85.4200,85.4300,85.4100,85.4200,1800
124,85.4100,85.4200,85.4040,85.4100,2055
125,85.4000,85.4000,85.3600,85.3653,3136
126,85.3600,85.3700,85.3500,85.3500,2824
127,85.3543,85.3800,85.3400,85.3800,2970
128,85.3800,85.3800,85.3600,85.3800,3032
129,85.3800,85.3900,85.3600,85.3700,2764
130,85.3700,85.3700,85.3600,85.3600,600
131,85.3600,85.3600,85.3500,85.3600,1150
132,85.3600,85.3600,85.3300,85.3300,2525
133,85.3250,85.3499,85.3250,85.3300,3103
134,85.3200,85.3200,85.3050,85.3050,1490
135,85.3100,85.3200,85.3000,85.3200,6238
136,85.3200,85.3200,85.3100,85.3200,2471
137,85.3100,85.3200,85.3050,85.3050,3314
138,85.3000,85.3050,85.2800,85.2900,4486
139,85.2900,85.3200,85.2900,85.3100,4604
140,85.3100,85.3274,85.3100,85.3200,1440
141,85.3100,85.3200,85.3100,85.3200,1000
142,85.3300,85.3399,85.3101,85.3101,2140
143,85.3200,85.3350,85.3100,85.3100,2453
144,85.3100,85.3225,85.3100,85.3225,800
145,85.3250,85.3300,85.3250,85.3300,1100
146,85.3301,85.3301,85.3300,85.3300,722
147,85.3334,85.3400,85.3000,85.3000,3619
148,85.3000,85.3100,85.2914,85.3000,1270
149,85.2990,85.3000,85.2901,85.3000,2213
150,85.2900,85.3200,85.2900,85.3200,2385
151,85.3250,85.3300,85.3201,85.3201,564
152,85.3400,85.3943,85.3400,85.3900,2654
153,85.3900,85.3900,85.3650,85.3700,4424
154,85.3680,85.3680,85.3600,85.3600,1569
155,85.3600,85.3700,85.3600,85.3700,785
156,85.3750,85.3750,85.3700,85.3700,1400
157,85.3646,85.3700,85.3600,85.3700,517
158,85.3700,85.3700,85.3500,85.3500,2463
159,85.3600,85.3800,85.3600,85.3800,1451
160,85.3700,85.3700,85.3400,85.3400,2800
161,85.3350,85.3350,85.3000,85.3000,3765
162,85.3050,85.3400,85.3050,85.3300,4350
163,85.3200,85.3300,85.3200,85.3300,855
164,85.3300,85.3357,85.3000,85.3200,3300
165,85.3200,85.3400,85.3195,85.3400,1964
166,85.3350,85.3800,85.3350,85.3600,4873
167,85.3600,85.3800,85.3600,85.3700,3896
168,85.3800,85.3800,85.3550,85.3600,1832
169,85.3600,85.3646,85.3500,85.3547,3555
170,85.3500,85.3500,85.3500,85.3500,900
171,85.3600,85.3701,85.3600,85.3701,1821
172,85.3800,85.3850,85.3300,85.3300,4359
173,85.3300,85.3400,85.3300,85.3400,1300
174,85.3400,85.3400,85.3200,85.3300,1300
175,85.3344,85.3350,85.3000,85.3000,3300
176,85.3000,85.3100,85.3000,85.3100,1350
177,85.3201,85.3250,85.3100,85.3100,2195
178,85.3100,85.3100,85.2401,85.2565,6697
179,85.2500,85.2705,85.2500,85.2705,3176
180,85.2800,85.2900,85.2700,85.2800,1928
181,85.2700,85.2882,85.2662,85.2750,4921
182,85.2800,85.3100,85.2800,85.2800,4608
183,85.2700,85.3200,85.2700,85.3050,6100
184,85.2950,85.3200,85.2900,85.3200,2000
185,85.3200,85.3200,85.2500,85.2500,5598
186,85.2500,85.2600,85.2200,85.2500,6003
187,85.2500,85.2700,85.2100,85.2700,4763
188,85.2600,85.2600,85.2200,85.2300,5555
189,85.2400,85.2600,85.2400,85.2600,2147
190,85.2600,85.2600,85.2200,85.2400,2800
191,85.2400,85.2400,85.2200,85.2308,2371
192,85.2300,85.2300,85.2100,85.2100,1850
193,85.2100,85.2100,85.2050,85.2100,1233
194,85.2200,85.2400,85.2200,85.2400,1850
195,85.2563,85.2563,85.2200,85.2200,2300
196,85.2200,85.2400,85.2000,85.2050,2600
197,85.2000,85.2500,85.2000,85.2500,1987
198,85.2550,85.2550,85.2250,85.2300,3950
199,85.2200,85.2300,85.2200,85.2300,2710
200,85.2300,85.2500,85.2300,85.2400,1100
201,85.2400,85.2400,85.2400,85.2400,450
202,85.2400,85.2400,85.2400,85.2400,900
203,85.2393,85.2393,85.2100,85.2100,3812
204,85.2050,85.2100,85.1950,85.2000,8884
205,85.2000,85.2050,85.1800,85.1800,2100
206,85.1750,85.1900,85.1750,85.1800,2400
207,85.1800,85.1800,85.1800,85.1800,100
208,85.1700,85.1800,85.1600,85.1800,2350
209,85.1800,85.1800,85.1500,85.1500,1100
210,85.1500,85.1500,85.1300,85.1400,1300
211,85.1350,85.1400,85.1350,85.1400,1474
212,85.1400,85.1400,85.0950,85.1047,2653
213,85.1100,85.1300,85.1100,85.1200,2259
214,85.1000,85.1000,85.0900,85.1000,993
215,85.0900,85.0900,85.0500,85.0500,3490
216,85.0600,85.0600,85.0400,85.0400,1800
217,85.0400,85.0400,85.0300,85.0300,400
218,85.0300,85.0300,85.0200,85.0200,1525
219,85.0200,85.0200,85.0000,85.0100,3639
220,85.0100,85.0100,84.9700,84.9800,2350
221,84.9700,85.0000,84.9700,85.0000,1339
222,85.0200,85.0600,84.9170,84.9600,14036
223,84.9800,84.9800,84.9400,84.9600,1900
224,84.9700,85.0200,84.9700,84.9700,3330
225,84.9662,85.0000,84.9600,85.0000,1852
226,84.9900,85.0100,84.9900,85.0100,2190
227,85.0200,85.0400,85.0200,85.0300,800
228,85.0600,85.1100,85.0600,85.1100,1500
229,85.1000,85.1100,85.1000,85.1000,1210
230,85.0900,85.1200,85.0800,85.1200,1310
231,85.1200,85.1200,85.1000,85.1000,433
232,85.1200,85.1200,85.0900,85.0900,1440
233,85.1000,85.1000,85.0700,85.0700,1174
234,85.0800,85.0900,85.0800,85.0900,710
235,85.1000,85.1000,85.0200,85.0500,9160
236,85.0531,85.0700,85.0300,85.0700,2795
237,85.0700,85.0800,85.0600,85.0800,744
238,85.0800,85.0900,85.0700,85.0800,810
239,85.0700,85.1050,85.0682,85.1050,2414
240,85.1060,85.1100,85.0900,85.0900,2897
241,85.0900,85.1100,85.0900,85.1042,560
242,85.1000,85.1200,85.1000,85.1200,1298
243,85.1300,85.1650,85.1300,85.1500,12337
244,85.1500,85.1700,85.1400,85.1700,2785
245,85.1500,85.1600,85.1350,85.1550,900
246,85.1500,85.1600,85.1400,85.1600,1502
247,85.1550,85.1700,85.1500,85.1500,3167
248,85.1600,85.1600,85.1499,85.1500,1294
249,85.1500,85.1850,85.1500,85.1800,2011
250,85.1700,85.1900,85.1625,85.1625,3367
251,85.1600,85.1650,85.1150,85.1400,2591
252,85.1400,85.1400,85.1000,85.1000,2354
253,85.1000,85.1266,85.1000,85.1000,2053
254,85.1200,85.1346,85.1200,85.1346,866
255,85.1300,85.1300,85.1000,85.1300,2000
256,85.1300,85.1300,85.1200,85.1250,1661
257,85.1305,85.1400,85.1305,85.1400,900
258,85.1400,85.1600,85.1341,85.1450,1764
259,85.1500,85.1600,85.1400,85.1400,2608
260,85.1400,85.1410,85.1122,85.1400,3968
261,85.1500,85.1700,85.1050,85.1050,2900
262,85.1200,85.1200,85.0900,85.1100,1375
263,85.1100,85.1200,85.1100,85.1200,500
264,85.1100,85.1300,85.1100,85.1250,1296
265,85.1300,85.1500,85.1216,85.1450,1510
266,85.1400,85.1700,85.1400,85.1500,4175
267,85.1550,85.1625,85.1146,85.1415,3997
268,85.1450,85.1700,85.1300,85.1700,1638
269,85.1800,85.2000,85.1800,85.1900,2729
270,85.2000,85.2400,85.2000,85.2400,1166
271,85.2500,85.2800,85.2300,85.2500,4204
272,85.2500,85.2600,85.2410,85.2600,2150
273,85.2601,85.2800,85.2300,85.2300,4353
274,85.2101,85.2700,85.2101,85.2600,3787
275,85.2500,85.2700,85.2450,85.2700,1505
276,85.2800,85.3000,85.2510,85.2700,7548
277,85.2700,85.2725,85.2600,85.2700,1946
278,85.2669,85.2700,85.2600,85.2600,1197
279,85.2700,85.2700,85.2700,85.2700,500
280,85.2900,85.3100,85.2900,85.3100,2671
281,85.2800,85.2845,85.2500,85.2500,2351
282,85.2400,85.2400,85.2200,85.2200,2374
283,85.2200,85.2400,85.2200,85.2400,3253
284,85.2500,85.2700,85.2500,85.2500,3500
285,85.2529,85.2900,85.2529,85.2800,3492
286,85.2700,85.2800,85.2700,85.2800,1400
287,85.2900,85.3000,85.2800,85.3000,1511
288,85.3100,85.3200,85.3100,85.3200,1050
289,85.3100,85.3100,85.2800,85.3100,1750
290,85.3100,85.3225,85.3100,85.3200,2370
291,85.3100,85.3150,85.2800,85.2900,1900
292,85.3000,85.3225,85.3000,85.3200,1600
293,85.3300,85.3400,85.2900,85.2900,4720
294,85.2800,85.2900,85.2754,85.2800,618
295,85.2800,85.2900,85.2800,85.2900,800
296,85.2800,85.2900,85.2800,85.2850,1361
297,85.2800,85.2950,85.2800,85.2900,1400
298,85.2900,85.2950,85.2650,85.2700,2993
299,85.2700,85.2700,85.2600,85.2600,600
300,85.2600,85.2600,85.2300,85.2450,1400
301,85.2500,85.2700,85.2499,85.2700,663
302,85.2701,85.2750,85.2400,85.2400,4419
303,85.2501,85.2700,85.2501,85.2700,1083
304,85.2700,85.2700,85.2350,85.2362,3689
305,85.2400,85.2850,85.2400,85.2850,3264
306,85.2700,85.2700,85.2350,85.2500,3683
307,85.2450,85.2700,85.2400,85.2400,2361
308,85.2350,85.2456,85.2300,85.2400,742
309,85.2400,85.2600,85.2300,85.2600,2920
310,85.2500,85.2512,85.2400,85.2450,2261
311,85.2400,85.2400,85.2328,85.2328,1240
312,85.2350,85.2700,85.2350,85.2650,4334
313,85.2600,85.2700,85.2500,85.2650,3500
314,85.2600,85.2666,85.2400,85.2600,1683
315,85.2700,85.2800,85.2600,85.2750,4730
316,85.2700,85.2700,85.2500,85.2500,2264
317,85.2550,85.3000,85.2000,85.2900,11253
318,85.2900,85.2900,85.2500,85.2750,7384
319,85.2700,85.3800,85.2700,85.3600,6418
320,85.3600,85.4300,85.3500,85.4300,7200
321,85.4300,85.5300,85.4300,85.4800,14544
322,85.4700,85.4700,85.4500,85.4500,4412
323,85.4700,85.4900,85.4600,85.4900,2694
324,85.4800,85.6100,85.4700,85.5900,17001
325,85.6000,85.6400,85.5900,85.6000,8163
326,85.5900,85.6500,85.5900,85.6200,5802
327,85.6200,85.6300,85.5900,85.5950,7500
328,85.5900,85.5950,85.5400,85.5400,7089
329,85.5300,85.5300,85.4700,85.5050,12229
330,85.5050,85.5300,85.5000,85.5100,1969
331,85.5100,85.5500,85.4925,85.4925,3400
332,85.4900,85.5300,85.4900,85.5300,7277
333,85.5200,85.5300,85.4750,85.4925,7239
334,85.4900,85.4925,85.4400,85.4400,9846
335,85.4400,85.4650,85.4400,85.4600,6567
336,85.4700,85.5200,85.4700,85.5200,6221
337,85.5200,85.5200,85.4625,85.4990,5800
338,85.4950,85.4980,85.4650,85.4650,4835
339,85.4600,85.4950,85.4550,85.4900,7507
340,85.4900,85.5250,85.4800,85.5150,4301
341,85.5100,85.5100,85.4900,85.5000,4435
342,85.4950,85.4954,85.4800,85.4900,2725
343,85.4900,85.4900,85.4500,85.4700,9450
344,85.4700,85.4700,85.4550,85.4600,9998
345,85.4600,85.5100,85.4600,85.4950,17092
346,85.4950,85.4950,85.4550,85.4650,12521
347,85.4600,85.4650,85.4500,85.4550,6997
348,85.4550,85.4600,85.4100,85.4350,9835
349,85.4300,85.4550,85.4300,85.4400,6651
350,85.4325,85.4400,85.4100,85.4300,5594
351,85.4300,85.4400,85.4150,85.4350,4803
352,85.4400,85.4400,85.4125,85.4125,7790
353,85.4100,85.4300,85.4000,85.4300,7757
354,85.4350,85.4700,85.4300,85.4400,10040
355,85.4450,85.4500,85.4350,85.4500,3500
356,85.4450,85.4500,85.4250,85.4500,8158
357,85.4443,85.4900,85.4443,85.4750,7560
358,85.4700,85.4800,85.4550,85.4800,5161
359,85.4900,85.5300,85.4800,85.5200,18325
360,85.5350,85.5400,85.4900,85.5300,6261
361,85.5290,85.5290,85.4800,85.5100,12814
362,85.5100,85.5200,85.5000,85.5100,5816
363,85.5150,85.5300,85.4950,85.5000,6971
364,85.5000,85.5250,85.4950,85.5050,8601
365,85.5100,85.5250,85.4900,85.5000,6086
366,85.5000,85.5050,85.4550,85.4600,10278
367,85.4700,85.4800,85.4700,85.4800,4647
368,85.4750,85.5250,85.4700,85.5250,9183
369,85.5300,85.5400,85.5200,85.5350,7779
370,85.5350,85.5450,85.5350,85.5400,4587
371,85.5450,85.5766,85.5450,85.5700,7074
372,85.5750,85.5750,85.5400,85.5700,10380
373,85.5650,85.5700,85.5401,85.5649,6116
374,85.5650,85.5900,85.5200,85.5200,18228
375,85.5250,85.5400,85.4900,85.5400,13666
376,85.5450,85.5700,85.5300,85.5350,8503
377,85.5350,85.5450,85.5300,85.5350,14554
378,85.5434,85.5900,85.5250,85.5650,19622
379,85.5600,85.5700,85.5250,85.5600,10304
380,85.5600,85.5700,85.5450,85.5700,14271
381,85.5800,85.6800,85.5700,85.6600,27734
382,85.6600,85.6800,85.6500,85.6750,12052
383,85.6800,85.7000,85.6700,85.6900,19302
384,85.6900,85.7000,85.6600,85.6900,20470
385,85.7000,85.7050,85.6900,85.6900,18261
386,85.7000,85.7200,85.6900,85.7050,25945
387,85.7050,85.7100,85.6700,85.6700,15288
388,85.6700,85.6900,85.6700,85.6850,23639
389,85.6850,85.7500,85.6800,85.7200,49236
390,85.7200,85.7500,85.7000,85.7100,64608