FCX,Freeport-McMoRan Inc.,Materials,8,Copper,18327450541,19706335
a1497015060,12.16,12.185,12.05,12.06,220935
1,12.196,12.205,12.15,12.15,61881
2,12.1685,12.215,12.16,12.2,104327
3,12.219,12.225,12.16,12.16,124292
4,12.255,12.26,12.215,12.215,138998
5,12.2888,12.291,12.245,12.26,202234
6,12.32,12.32,12.28,12.285,214812
7,12.3,12.32,12.3,12.315,90566
8,12.288,12.31,12.25,12.305,138757
9,12.27,12.2859,12.27,12.28,68841
10,12.21,12.2759,12.195,12.2759,120691
11,12.22,12.24,12.21,12.21,82125
12,12.175,12.2276,12.17,12.22,82438
13,12.225,12.24,12.18,12.18,118802
14,12.205,12.22,12.195,12.22,49949
15,12.19,12.21,12.19,12.21,42086
16,12.16,12.195,12.14,12.195,65292
17,12.1899,12.19,12.15,12.16,78696
18,12.19,12.2061,12.17,12.185,36249
19,12.194,12.194,12.17,12.19,49639
20,12.1582,12.19,12.155,12.19,44834
21,12.145,12.165,12.14,12.155,50011
22,12.165,12.1662,12.14,12.145,31934
23,12.14,12.16,12.14,12.16,26229
24,12.15,12.1598,12.14,12.14,31106
25,12.15,12.155,12.13,12.15,58006
26,12.135,12.16,12.13,12.145,51699
27,12.1467,12.155,12.135,12.135,47594
28,12.12,12.15,12.12,12.145,39025
29,12.125,12.13,12.12,12.125,16900
30,12.12,12.125,12.12,12.12,9575
31,12.1,12.13,12.1,12.12,220869
32,12.1,12.11,12.095,12.1,66645
33,12.08,12.097,12.07,12.095,107166
34,12.085,12.09,12.08,12.086,35828
35,12.085,12.095,12.08,12.085,135380
36,12.11,12.11,12.08,12.0848,82196
37,12.115,12.12,12.1,12.105,48058
38,12.135,12.14,12.115,12.12,34963
39,12.14,12.15,12.1329,12.135,64043
40,12.15,12.16,12.135,12.135,79926
41,12.135,12.16,12.13,12.15,41834
42,12.13,12.135,12.13,12.135,28600
43,12.14,12.145,12.13,12.14,36220
44,12.125,12.145,12.12,12.145,51796
45,12.115,12.13,12.11,12.124,19238
46,12.12,12.125,12.11,12.115,34132
47,12.105,12.1161,12.105,12.1161,15365
48,12.1,12.11,12.1,12.105,14000
49,12.085,12.105,12.0835,12.1001,36303
50,12.085,12.09,12.0843,12.085,9150
51,12.085,12.09,12.08,12.0801,15312
52,12.089,12.09,12.08,12.08,13247
53,12.105,12.11,12.085,12.0897,29403
54,12.105,12.12,12.105,12.11,34518
55,12.115,12.115,12.1015,12.105,33516
56,12.105,12.11,12.1,12.11,35625
57,12.11,12.11,12.1,12.105,10400
58,12.1078,12.11,12.1,12.11,6660
59,12.14,12.14,12.1,12.1,73341
60,12.145,12.15,12.13,12.135,34250
61,12.155,12.17,12.14,12.14,48378
62,12.165,12.17,12.15,12.155,42840
63,12.165,12.165,12.16,12.165,25380
64,12.16,12.1658,12.155,12.1657,27655
65,12.155,12.16,12.15,12.155,28000
66,12.16,12.17,12.155,12.1585,31644
67,12.17,12.18,12.1601,12.165,32173
68,12.17,12.18,12.165,12.18,45103
69,12.145,12.1775,12.1401,12.17,30548
70,12.135,12.145,12.13,12.14,39667
71,12.13,12.14,12.12,12.135,16650
72,12.155,12.155,12.125,12.125,20360
73,12.15,12.155,12.14,12.1547,19899
74,12.16,12.16,12.15,12.15,14200
75,12.16,12.17,12.14,12.155,56540
76,12.17,12.18,12.16,12.16,23623
77,12.175,12.1799,12.17,12.17,7058
78,12.1846,12.19,12.175,12.1793,22045
79,12.195,12.2,12.18,12.18,27639
80,12.195,12.2,12.19,12.195,10900
81,12.215,12.23,12.194,12.194,72230
82,12.219,12.22,12.21,12.215,59249
83,12.23,12.23,12.21,12.215,17143
84,12.225,12.235,12.22,12.23,23242
85,12.21,12.22,12.21,12.22,24892
86,12.245,12.245,12.215,12.215,54332
87,12.23,12.25,12.23,12.245,24462
88,12.22,12.225,12.21,12.225,11450
89,12.215,12.225,12.21,12.22,29502
90,12.21,12.22,12.205,12.22,53978
91,12.205,12.216,12.2,12.215,24241
92,12.2047,12.21,12.2,12.205,8863
93,12.21,12.21,12.2,12.2,9628
94,12.216,12.22,12.2,12.2,40533
95,12.225,12.23,12.215,12.22,42754
96,12.22,12.2268,12.215,12.2268,14030
97,12.21,12.22,12.21,12.219,15750
98,12.215,12.22,12.2,12.21,33787
99,12.2055,12.22,12.2,12.215,34947
100,12.215,12.215,12.2,12.2015,34071
101,12.22,12.23,12.21,12.215,31990
102,12.2201,12.23,12.22,12.22,10097
103,12.235,12.24,12.225,12.225,19539
104,12.215,12.24,12.215,12.235,30309
105,12.24,12.245,12.215,12.215,66809
106,12.245,12.25,12.235,12.24,60545
107,12.245,12.25,12.24,12.245,21111
108,12.24,12.24,12.2316,12.24,25359
109,12.25,12.25,12.23,12.24,27976
110,12.25,12.26,12.245,12.25,80792
111,12.255,12.255,12.24,12.25,38060
112,12.2526,12.265,12.25,12.26,40878
113,12.26,12.27,12.24,12.255,53829
114,12.26,12.27,12.255,12.26,44651
115,12.23,12.27,12.22,12.265,45510
116,12.24,12.24,12.225,12.23,24144
117,12.24,12.245,12.23,12.24,52097
118,12.2359,12.24,12.23,12.24,18645
119,12.23,12.24,12.23,12.235,8100
120,12.22,12.2356,12.21,12.23,62270
121,12.225,12.23,12.22,12.22,15996
122,12.22,12.2253,12.21,12.2253,42332
123,12.215,12.22,12.215,12.215,8030
124,12.2143,12.22,12.21,12.21,42095
125,12.215,12.22,12.21,12.215,14100
126,12.2139,12.22,12.2025,12.21,55309
127,12.21,12.22,12.21,12.215,20550
128,12.215,12.225,12.21,12.21,51211
129,12.2143,12.22,12.21,12.215,14768
130,12.21,12.215,12.21,12.215,15454
131,12.215,12.22,12.21,12.21,16465
132,12.205,12.215,12.195,12.215,53673
133,12.205,12.21,12.2,12.2,12901
134,12.21,12.21,12.2,12.205,22300
135,12.225,12.23,12.205,12.21,61072
136,12.235,12.24,12.225,12.225,16322
137,12.265,12.27,12.235,12.235,71954
138,12.265,12.27,12.26,12.265,19366
139,12.265,12.27,12.26,12.265,14427
140,12.2728,12.28,12.26,12.26,77576
141,12.26,12.28,12.26,12.275,30808
142,12.28,12.28,12.26,12.265,85680
143,12.275,12.28,12.27,12.275,31227
144,12.2766,12.28,12.27,12.27,7710
145,12.27,12.28,12.27,12.275,12566
146,12.275,12.28,12.27,12.28,14140
147,12.28,12.28,12.27,12.27,8566
148,12.29,12.29,12.27,12.28,38456
149,12.285,12.29,12.28,12.2812,12469
150,12.3,12.3,12.28,12.28,48782
151,12.29,12.3,12.29,12.3,14350
152,12.315,12.32,12.29,12.29,87468
153,12.31,12.32,12.305,12.32,56320
154,12.32,12.32,12.31,12.3157,13200
155,12.3145,12.32,12.301,12.315,27901
156,12.305,12.32,12.305,12.315,30252
157,12.31,12.31,12.3,12.31,21654
158,12.3072,12.31,12.305,12.31,7173
159,12.28,12.31,12.28,12.31,30533
160,12.275,12.29,12.27,12.28,26698
161,12.27,12.28,12.265,12.27,31991
162,12.25,12.27,12.25,12.265,33853
163,12.265,12.27,12.25,12.25,39427
164,12.265,12.27,12.26,12.26,12200
165,12.26,12.27,12.26,12.27,20300
166,12.2975,12.3,12.265,12.27,103460
167,12.28,12.3,12.28,12.29,38019
168,12.295,12.3,12.283,12.29,42971
169,12.3,12.3,12.29,12.295,49100
170,12.295,12.3,12.29,12.295,11300
171,12.32,12.32,12.29,12.29,289269
172,12.305,12.32,12.305,12.32,107674
173,12.295,12.305,12.29,12.3,74404
174,12.275,12.3,12.27,12.295,53007
175,12.26,12.28,12.26,12.275,99293
176,12.25,12.27,12.25,12.265,46796
177,12.27,12.27,12.25,12.25,83906
178,12.275,12.28,12.26,12.26,47081
179,12.275,12.28,12.27,12.2722,37458
180,12.265,12.275,12.26,12.27,143584
181,12.29,12.29,12.265,12.27,71254
182,12.2808,12.3,12.28,12.29,128250
183,12.285,12.29,12.28,12.285,53784
184,12.275,12.285,12.27,12.28,47593
185,12.27,12.28,12.26,12.275,44849
186,12.275,12.28,12.265,12.265,21003
187,12.295,12.295,12.275,12.275,49075
188,12.295,12.3,12.28,12.29,128053
189,12.285,12.305,12.28,12.295,29513
190,12.285,12.29,12.28,12.285,4552
191,12.285,12.29,12.28,12.285,17450
192,12.285,12.29,12.28,12.29,26700
193,12.29,12.29,12.285,12.285,5200
194,12.29,12.29,12.28,12.29,7600
195,12.3,12.3,12.28,12.29,26904
196,12.3,12.3,12.29,12.3,17599
197,12.295,12.31,12.29,12.3,31226
198,12.31,12.31,12.295,12.3,31236
199,12.295,12.31,12.29,12.305,33890
200,12.305,12.31,12.295,12.3,9569
201,12.316,12.3199,12.305,12.305,34649
202,12.315,12.32,12.31,12.31,8266
203,12.32,12.3211,12.31,12.3136,67590
204,12.33,12.33,12.315,12.315,33760
205,12.33,12.33,12.32,12.325,18713
206,12.325,12.33,12.32,12.33,4008
207,12.325,12.33,12.32,12.33,18723
208,12.32,12.33,12.31,12.33,37681
209,12.3257,12.33,12.315,12.315,24307
210,12.325,12.33,12.32,12.33,14200
211,12.3305,12.34,12.3201,12.325,28603
212,12.34,12.34,12.32,12.3335,100982
213,12.335,12.34,12.3321,12.34,23092
214,12.345,12.35,12.33,12.335,51827
215,12.335,12.35,12.33,12.35,36988
216,12.35,12.35,12.335,12.34,28471
217,12.36,12.37,12.345,12.35,144278
218,12.36,12.37,12.3542,12.355,38610
219,12.35,12.3579,12.345,12.355,25550
220,12.355,12.36,12.35,12.35,13850
221,12.375,12.38,12.35,12.355,157295
222,12.4,12.4,12.37,12.375,101777
223,12.395,12.41,12.39,12.4,137297
224,12.41,12.41,12.39,12.395,49650
225,12.375,12.41,12.3712,12.405,73383
226,12.3747,12.38,12.365,12.38,40921
227,12.385,12.39,12.36,12.37,44289
228,12.383,12.39,12.38,12.39,29523
229,12.395,12.41,12.385,12.39,126168
230,12.405,12.41,12.39,12.395,60921
231,12.39,12.405,12.37,12.4,52917
232,12.395,12.4,12.37,12.39,113639
233,12.375,12.395,12.3701,12.39,40611
234,12.39,12.4,12.375,12.38,72876
235,12.37,12.39,12.37,12.39,17302
236,12.365,12.3775,12.36,12.37,16316
237,12.36,12.37,12.36,12.365,8185
238,12.37,12.37,12.36,12.365,14434
239,12.36,12.37,12.36,12.365,7232
240,12.35,12.3667,12.35,12.36,20584
241,12.36,12.37,12.35,12.35,83454
242,12.37,12.38,12.36,12.365,50248
243,12.375,12.375,12.37,12.37,25324
244,12.39,12.39,12.36,12.375,41793
245,12.375,12.4,12.37,12.385,61488
246,12.4,12.4,12.365,12.38,32333
247,12.41,12.41,12.38,12.395,69535
248,12.395,12.41,12.39,12.41,26929
249,12.395,12.4,12.39,12.4,13000
250,12.39,12.4,12.375,12.395,74849
251,12.363,12.385,12.36,12.385,70698
252,12.35,12.365,12.35,12.365,10996
253,12.345,12.36,12.34,12.36,16944
254,12.37,12.38,12.34,12.35,116098
255,12.37,12.38,12.37,12.38,5765
256,12.36,12.37,12.355,12.37,36822
257,12.35,12.365,12.35,12.365,11639
258,12.36,12.37,12.35,12.35,17380
259,12.37,12.38,12.355,12.36,40816
260,12.375,12.38,12.37,12.375,10785
261,12.375,12.38,12.37,12.375,10900
262,12.375,12.38,12.37,12.375,10500
263,12.375,12.38,12.37,12.375,15248
264,12.37,12.38,12.37,12.375,21276
265,12.4,12.4,12.375,12.375,45934
266,12.3861,12.4,12.38,12.39,32781
267,12.38,12.3857,12.37,12.385,26392
268,12.39,12.395,12.38,12.38,19303
269,12.385,12.395,12.38,12.39,25491
270,12.375,12.395,12.37,12.38,42798
271,12.375,12.38,12.365,12.37,90548
272,12.3734,12.39,12.37,12.3753,83755
273,12.37,12.38,12.36,12.375,31883
274,12.37,12.37,12.35,12.37,63498
275,12.3711,12.38,12.37,12.37,24917
276,12.37,12.375,12.36,12.37,14689
277,12.37,12.37,12.36,12.36,2613
278,12.36,12.37,12.36,12.36,12700
279,12.375,12.38,12.36,12.37,46413
280,12.37,12.39,12.37,12.38,89229
281,12.375,12.38,12.365,12.38,68857
282,12.385,12.39,12.3738,12.38,38475
283,12.43,12.43,12.38,12.385,1019635
284,12.42,12.43,12.41,12.43,119674
285,12.41,12.429,12.41,12.425,44095
286,12.43,12.43,12.41,12.415,56696
287,12.425,12.43,12.425,12.425,12414
288,12.41,12.43,12.41,12.421,32113
289,12.405,12.41,12.4,12.41,36581
290,12.41,12.41,12.4,12.4,32897
291,12.41,12.415,12.4,12.41,37444
292,12.415,12.42,12.41,12.42,32725
293,12.43,12.45,12.415,12.42,104374
294,12.425,12.435,12.41,12.43,35664
295,12.425,12.425,12.415,12.4205,28505
296,12.42,12.43,12.42,12.4257,12637
297,12.42,12.43,12.42,12.425,9406
298,12.435,12.44,12.42,12.42,266644
299,12.44,12.45,12.43,12.44,79235
300,12.44,12.46,12.42,12.44,233489
301,12.4385,12.45,12.4385,12.445,12849
302,12.435,12.44,12.43,12.435,16594
303,12.43,12.44,12.43,12.435,65038
304,12.435,12.44,12.43,12.43,42264
305,12.46,12.47,12.42,12.44,133365
306,12.445,12.475,12.445,12.465,71381
307,12.46,12.46,12.435,12.445,65754
308,12.43,12.46,12.43,12.455,62503
309,12.43,12.445,12.42,12.425,67796
310,12.425,12.43,12.415,12.42,27525
311,12.435,12.45,12.42,12.43,142380
312,12.425,12.44,12.42,12.435,305908
313,12.415,12.43,12.41,12.43,78398
314,12.405,12.42,12.4,12.415,170186
315,12.385,12.41,12.38,12.4,50734
316,12.42,12.42,12.38,12.38,44845
317,12.405,12.42,12.4,12.415,73427
318,12.41,12.42,12.39,12.41,127080
319,12.395,12.42,12.385,12.41,64013
320,12.35,12.42,12.345,12.395,196439
321,12.32,12.35,12.315,12.35,168729
322,12.33,12.34,12.31,12.32,43871
323,12.36,12.37,12.325,12.33,171233
324,12.3641,12.37,12.35,12.36,76081
325,12.36,12.37,12.35,12.36,25845
326,12.365,12.37,12.33,12.35,51609
327,12.35,12.365,12.34,12.365,60438
328,12.36,12.36,12.34,12.35,101093
329,12.365,12.37,12.3501,12.36,30866
330,12.37,12.37,12.36,12.36,24901
331,12.39,12.39,12.37,12.37,64477
332,12.38,12.39,12.3703,12.38,88902
333,12.395,12.41,12.375,12.375,169290
334,12.38,12.395,12.37,12.395,26346
335,12.39,12.39,12.375,12.375,48664
336,12.365,12.39,12.36,12.39,93935
337,12.36,12.365,12.35,12.36,26211
338,12.36,12.37,12.35,12.36,73069
339,12.35,12.37,12.35,12.355,34024
340,12.37,12.38,12.35,12.355,57867
341,12.395,12.41,12.37,12.37,109408
342,12.39,12.395,12.38,12.395,45339
343,12.38,12.39,12.375,12.385,16173
344,12.375,12.385,12.375,12.38,24320
345,12.375,12.385,12.37,12.38,26005
346,12.37,12.38,12.36,12.37,47191
347,12.355,12.37,12.35,12.36,29142
348,12.375,12.38,12.35,12.36,39528
349,12.4,12.41,12.375,12.38,52281
350,12.405,12.41,12.4,12.405,9500
351,12.41,12.42,12.4,12.41,29950
352,12.43,12.43,12.415,12.415,24191
353,12.425,12.44,12.41,12.42,83523
354,12.43,12.43,12.42,12.425,40041
355,12.42,12.43,12.42,12.425,32876
356,12.42,12.425,12.42,12.42,21467
357,12.41,12.43,12.41,12.425,16101
358,12.415,12.42,12.41,12.415,20756
359,12.415,12.42,12.41,12.415,38579
360,12.39,12.42,12.39,12.42,33377
361,12.395,12.41,12.39,12.4,57013
362,12.395,12.41,12.39,12.395,53892
363,12.395,12.405,12.39,12.39,35643
364,12.3901,12.41,12.38,12.4,83965
365,12.39,12.4,12.38,12.4,43610
366,12.38,12.39,12.38,12.385,21773
367,12.38,12.39,12.38,12.38,16373
368,12.39,12.4,12.381,12.385,42748
369,12.395,12.4,12.39,12.39,44441
370,12.385,12.395,12.37,12.39,84168
371,12.385,12.385,12.38,12.38,31422
372,12.385,12.39,12.38,12.385,37872
373,12.365,12.39,12.36,12.385,129263
374,12.385,12.39,12.36,12.365,97132
375,12.38,12.4,12.37,12.385,156849
376,12.385,12.39,12.37,12.385,91767
377,12.385,12.39,12.38,12.38,179592
378,12.375,12.385,12.37,12.385,155835
379,12.375,12.38,12.37,12.37,70919
380,12.4,12.4,12.375,12.38,271027
381,12.395,12.4,12.39,12.395,61192
382,12.39,12.4,12.39,12.395,223236
383,12.385,12.395,12.38,12.39,95641
384,12.385,12.39,12.38,12.39,83665
385,12.37,12.39,12.37,12.385,181771
386,12.37,12.38,12.36,12.375,177685
387,12.365,12.37,12.36,12.365,197753
388,12.365,12.37,12.36,12.365,126699
389,12.35,12.37,12.35,12.365,369648
