HOLX,Hologic,Health Care,5,Health Care Equipment,12372372861,2943611
a1499617800,45.2600,45.2600,45.2600,45.2600,10071
1,45.2506,45.4100,45.2506,45.3200,4128
2,45.3200,45.3200,45.2501,45.2501,200
3,45.2800,45.2800,45.2800,45.2800,100
4,45.2800,45.3400,45.2201,45.3300,600
6,45.3000,45.3000,45.2600,45.2600,300
7,45.2301,45.2301,45.1500,45.1600,2270
8,45.1700,45.2100,45.1100,45.1100,2467
11,45.1300,45.1300,45.1300,45.1300,100
12,45.0900,45.0900,45.0900,45.0900,400
13,45.0700,45.0900,45.0700,45.0900,700
14,45.0904,45.1300,45.0904,45.1300,700
15,45.1300,45.1300,45.0900,45.1200,1186
16,45.1200,45.1200,45.0800,45.0800,300
17,45.1500,45.1800,45.1500,45.1800,3535
18,45.1700,45.1700,45.1600,45.1600,2373
19,45.1600,45.1600,45.1200,45.1200,600
20,45.1200,45.1600,45.1200,45.1600,600
21,45.1500,45.1700,45.1500,45.1700,900
22,45.1700,45.1700,45.1600,45.1600,700
23,45.1500,45.1700,45.1500,45.1700,1202
24,45.1700,45.1860,45.1400,45.1400,1711
25,45.1400,45.1400,45.1400,45.1400,100
26,45.1204,45.1700,45.1204,45.1300,2037
27,45.1403,45.1600,45.1403,45.1600,700
28,45.1400,45.1700,45.1400,45.1700,200
29,45.1600,45.1700,45.1300,45.1300,1061
30,45.1500,45.1500,45.1400,45.1400,300
31,45.1400,45.1400,45.1300,45.1300,600
32,45.1400,45.2000,45.1300,45.2000,5100
33,45.2000,45.2100,45.1900,45.2100,2100
34,45.1900,45.2400,45.1900,45.2400,1732
35,45.2400,45.2500,45.2400,45.2400,2147
36,45.2500,45.2600,45.2500,45.2500,3821
37,45.2500,45.2500,45.2200,45.2300,1300
38,45.2300,45.2300,45.2000,45.2000,3400
39,45.2000,45.2100,45.1900,45.2000,5497
40,45.2000,45.2450,45.2000,45.2450,3178
41,45.2500,45.2900,45.2500,45.2900,1000
42,45.2800,45.2900,45.2800,45.2900,400
43,45.2800,45.3100,45.2700,45.3000,3700
44,45.3000,45.3000,45.3000,45.3000,100
45,45.3100,45.3200,45.2700,45.2700,3000
46,45.2700,45.2700,45.2600,45.2650,1361
47,45.2550,45.2600,45.2550,45.2600,1100
48,45.2600,45.2600,45.2500,45.2500,1300
49,45.2500,45.2600,45.2500,45.2600,400
50,45.2600,45.2600,45.2600,45.2600,1300
52,45.2650,45.2700,45.2600,45.2700,3000
53,45.2700,45.3000,45.2700,45.3000,3400
54,45.2900,45.2950,45.2900,45.2900,1600
55,45.2999,45.2999,45.2999,45.2999,203
56,45.2900,45.2950,45.2900,45.2900,600
57,45.2950,45.2950,45.2900,45.2950,1625
58,45.2900,45.3200,45.2900,45.3100,3689
59,45.3000,45.3300,45.3000,45.3200,1273
60,45.3262,45.3262,45.3200,45.3200,2222
61,45.3150,45.3200,45.3100,45.3200,6682
62,45.3200,45.3350,45.3200,45.3300,3325
63,45.3200,45.3300,45.3100,45.3100,2219
64,45.3200,45.3350,45.3200,45.3300,6400
65,45.3250,45.3300,45.3200,45.3200,5159
66,45.3250,45.3250,45.3250,45.3250,100
67,45.3200,45.3200,45.3200,45.3200,1500
68,45.3200,45.3200,45.3100,45.3200,1816
69,45.3100,45.3200,45.3100,45.3200,3900
70,45.3200,45.3200,45.3200,45.3200,200
71,45.3200,45.3200,45.3100,45.3100,2255
72,45.3125,45.3200,45.3100,45.3200,1125
73,45.3200,45.3250,45.3100,45.3190,2866
74,45.3200,45.3250,45.3102,45.3250,5400
75,45.3300,45.3450,45.3200,45.3450,6798
76,45.3400,45.3600,45.3400,45.3450,7387
77,45.3450,45.3450,45.3350,45.3350,1100
78,45.3400,45.3400,45.3050,45.3200,13925
79,45.3200,45.3350,45.3200,45.3350,5400
80,45.3350,45.3450,45.3350,45.3450,1200
81,45.3450,45.3450,45.3250,45.3250,2856
82,45.3250,45.3250,45.3200,45.3250,1200
83,45.3200,45.3250,45.3100,45.3250,3000
84,45.3250,45.3250,45.3200,45.3250,2400
85,45.3250,45.3250,45.3200,45.3200,800
86,45.3300,45.3300,45.3200,45.3200,600
87,45.3300,45.3350,45.3200,45.3200,1900
88,45.3200,45.3250,45.3100,45.3200,7992
89,45.3300,45.3300,45.3300,45.3300,100
90,45.3200,45.3300,45.3200,45.3200,300
91,45.3200,45.3250,45.3100,45.3250,3600
92,45.3200,45.3250,45.3200,45.3200,2100
93,45.3200,45.3450,45.3200,45.3450,12400
94,45.3438,45.3800,45.3400,45.3750,3893
95,45.3750,45.3800,45.3600,45.3600,12647
96,45.3500,45.3500,45.3350,45.3400,4361
97,45.3400,45.3400,45.3300,45.3300,700
98,45.3200,45.3300,45.3200,45.3300,700
99,45.3300,45.3500,45.3300,45.3490,2800
100,45.3450,45.3450,45.3300,45.3350,2491
101,45.3400,45.3400,45.3400,45.3400,800
102,45.3400,45.3400,45.3400,45.3400,500
103,45.3300,45.3350,45.3300,45.3300,3300
104,45.3400,45.3400,45.3300,45.3300,300
105,45.3300,45.3325,45.3200,45.3200,1500
106,45.3150,45.3450,45.3100,45.3450,18377
107,45.3500,45.3550,45.3300,45.3300,3140
108,45.3200,45.3250,45.3150,45.3200,3649
109,45.3200,45.3200,45.3100,45.3125,2242
110,45.3100,45.3550,45.3050,45.3200,19371
111,45.3300,45.3350,45.3000,45.3000,2116
112,45.2900,45.2950,45.2500,45.2550,7013
113,45.2500,45.2550,45.2400,45.2400,6177
114,45.2500,45.2500,45.2200,45.2300,3421
115,45.2400,45.2400,45.2300,45.2350,900
116,45.2300,45.2350,45.2300,45.2300,700
117,45.2250,45.2450,45.2250,45.2400,5644
118,45.2400,45.2500,45.2400,45.2400,1600
119,45.2350,45.2400,45.2300,45.2300,1225
120,45.2400,45.2500,45.2400,45.2400,3076
121,45.2500,45.2550,45.2400,45.2550,3561
122,45.2550,45.2550,45.2200,45.2300,5200
123,45.2400,45.2400,45.2300,45.2300,1100
124,45.2300,45.2350,45.2200,45.2200,1500
125,45.2100,45.2100,45.2000,45.2000,3000
126,45.2100,45.2100,45.2000,45.2100,1900
127,45.2100,45.2100,45.2000,45.2000,800
128,45.2100,45.2100,45.1900,45.2000,1321
129,45.2000,45.2000,45.1800,45.1856,5200
130,45.1800,45.1900,45.1800,45.1900,2766
131,45.1800,45.1850,45.1800,45.1850,200
132,45.1900,45.1950,45.1900,45.1900,1076
133,45.1900,45.1900,45.1900,45.1900,200
134,45.1950,45.2000,45.1900,45.2000,2800
135,45.2000,45.2100,45.2000,45.2075,912
136,45.2200,45.2300,45.2000,45.2000,6500
137,45.2000,45.2100,45.2000,45.2000,1400
138,45.1900,45.1900,45.1800,45.1800,4081
139,45.1800,45.1800,45.1800,45.1800,100
140,45.1900,45.1900,45.1800,45.1850,1500
141,45.1800,45.1900,45.1800,45.1850,1100
142,45.1900,45.1900,45.1900,45.1900,1000
143,45.2000,45.2000,45.1800,45.1800,3061
144,45.1750,45.1750,45.1750,45.1750,100
145,45.1750,45.1800,45.1750,45.1800,200
147,45.1800,45.1825,45.1700,45.1750,3000
148,45.1750,45.1950,45.1750,45.1800,6569
149,45.1800,45.1800,45.1700,45.1700,1700
150,45.1800,45.1800,45.1700,45.1750,2400
151,45.1750,45.1750,45.1700,45.1700,2141
152,45.1700,45.1700,45.1700,45.1700,1300
153,45.1750,45.1750,45.1700,45.1700,700
154,45.1800,45.1800,45.1700,45.1800,1000
155,45.1850,45.2100,45.1850,45.2100,3600
156,45.2199,45.2300,45.2100,45.2300,6800
157,45.2338,45.2338,45.2338,45.2338,222
158,45.2500,45.2500,45.2400,45.2500,300
159,45.2400,45.2400,45.2300,45.2300,1150
160,45.2300,45.2300,45.2200,45.2200,300
161,45.2300,45.2300,45.2300,45.2300,300
162,45.2300,45.2400,45.2300,45.2400,7536
163,45.2450,45.2450,45.2200,45.2200,5092
164,45.2100,45.2100,45.2000,45.2000,1600
165,45.2000,45.2000,45.1900,45.1900,1721
166,45.1900,45.2000,45.1900,45.1900,4400
167,45.1900,45.2350,45.1900,45.2350,11550
168,45.2350,45.2400,45.2100,45.2100,5413
169,45.2200,45.2300,45.2200,45.2300,3107
170,45.2300,45.2400,45.2300,45.2400,700
171,45.2400,45.2400,45.2300,45.2300,3398
172,45.2250,45.2400,45.2250,45.2300,3900
173,45.2400,45.2400,45.2400,45.2400,700
174,45.2400,45.2450,45.2350,45.2450,1900
175,45.2500,45.2600,45.2300,45.2300,2600
176,45.2400,45.2450,45.2200,45.2200,2300
177,45.2100,45.2100,45.2000,45.2000,4502
178,45.1900,45.2200,45.1900,45.2200,1100
179,45.2200,45.2200,45.2200,45.2200,500
180,45.2100,45.2300,45.2100,45.2300,1497
181,45.2350,45.2500,45.2350,45.2500,1800
182,45.2300,45.2300,45.2300,45.2300,100
183,45.2300,45.2400,45.2200,45.2400,2600
184,45.2300,45.2300,45.2200,45.2200,200
185,45.2150,45.2200,45.1900,45.1900,5918
186,45.1900,45.2050,45.1800,45.2000,3300
187,45.2000,45.2100,45.1900,45.1900,1300
188,45.1900,45.1900,45.1500,45.1650,4800
189,45.1600,45.1800,45.1600,45.1700,6234
190,45.1700,45.1750,45.1700,45.1750,500
191,45.1650,45.1750,45.1600,45.1700,6402
192,45.1700,45.2000,45.1700,45.1900,6706
193,45.1800,45.1950,45.1800,45.1900,1098
194,45.1800,45.1800,45.1400,45.1500,2600
195,45.1600,45.1650,45.1560,45.1600,1100
196,45.1500,45.1600,45.1400,45.1500,4520
197,45.1500,45.1550,45.1400,45.1500,2400
198,45.1500,45.1550,45.1400,45.1500,5400
199,45.1500,45.1550,45.1450,45.1500,1500
200,45.1550,45.1550,45.1400,45.1400,1200
201,45.1350,45.1400,45.1300,45.1300,3039
202,45.1300,45.1500,45.1300,45.1400,4444
203,45.1400,45.1500,45.1400,45.1450,1400
204,45.1350,45.1400,45.1300,45.1300,1265
205,45.1250,45.1400,45.1200,45.1200,2700
206,45.1300,45.1300,45.1300,45.1300,1253
207,45.1300,45.1300,45.1300,45.1300,121
208,45.1300,45.1400,45.1250,45.1400,1100
209,45.1400,45.1400,45.1200,45.1200,1310
210,45.1100,45.1200,45.1100,45.1200,800
212,45.1150,45.1500,45.1150,45.1400,3700
213,45.1400,45.1400,45.1400,45.1400,416
214,45.1400,45.1400,45.1400,45.1400,700
215,45.1400,45.1400,45.1400,45.1400,300
216,45.1300,45.1300,45.1050,45.1100,3028
217,45.1100,45.1200,45.1100,45.1150,7181
218,45.1150,45.1150,45.1000,45.1100,8616
219,45.1000,45.1000,45.0500,45.0500,4400
220,45.0600,45.0600,45.0600,45.0600,686
221,45.0600,45.0650,45.0600,45.0600,2553
222,45.0500,45.0500,45.0100,45.0200,6013
223,45.0200,45.0200,44.9800,44.9800,2200
224,44.9900,44.9900,44.9800,44.9800,3230
225,44.9850,44.9850,44.9500,44.9800,3138
226,44.9800,44.9900,44.9750,44.9900,3700
227,44.9900,45.0000,44.9895,45.0000,3900
228,44.9900,44.9900,44.9400,44.9500,3499
229,44.9500,44.9600,44.9500,44.9600,1600
230,44.9600,44.9700,44.9600,44.9700,2800
231,44.9700,44.9700,44.9600,44.9700,2300
232,44.9700,44.9800,44.9700,44.9800,2870
233,44.9900,45.0100,44.9900,45.0050,4524
234,45.0000,45.0200,45.0000,45.0200,2100
235,45.0400,45.0700,45.0400,45.0600,3553
236,45.0500,45.0500,45.0500,45.0500,1200
237,45.0600,45.0650,45.0600,45.0650,1600
238,45.0700,45.0800,45.0700,45.0800,1300
239,45.0800,45.1000,45.0800,45.0900,1700
240,45.1000,45.1200,45.1000,45.1150,2700
241,45.1100,45.1200,45.1067,45.1067,2109
242,45.1000,45.1000,45.0600,45.0600,2000
243,45.0700,45.0900,45.0700,45.0882,1809
244,45.0900,45.1000,45.0800,45.0900,1900
245,45.0901,45.1000,45.0900,45.0900,2300
246,45.0900,45.0900,45.0900,45.0900,900
247,45.0900,45.0900,45.0500,45.0600,2312
248,45.0600,45.0700,45.0500,45.0500,7104
249,45.0450,45.0500,45.0100,45.0100,6199
250,45.0100,45.0300,45.0000,45.0300,5800
251,45.0400,45.0500,45.0200,45.0200,7100
252,45.0200,45.0200,45.0000,45.0000,2497
253,45.0100,45.0200,45.0100,45.0200,2104
254,45.0300,45.0600,45.0300,45.0600,4796
255,45.0700,45.0800,45.0700,45.0800,6852
256,45.0900,45.0900,45.0700,45.0700,1500
257,45.0800,45.0900,45.0700,45.0700,3270
258,45.0700,45.0700,45.0700,45.0700,500
259,45.0600,45.0600,45.0100,45.0200,4400
260,45.0200,45.0200,45.0000,45.0150,1300
261,45.0100,45.0200,45.0100,45.0100,3800
262,45.0100,45.0200,45.0100,45.0200,400
263,45.0200,45.0200,45.0200,45.0200,1000
264,45.0200,45.0200,45.0100,45.0100,800
265,45.0100,45.0150,44.9700,44.9700,9396
266,44.9600,44.9800,44.9600,44.9600,3500
267,44.9700,44.9700,44.9600,44.9600,1600
268,44.9600,44.9600,44.9400,44.9400,1000
269,44.9400,44.9610,44.9300,44.9300,3500
270,44.9200,44.9200,44.9050,44.9100,2300
271,44.9100,44.9400,44.9100,44.9400,2000
272,44.9500,44.9600,44.9500,44.9500,1682
273,44.9500,44.9800,44.9500,44.9800,1700
274,44.9700,44.9700,44.9600,44.9700,2722
275,44.9700,44.9800,44.9600,44.9700,3500
276,44.9800,44.9800,44.9700,44.9750,1500
277,44.9750,44.9750,44.9700,44.9700,303
278,44.9800,44.9800,44.9700,44.9750,1300
279,44.9700,44.9700,44.9700,44.9700,100
280,44.9650,44.9700,44.9400,44.9400,3900
281,44.9400,44.9400,44.9300,44.9300,2800
282,44.9300,44.9400,44.9300,44.9300,1737
283,44.9300,44.9400,44.9250,44.9250,1700
284,44.9200,44.9200,44.8900,44.8900,6100
285,44.8800,44.9200,44.8800,44.9200,2700
286,44.9200,44.9300,44.9100,44.9100,6282
287,44.9100,44.9100,44.8700,44.8700,3700
288,44.8800,44.9100,44.8800,44.9100,1986
289,44.9100,44.9100,44.9100,44.9100,1400
290,44.9000,44.9000,44.9000,44.9000,600
291,44.9050,44.9200,44.9000,44.9100,10614
292,44.9100,44.9100,44.8900,44.9000,31037
293,44.9000,44.9100,44.8700,44.8700,6169
294,44.8800,44.9000,44.8800,44.9000,800
295,44.8900,44.9000,44.8800,44.8900,7515
296,44.8900,44.8900,44.8750,44.8800,1900
297,44.8800,44.8950,44.8800,44.8900,1800
298,44.8900,44.8900,44.8846,44.8846,800
299,44.8900,44.8900,44.8600,44.8600,1100
300,44.8500,44.8550,44.8300,44.8499,17800
301,44.8450,44.8450,44.8400,44.8450,500
302,44.8500,44.8900,44.8450,44.8800,10587
303,44.8800,44.9000,44.8800,44.8800,2300
304,44.8700,44.8700,44.8200,44.8300,18794
305,44.8400,44.8400,44.8000,44.8200,6541
306,44.8100,44.8100,44.7600,44.7800,18941
307,44.7700,44.8100,44.7400,44.8000,10553
308,44.7950,44.8100,44.7700,44.7700,9966
309,44.7700,44.8200,44.7550,44.8024,8334
310,44.8050,44.8350,44.8000,44.8350,7737
311,44.8100,44.8100,44.7850,44.7850,6528
312,44.7900,44.7900,44.7500,44.7500,2200
313,44.7400,44.7500,44.7200,44.7300,4600
314,44.7400,44.7400,44.6800,44.6900,9500
315,44.6750,44.6800,44.6300,44.6700,9755
316,44.6600,44.6600,44.6400,44.6600,5426
317,44.6500,44.6600,44.5900,44.6600,14623
318,44.6600,44.6900,44.6100,44.6100,11928
319,44.6200,44.6200,44.5200,44.5600,14898
320,44.5600,44.5900,44.4500,44.4600,19467
321,44.4700,44.5100,44.4500,44.4800,18700
322,44.4900,44.5100,44.4700,44.4912,4870
323,44.4800,44.5100,44.4800,44.4900,4632
324,44.4900,44.5000,44.4700,44.5000,3800
325,44.5100,44.5400,44.5100,44.5400,3488
326,44.5400,44.5600,44.5300,44.5300,12925
327,44.5400,44.5500,44.5100,44.5500,9653
328,44.5590,44.5900,44.5590,44.5750,5049
329,44.5600,44.5650,44.5300,44.5300,1100
330,44.5200,44.5300,44.5100,44.5100,3356
331,44.5100,44.5600,44.5000,44.5600,6170
332,44.5600,44.5900,44.5600,44.5900,8581
333,44.5900,44.6400,44.5900,44.6300,8382
334,44.6400,44.6900,44.6300,44.6800,8473
335,44.6700,44.6700,44.6200,44.6200,2600
336,44.6200,44.6400,44.5800,44.6000,6598
337,44.6100,44.6200,44.5700,44.5800,7762
338,44.5800,44.6000,44.5600,44.5800,14929
339,44.5900,44.6200,44.5800,44.6200,6300
340,44.6200,44.6700,44.6200,44.6650,5200
341,44.6700,44.7000,44.6600,44.6900,5222
342,44.6900,44.7050,44.6900,44.7000,2406
343,44.6900,44.7200,44.6900,44.7100,5063
344,44.7000,44.7000,44.6600,44.6650,4027
345,44.6800,44.6900,44.6800,44.6850,3155
346,44.6900,44.7150,44.6900,44.7150,5114
347,44.7100,44.7400,44.7050,44.7300,6531
348,44.7200,44.7200,44.6600,44.6700,4991
349,44.6800,44.6800,44.6500,44.6750,4421
350,44.6900,44.7600,44.6900,44.7500,7600
351,44.7400,44.7400,44.7100,44.7100,2200
352,44.7200,44.7200,44.7100,44.7100,4700
353,44.7000,44.7000,44.6950,44.6950,2531
354,44.6950,44.7050,44.6750,44.7000,4694
355,44.7050,44.7200,44.7000,44.7200,7265
356,44.7200,44.7200,44.7099,44.7099,2000
357,44.7100,44.7100,44.6900,44.7000,9300
358,44.7000,44.7000,44.6900,44.6900,2384
359,44.6850,44.6900,44.6800,44.6900,4264
360,44.7000,44.7400,44.7000,44.7400,7774
361,44.7300,44.7400,44.6900,44.6900,5955
362,44.6900,44.7000,44.6750,44.6750,1000
363,44.6750,44.6800,44.6400,44.6400,7756
364,44.6300,44.6400,44.6100,44.6100,3999
365,44.6100,44.6600,44.6100,44.6500,9487
366,44.6500,44.6550,44.6450,44.6500,2022
367,44.6450,44.6750,44.6450,44.6700,5800
368,44.6700,44.6700,44.6400,44.6500,3803
369,44.6600,44.6600,44.6500,44.6500,1000
370,44.6500,44.6600,44.6300,44.6350,5401
371,44.6300,44.6350,44.5950,44.6000,10084
372,44.5950,44.6100,44.5800,44.5950,14546
373,44.5900,44.5900,44.5600,44.5800,11285
374,44.5900,44.6000,44.5700,44.5701,7400
375,44.5700,44.5700,44.5300,44.5650,13152
376,44.5700,44.6100,44.5700,44.5900,15066
377,44.5910,44.6000,44.5800,44.6000,8600
378,44.6100,44.6100,44.5900,44.5950,6725
379,44.5900,44.5900,44.5700,44.5700,8900
380,44.5700,44.6200,44.5700,44.6100,21102
381,44.6100,44.6600,44.5900,44.6500,23417
382,44.6550,44.6550,44.6400,44.6500,3988
383,44.6400,44.6700,44.6400,44.6700,10001
384,44.6700,44.6700,44.6300,44.6300,9842
385,44.6350,44.6600,44.6300,44.6500,9459
386,44.6600,44.6650,44.6200,44.6350,21308
387,44.6400,44.6500,44.6250,44.6400,15099
388,44.6400,44.6700,44.6400,44.6700,20234
389,44.6650,44.6700,44.6400,44.6500,30898
390,44.6400,44.6800,44.6400,44.6700,159072