MNK,Mallinckrodt Plc,Health Care,5,Pharmaceuticals,4012633487,2404243
a1497015000,40.18,40.18,40.18,40.18,6225
1,40.22,40.37,40.15,40.23,30983
2,40.4888,40.4888,40.21,40.21,6630
3,40.2,40.32,40.19,40.32,5075
5,40.1475,40.16,40.1053,40.16,12552
6,40.145,40.19,40.09,40.15,2400
7,40.26,40.41,40.19,40.19,18410
8,40.155,40.27,40.15,40.27,3820
9,40.2058,40.2058,40.15,40.15,1300
10,40.15,40.18,40.15,40.16,20582
11,40.135,40.16,40.04,40.15,23327
12,40.11,40.15,40.095,40.15,13785
13,40.04,40.18,40.03,40.14,10168
14,40.05,40.08,40,40,1400
15,40.02,40.08,39.93,40.08,3280
16,39.85,39.94,39.85,39.94,4520
17,40.01,40.07,39.87,39.93,10903
18,39.92,40.012,39.92,39.99,7951
19,40,40.01,39.9,39.91,3300
20,39.974,39.99,39.95,39.99,850
21,39.92,39.97,39.92,39.97,500
22,39.79,39.95,39.79,39.92,3941
23,39.84,39.92,39.8,39.8,2850
24,39.83,39.85,39.83,39.85,225
26,39.7971,39.82,39.71,39.82,7500
27,39.74,39.84,39.725,39.79,5600
28,39.68,39.78,39.68,39.745,2086
29,39.68,39.705,39.68,39.705,200
30,39.68,39.68,39.68,39.68,300
31,39.71,39.79,39.64,39.67,5000
32,39.83,39.83,39.71,39.7476,5235
33,39.71,39.81,39.7,39.81,3300
34,39.81,39.93,39.72,39.72,9195
35,39.8,39.85,39.8,39.82,1501
36,39.775,39.79,39.77,39.79,600
37,39.7687,39.7687,39.69,39.76,10173
38,39.75,39.79,39.73,39.755,2300
39,39.69,39.76,39.69,39.71,3200
40,39.68,39.72,39.68,39.72,4400
41,39.68,39.71,39.65,39.685,5327
42,39.68,39.7,39.63,39.6577,9801
43,39.77,39.84,39.67,39.68,9650
44,39.72,39.76,39.71,39.76,1901
45,39.95,40.03,39.71,39.72,21300
46,39.9,39.99,39.9,39.99,1100
47,39.92,39.94,39.9,39.93,2146
48,39.9999,40.09,39.94,39.94,17956
49,39.96,40,39.96,39.98,1413
50,39.98,39.99,39.97,39.99,1400
51,39.98,39.99,39.98,39.99,500
52,40.0323,40.05,40,40,5574
53,40,40.05,40,40.05,1376
54,39.98,40,39.98,40,1100
55,40.03,40.05,39.98,39.98,4400
56,40.01,40.03,40.01,40.03,1000
57,39.94,40.04,39.94,40.02,8500
58,39.84,39.94,39.84,39.94,2800
59,39.85,39.85,39.82,39.82,575
60,39.81,39.84,39.8,39.84,2200
61,39.78,39.81,39.75,39.81,4477
62,39.82,39.84,39.81,39.83,1184
63,39.78,39.81,39.78,39.81,400
65,39.75,39.77,39.75,39.76,12856
66,39.77,39.78,39.75,39.75,3800
67,39.76,39.76,39.75,39.76,3500
68,39.8,39.8,39.76,39.77,1400
69,39.79,39.82,39.79,39.82,1954
70,39.81,39.83,39.79,39.79,1200
73,39.79,39.8337,39.76,39.8337,4375
74,39.82,39.82,39.79,39.79,1400
75,39.8339,39.8339,39.79,39.79,3299
76,39.84,39.84,39.82,39.83,1253
77,39.88,39.9,39.86,39.86,3400
78,39.86,39.89,39.86,39.89,1900
79,39.92,39.92,39.88,39.88,1547
80,39.946,39.946,39.946,39.946,7000
81,39.87,39.92,39.87,39.92,900
82,39.89,39.89,39.89,39.89,500
84,39.91,39.91,39.87,39.87,1700
85,39.94,39.96,39.931,39.94,1100
86,39.95,39.97,39.95,39.97,2000
87,40,40,39.941,39.941,1500
88,39.9901,40.04,39.97,40.01,5900
89,40.01,40.01,40,40,1750
90,40.01,40.01,39.99,40,3000
91,40,40.05,39.99,40.02,11108
92,40,40.03,39.99,40,1900
93,40.04,40.09,40.01,40.04,17040
94,40.08,40.09,40.05,40.06,6100
96,40.18,40.2,40.0738,40.09,4200
97,40.23,40.26,40.18,40.21,16786
98,40.3,40.315,40.22,40.23,8170
99,40.34,40.34,40.3,40.3,1800
100,40.325,40.35,40.32,40.33,2200
101,40.46,40.48,40.34,40.34,6429
102,40.5,40.55,40.49,40.5,15001
103,40.57,40.57,40.51,40.52,2520
104,40.5334,40.5799,40.53,40.53,8202
105,40.55,40.59,40.55,40.56,1400
106,40.73,40.73,40.58,40.58,4050
107,40.71,40.755,40.68,40.754,10770
108,40.71,40.74,40.689,40.689,4279
109,40.73,40.81,40.7,40.72,29394
110,40.72,40.72,40.67,40.71,1400
111,40.76,40.7899,40.71,40.73,3200
112,40.75,40.75,40.74,40.75,16107
113,40.79,40.801,40.75,40.75,5200
114,40.71,40.76,40.71,40.75,3022
115,40.79,40.79,40.72,40.72,5483
116,40.77,40.8,40.75,40.765,7444
117,40.8,40.825,40.769,40.79,3000
118,40.8,40.83,40.79,40.79,6000
119,40.85,40.86,40.83,40.84,3789
120,40.81,40.8103,40.81,40.8103,300
121,40.87,40.87,40.83,40.83,9238
122,40.86,40.87,40.84,40.87,7532
123,40.89,40.89,40.87,40.87,1630
124,40.91,40.92,40.86,40.89,7776
125,40.9182,40.9376,40.91,40.91,1100
126,40.9475,40.96,40.9,40.914,6200
127,40.925,40.948,40.901,40.921,2580
128,40.97,40.97,40.94,40.94,1900
129,41.02,41.02,40.97,40.98,8307
130,41.08,41.08,41.03,41.03,2900
131,41.21,41.23,41.07,41.075,16541
132,41.19,41.28,41.17,41.25,9863
133,41.21,41.21,41.18,41.18,3100
134,41.2,41.22,41.19,41.19,5849
135,41.1301,41.2,41.12,41.2,4500
136,41.2,41.2,41.13,41.13,12466
137,41.15,41.18,41.14,41.18,2535
138,41.11,41.17,41.11,41.15,2900
139,41.08,41.1,41.07,41.1,1000
140,41.07,41.085,41.07,41.08,1700
141,41.09,41.09,41.08,41.08,1135
142,41.105,41.13,41.05,41.11,3350
143,41.2,41.2,41.07,41.1,8600
144,41.215,41.215,41.16,41.16,500
145,41.1936,41.2,41.16,41.19,2398
146,41.166,41.166,41.166,41.166,538
147,41.0801,41.16,41.0801,41.16,3369
148,41.075,41.12,41.075,41.12,600
149,41.07,41.075,41.07,41.075,900
150,41.0117,41.04,41.0117,41.04,2950
151,41.075,41.075,41.03,41.03,1100
152,41.14,41.16,41.08,41.08,5179
153,41.16,41.19,41.16,41.18,2900
154,41.16,41.17,41.15,41.17,700
155,41.19,41.19,41.16,41.16,700
156,41.2,41.2,41.19,41.19,400
157,41.22,41.3,41.195,41.195,13585
158,41.21,41.21,41.19,41.21,900
159,41.18,41.195,41.16,41.19,1500
161,41.21,41.21,41.1701,41.1701,2000
162,41.23,41.23,41.22,41.22,649
163,41.264,41.264,41.22,41.24,7400
164,41.24,41.24,41.24,41.24,700
165,41.25,41.25,41.24,41.24,1200
166,41.22,41.26,41.22,41.24,2700
167,41.204,41.23,41.204,41.21,1100
168,41.2,41.23,41.2,41.2003,6783
169,41.18,41.2123,41.18,41.21,15078
170,41.195,41.2,41.18,41.18,3517
171,41.18,41.195,41.14,41.195,3703
172,41.14,41.205,41.14,41.16,11966
173,41.14,41.14,41.14,41.14,900
174,41.11,41.13,41.11,41.13,400
175,41.1,41.11,41.1,41.11,1700
176,41.07,41.12,41.05,41.11,6500
177,41.031,41.055,41.03,41.05,935
178,41.03,41.05,41.03,41.05,200
179,41.06,41.07,41.03,41.045,7851
180,41.06,41.08,41.04,41.06,3600
181,41.0628,41.099,41.02,41.04,5900
182,41.04,41.08,41.04,41.08,6501
183,41.045,41.06,41,41.04,7120
184,40.98,41.045,40.98,41.045,2429
185,40.89,40.985,40.89,40.985,6500
186,40.85,40.91,40.84,40.9057,3750
187,40.91,40.92,40.86,40.89,5000
188,40.86,40.9146,40.86,40.9146,3700
189,40.88,40.92,40.86,40.89,2300
190,40.93,40.93,40.92,40.92,400
191,40.91,40.91,40.91,40.91,100
192,40.93,40.96,40.93,40.96,1176
193,40.97,40.98,40.97,40.97,1885
194,40.97,40.97,40.97,40.97,313
195,41,41,40.97,40.99,3150
196,40.96,41,40.95,41,11798
197,40.91,40.93,40.91,40.93,1100
198,40.94,40.95,40.93,40.95,2100
199,40.915,40.9599,40.91,40.92,4404
200,40.895,40.91,40.89,40.91,1400
201,40.87,40.91,40.87,40.9,2155
202,40.9,40.93,40.88,40.88,1898
203,40.88,40.92,40.88,40.914,6018
204,40.87,40.9,40.87,40.87,1000
205,40.9,40.9,40.89,40.89,500
206,40.861,40.94,40.861,40.91,4544
207,40.88,40.88,40.88,40.88,100
208,40.799,40.87,40.79,40.87,5377
209,40.8,40.82,40.795,40.795,1100
210,40.79,40.83,40.79,40.82,4940
211,40.77,40.8,40.77,40.8,2500
212,40.7628,40.8,40.7628,40.79,1997
214,40.8001,40.82,40.76,40.7786,5000
216,40.8,40.83,40.795,40.83,4496
217,40.79,40.83,40.79,40.8,2600
218,40.79,40.82,40.79,40.81,9200
219,40.76,40.79,40.76,40.79,1203
220,40.78,40.78,40.75,40.75,500
221,40.78,40.83,40.78,40.81,5400
222,40.85,40.86,40.79,40.8,9612
223,40.86,40.87,40.85,40.85,1502
224,40.87,40.89,40.85,40.85,3435
225,40.82,40.89,40.82,40.88,2900
226,40.55,40.82,40.55,40.8,41413
227,40.69,40.69,40.54,40.59,19169
228,40.67,40.7,40.58,40.7,5500
229,40.59,40.66,40.59,40.64,2000
230,40.6,40.64,40.59,40.59,1800
231,40.57,40.609,40.57,40.59,1000
232,40.595,40.61,40.57,40.61,847
233,40.61,40.61,40.61,40.61,200
234,40.57,40.58,40.54,40.58,1301
235,40.59,40.59,40.57,40.57,807
237,40.6096,40.6096,40.59,40.6,1100
238,40.53,40.62,40.53,40.58,2500
239,40.5,40.55,40.5,40.53,3500
240,40.505,40.51,40.5,40.5,1756
241,40.46,40.52,40.46,40.5,2100
242,40.4,40.47,40.4,40.44,3644
243,40.44,40.44,40.4,40.4,2085
244,40.43,40.45,40.41,40.45,600
245,40.42,40.43,40.42,40.42,300
246,40.45,40.45,40.43,40.43,1500
247,40.48,40.48,40.48,40.48,200
248,40.48,40.5,40.47,40.49,2703
249,40.48,40.48,40.45,40.48,2300
250,40.49,40.49,40.45,40.45,1200
251,40.47,40.51,40.47,40.5,2000
252,40.44,40.45,40.41,40.45,2200
253,40.43,40.44,40.43,40.44,800
254,40.46,40.47,40.46,40.46,500
255,40.47,40.47,40.45,40.46,1300
256,40.46,40.47,40.45,40.46,1300
257,40.443,40.46,40.443,40.46,1871
259,40.46,40.505,40.46,40.47,5003
260,40.45,40.45,40.44,40.44,400
261,40.39,40.45,40.37,40.45,4193
262,40.38,40.4,40.38,40.4,700
263,40.43,40.43,40.4,40.41,1486
264,40.38,40.46,40.38,40.44,7264
265,40.4,40.4,40.4,40.4,400
266,40.44,40.45,40.4,40.41,2900
267,40.4,40.46,40.4,40.46,1900
268,40.37,40.44,40.37,40.44,1707
269,40.4,40.41,40.3914,40.4,3134
270,40.4,40.41,40.39,40.4,2250
271,40.4,40.4,40.37,40.39,2022
272,40.33,40.39,40.33,40.39,2495
273,40.33,40.35,40.33,40.35,800
274,40.37,40.38,40.35,40.35,2650
275,40.39,40.39,40.39,40.39,100
276,40.39,40.4,40.39,40.39,3607
277,40.31,40.39,40.3,40.39,4645
278,40.33,40.33,40.33,40.33,600
279,40.29,40.32,40.25,40.32,3529
280,40.25,40.27,40.25,40.27,954
281,40.25,40.26,40.22,40.26,1950
282,40.27,40.27,40.23,40.26,2000
283,40.29,40.29,40.27,40.27,500
284,40.32,40.32,40.27,40.29,4471
285,40.32,40.32,40.27,40.3,1720
286,40.34,40.37,40.325,40.325,2183
287,40.37,40.37,40.32,40.32,750
288,40.38,40.41,40.35,40.35,3682
289,40.37,40.39,40.37,40.39,700
290,40.3797,40.38,40.35,40.35,1600
291,40.4,40.4,40.38,40.38,1600
292,40.4,40.41,40.4,40.41,2100
293,40.34,40.41,40.34,40.4025,4372
294,40.36,40.36,40.36,40.36,1000
295,40.33,40.34,40.33,40.34,900
297,40.33,40.33,40.33,40.33,100
298,40.36,40.37,40.35,40.35,1000
299,40.38,40.38,40.37,40.37,900
300,40.31,40.37,40.31,40.37,2631
301,40.32,40.33,40.29,40.3,1081
302,40.37,40.39,40.35,40.35,1300
303,40.4,40.42,40.39,40.39,900
304,40.3552,40.39,40.32,40.39,4360
305,40.36,40.36,40.34,40.35,1196
306,40.34,40.39,40.33,40.35,22206
307,40.35,40.36,40.32,40.35,8318
308,40.34,40.35,40.34,40.35,900
309,40.3,40.33,40.28,40.33,4200
310,40.35,40.35,40.3,40.3,5283
311,40.31,40.33,40.29,40.32,7633
312,40.27,40.33,40.27,40.32,4400
313,40.25,40.28,40.25,40.25,1720
314,40.285,40.29,40.275,40.279,3000
315,40.29,40.305,40.27,40.27,3300
316,40.285,40.29,40.27,40.28,2200
317,40.305,40.31,40.275,40.3,8382
318,40.26,40.305,40.26,40.305,4164
319,40.28,40.28,40.25,40.25,2101
320,40.2,40.25,40.17,40.25,4004
321,40.1933,40.28,40.1933,40.2,7550
322,40.15,40.2,40.15,40.19,1900
323,40.12,40.1798,40.12,40.15,6400
324,40.1,40.12,40.04,40.12,2700
325,40.21,40.21,40.11,40.11,1375
326,40.09,40.21,40.09,40.2,12861
327,40.13,40.13,40.125,40.13,800
328,40.21,40.21,40.13,40.13,2200
329,40.14,40.205,40.14,40.19,3423
330,40.17,40.2,40.16,40.16,1000
331,40.21,40.21,40.19,40.19,1294
332,40.32,40.32,40.2101,40.22,9349
333,40.31,40.37,40.29,40.31,13234
334,40.29,40.36,40.29,40.305,8838
335,40.27,40.3,40.27,40.29,2840
336,40.26,40.31,40.26,40.29,3700
337,40.2231,40.25,40.19,40.25,4025
338,40.2,40.21,40.2,40.21,500
339,40.25,40.27,40.22,40.22,1700
340,40.26,40.28,40.25,40.25,800
341,40.3,40.31,40.3,40.3,1623
342,40.29,40.305,40.29,40.305,1200
343,40.27,40.3,40.27,40.3,3434
344,40.3,40.315,40.25,40.26,4224
345,40.3,40.32,40.29,40.32,2000
346,40.33,40.3488,40.3,40.305,2689
347,40.34,40.36,40.32,40.32,3634
348,40.25,40.33,40.25,40.33,3785
349,40.29,40.29,40.25,40.25,2900
350,40.31,40.31,40.28,40.29,4000
351,40.275,40.31,40.26,40.29,39300
352,40.28,40.285,40.26,40.27,1600
353,40.31,40.31,40.28,40.28,1802
354,40.3327,40.35,40.3,40.3,2560
355,40.3652,40.3652,40.3528,40.3528,435
356,40.38,40.39,40.36,40.39,1850
357,40.4,40.42,40.3801,40.3801,4700
358,40.38,40.41,40.38,40.41,2055
359,40.39,40.39,40.39,40.39,100
360,40.43,40.43,40.36,40.36,2200
361,40.38,40.42,40.37,40.42,4977
362,40.37,40.38,40.36,40.38,1200
363,40.35,40.39,40.34,40.35,3793
364,40.32,40.35,40.32,40.34,2618
365,40.31,40.34,40.31,40.32,5432
366,40.29,40.31,40.29,40.31,600
367,40.28,40.3,40.27,40.3,300
368,40.24,40.26,40.24,40.26,654
369,40.26,40.27,40.25,40.26,4425
370,40.225,40.269,40.22,40.26,1917
371,40.225,40.24,40.21,40.21,1500
372,40.25,40.27,40.225,40.225,5735
373,40.2475,40.25,40.2101,40.25,6394
374,40.25,40.255,40.23,40.25,5445
375,40.25,40.25,40.185,40.22,6836
376,40.225,40.26,40.21,40.26,5976
377,40.26,40.26,40.21,40.21,5046
378,40.2,40.28,40.19,40.26,12339
379,40.25,40.3,40.2,40.21,15132
380,40.25,40.28,40.23,40.24,6273
381,40.28,40.28,40.24,40.25,9043
382,40.26,40.28,40.26,40.27,6732
383,40.27,40.29,40.26,40.27,7837
384,40.26,40.27,40.24,40.27,7804
385,40.27,40.29,40.26,40.26,5467
386,40.213,40.28,40.2,40.28,12942
387,40.22,40.23,40.19,40.21,8854
388,40.225,40.23,40.2,40.21,12841
389,40.26,40.26,40.22,40.225,15829
390,40.28,40.3,40.26,40.26,13545
