MRK,Merck & Co.,Health Care,5,Pharmaceuticals,179433430989,9144463
a1497015000,63.21,63.27,63.19,63.2,2300
1,63.29,63.32,63.21,63.26,137945
2,63.22,63.29,63.14,63.2816,30466
3,63.28,63.29,63.22,63.23,13737
4,63.1894,63.3,63.185,63.3,18258
5,63.19,63.21,63.16,63.2,18617
6,63.23,63.26,63.1971,63.2,27605
7,63.26,63.26,63.21,63.225,17081
8,63.26,63.28,63.24,63.28,8307
9,63.24,63.25,63.22,63.25,9892
10,63.27,63.27,63.235,63.24,15010
11,63.29,63.3,63.265,63.27,16587
12,63.27,63.36,63.27,63.3,47862
13,63.28,63.3,63.26,63.275,22133
14,63.3013,63.3292,63.28,63.285,15898
15,63.3,63.34,63.29,63.3,13416
16,63.35,63.36,63.3,63.31,46745
17,63.35,63.37,63.34,63.35,129741
18,63.39,63.41,63.35,63.35,30738
19,63.46,63.51,63.38,63.39,54652
20,63.53,63.53,63.467,63.47,38806
21,63.55,63.56,63.52,63.535,48314
22,63.48,63.54,63.4656,63.54,47873
23,63.48,63.51,63.46,63.48,40675
24,63.46,63.485,63.42,63.48,30658
25,63.47,63.48,63.4499,63.45,32910
26,63.48,63.5,63.43,63.47,54245
27,63.49,63.5,63.4599,63.48,48635
28,63.49,63.52,63.49,63.5,16277
29,63.43,63.49,63.42,63.4828,17577
30,63.485,63.485,63.42,63.43,14023
31,63.54,63.55,63.48,63.48,28411
32,63.615,63.62,63.55,63.55,20337
33,63.61,63.62,63.6,63.615,27655
34,63.685,63.69,63.62,63.62,13060
35,63.699,63.7,63.665,63.68,32568
36,63.745,63.745,63.7,63.7,14841
37,63.7457,63.75,63.72,63.745,35135
38,63.75,63.76,63.74,63.7469,21385
39,63.77,63.8,63.75,63.75,50160
40,63.77,63.795,63.7602,63.765,28503
41,63.72,63.78,63.72,63.77,27031
42,63.6801,63.72,63.66,63.71,24378
43,63.64,63.695,63.64,63.68,17077
44,63.609,63.645,63.6029,63.64,13621
45,63.665,63.67,63.6,63.6,18594
46,63.68,63.68,63.66,63.665,7898
47,63.7,63.7,63.66,63.67,19641
48,63.71,63.72,63.69,63.69,23075
49,63.75,63.75,63.705,63.705,41661
50,63.795,63.8,63.74,63.74,14873
51,63.8,63.82,63.77,63.79,41893
52,63.835,63.84,63.795,63.795,16985
53,63.81,63.86,63.8,63.84,47678
54,63.82,63.83,63.8,63.8,18472
55,63.835,63.84,63.81,63.82,29241
56,63.89,63.9,63.815,63.84,87481
57,63.84,63.9,63.83,63.89,29735
58,63.87,63.87,63.84,63.85,11600
59,63.89,63.9,63.85,63.86,30090
60,63.87,63.89,63.87,63.89,8742
61,63.89,63.9,63.88,63.88,28646
62,63.89,63.96,63.88,63.89,87539
63,63.91,63.92,63.86,63.89,36755
64,63.871,63.91,63.86,63.905,33257
65,63.855,63.8858,63.85,63.88,16232
66,63.85,63.8699,63.84,63.85,14175
67,63.805,63.85,63.8,63.845,25838
68,63.8,63.81,63.78,63.8,21357
69,63.78,63.81,63.77,63.8,28507
70,63.82,63.82,63.77,63.78,15950
71,63.78,63.82,63.78,63.82,11648
72,63.8,63.8,63.76,63.77,24664
73,63.785,63.8,63.78,63.7933,16232
74,63.79,63.7905,63.785,63.7905,6935
75,63.82,63.82,63.77,63.78,18693
76,63.79,63.82,63.79,63.82,16608
77,63.7815,63.79,63.78,63.79,8295
78,63.78,63.7858,63.76,63.7815,17487
79,63.803,63.81,63.79,63.79,4599
80,63.85,63.85,63.805,63.8067,28609
81,63.88,63.89,63.84,63.84,15244
82,63.865,63.9,63.865,63.89,38789
83,63.895,63.92,63.865,63.8661,27016
84,63.945,63.96,63.88,63.895,50808
85,63.99,64,63.94,63.9438,57414
86,63.99,64,63.99,63.995,15914
87,64.04,64.06,63.98,63.995,83007
88,64.04,64.05,64.04,64.05,10373
89,63.99,64.045,63.99,64.04,33528
90,63.985,64.015,63.98,63.995,39048
91,63.985,64,63.975,63.98,30010
92,64,64.0299,63.985,63.985,24931
93,64.0366,64.0366,63.995,64,12490
94,64.058,64.06,64.03,64.0338,8273
95,64.09,64.09,64.05,64.0534,19925
96,64.1,64.11,64.06,64.09,30562
97,64.06,64.095,64.06,64.095,9643
98,64.07,64.07,64.04,64.055,18456
99,64.075,64.085,64.065,64.07,15459
100,64.025,64.065,64.02,64.065,13081
101,64.065,64.07,64.025,64.025,25896
102,64.0699,64.07,64.06,64.07,8835
103,64.071,64.08,64.0644,64.0644,6644
104,64.07,64.08,64.06,64.07,13432
105,64.04,64.08,64.035,64.07,16146
106,64.05,64.06,64.04,64.04,15688
107,64.045,64.05,64.03,64.05,17419
108,64.065,64.065,64.05,64.05,9254
109,64.06,64.07,64.0501,64.07,6130
110,64.0779,64.09,64.05,64.06,26033
111,64.0501,64.09,64.0501,64.07,13234
112,64.055,64.06,64.05,64.05,10800
113,64.045,64.05,64.03,64.05,28223
114,64.02,64.06,64.01,64.04,34542
115,64.02,64.03,64.015,64.02,33882
116,64,64.025,63.98,64.025,21993
117,63.99,64.01,63.98,63.995,42631
118,64.05,64.055,63.99,64,35121
119,64.025,64.055,64.0246,64.055,20682
120,64.025,64.03,64.015,64.02,5810
121,64.01,64.03,64.01,64.0292,6141
122,64.01,64.03,64.01,64.0109,15507
123,64,64.03,64,64.02,20499
124,63.98,64.01,63.98,64,15283
125,63.95,63.99,63.95,63.98,7688
126,63.99,63.99,63.945,63.95,37958
127,63.97,63.98,63.96,63.975,11135
128,63.9966,63.9966,63.97,63.98,30342
129,63.98,64,63.98,63.99,13550
130,64.005,64.005,63.98,63.98,14386
131,64.011,64.03,64,64,18433
132,63.99,64.01,63.99,64.01,6118
133,63.97,63.9959,63.97,63.99,6658
134,63.96,63.98,63.96,63.97,5990
135,63.97,63.97,63.95,63.96,17700
136,63.99,63.99,63.9634,63.9634,21762
137,64,64,63.98,63.985,7208
138,63.99,63.995,63.98,63.995,8550
139,63.985,63.99,63.9831,63.99,2966
140,63.99,63.995,63.97,63.98,26017
141,63.995,64,63.99,64,3124
142,64.015,64.02,63.9946,63.9946,10151
143,63.97,64.015,63.97,64.01,14565
144,63.97,63.975,63.97,63.97,600
145,63.985,63.985,63.97,63.9747,9422
146,63.95,63.99,63.95,63.985,26477
147,63.955,63.97,63.95,63.9527,17256
148,63.96,63.965,63.9499,63.955,34353
149,63.95,63.97,63.95,63.96,21599
150,63.975,63.975,63.95,63.96,24294
151,63.98,63.98,63.97,63.98,3844
152,64.01,64.01,63.975,63.975,26422
153,64.01,64.01,64,64.005,7634
154,64.0253,64.0299,64,64.0001,17806
155,64.06,64.06,64.0201,64.03,15333
156,64.05,64.06,64.04,64.055,16640
157,64.043,64.05,64.04,64.045,2000
158,64.055,64.06,64.045,64.05,10225
159,64.035,64.055,64.03,64.05,18490
160,64.05,64.05,64.035,64.035,6400
161,64.045,64.05,64.04,64.045,2500
162,64.06,64.06,64.04,64.05,8850
163,64.025,64.06,64.01,64.06,22431
164,64.01,64.02,64,64.02,10519
165,64.02,64.02,64.0001,64.005,18368
166,64.03,64.03,64.0199,64.0199,11505
167,64.05,64.06,64.025,64.03,19786
168,64.05,64.06,64.04,64.06,11132
169,64.05,64.06,64.04,64.0434,19350
170,64.055,64.06,64.05,64.05,3440
171,64.055,64.07,64.055,64.055,16869
172,64.02,64.06,64.02,64.06,10468
173,64.0258,64.03,64.01,64.02,7025
174,64.005,64.03,64.005,64.03,11375
175,63.99,64.0253,63.99,64.01,17809
176,63.99,64.01,63.99,64,5591
177,63.97,63.98,63.96,63.98,19650
178,63.975,63.98,63.96,63.97,8159
179,63.99,63.99,63.97,63.97,14628
180,64.04,64.04,63.99,63.99,9557
181,64.05,64.05,64.025,64.03,21780
182,64.04,64.05,64.03,64.05,13990
183,64.04,64.06,64.03,64.032,19061
184,64.0268,64.04,64.025,64.04,4001
185,64.01,64.0271,64.01,64.025,9060
186,64.015,64.03,64,64.02,18140
187,64.03,64.03,64.02,64.02,8340
188,63.99,64.03,63.9857,64.03,17761
189,64.0425,64.05,63.99,63.99,23647
190,64.08,64.08,64.04,64.04,5386
191,64.085,64.09,64.075,64.08,3373
192,64.1,64.1,64.08,64.08,6700
193,64.1,64.11,64.09,64.1,21941
194,64.0847,64.11,64.08,64.11,21759
195,64.11,64.11,64.085,64.09,5127
196,64.09,64.12,64.09,64.11,13950
197,64.1,64.1,64.08,64.085,6115
198,64.11,64.13,64.1,64.1,9847
199,64.12,64.14,64.11,64.11,11766
200,64.16,64.16,64.11,64.13,31769
201,64.17,64.17,64.15,64.15,5238
202,64.19,64.19,64.16,64.16,13085
203,64.15,64.195,64.15,64.19,20726
204,64.15,64.158,64.15,64.155,3437
205,64.1557,64.16,64.15,64.155,4933
206,64.155,64.17,64.155,64.16,9393
207,64.17,64.17,64.155,64.155,1896
208,64.14,64.17,64.14,64.17,10370
209,64.16,64.17,64.135,64.14,14828
210,64.17,64.17,64.151,64.16,3948
211,64.175,64.1768,64.165,64.17,7778
212,64.14,64.19,64.14,64.18,24925
213,64.16,64.16,64.13,64.14,16017
214,64.169,64.17,64.15,64.1557,9076
215,64.1593,64.16,64.15,64.16,5675
216,64.15,64.16,64.13,64.155,12499
217,64.15,64.15,64.1415,64.145,3654
218,64.16,64.17,64.145,64.15,8781
219,64.13,64.16,64.13,64.16,15328
220,64.1299,64.13,64.12,64.13,11321
221,64.14,64.14,64.12,64.1267,7346
222,64.14,64.15,64.13,64.14,4564
223,64.1478,64.16,64.145,64.15,12905
224,64.16,64.17,64.14,64.15,12580
225,64.19,64.19,64.14,64.1646,24922
226,64.1885,64.2,64.18,64.19,16022
227,64.183,64.19,64.18,64.18,12269
228,64.17,64.18,64.14,64.18,25644
229,64.18,64.18,64.17,64.1756,2400
230,64.19,64.19,64.175,64.18,13084
231,64.17,64.2,64.16,64.2,9610
232,64.1833,64.19,64.17,64.1746,8177
233,64.2,64.2,64.18,64.18,5575
234,64.19,64.2,64.18,64.2,10800
235,64.19,64.19,64.175,64.1854,20383
236,64.175,64.2,64.175,64.1854,13209
237,64.1831,64.1859,64.17,64.18,16905
238,64.195,64.2,64.185,64.19,8198
239,64.1898,64.2,64.18,64.19,5193
240,64.17,64.1858,64.16,64.1858,12340
241,64.14,64.18,64.14,64.18,12170
242,64.18,64.18,64.145,64.15,31301
243,64.19,64.19,64.175,64.18,6146
244,64.135,64.19,64.135,64.19,16029
245,64.15,64.155,64.135,64.14,21145
246,64.155,64.16,64.1443,64.15,11240
247,64.155,64.17,64.15,64.16,9246
248,64.155,64.16,64.15,64.1525,3457
249,64.15,64.17,64.15,64.15,21100
250,64.16,64.16,64.14,64.15,12600
251,64.165,64.17,64.15,64.16,7799
252,64.16,64.165,64.14,64.16,46784
253,64.18,64.185,64.15,64.16,31549
254,64.21,64.21,64.175,64.175,20372
255,64.215,64.22,64.2,64.2,13189
256,64.2,64.21,64.2,64.21,5745
257,64.2,64.21,64.2,64.2,2230
258,64.21,64.22,64.2034,64.2034,15595
259,64.21,64.2133,64.21,64.21,7192
260,64.2237,64.23,64.2,64.205,10805
261,64.225,64.23,64.22,64.23,11434
262,64.23,64.24,64.221,64.221,7140
263,64.255,64.255,64.225,64.24,17409
264,64.24,64.26,64.24,64.25,23634
265,64.23,64.25,64.23,64.24,6822
266,64.243,64.25,64.22,64.225,19972
267,64.2846,64.29,64.245,64.245,32947
268,64.28,64.2955,64.27,64.29,18833
269,64.27,64.31,64.26,64.28,28381
270,64.2866,64.29,64.265,64.28,16479
271,64.3101,64.3101,64.28,64.28,29429
272,64.35,64.36,64.32,64.32,18353
273,64.37,64.38,64.351,64.351,14593
274,64.38,64.4,64.36,64.375,28746
275,64.37,64.395,64.37,64.38,15025
276,64.361,64.3875,64.36,64.37,17306
277,64.35,64.37,64.35,64.36,14776
278,64.355,64.36,64.3421,64.35,30903
279,64.35,64.36,64.34,64.3542,8622
280,64.31,64.35,64.3,64.35,18230
281,64.27,64.3115,64.255,64.3115,15330
282,64.265,64.28,64.2501,64.265,17762
283,64.32,64.32,64.2615,64.2615,16609
284,64.32,64.33,64.28,64.33,23040
285,64.34,64.35,64.31,64.31,13254
286,64.3565,64.36,64.3447,64.3447,9943
287,64.36,64.3699,64.34,64.35,15458
288,64.37,64.3899,64.35,64.35,15691
289,64.35,64.38,64.35,64.37,8920
290,64.37,64.38,64.345,64.35,8297
291,64.4,64.41,64.37,64.37,9600
292,64.435,64.44,64.38,64.4,17209
293,64.35,64.44,64.345,64.44,26666
294,64.36,64.36,64.34,64.35,8525
295,64.345,64.37,64.34,64.36,12523
296,64.33,64.34,64.32,64.34,8166
297,64.3299,64.345,64.32,64.33,10479
298,64.31,64.33,64.3,64.33,21525
299,64.31,64.325,64.305,64.305,10841
300,64.271,64.315,64.271,64.31,8450
301,64.3199,64.325,64.28,64.28,14575
302,64.345,64.35,64.315,64.32,14714
303,64.345,64.36,64.34,64.3443,13556
304,64.3,64.34,64.29,64.34,24275
305,64.33,64.33,64.28,64.3,15083
306,64.31,64.335,64.28,64.335,50672
307,64.325,64.34,64.29,64.305,24414
308,64.335,64.35,64.325,64.3287,17632
309,64.33,64.34,64.32,64.33,44329
310,64.38,64.385,64.33,64.33,34111
311,64.37,64.39,64.36,64.38,31327
312,64.34,64.375,64.33,64.375,24438
313,64.38,64.38,64.325,64.335,52690
314,64.38,64.39,64.365,64.38,32982
315,64.38,64.38,64.34,64.38,37912
316,64.35,64.37,64.35,64.37,20785
317,64.375,64.38,64.32,64.355,61715
318,64.335,64.4,64.33,64.37,25078
319,64.35,64.36,64.32,64.335,44445
320,64.3,64.365,64.2901,64.345,46517
321,64.33,64.37,64.295,64.3,60101
322,64.3,64.35,64.3,64.32,22513
323,64.31,64.31,64.265,64.3,21057
324,64.33,64.335,64.28,64.31,13367
325,64.33,64.34,64.3,64.335,16312
326,64.325,64.35,64.32,64.33,15725
327,64.3,64.33,64.29,64.33,15258
328,64.29,64.3,64.265,64.29,12795
329,64.26,64.29,64.26,64.29,12431
330,64.27,64.31,64.2544,64.265,20355
331,64.32,64.32,64.265,64.27,14497
332,64.325,64.33,64.305,64.32,35165
333,64.36,64.37,64.32,64.32,27825
334,64.375,64.4,64.36,64.37,30228
335,64.335,64.375,64.3346,64.375,14699
336,64.32,64.35,64.31,64.34,27438
337,64.32,64.32,64.285,64.31,29438
338,64.33,64.34,64.305,64.31,22256
339,64.325,64.34,64.31,64.33,22020
340,64.35,64.35,64.3201,64.325,17320
341,64.365,64.38,64.34,64.35,22531
342,64.32,64.37,64.32,64.37,18406
343,64.2933,64.32,64.2933,64.31,21988
344,64.275,64.295,64.26,64.295,19176
345,64.3,64.3,64.27,64.28,26819
346,64.29,64.32,64.29,64.3,14697
347,64.28,64.3,64.28,64.29,35923
348,64.2033,64.2774,64.2033,64.27,17905
349,64.23,64.24,64.2,64.2047,30487
350,64.27,64.28,64.23,64.23,26652
351,64.24,64.27,64.23,64.27,12779
352,64.21,64.235,64.21,64.23,23369
353,64.22,64.235,64.2,64.2,14054
354,64.23,64.239,64.205,64.2167,26770
355,64.26,64.265,64.23,64.23,24221
356,64.25,64.27,64.24,64.26,19322
357,64.26,64.265,64.24,64.25,20399
358,64.25,64.26,64.25,64.26,5370
359,64.29,64.29,64.25,64.26,18636
360,64.31,64.325,64.29,64.29,57695
361,64.25,64.31,64.25,64.31,21588
362,64.26,64.27,64.24,64.25,18225
363,64.29,64.295,64.25,64.255,48680
364,64.3,64.31,64.2899,64.29,17079
365,64.31,64.34,64.3,64.3,31849
366,64.285,64.307,64.28,64.3,33829
367,64.29,64.31,64.285,64.285,28438
368,64.28,64.3,64.275,64.299,24874
369,64.33,64.33,64.29,64.29,45657
370,64.3,64.33,64.29,64.33,26533
371,64.25,64.295,64.24,64.295,42120
372,64.3,64.3,64.255,64.26,42728
373,64.29,64.3,64.27,64.29,56021
374,64.26,64.31,64.26,64.3,38581
375,64.305,64.305,64.25,64.265,50123
376,64.305,64.33,64.28,64.285,46986
377,64.31,64.31,64.29,64.3,32932
378,64.32,64.34,64.3,64.31,35576
379,64.32,64.33,64.305,64.32,44911
380,64.35,64.36,64.315,64.315,55902
381,64.415,64.42,64.34,64.355,100913
382,64.39,64.41,64.38,64.41,47900
383,64.39,64.41,64.39,64.39,45668
384,64.41,64.42,64.395,64.395,57074
385,64.415,64.42,64.4,64.415,73209
386,64.405,64.44,64.395,64.415,96734
387,64.4,64.41,64.38,64.4,98605
388,64.375,64.41,64.36,64.4,111125
389,64.385,64.39,64.375,64.38,102986
390,64.39,64.43,64.38,64.385,282201
