OKE,ONEOK,Energy,3,Oil & Gas Storage & Transportation,10635951733,2547471
a1497015000,48.55,48.55,48.55,48.55,25141
1,48.65,48.65,48.65,48.65,200
2,48.85,48.85,48.85,48.85,196
3,48.79,48.923,48.79,48.923,288
4,48.899,48.94,48.87,48.88,1200
5,49.02,49.02,48.95,48.95,586
6,48.89,48.98,48.89,48.97,4567
7,48.94,48.94,48.91,48.91,600
8,48.88,48.97,48.88,48.97,300
9,48.92,48.92,48.92,48.92,300
11,48.8,48.86,48.8,48.86,2100
12,48.82,48.82,48.805,48.81,600
13,48.73,48.79,48.73,48.781,2185
14,48.8,48.84,48.74,48.74,640
15,48.77,48.82,48.77,48.82,1170
16,48.79,48.79,48.76,48.76,600
17,48.73,48.78,48.73,48.76,1607
18,48.73,48.74,48.72,48.72,300
19,48.8236,48.84,48.8,48.8,1212
20,48.87,48.89,48.86,48.86,4450
21,48.855,48.892,48.855,48.86,1515
22,48.855,48.8595,48.855,48.8595,300
23,48.825,48.85,48.8,48.85,2392
24,48.88,48.88,48.86,48.86,200
25,48.942,48.95,48.92,48.93,752
26,48.96,48.98,48.94,48.98,1100
27,48.87,48.93,48.87,48.93,1602
28,48.81,48.84,48.81,48.84,300
29,48.87,48.9,48.84,48.84,3250
30,48.88,48.88,48.8681,48.8681,237
31,48.82,48.88,48.81,48.85,4307
32,48.83,48.84,48.81,48.84,800
33,48.82,48.87,48.82,48.82,2019
34,48.83,48.84,48.78,48.78,800
35,48.81,48.86,48.78,48.85,1200
36,48.8,48.81,48.79,48.802,2205
37,48.84,48.84,48.82,48.82,500
38,48.77,48.83,48.76,48.82,1100
39,48.77,48.77,48.77,48.77,300
40,48.78,48.8,48.77,48.77,400
41,48.86,48.865,48.81,48.81,2100
42,48.87,48.89,48.86,48.88,1596
43,48.8597,48.86,48.8597,48.86,500
44,48.85,48.85,48.82,48.82,400
45,48.75,48.84,48.75,48.84,2468
46,48.77,48.78,48.75,48.76,1504
47,48.75,48.79,48.75,48.78,1792
48,48.73,48.7696,48.73,48.7696,1072
49,48.8,48.8,48.74,48.74,4600
50,48.81,48.83,48.8,48.8,1400
51,48.79,48.82,48.79,48.81,1100
52,48.81,48.81,48.78,48.8,2120
53,48.79,48.79,48.78,48.7898,1000
54,48.8,48.83,48.775,48.79,13909
55,48.79,48.82,48.79,48.81,1900
56,48.78,48.8,48.76,48.76,1400
57,48.7512,48.7799,48.74,48.77,2000
58,48.74,48.74,48.73,48.74,300
60,48.75,48.76,48.73,48.7378,2509
61,48.75,48.76,48.735,48.7391,2455
62,48.67,48.74,48.67,48.72,3167
63,48.7,48.73,48.68,48.68,1780
64,48.69,48.69,48.69,48.69,100
65,48.68,48.73,48.68,48.69,4600
66,48.69,48.69,48.69,48.69,1095
67,48.7,48.7,48.69,48.69,800
68,48.7002,48.7002,48.68,48.69,2104
69,48.7,48.7,48.69,48.7,1900
70,48.6614,48.69,48.6614,48.69,1627
71,48.65,48.675,48.65,48.67,600
72,48.655,48.676,48.64,48.676,1100
73,48.67,48.67,48.64,48.65,1950
74,48.66,48.67,48.64,48.67,3100
75,48.68,48.69,48.67,48.67,1300
76,48.75,48.75,48.69,48.69,3000
77,48.725,48.75,48.725,48.74,1400
78,48.765,48.765,48.69,48.73,6454
79,48.74,48.7799,48.72,48.7799,3509
80,48.73,48.745,48.73,48.73,835
81,48.78,48.78,48.72,48.73,2700
82,48.82,48.82,48.77,48.785,800
83,48.8,48.85,48.8,48.83,2691
84,48.815,48.815,48.795,48.81,2662
85,48.83,48.83,48.82,48.82,1300
86,48.84,48.84,48.81,48.84,4445
87,48.86,48.86,48.81,48.8108,8243
88,48.86,48.91,48.85,48.87,3148
89,48.88,48.88,48.85,48.86,4800
90,48.93,48.93,48.89,48.89,2809
91,48.9,48.95,48.9,48.9235,2950
92,48.99,49,48.92,48.92,4400
93,48.97,48.98,48.97,48.98,1000
94,48.93,48.97,48.93,48.97,2600
95,48.98,48.99,48.93,48.93,3730
96,49.02,49.02,48.96,48.98,5499
97,49.04,49.05,49.03,49.03,1600
98,49.06,49.0647,49.04,49.04,2037
99,49.11,49.11,49.05,49.05,5172
100,49.0809,49.12,49.08,49.09,4877
101,49.07,49.08,49.07,49.08,1400
102,49.05,49.09,49.05,49.07,3800
103,49.09,49.095,49.04,49.04,3200
104,49.06,49.1,49.06,49.1,2496
105,49.05,49.07,49.05,49.0693,1000
106,49.12,49.13,49.05,49.05,2826
107,49.13,49.14,49.11,49.11,2200
108,49.16,49.16,49.15,49.15,600
109,49.15,49.15,49.12,49.14,2340
110,49.2,49.2,49.14,49.15,1941
111,49.19,49.23,49.19,49.22,1607
112,49.21,49.21,49.18,49.18,2825
113,49.2,49.2,49.2,49.2,300
114,49.19,49.19,49.17,49.18,2220
115,49.22,49.23,49.18,49.19,3500
116,49.18,49.2,49.18,49.19,1111
117,49.245,49.245,49.18,49.19,2500
118,49.25,49.26,49.23,49.24,1675
119,49.23,49.24,49.23,49.24,1200
120,49.22,49.23,49.21,49.23,1615
121,49.22,49.27,49.21,49.22,5933
122,49.24,49.24,49.23,49.23,500
123,49.17,49.21,49.17,49.21,2745
124,49.18,49.21,49.16,49.18,3451
125,49.18,49.25,49.17,49.17,35200
126,49.181,49.2,49.1716,49.19,5403
127,49.18,49.19,49.175,49.19,4100
128,49.21,49.215,49.19,49.215,1000
129,49.19,49.2099,49.19,49.2099,1800
130,49.2,49.2,49.18,49.18,1500
131,49.17,49.2005,49.16,49.19,2300
132,49.18,49.19,49.18,49.18,1100
133,49.2,49.2,49.19,49.19,1500
134,49.22,49.22,49.19,49.19,1700
135,49.22,49.23,49.2,49.22,1200
136,49.28,49.28,49.23,49.23,2085
137,49.315,49.315,49.28,49.29,1724
138,49.36,49.36,49.3095,49.3095,3573
139,49.34,49.36,49.34,49.36,1800
140,49.3595,49.3595,49.33,49.34,2300
141,49.44,49.44,49.38,49.38,2029
142,49.41,49.445,49.41,49.44,1800
143,49.42,49.43,49.41,49.4153,4589
144,49.46,49.46,49.43,49.43,1113
145,49.44,49.455,49.44,49.44,1300
146,49.435,49.46,49.42,49.45,9303
147,49.41,49.445,49.4,49.43,4150
148,49.42,49.42,49.41,49.415,4664
149,49.445,49.45,49.42,49.42,5938
150,49.45,49.45,49.42,49.43,2716
151,49.45,49.46,49.43,49.43,4235
152,49.44,49.46,49.43,49.46,2200
153,49.44,49.45,49.41,49.44,3557
154,49.42,49.43,49.42,49.42,1200
155,49.41,49.44,49.4,49.41,2930
156,49.41,49.415,49.4,49.415,1798
157,49.36,49.4153,49.36,49.4153,2650
158,49.4,49.405,49.37,49.37,1300
159,49.41,49.41,49.4072,49.4072,1100
160,49.39,49.45,49.39,49.42,3554
161,49.39,49.4005,49.39,49.4005,1600
162,49.37,49.39,49.36,49.39,1858
163,49.37,49.37,49.35,49.36,2234
164,49.365,49.41,49.365,49.38,1239
165,49.34,49.38,49.34,49.365,4191
166,49.31,49.34,49.31,49.34,3025
167,49.33,49.355,49.33,49.34,5948
168,49.35,49.35,49.33,49.33,1110
169,49.35,49.36,49.32,49.3239,1961
170,49.33,49.35,49.32,49.35,1600
171,49.32,49.3399,49.31,49.33,3001
172,49.34,49.35,49.32,49.32,2194
173,49.33,49.34,49.31,49.34,3400
174,49.35,49.35,49.33,49.33,700
175,49.29,49.345,49.28,49.34,6548
176,49.3,49.31,49.27,49.31,3300
177,49.22,49.31,49.22,49.3,6459
178,49.26,49.26,49.24,49.24,1800
179,49.25,49.27,49.24,49.27,3406
180,49.26,49.26,49.25,49.25,2600
181,49.28,49.28,49.27,49.27,500
182,49.275,49.285,49.27,49.28,1764
183,49.28,49.3,49.27,49.29,4055
184,49.3399,49.3399,49.31,49.31,1700
185,49.3,49.34,49.3,49.34,1500
186,49.27,49.31,49.26,49.31,4600
187,49.32,49.34,49.27,49.27,1900
188,49.28,49.33,49.28,49.33,10879
189,49.34,49.34,49.28,49.285,3770
190,49.36,49.3699,49.33,49.34,3100
191,49.32,49.35,49.31,49.35,3095
192,49.32,49.35,49.32,49.35,600
193,49.3,49.3,49.3,49.3,300
194,49.33,49.33,49.33,49.33,1488
195,49.34,49.38,49.34,49.38,900
196,49.38,49.38,49.35,49.3649,1500
197,49.3947,49.4,49.37,49.37,1528
198,49.3965,49.43,49.39,49.41,2092
199,49.4385,49.4385,49.4,49.4,594
200,49.385,49.42,49.37,49.41,2896
201,49.385,49.385,49.385,49.385,200
202,49.41,49.41,49.39,49.39,1423
203,49.41,49.425,49.41,49.42,1786
204,49.36,49.42,49.36,49.41,1500
205,49.35,49.37,49.35,49.37,3227
206,49.36,49.36,49.36,49.36,2300
207,49.34,49.37,49.34,49.34,512
208,49.33,49.33,49.3,49.33,2130
209,49.29,49.31,49.28,49.31,2197
210,49.32,49.335,49.29,49.29,1700
211,49.3,49.34,49.3,49.34,1350
212,49.34,49.34,49.31,49.31,1706
213,49.325,49.33,49.325,49.33,900
214,49.32,49.33,49.32,49.33,1100
215,49.29,49.29,49.29,49.29,200
216,49.3,49.3,49.25,49.29,3000
218,49.3,49.3,49.28,49.28,2200
219,49.295,49.295,49.29,49.29,300
221,49.33,49.34,49.32,49.32,2211
222,49.375,49.39,49.35,49.35,1797
223,49.37,49.39,49.36,49.37,2254
224,49.355,49.3705,49.35,49.37,1750
225,49.39,49.4,49.35,49.35,1890
226,49.39,49.39,49.37,49.37,500
227,49.41,49.41,49.38,49.38,1440
228,49.41,49.41,49.37,49.38,1400
229,49.4,49.4,49.38,49.4,400
230,49.36,49.4,49.36,49.4,600
231,49.36,49.37,49.35,49.37,700
232,49.31,49.34,49.29,49.34,5425
233,49.33,49.33,49.32,49.32,700
234,49.28,49.31,49.28,49.31,300
235,49.28,49.3,49.28,49.3,999
236,49.285,49.29,49.28,49.28,800
237,49.305,49.305,49.28,49.28,2314
238,49.33,49.33,49.31,49.31,2700
239,49.31,49.33,49.28,49.33,2186
240,49.29,49.31,49.29,49.31,700
241,49.27,49.27,49.27,49.27,300
243,49.23,49.27,49.23,49.27,3569
244,49.14,49.22,49.13,49.22,24975
245,49.16,49.17,49.13,49.13,16828
246,49.1468,49.16,49.12,49.155,7267
247,49.15,49.15,49.13,49.15,3154
248,49.15,49.16,49.09,49.15,6089
249,49.135,49.16,49.135,49.16,5900
250,49.12,49.14,49.12,49.14,4200
251,49.09,49.11,49.08,49.11,2510
252,49.09,49.09,49.09,49.09,600
253,49.09,49.09,49.0836,49.0836,200
254,49.07,49.09,49.07,49.09,2997
255,49.05,49.07,49.03,49.07,4139
256,49.055,49.06,49.05,49.06,300
257,49.02,49.04,49.01,49.04,4962
258,49.01,49.02,49.01,49.02,2433
259,49.01,49.02,49,49.02,19443
260,49,49.04,49,49.005,16124
261,49.01,49.02,49,49.02,9287
262,49.02,49.02,49.005,49.02,7810
263,49.1,49.1,49.01,49.02,16883
264,49.13,49.14,49.08,49.09,3200
265,49.18,49.18,49.14,49.14,1500
266,49.21,49.23,49.2,49.21,4179
267,49.1777,49.22,49.17,49.21,3280
268,49.17,49.17,49.12,49.17,3623
269,49.205,49.22,49.17,49.17,2317
270,49.215,49.215,49.17,49.2,3031
271,49.2195,49.25,49.2195,49.23,1062
272,49.2,49.2,49.19,49.2,1600
273,49.19,49.22,49.18,49.22,3700
274,49.21,49.21,49.2,49.2096,881
275,49.19,49.21,49.16,49.21,4350
276,49.21,49.21,49.19,49.19,201
277,49.22,49.225,49.2,49.21,1775
278,49.2,49.2,49.19,49.19,1150
279,49.21,49.21,49.1802,49.19,1858
280,49.17,49.23,49.16,49.21,5400
281,49.17,49.18,49.17,49.17,2890
282,49.21,49.22,49.18,49.18,2499
283,49.23,49.23,49.23,49.23,900
284,49.26,49.26,49.22,49.235,2871
285,49.25,49.26,49.25,49.26,799
286,49.27,49.29,49.26,49.27,2760
287,49.25,49.2669,49.23,49.2669,8157
288,49.2,49.25,49.19,49.25,5724
289,49.2,49.24,49.19,49.24,1200
290,49.205,49.21,49.2,49.21,1000
291,49.18,49.22,49.18,49.2038,2842
292,49.2,49.2,49.19,49.19,300
293,49.2,49.2,49.19,49.19,600
294,49.27,49.27,49.21,49.21,3751
295,49.22,49.26,49.22,49.26,1300
296,49.22,49.225,49.21,49.225,1850
297,49.22,49.2346,49.22,49.22,2398
298,49.2,49.23,49.2,49.23,1300
299,49.23,49.24,49.2,49.2,1200
300,49.2499,49.25,49.2299,49.24,1200
301,49.25,49.25,49.22,49.23,2776
302,49.26,49.28,49.25,49.26,1200
303,49.2699,49.27,49.2699,49.27,999
304,49.235,49.27,49.235,49.27,1100
305,49.2,49.23,49.19,49.23,1216
306,49.24,49.24,49.2,49.21,4550
307,49.275,49.28,49.23,49.24,1000
308,49.25,49.275,49.25,49.275,900
309,49.2,49.2566,49.2,49.24,2974
310,49.24,49.24,49.21,49.21,2313
311,49.26,49.26,49.21,49.22,725
312,49.235,49.27,49.235,49.27,2700
313,49.245,49.245,49.22,49.24,2100
314,49.25,49.26,49.24,49.25,1600
315,49.24,49.26,49.235,49.25,1300
316,49.25,49.25,49.25,49.25,300
317,49.3,49.31,49.23,49.23,8202
318,49.31,49.315,49.28,49.29,3064
319,49.34,49.38,49.32,49.32,5380
320,49.355,49.37,49.33,49.37,2252
321,49.26,49.4,49.26,49.37,8944
322,49.13,49.25,49.13,49.25,3581
323,49.12,49.17,49.12,49.12,3485
324,49.1699,49.18,49.13,49.13,2187
325,49.16,49.2,49.14,49.14,2400
326,49.135,49.16,49.12,49.16,2400
327,49.15,49.15,49.11,49.14,4800
328,49.14,49.17,49.14,49.17,1100
329,49.1,49.132,49.08,49.132,5634
330,49.13,49.16,49.11,49.11,1450
331,49.19,49.19,49.14,49.14,907
332,49.19,49.21,49.18,49.19,6720
333,49.13,49.19,49.13,49.19,2938
334,49.07,49.14,49.07,49.14,2700
335,49.0899,49.11,49.0899,49.09,1300
336,49.13,49.135,49.06,49.06,4099
337,49.09,49.1312,49.08,49.13,2400
338,49.05,49.09,49.05,49.09,2250
339,49.11,49.11,49.06,49.07,500
340,49.12,49.1664,49.115,49.115,6141
341,49.125,49.13,49.12,49.12,400
342,49.17,49.17,49.17,49.17,200
343,49.14,49.185,49.14,49.185,3500
344,49.14,49.14,49.14,49.14,100
345,49.14,49.155,49.135,49.15,4500
346,49.17,49.2,49.15,49.15,2898
347,49.13,49.17,49.13,49.17,4323
348,49.09,49.13,49.07,49.13,3878
349,49.16,49.16,49.08,49.09,2636
350,49.23,49.23,49.17,49.17,4299
351,49.23,49.23,49.2,49.22,3006
352,49.3,49.3,49.225,49.225,1900
353,49.35,49.35,49.31,49.31,2949
354,49.34,49.385,49.34,49.36,5220
355,49.35,49.35,49.32,49.34,3496
356,49.345,49.345,49.33,49.34,800
357,49.355,49.38,49.35,49.35,4899
358,49.33,49.355,49.32,49.355,4540
359,49.33,49.35,49.33,49.34,2800
360,49.34,49.34,49.305,49.32,2222
361,49.315,49.35,49.3,49.35,6163
362,49.31,49.325,49.29,49.32,3300
363,49.315,49.36,49.31,49.31,5498
364,49.345,49.35,49.32,49.33,3791
365,49.35,49.355,49.34,49.35,3622
366,49.325,49.36,49.29,49.35,7155
367,49.32,49.325,49.31,49.32,1500
368,49.335,49.34,49.315,49.315,6239
369,49.335,49.34,49.33,49.33,1500
370,49.32,49.34,49.3,49.33,8100
371,49.325,49.335,49.32,49.32,6398
372,49.3499,49.3499,49.32,49.33,6647
373,49.3406,49.3406,49.315,49.34,4090
374,49.3,49.35,49.25,49.34,11059
375,49.355,49.38,49.29,49.3,9804
376,49.37,49.39,49.36,49.36,10238
377,49.405,49.41,49.36,49.36,7002
378,49.4198,49.43,49.4,49.405,8089
379,49.4,49.41,49.385,49.405,7281
380,49.44,49.45,49.395,49.4,8400
381,49.445,49.49,49.424,49.445,16985
382,49.455,49.465,49.44,49.445,4667
383,49.44,49.46,49.435,49.455,8942
384,49.445,49.45,49.435,49.44,5725
385,49.46,49.47,49.44,49.44,10280
386,49.42,49.47,49.42,49.46,7869
387,49.43,49.435,49.415,49.42,8472
388,49.425,49.435,49.42,49.425,10214
389,49.43,49.44,49.42,49.425,10763
390,49.44,49.47,49.42,49.43,21185
