OXY,Occidental Petroleum,Energy,3,Oil & Gas Exploration & Production,48557265379,5672526
a1497015060,58.71,58.73,58.67,58.68,62333
1,58.78,58.78,58.69,58.7,6485
2,58.76,58.88,58.76,58.79,8000
3,58.8,58.83,58.7512,58.76,9125
4,58.86,58.86,58.77,58.8,7857
5,58.78,58.87,58.77,58.86,5343
6,58.84,58.87,58.79,58.79,15349
7,58.92,58.98,58.85,58.86,23022
8,59.04,59.04,58.92,58.92,13183
9,59.03,59.11,59,59.045,14810
10,58.99,59.06,58.96,59.05,7258
11,59.04,59.07,58.99,59.015,11504
12,58.9,59.04,58.9,59.03,10470
13,59,59.0086,58.93,58.93,3600
14,58.97,58.995,58.92,58.995,8431
15,58.96,58.99,58.94,58.965,7319
16,58.91,58.965,58.91,58.96,5616
17,59.06,59.06,58.9,58.91,30022
18,59.12,59.12,59.04,59.06,4025
19,59.13,59.1476,59.08,59.13,5034
20,59.14,59.15,59.08,59.1262,23949
21,59.14,59.18,59.13,59.1401,6147
22,59.13,59.16,59.08,59.16,6324
23,59.17,59.17,59.12,59.1422,4949
24,59.26,59.26,59.16,59.17,27090
25,59.26,59.28,59.24,59.2402,12937
26,59.27,59.3,59.24,59.26,23960
27,59.2901,59.36,59.27,59.27,26216
28,59.2695,59.33,59.2695,59.29,4615
29,59.2914,59.32,59.2611,59.2611,12109
30,59.24,59.28,59.2,59.28,15810
31,59.2476,59.28,59.22,59.22,25184
32,59.2269,59.27,59.22,59.24,59374
33,59.3,59.3,59.22,59.22,7525
34,59.35,59.36,59.31,59.31,11019
35,59.3583,59.37,59.33,59.35,26586
36,59.37,59.38,59.32,59.36,5440
37,59.41,59.41,59.36,59.36,12872
38,59.45,59.46,59.4,59.41,13411
39,59.48,59.54,59.46,59.46,19973
40,59.55,59.56,59.48,59.48,27169
41,59.62,59.62,59.54,59.55,29031
42,59.6,59.615,59.5976,59.61,5834
43,59.63,59.64,59.58,59.59,20580
44,59.625,59.64,59.61,59.63,14133
45,59.635,59.64,59.61,59.625,70959
46,59.645,59.67,59.63,59.63,52720
47,59.55,59.64,59.53,59.64,33322
48,59.6,59.61,59.555,59.555,21686
49,59.64,59.66,59.61,59.61,13353
50,59.675,59.7,59.62,59.64,18380
51,59.69,59.74,59.67,59.67,14500
52,59.687,59.72,59.687,59.69,5784
53,59.735,59.75,59.7,59.7,4290
54,59.67,59.75,59.67,59.73,20008
55,59.69,59.7,59.6604,59.67,6575
56,59.65,59.69,59.63,59.68,12422
57,59.63,59.652,59.63,59.65,4475
58,59.62,59.63,59.61,59.62,26942
59,59.655,59.67,59.611,59.615,11246
60,59.69,59.7,59.665,59.665,25805
61,59.67,59.72,59.67,59.685,16956
62,59.67,59.69,59.66,59.66,9320
63,59.635,59.6662,59.63,59.665,8303
64,59.66,59.66,59.63,59.64,7589
65,59.6767,59.68,59.64,59.66,7478
66,59.6625,59.69,59.66,59.68,6001
67,59.66,59.675,59.64,59.665,8988
68,59.6262,59.66,59.6262,59.65,11287
69,59.59,59.63,59.58,59.63,17714
70,59.5,59.585,59.48,59.58,21624
71,59.53,59.53,59.49,59.49,16025
72,59.53,59.545,59.51,59.52,9128
73,59.51,59.5399,59.5001,59.5201,3310
74,59.53,59.53,59.49,59.5,25067
75,59.6,59.6,59.54,59.54,15175
76,59.58,59.61,59.5699,59.6,46258
77,59.58,59.6,59.58,59.58,13687
78,59.56,59.58,59.55,59.58,2980
79,59.55,59.56,59.5382,59.56,6413
80,59.6669,59.68,59.55,59.55,8406
81,59.8,59.81,59.67,59.67,24453
82,59.76,59.8,59.7301,59.792,42655
83,59.87,59.9,59.77,59.77,18668
84,59.89,59.9,59.83,59.855,10313
85,59.9,59.91,59.88,59.8828,21258
86,59.94,59.94,59.89,59.8956,45295
87,59.98,59.99,59.93,59.94,50242
88,59.94,59.98,59.93,59.98,4800
89,59.95,59.955,59.94,59.94,2435
90,60.04,60.08,59.96,59.96,36857
91,60.13,60.16,60.01,60.045,39409
92,60.1335,60.15,60.123,60.13,6776
93,60.115,60.12,60.07,60.12,5400
94,60.09,60.13,60.09,60.1048,14160
95,60.04,60.1026,60.01,60.09,50067
96,60.1469,60.17,60.06,60.07,9430
97,60.195,60.2,60.15,60.15,4594
98,60.33,60.33,60.19,60.19,20446
99,60.2415,60.33,60.23,60.33,8081
100,60.25,60.25,60.19,60.24,13055
101,60.26,60.28,60.24,60.25,7513
102,60.28,60.28,60.23,60.25,5846
103,60.26,60.2899,60.26,60.27,8007
104,60.21,60.27,60.18,60.26,20427
105,60.27,60.3,60.2,60.2,8700
106,60.315,60.315,60.26,60.27,4470
107,60.36,60.3686,60.32,60.32,6580
108,60.3501,60.3502,60.31,60.35,6367
109,60.3932,60.3932,60.34,60.35,7385
110,60.41,60.43,60.4,60.4,9110
111,60.41,60.43,60.36,60.4084,13997
112,60.4,60.44,60.39,60.41,6243
113,60.38,60.4,60.35,60.3993,5150
114,60.41,60.43,60.38,60.38,4300
115,60.4039,60.425,60.4,60.42,17235
116,60.475,60.4925,60.41,60.41,40729
117,60.5023,60.5023,60.4759,60.4759,8585
118,60.55,60.55,60.4995,60.5001,13493
119,60.58,60.58,60.53,60.54,7900
120,60.57,60.58,60.54,60.57,14691
121,60.56,60.5769,60.55,60.5769,15497
122,60.51,60.6,60.51,60.56,27437
123,60.55,60.56,60.52,60.52,8001
124,60.53,60.59,60.53,60.55,17826
125,60.53,60.5599,60.51,60.51,12087
126,60.52,60.53,60.493,60.53,6441
127,60.58,60.58,60.5241,60.5241,19504
128,60.57,60.63,60.57,60.59,11320
129,60.55,60.58,60.54,60.57,4642
130,60.52,60.56,60.51,60.55,5385
131,60.53,60.535,60.52,60.52,6082
132,60.54,60.56,60.5347,60.5347,5619
133,60.5058,60.54,60.5,60.54,13206
134,60.485,60.53,60.48,60.5,7310
135,60.5,60.52,60.485,60.49,11610
136,60.49,60.5,60.47,60.5,4018
137,60.58,60.58,60.4815,60.49,10945
138,60.57,60.59,60.57,60.59,10009
139,60.56,60.57,60.5,60.57,8988
140,60.67,60.67,60.56,60.57,15192
141,60.709,60.709,60.63,60.66,10174
142,60.73,60.77,60.702,60.705,10891
143,60.78,60.79,60.735,60.735,5566
144,60.74,60.8,60.73,60.77,5542
145,60.76,60.76,60.73,60.74,12229
146,60.74,60.76,60.73,60.751,10000
147,60.76,60.76,60.735,60.74,4830
148,60.79,60.79,60.76,60.76,7275
149,60.83,60.85,60.76,60.78,12731
150,60.86,60.8738,60.83,60.835,8630
151,60.85,60.8757,60.83,60.87,7735
152,60.8,60.86,60.79,60.86,7640
153,60.805,60.805,60.79,60.7968,5200
154,60.78,60.8,60.77,60.8,6205
155,60.77,60.79,60.7653,60.78,5400
156,60.74,60.78,60.73,60.77,15738
157,60.74,60.745,60.72,60.74,13509
158,60.7238,60.755,60.72,60.745,25394
159,60.66,60.75,60.66,60.73,28176
160,60.64,60.6769,60.63,60.665,7700
161,60.61,60.63,60.6,60.63,11370
162,60.57,60.61,60.56,60.61,13061
163,60.54,60.57,60.53,60.57,19247
164,60.5903,60.5903,60.53,60.53,9200
165,60.61,60.6225,60.6,60.6,4740
166,60.69,60.69,60.63,60.64,12328
167,60.66,60.69,60.65,60.69,6397
168,60.675,60.68,60.65,60.6657,15567
169,60.65,60.7,60.64,60.68,6597
170,60.625,60.64,60.62,60.64,2300
171,60.66,60.66,60.625,60.63,5852
172,60.63,60.66,60.62,60.65,4822
173,60.64,60.64,60.61,60.6211,5801
174,60.59,60.64,60.59,60.6344,6251
175,60.56,60.6101,60.56,60.6,3258
176,60.51,60.56,60.51,60.55,6393
177,60.51,60.54,60.51,60.53,5015
178,60.49,60.51,60.47,60.51,4729
179,60.5,60.51,60.48,60.48,5386
180,60.49,60.51,60.49,60.5,4916
181,60.535,60.54,60.49,60.49,3403
182,60.56,60.58,60.545,60.55,8809
183,60.585,60.59,60.56,60.5611,4183
184,60.575,60.6,60.57,60.6,9662
185,60.53,60.57,60.5101,60.57,5399
186,60.53,60.547,60.5,60.53,10387
187,60.5469,60.56,60.515,60.52,12323
188,60.545,60.61,60.545,60.55,20450
189,60.54,60.581,60.52,60.545,20513
190,60.5454,60.56,60.54,60.54,6946
191,60.55,60.5639,60.54,60.55,7838
192,60.56,60.57,60.55,60.5571,8103
193,60.62,60.62,60.56,60.57,7824
194,60.625,60.65,60.61,60.6285,9939
195,60.705,60.71,60.625,60.625,10288
196,60.79,60.79,60.7,60.7,7517
197,60.75,60.81,60.75,60.81,11376
198,60.77,60.79,60.76,60.76,4401
199,60.73,60.775,60.71,60.775,6460
200,60.78,60.78,60.75,60.75,6676
201,60.795,60.8,60.775,60.78,9055
202,60.789,60.8,60.78,60.79,4575
203,60.78,60.82,60.78,60.79,10476
204,60.75,60.77,60.74,60.77,2354
205,60.745,60.75,60.7,60.74,5642
206,60.76,60.765,60.7493,60.75,3700
207,60.68,60.75,60.68,60.75,3700
208,60.65,60.69,60.63,60.671,4576
209,60.72,60.72,60.65,60.6501,2645
210,60.73,60.74,60.69,60.72,6572
211,60.7401,60.77,60.73,60.73,4644
212,60.75,60.76,60.74,60.742,9076
213,60.71,60.77,60.71,60.76,5072
214,60.72,60.72,60.69,60.71,6050
215,60.728,60.73,60.68,60.7241,6676
216,60.7162,60.73,60.71,60.7246,4609
217,60.74,60.74,60.705,60.705,4300
218,60.74,60.7525,60.739,60.74,7026
219,60.73,60.755,60.73,60.74,3300
220,60.79,60.795,60.74,60.74,4686
221,60.86,60.86,60.79,60.79,15663
222,60.9,60.91,60.85,60.86,11995
223,60.875,60.91,60.87,60.9,6095
224,60.94,60.94,60.88,60.9,5998
225,60.92,60.95,60.91,60.94,5589
226,60.94,60.94,60.9,60.92,7125
227,60.94,60.94,60.89,60.93,8681
228,60.89,60.935,60.89,60.935,5500
229,60.87,60.9,60.87,60.9,4703
230,60.84,60.8659,60.828,60.8659,6283
231,60.82,60.84,60.79,60.83,7270
232,60.83,60.84,60.81,60.82,4187
233,60.8208,60.83,60.8,60.82,6450
234,60.7725,60.83,60.765,60.83,27903
235,60.79,60.79,60.76,60.77,15165
236,60.85,60.86,60.79,60.79,63340
237,60.85,60.86,60.8362,60.86,6058
238,60.855,60.87,60.82,60.8585,13811
239,60.84,60.8539,60.8,60.8539,37440
240,60.8101,60.84,60.805,60.83,22202
241,60.79,60.81,60.79,60.81,6400
242,60.74,60.7971,60.73,60.7967,15651
243,60.78,60.78,60.74,60.74,9630
244,60.825,60.83,60.7742,60.785,14635
245,60.84,60.85,60.82,60.8325,7724
246,60.845,60.85,60.82,60.8383,10628
247,60.86,60.86,60.815,60.85,6939
248,60.89,60.9,60.87,60.87,13458
249,60.89,60.91,60.89,60.89,5005
250,60.82,60.88,60.82,60.88,8313
251,60.77,60.82,60.7699,60.82,5884
252,60.73,60.78,60.72,60.78,13605
253,60.73,60.75,60.7229,60.73,3833
254,60.75,60.75,60.72,60.74,7000
255,60.74,60.765,60.74,60.76,4070
256,60.72,60.75,60.7,60.75,6697
257,60.75,60.76,60.72,60.73,4949
258,60.76,60.79,60.75,60.75,7744
259,60.77,60.82,60.76,60.77,7205
260,60.745,60.79,60.745,60.78,6025
261,60.77,60.77,60.7299,60.74,5873
262,60.8,60.8,60.77,60.77,6377
263,60.81,60.83,60.795,60.795,8496
264,60.89,60.89,60.81,60.82,7775
265,60.89,60.9,60.87,60.88,7274
266,60.88,60.8944,60.875,60.89,2900
267,60.82,60.88,60.8,60.875,5880
268,60.88,60.9,60.83,60.84,5912
269,60.905,60.91,60.86,60.88,5557
270,60.9,60.92,60.89,60.9,7512
271,60.87,60.89,60.861,60.88,6935
272,60.82,60.88,60.8185,60.88,8671
273,60.8,60.825,60.8,60.815,10788
274,60.752,60.8,60.73,60.79,10147
275,60.77,60.77,60.76,60.76,2835
276,60.775,60.775,60.74,60.76,8813
277,60.81,60.82,60.78,60.78,16893
278,60.82,60.82,60.795,60.81,8506
279,60.84,60.84,60.8,60.82,8952
280,60.82,60.84,60.82,60.83,5890
281,60.82,60.84,60.81,60.82,8520
282,60.845,60.85,60.82,60.82,5540
283,60.89,60.89,60.85,60.85,10964
284,60.91,60.92,60.88,60.89,7556
285,60.945,60.95,60.91,60.91,7140
286,61.04,61.04,60.94,60.945,34978
287,61.04,61.055,61.02,61.04,26689
288,60.95,61.03,60.94,61.03,6430
289,60.93,60.95,60.93,60.95,2700
290,60.96,60.97,60.92,60.93,7934
291,60.98,60.99,60.945,60.95,7725
292,60.97,60.99,60.95,60.984,7280
293,60.99,61.02,60.97,60.97,9508
294,60.955,60.99,60.95,60.99,6330
295,60.95,60.96,60.94,60.96,28405
296,60.94,60.96,60.94,60.95,4653
297,60.905,60.95,60.89,60.95,10452
298,60.91,60.92,60.885,60.91,8550
299,60.88,60.92,60.88,60.9,11970
300,60.935,60.935,60.89,60.9,15065
301,60.94,60.95,60.93,60.94,13052
302,60.94,60.95,60.92,60.92,24704
303,60.895,60.94,60.895,60.94,8800
304,60.85,60.9,60.85,60.9,15575
305,60.915,60.92,60.85,60.85,8347
306,60.93,60.94,60.89,60.91,9322
307,60.93,60.94,60.92,60.93,6196
308,60.9,60.925,60.89,60.925,12479
309,60.91,60.92,60.895,60.9,9455
310,60.915,60.93,60.88,60.9,8359
311,60.93,60.945,60.915,60.935,8500
312,60.95,60.9553,60.92,60.93,36860
313,60.935,60.95,60.925,60.95,17146
314,60.94,60.96,60.92,60.94,21250
315,60.9493,60.95,60.925,60.95,10632
316,61.04,61.04,60.93,60.94,59004
317,61.05,61.055,61.01,61.0354,11481
318,61.14,61.2,61.06,61.06,21315
319,61.13,61.14,61.095,61.135,13302
320,61.01,61.19,61.01,61.125,16182
321,60.95,61.01,60.905,61.01,21496
322,60.88,60.95,60.86,60.93,9968
323,60.88,60.9,60.835,60.9,10240
324,60.85,60.9,60.85,60.9,12474
325,60.7725,60.86,60.77,60.84,8777
326,60.72,60.77,60.695,60.765,11967
327,60.71,60.76,60.705,60.73,8988
328,60.64,60.705,60.61,60.705,9518
329,60.63,60.7,60.63,60.64,10023
330,60.7,60.709,60.6107,60.64,22717
331,60.73,60.75,60.685,60.71,24819
332,60.67,60.77,60.67,60.73,19669
333,60.6,60.678,60.6,60.65,14715
334,60.59,60.615,60.585,60.6,40440
335,60.62,60.63,60.6,60.61,15715
336,60.635,60.6368,60.57,60.62,10561
337,60.57,60.64,60.565,60.63,12634
338,60.62,60.625,60.58,60.58,12425
339,60.6162,60.665,60.6162,60.63,59918
340,60.63,60.63,60.595,60.61,7651
341,60.62,60.646,60.62,60.63,15817
342,60.59,60.63,60.585,60.62,7893
343,60.59,60.6,60.57,60.59,6662
344,60.62,60.62,60.5956,60.6,7448
345,60.63,60.6667,60.6,60.63,18179
346,60.59,60.66,60.59,60.63,7347
347,60.54,60.59,60.53,60.59,38605
348,60.64,60.64,60.54,60.54,6731
349,60.7,60.706,60.63,60.64,9097
350,60.735,60.74,60.68,60.7,8822
351,60.805,60.815,60.74,60.74,24380
352,60.91,60.91,60.8099,60.8099,25258
353,60.86,60.93,60.86,60.9,8430
354,60.89,60.89,60.85,60.87,4500
355,60.8717,60.89,60.845,60.89,9328
356,60.925,60.93,60.87,60.88,7989
357,60.905,60.94,60.9,60.93,9927
358,60.91,60.93,60.895,60.91,11097
359,60.93,60.93,60.86,60.9,17090
360,60.89,60.91,60.87,60.91,8200
361,60.89,60.91,60.87,60.89,7086
362,60.99,61,60.885,60.89,39824
363,61.005,61.008,60.97,60.99,22968
364,60.97,61.01,60.965,61.01,26902
365,60.97,60.99,60.935,60.975,15581
366,60.95,60.99,60.94,60.98,24347
367,60.95,60.96,60.92,60.96,16184
368,60.995,61,60.945,60.945,23231
369,60.97,60.99,60.96,60.99,18881
370,60.95,60.98,60.945,60.975,17250
371,60.97,60.975,60.94,60.95,18996
372,60.95,60.97,60.92,60.97,19402
373,60.9,60.95,60.885,60.945,22316
374,60.96,60.96,60.88,60.9,17850
375,61,61.03,60.95,60.96,20984
376,61.0037,61.005,60.97,61,14488
377,61.01,61.02,60.99,61.001,19143
378,60.99,61.01,60.97,61.01,20231
379,61.04,61.05,60.97,60.9958,28314
380,61.1,61.11,61.03,61.04,38219
381,61.07,61.095,61.07,61.095,18410
382,61.025,61.07,61.02,61.07,22400
383,61.005,61.03,61,61.03,19564
384,61.0333,61.05,61.0025,61.01,32538
385,60.99,61.05,60.98,61.04,32870
386,60.99,61.005,60.98,60.99,28494
387,61,61.01,60.98,60.99,28043
388,60.995,61.01,60.985,60.995,30334
389,61.01,61.035,60.98,60.995,63262
