PAYX,Paychex Inc.,Information Technology,7,Internet Software & Services,20912600547,1772121
a1499617800,58.9800,59.0500,58.9800,59.0500,21222
1,59.1100,59.1100,58.9700,58.9800,2400
2,58.9700,59.0300,58.8801,58.9100,4974
3,58.8800,58.8820,58.8800,58.8820,455
4,58.7901,58.7901,58.7901,58.7901,132
6,58.8400,58.8450,58.8100,58.8100,999
7,58.7900,58.8525,58.7900,58.8400,2099
8,58.8350,58.8350,58.8350,58.8350,100
10,58.9100,58.9100,58.8500,58.9100,665
11,58.8950,58.9200,58.8900,58.9100,1496
12,58.9400,58.9800,58.9300,58.9300,1300
13,58.9404,58.9500,58.9300,58.9300,493
14,58.9500,59.0200,58.9500,59.0200,1500
15,59.0050,59.0200,58.9700,58.9700,1700
16,58.9945,58.9945,58.9400,58.9400,1295
17,58.9400,58.9400,58.9400,58.9400,100
18,58.9300,58.9700,58.9300,58.9700,800
19,58.9800,59.0000,58.9700,58.9700,1300
20,58.9500,58.9500,58.9400,58.9400,500
21,58.9500,58.9600,58.9450,58.9600,829
22,58.9300,58.9300,58.9200,58.9200,1053
23,58.9000,58.9300,58.9000,58.9300,1100
24,58.9100,58.9400,58.9100,58.9400,3061
25,58.9400,58.9700,58.9400,58.9700,800
26,58.9514,59.0000,58.9514,58.9900,2134
27,58.9950,59.0100,58.9900,58.9900,3001
28,59.0000,59.0250,59.0000,59.0250,600
31,59.0100,59.0100,58.9700,58.9700,1600
32,58.9634,58.9800,58.9600,58.9700,3769
33,58.9750,58.9750,58.9700,58.9750,900
34,58.9789,59.0000,58.9743,59.0000,1835
35,59.0002,59.0002,58.9900,59.0000,750
36,59.0000,59.0050,58.9900,58.9900,1800
37,58.9701,58.9900,58.9701,58.9850,2053
38,58.9800,58.9850,58.9700,58.9850,3000
39,58.9900,59.0000,58.9900,58.9900,3400
40,58.9900,59.0200,58.9850,59.0150,2900
41,59.0000,59.0200,58.9950,59.0200,2100
42,59.0200,59.0200,59.0100,59.0100,1300
43,59.0150,59.0300,59.0043,59.0300,3400
44,59.0300,59.0399,59.0200,59.0368,1053
45,59.0350,59.0500,59.0350,59.0500,1700
46,59.0500,59.0800,59.0500,59.0766,1125
47,59.0750,59.0900,59.0750,59.0900,3000
48,59.1000,59.1400,59.1000,59.1400,4050
49,59.1400,59.1650,59.1350,59.1650,8900
50,59.1800,59.1900,59.1700,59.1700,1300
51,59.1650,59.1800,59.1600,59.1750,5955
52,59.1800,59.2300,59.1800,59.2200,2890
53,59.2101,59.2101,59.2101,59.2101,100
54,59.2200,59.2200,59.2200,59.2200,100
55,59.2100,59.2100,59.2100,59.2100,100
56,59.2300,59.2300,59.2300,59.2300,700
57,59.2200,59.2200,59.2000,59.2000,2900
59,59.1900,59.2300,59.1900,59.2300,2125
60,59.2200,59.2200,59.2200,59.2200,1400
61,59.2200,59.2250,59.2200,59.2200,600
62,59.2200,59.2300,59.2000,59.2200,1600
63,59.2200,59.2200,59.2100,59.2100,1100
64,59.2100,59.2172,59.2019,59.2171,2377
65,59.2200,59.2300,59.2050,59.2250,33052
66,59.2300,59.2450,59.2300,59.2300,6255
67,59.2400,59.2450,59.2200,59.2200,4000
68,59.2300,59.2450,59.2300,59.2350,2168
69,59.2400,59.2450,59.2300,59.2350,2500
70,59.2350,59.2350,59.2300,59.2350,700
71,59.2350,59.2350,59.2266,59.2300,1925
72,59.2300,59.2300,59.2211,59.2300,1900
73,59.2399,59.2399,59.2300,59.2300,1315
74,59.2250,59.2400,59.2250,59.2300,1700
75,59.2331,59.2450,59.2331,59.2450,1137
76,59.2450,59.2500,59.2450,59.2450,3089
77,59.2450,59.2450,59.2300,59.2300,2615
78,59.2300,59.2300,59.1950,59.2000,1600
79,59.2000,59.2000,59.1950,59.1950,900
80,59.2000,59.2000,59.1950,59.1965,1125
81,59.1900,59.1900,59.1900,59.1900,100
82,59.1900,59.1900,59.1800,59.1800,1510
83,59.1700,59.1812,59.1700,59.1812,800
84,59.1710,59.1728,59.1710,59.1728,1391
85,59.1700,59.1700,59.1400,59.1400,1800
86,59.1288,59.1400,59.1250,59.1400,1634
87,59.1400,59.1450,59.1350,59.1400,877
88,59.1400,59.1400,59.1350,59.1400,1000
89,59.1400,59.1400,59.1300,59.1366,500
90,59.1400,59.1452,59.1300,59.1300,2105
91,59.1300,59.1300,59.1100,59.1100,1300
92,59.1000,59.1200,59.1000,59.1200,918
93,59.1300,59.1300,59.1200,59.1200,1800
94,59.1300,59.1343,59.1300,59.1343,600
95,59.1400,59.1500,59.1400,59.1500,972
96,59.1600,59.1600,59.1600,59.1600,400
97,59.1700,59.1700,59.1630,59.1630,200
98,59.1611,59.1611,59.1500,59.1600,2002
99,59.1700,59.1700,59.1700,59.1700,1000
100,59.1800,59.2200,59.1750,59.2150,2600
101,59.2150,59.2150,59.2100,59.2100,1100
102,59.2050,59.2050,59.2050,59.2050,100
103,59.2066,59.2100,59.2000,59.2100,550
104,59.2099,59.2200,59.2099,59.2200,1181
105,59.2250,59.2400,59.2250,59.2300,2200
106,59.2250,59.2400,59.2250,59.2350,2200
107,59.2400,59.2400,59.1600,59.1600,3972
108,59.1600,59.1700,59.1600,59.1652,1413
109,59.1600,59.1600,59.1300,59.1300,1581
110,59.1300,59.1600,59.1100,59.1200,4880
111,59.1200,59.1600,59.1200,59.1500,1700
113,59.1500,59.1500,59.1300,59.1400,500
114,59.1400,59.1500,59.1100,59.1300,1962
115,59.1400,59.1500,59.1400,59.1400,1400
116,59.1580,59.1600,59.1580,59.1600,589
117,59.1500,59.2000,59.1500,59.1800,4500
118,59.1900,59.2000,59.1900,59.2000,1750
119,59.2000,59.2000,59.1950,59.1950,222
120,59.2000,59.2300,59.2000,59.2200,900
121,59.2200,59.2250,59.2150,59.2250,800
122,59.2200,59.2300,59.2200,59.2300,200
123,59.2300,59.2350,59.2250,59.2350,2100
124,59.2350,59.2350,59.2000,59.2000,7814
125,59.2000,59.2000,59.1900,59.2000,500
126,59.1900,59.1900,59.1900,59.1900,600
127,59.1900,59.1965,59.1900,59.1965,500
128,59.2100,59.2200,59.2000,59.2000,2100
129,59.2000,59.2000,59.1700,59.1700,2448
130,59.1750,59.1750,59.1700,59.1700,400
131,59.1700,59.1800,59.1700,59.1800,550
132,59.1800,59.1800,59.1700,59.1700,600
133,59.1600,59.1600,59.1600,59.1600,200
134,59.1600,59.1600,59.1600,59.1600,300
136,59.1453,59.1500,59.1300,59.1300,7731
137,59.1300,59.1300,59.1000,59.1000,4689
138,59.1040,59.1250,59.1040,59.1250,1882
139,59.1200,59.1200,59.1200,59.1200,100
140,59.1300,59.1700,59.1300,59.1600,1890
141,59.1600,59.1600,59.1400,59.1597,2600
142,59.1500,59.1500,59.1500,59.1500,200
143,59.1529,59.1529,59.1200,59.1200,906
144,59.1200,59.1200,59.1100,59.1100,300
146,59.1130,59.1130,59.1100,59.1100,814
147,59.1200,59.1300,59.1200,59.1210,2085
148,59.1300,59.1300,59.1200,59.1300,500
149,59.1200,59.1200,59.1200,59.1200,500
150,59.1100,59.1100,59.1000,59.1100,2330
151,59.1100,59.1100,59.0900,59.0900,800
152,59.0900,59.0900,59.0750,59.0850,800
153,59.0850,59.1200,59.0850,59.1200,3700
154,59.1300,59.1600,59.1300,59.1500,1900
155,59.1600,59.1750,59.1600,59.1750,400
156,59.1799,59.1800,59.1700,59.1800,700
157,59.1700,59.1800,59.1700,59.1800,200
158,59.1800,59.2000,59.1800,59.1900,1100
159,59.1900,59.2100,59.1900,59.2050,2893
160,59.2000,59.2100,59.1900,59.1900,1610
161,59.1800,59.1800,59.1800,59.1800,300
162,59.1700,59.1700,59.1700,59.1700,200
163,59.1600,59.1650,59.1300,59.1400,1649
164,59.1400,59.1500,59.1200,59.1300,1600
165,59.1400,59.1500,59.1300,59.1400,1061
166,59.1414,59.1700,59.1400,59.1600,2513
167,59.1510,59.1900,59.1500,59.1800,3217
168,59.1800,59.2100,59.1700,59.1900,2975
169,59.2000,59.2200,59.1900,59.2200,3186
170,59.2200,59.2200,59.2100,59.2100,1100
171,59.2000,59.2100,59.2000,59.2099,800
172,59.2000,59.2100,59.2000,59.2100,1131
173,59.2100,59.2300,59.2000,59.2300,6051
174,59.2300,59.2300,59.1700,59.1700,5070
175,59.1500,59.1500,59.1400,59.1400,500
176,59.1400,59.1600,59.1300,59.1300,2017
177,59.1100,59.1100,59.1000,59.1000,500
178,59.1000,59.1100,59.0976,59.1100,857
179,59.0900,59.0900,59.0700,59.0700,1200
180,59.0800,59.0900,59.0800,59.0900,545
181,59.0901,59.1000,59.0901,59.1000,584
182,59.1100,59.1100,59.1100,59.1100,100
183,59.1000,59.1200,59.1000,59.1200,1300
184,59.1400,59.1400,59.1100,59.1100,1200
185,59.1000,59.1000,59.0500,59.0700,2850
186,59.0800,59.1000,59.0793,59.0877,2284
187,59.0900,59.1146,59.0900,59.1000,1430
188,59.0900,59.1000,59.0300,59.0300,1458
189,59.0400,59.0800,59.0400,59.0700,1000
190,59.0500,59.0600,59.0500,59.0600,200
191,59.0562,59.0590,59.0500,59.0500,607
192,59.0380,59.0600,59.0380,59.0600,550
193,59.0700,59.0800,59.0700,59.0800,631
194,59.0800,59.0800,59.0500,59.0700,1553
195,59.0710,59.0800,59.0700,59.0700,500
196,59.0700,59.0900,59.0700,59.0900,1401
197,59.1000,59.1400,59.1000,59.1400,14700
198,59.1400,59.1900,59.1200,59.1200,3000
199,59.1300,59.1400,59.1215,59.1393,2140
200,59.1500,59.1600,59.1400,59.1600,860
201,59.1510,59.1550,59.1300,59.1500,7820
202,59.1700,59.1800,59.1550,59.1793,2945
203,59.1715,59.1900,59.1715,59.1846,3463
204,59.1900,59.1925,59.1662,59.1662,1350
205,59.1700,59.1900,59.1700,59.1850,2075
206,59.1800,59.1800,59.1625,59.1625,1370
207,59.1700,59.1800,59.1650,59.1674,2940
208,59.1665,59.1665,59.1500,59.1600,1690
209,59.1500,59.1500,59.1300,59.1300,1900
210,59.1300,59.1371,59.1100,59.1100,702
211,59.1146,59.1200,59.1146,59.1200,738
212,59.1300,59.1600,59.1300,59.1500,800
213,59.1401,59.1401,59.1100,59.1100,3061
214,59.1200,59.1200,59.1169,59.1169,950
215,59.1200,59.1214,59.0968,59.1000,2271
216,59.0939,59.1000,59.0800,59.1000,2780
217,59.0900,59.0950,59.0800,59.0800,900
218,59.0900,59.1200,59.0800,59.1200,6200
219,59.1200,59.1300,59.0500,59.0600,10673
220,59.0593,59.0800,59.0593,59.0600,1220
221,59.0500,59.0500,59.0400,59.0500,1300
222,59.0493,59.0600,59.0200,59.0200,2645
223,59.0300,59.0300,59.0200,59.0200,755
224,59.0065,59.0300,59.0000,59.0100,3494
225,58.9900,59.0230,58.9900,59.0168,851
226,59.0300,59.0400,59.0200,59.0400,1342
227,59.0200,59.0500,59.0200,59.0400,3246
228,58.9900,59.0100,58.9880,59.0100,1525
229,59.0100,59.0100,58.9900,59.0000,700
230,59.0000,59.0200,59.0000,59.0200,869
231,58.9910,59.0000,58.9753,59.0000,2639
232,58.9900,59.0000,58.9893,59.0000,565
233,59.0200,59.0400,59.0193,59.0193,2555
234,59.0230,59.0230,59.0100,59.0200,1082
235,59.0200,59.0400,59.0200,59.0300,2153
236,59.0200,59.0200,59.0035,59.0035,1138
237,58.9993,59.0034,58.9900,59.0000,3005
238,58.9993,58.9993,58.9939,58.9971,556
239,58.9800,58.9990,58.9700,58.9990,2069
240,59.0100,59.0100,58.9900,58.9900,680
241,58.9800,58.9900,58.9600,58.9600,1140
242,58.9500,58.9600,58.9400,58.9600,2690
243,58.9700,59.0000,58.9700,58.9900,4949
244,58.9900,58.9900,58.9600,58.9600,973
245,58.9610,58.9610,58.9546,58.9546,880
246,58.9593,58.9600,58.9520,58.9600,640
247,58.9600,58.9600,58.9200,58.9200,2400
248,58.9310,58.9400,58.9301,58.9301,475
249,58.9300,58.9344,58.8950,58.9000,2655
250,58.9046,58.9500,58.8610,58.9400,6700
251,58.9300,58.9405,58.9100,58.9201,2316
252,58.9200,58.9300,58.8900,58.8900,1938
253,58.9000,58.9146,58.8892,58.8892,2485
254,58.8900,58.9200,58.8900,58.9000,855
255,58.8900,58.9000,58.8700,58.9000,1700
256,58.8900,58.8900,58.8760,58.8800,629
257,58.8701,58.8800,58.8701,58.8710,850
258,58.8900,58.8946,58.8800,58.8800,1330
259,58.8800,58.8800,58.8400,58.8400,2789
260,58.8592,58.8592,58.8200,58.8500,2299
261,58.8492,58.8700,58.8410,58.8700,1400
262,58.8638,58.8638,58.8500,58.8500,435
263,58.8500,58.8800,58.8500,58.8800,800
264,58.8700,58.8800,58.8700,58.8700,700
265,58.8500,58.8517,58.8400,58.8400,1056
266,58.8500,58.8500,58.8100,58.8392,2530
267,58.8300,58.8557,58.8100,58.8100,1866
268,58.8268,58.8291,58.8090,58.8100,2745
269,58.8300,58.8610,58.8190,58.8200,3105
270,58.8400,58.8400,58.8300,58.8400,1438
271,58.8500,58.8800,58.8500,58.8800,4111
272,58.8900,58.8900,58.8700,58.8700,1835
273,58.8800,58.9100,58.8800,58.8900,3353
274,58.8900,58.8999,58.8700,58.8900,2177
275,58.9000,58.9000,58.8900,58.9000,500
276,58.9000,58.9000,58.9000,58.9000,1800
277,58.9000,58.9133,58.9000,58.9133,600
278,58.9000,58.9100,58.8950,58.9100,6309
279,58.9000,58.9200,58.9000,58.9200,500
280,58.9200,58.9300,58.9100,58.9100,2700
281,58.9200,58.9300,58.9100,58.9200,1300
282,58.9300,58.9300,58.9200,58.9200,500
283,58.9200,58.9300,58.9200,58.9300,1027
284,58.9200,58.9200,58.8700,58.9200,4900
285,58.9100,58.9500,58.8900,58.9500,4250
286,58.9366,58.9400,58.9300,58.9400,1395
287,58.9400,58.9600,58.9000,58.9300,3557
288,58.9350,58.9700,58.9350,58.9700,1890
289,58.9700,58.9700,58.9100,58.9100,4299
290,58.9200,58.9450,58.9200,58.9450,1238
291,58.9400,58.9400,58.9101,58.9400,1200
292,58.9300,58.9500,58.9300,58.9500,2300
293,58.9300,58.9300,58.9000,58.9000,4291
294,58.9000,58.9200,58.9000,58.9200,1300
295,58.9100,58.9100,58.9000,58.9000,1000
296,58.9000,58.9100,58.8865,58.9100,1594
297,58.9300,58.9300,58.9200,58.9200,300
298,58.9100,58.9100,58.9000,58.9000,300
299,58.9010,58.9200,58.8800,58.8800,2382
300,58.8800,58.8900,58.8600,58.8900,4403
301,58.8784,58.9300,58.8784,58.9300,5938
302,58.9400,58.9500,58.9200,58.9200,3795
303,58.9200,58.9300,58.9100,58.9200,6300
304,58.9100,58.9125,58.8700,58.8700,10214
305,58.8700,58.9000,58.8200,58.8600,4000
306,58.8600,58.8600,58.7400,58.7800,2932
307,58.8000,58.8000,58.7500,58.7900,3788
308,58.7900,58.8000,58.7664,58.7900,2436
309,58.7600,58.7800,58.7600,58.7800,900
310,58.7800,58.8200,58.7800,58.8100,1300
311,58.8000,58.8000,58.7600,58.7900,1593
312,58.8000,58.8000,58.7800,58.7800,1000
313,58.7700,58.7800,58.7300,58.7400,3500
314,58.7400,58.7600,58.6800,58.7100,9908
315,58.7000,58.7400,58.6700,58.7400,4114
316,58.7300,58.7500,58.7000,58.7500,5898
317,58.7500,58.7500,58.6800,58.7500,17843
318,58.7600,58.7700,58.7000,58.7000,1900
319,58.7100,58.7100,58.6000,58.6800,7227
320,58.6800,58.6900,58.4900,58.4900,13959
321,58.4900,58.6100,58.4900,58.5950,15063
322,58.6100,58.6400,58.6050,58.6100,2597
323,58.6300,58.6400,58.6100,58.6190,3500
324,58.6200,58.6300,58.5800,58.6200,8825
325,58.6300,58.6400,58.6050,58.6150,16608
326,58.6138,58.6300,58.5600,58.5600,17645
327,58.5600,58.5900,58.5300,58.5900,10449
328,58.5700,58.5850,58.5700,58.5800,3952
329,58.5800,58.5800,58.5400,58.5400,4428
330,58.5400,58.5500,58.5150,58.5200,10122
331,58.5200,58.5400,58.5100,58.5375,15924
332,58.5300,58.5800,58.5300,58.5600,16265
333,58.5700,58.6366,58.5650,58.6100,7901
334,58.6100,58.6600,58.5950,58.6100,12186
335,58.6000,58.6000,58.5700,58.5800,9016
336,58.5900,58.5900,58.5200,58.5400,5521
337,58.5400,58.5400,58.5000,58.5300,4557
338,58.5450,58.5800,58.5300,58.5300,6501
339,58.5400,58.5900,58.5300,58.5800,7829
340,58.5900,58.6000,58.5800,58.5900,5504
341,58.5900,58.6100,58.5750,58.5900,5937
342,58.5900,58.6000,58.5800,58.5900,35000
343,58.6000,58.6100,58.5900,58.5900,5775
344,58.5900,58.5901,58.5500,58.5800,6027
345,58.5900,58.6100,58.5900,58.6000,1920
346,58.6100,58.6300,58.6000,58.6135,5178
347,58.6200,58.6200,58.5800,58.5800,5103
348,58.5800,58.5900,58.5500,58.5700,8704
349,58.5650,58.5800,58.5500,58.5800,5250
350,58.5800,58.6600,58.5750,58.6300,5135
351,58.6200,58.6200,58.5600,58.5700,2872
352,58.5700,58.5700,58.5400,58.5500,4469
353,58.5600,58.5800,58.5600,58.5800,1100
354,58.5700,58.6100,58.5500,58.6100,3295
355,58.5988,58.6400,58.5988,58.6400,1500
356,58.6400,58.6400,58.5800,58.6100,5199
357,58.6100,58.6100,58.5800,58.5800,3300
358,58.5800,58.5800,58.5600,58.5600,1800
359,58.5600,58.5800,58.5500,58.5800,2900
360,58.6100,58.6500,58.6100,58.6300,3200
361,58.6200,58.6200,58.6000,58.6000,2755
362,58.6100,58.6200,58.6050,58.6100,1400
363,58.6050,58.6100,58.5600,58.5800,8400
364,58.5700,58.5800,58.5300,58.5400,4841
365,58.5500,58.5800,58.5500,58.5700,3600
366,58.5601,58.5800,58.5600,58.5700,4288
367,58.5700,58.5900,58.5600,58.5600,3406
368,58.5600,58.5600,58.5400,58.5450,4060
369,58.5450,58.5600,58.5400,58.5500,4350
370,58.5500,58.5500,58.5300,58.5400,6671
371,58.5300,58.5400,58.5200,58.5400,2200
372,58.5300,58.5500,58.5100,58.5300,6325
373,58.5250,58.5250,58.4600,58.5000,8961
374,58.5100,58.5100,58.4700,58.4800,3261
375,58.4900,58.4930,58.4300,58.4800,7557
376,58.4900,58.5400,58.4900,58.5101,14666
377,58.5256,58.5256,58.4790,58.5100,7136
378,58.5200,58.5300,58.4900,58.5000,30345
379,58.5000,58.5100,58.4800,58.4900,7756
380,58.4700,58.4950,58.4700,58.4750,7908
381,58.4800,58.5400,58.4800,58.5300,17629
382,58.5200,58.5301,58.5200,58.5300,10192
383,58.5300,58.5450,58.5100,58.5400,14000
384,58.5400,58.5400,58.4900,58.5100,9417
385,58.5100,58.5500,58.5001,58.5400,10920
386,58.5500,58.5700,58.5100,58.5300,20259
387,58.5300,58.5400,58.5200,58.5300,13964
388,58.5300,58.5800,58.5300,58.5750,12285
389,58.5700,58.5850,58.5400,58.5450,23113
390,58.5450,58.5900,58.5400,58.5600,268807