PEG,Public Serv. Enterprise Inc.,Utilities,11,Electric Utilities,22604077570,2848590
a1499617800,43.8000,43.8000,43.7900,43.7900,17555
2,43.8600,44.0100,43.8500,43.9600,2485
3,43.9700,43.9780,43.9300,43.9500,3900
4,43.9000,43.9000,43.8800,43.8900,800
5,43.8700,43.8700,43.8700,43.8700,100
6,43.7900,43.8150,43.7900,43.7900,1000
7,43.7950,43.8100,43.7900,43.8000,1206
8,43.7800,43.7800,43.7600,43.7700,1000
9,43.7600,43.7800,43.7500,43.7800,2644
10,43.7900,43.8100,43.7900,43.8100,1100
11,43.8400,43.9100,43.8400,43.9100,2100
12,43.9100,43.9100,43.9100,43.9100,600
13,43.9100,43.9200,43.9100,43.9200,1518
15,43.9300,43.9300,43.9200,43.9200,1650
16,43.9150,43.9150,43.9000,43.9000,800
17,43.9041,43.9200,43.9000,43.9000,5533
18,43.9100,43.9400,43.9100,43.9400,2670
19,43.9350,43.9450,43.9150,43.9200,4084
20,43.9200,43.9200,43.8900,43.8900,3767
21,43.8950,43.9200,43.8900,43.9150,2090
22,43.9200,43.9400,43.9200,43.9300,1477
23,43.9350,43.9600,43.9300,43.9400,5815
24,43.9300,43.9300,43.9200,43.9200,1850
25,43.9200,43.9300,43.8800,43.9000,6679
26,43.9100,43.9300,43.9100,43.9200,2023
27,43.9200,43.9200,43.9200,43.9200,100
28,43.9300,43.9400,43.9200,43.9200,2715
29,43.9200,43.9500,43.9150,43.9400,2559
30,43.9300,43.9300,43.9188,43.9300,770
31,43.9300,43.9550,43.9250,43.9550,1700
32,43.9550,43.9700,43.9500,43.9600,3000
33,43.9600,43.9900,43.9600,43.9850,2348
34,43.9900,44.0150,43.9900,44.0150,2900
35,44.0000,44.0000,43.9500,43.9600,5379
36,43.9600,43.9700,43.9400,43.9449,3000
37,43.9400,43.9500,43.9300,43.9400,2400
38,43.9300,43.9300,43.8800,43.9200,5678
39,43.9216,43.9300,43.9100,43.9150,3954
40,43.9250,43.9690,43.9200,43.9600,2900
41,43.9600,43.9700,43.9400,43.9400,5880
42,43.9500,43.9600,43.9450,43.9600,1000
43,43.9600,43.9600,43.9400,43.9400,2062
44,43.9150,43.9300,43.9100,43.9300,2200
45,43.9300,43.9350,43.9000,43.9100,3207
46,43.9000,43.9200,43.9000,43.9200,900
47,43.9200,43.9200,43.9100,43.9200,1859
48,43.9300,43.9300,43.9250,43.9250,500
49,43.9200,43.9500,43.9200,43.9500,1316
50,43.9550,43.9550,43.9550,43.9550,100
51,43.9500,43.9500,43.9500,43.9500,1754
52,43.9500,43.9700,43.9500,43.9550,6321
53,43.9600,43.9700,43.9600,43.9700,1616
54,43.9600,43.9800,43.9600,43.9800,1835
55,43.9700,43.9800,43.9700,43.9800,2284
56,43.9800,44.0100,43.9800,44.0100,4600
57,44.0100,44.0100,43.9800,43.9800,2458
58,43.9600,43.9600,43.9400,43.9400,3658
59,43.9500,43.9600,43.9500,43.9500,995
60,43.9550,43.9800,43.9400,43.9700,5152
61,43.9700,43.9700,43.9500,43.9600,2559
62,43.9700,43.9800,43.9700,43.9800,300
63,43.9700,43.9700,43.9600,43.9600,1000
64,43.9700,43.9800,43.9700,43.9800,1953
65,43.9900,43.9950,43.9900,43.9950,1000
66,43.9910,43.9910,43.9800,43.9800,3696
67,43.9700,43.9700,43.9500,43.9500,4550
68,43.9500,43.9500,43.9500,43.9500,700
69,43.9600,43.9600,43.9600,43.9600,1000
70,43.9600,43.9800,43.9600,43.9700,3596
71,43.9700,43.9900,43.9700,43.9900,1500
72,43.9900,43.9900,43.9700,43.9700,5078
73,43.9650,43.9650,43.9500,43.9500,800
74,43.9600,43.9700,43.9600,43.9600,3903
75,43.9650,43.9800,43.9650,43.9800,2359
76,43.9850,44.0100,43.9850,44.0050,13735
77,44.0050,44.0050,43.9800,43.9800,11869
78,43.9800,43.9800,43.9800,43.9800,100
79,43.9800,43.9800,43.9750,43.9800,2892
80,43.9800,43.9800,43.9700,43.9700,1471
81,43.9700,43.9800,43.9600,43.9800,4616
82,43.9900,43.9900,43.9900,43.9900,1400
83,44.0000,44.0300,44.0000,44.0000,5522
84,44.0100,44.0100,44.0000,44.0000,300
85,44.0048,44.0100,44.0000,44.0000,524
86,44.0100,44.0100,44.0000,44.0100,6204
87,44.0100,44.0200,44.0050,44.0200,1509
89,44.0150,44.0150,44.0050,44.0100,5634
90,44.0200,44.0350,44.0150,44.0200,5054
91,44.0200,44.0250,44.0000,44.0000,3788
92,44.0000,44.0300,44.0000,44.0300,1741
93,44.0300,44.0350,44.0300,44.0300,300
94,44.0300,44.0300,44.0200,44.0200,2405
95,44.0200,44.0231,44.0200,44.0200,1300
96,44.0200,44.0200,44.0150,44.0200,1000
97,44.0200,44.0299,44.0150,44.0150,2141
98,44.0150,44.0200,44.0100,44.0100,600
99,44.0200,44.0500,44.0200,44.0500,4169
100,44.0500,44.0500,44.0300,44.0334,2566
101,44.0347,44.0500,44.0347,44.0500,2610
102,44.0400,44.0500,44.0400,44.0500,400
103,44.0500,44.0500,44.0500,44.0500,1384
104,44.0500,44.0500,44.0400,44.0499,3118
105,44.0500,44.0500,44.0450,44.0450,600
106,44.0450,44.0500,44.0400,44.0499,1004
107,44.0450,44.0500,44.0300,44.0500,6378
108,44.0400,44.0400,44.0400,44.0400,100
109,44.0500,44.0600,44.0400,44.0600,3863
110,44.0600,44.0700,44.0600,44.0700,2372
111,44.0700,44.0800,44.0700,44.0800,500
112,44.0700,44.0800,44.0700,44.0800,700
113,44.0800,44.1100,44.0800,44.1100,3735
114,44.1000,44.1200,44.1000,44.1200,4558
115,44.1200,44.1200,44.1100,44.1100,2300
116,44.1200,44.1400,44.1150,44.1350,5161
117,44.1400,44.1450,44.1300,44.1300,2712
118,44.1350,44.1400,44.1300,44.1349,2424
119,44.1300,44.1500,44.1300,44.1500,1500
120,44.1400,44.1400,44.1300,44.1300,1415
121,44.1350,44.1500,44.1342,44.1500,4065
122,44.1500,44.1500,44.1300,44.1450,3356
123,44.1450,44.1600,44.1400,44.1600,3200
124,44.1550,44.1557,44.1500,44.1500,1320
125,44.1500,44.1500,44.1250,44.1250,2400
126,44.1250,44.1300,44.1100,44.1100,3139
127,44.1050,44.1200,44.1050,44.1100,1500
128,44.1150,44.1150,44.1000,44.1100,2705
129,44.1150,44.1150,44.1100,44.1100,300
130,44.1150,44.1150,44.1150,44.1150,200
132,44.1100,44.1100,44.0900,44.0900,4213
133,44.0947,44.1100,44.0900,44.1100,1800
134,44.1000,44.1000,44.0800,44.0850,3821
135,44.0800,44.0800,44.0700,44.0700,1615
137,44.0700,44.0800,44.0700,44.0700,500
138,44.0700,44.0800,44.0650,44.0800,3877
139,44.0800,44.0950,44.0800,44.0800,6097
140,44.0800,44.0950,44.0800,44.0900,4124
141,44.0800,44.0900,44.0800,44.0900,3076
142,44.0900,44.0950,44.0750,44.0750,1900
143,44.0800,44.0800,44.0800,44.0800,2071
144,44.0800,44.0850,44.0800,44.0850,915
145,44.0899,44.0900,44.0800,44.0900,700
146,44.0800,44.0800,44.0800,44.0800,200
147,44.0853,44.0853,44.0600,44.0600,4001
148,44.0650,44.0700,44.0500,44.0500,5245
149,44.0401,44.0500,44.0400,44.0400,2890
150,44.0400,44.0450,44.0400,44.0450,1100
151,44.0500,44.0500,44.0500,44.0500,1200
152,44.0600,44.0900,44.0600,44.0800,2210
153,44.0900,44.0900,44.0700,44.0700,4652
154,44.0800,44.0800,44.0700,44.0700,710
155,44.0800,44.0800,44.0750,44.0800,300
156,44.0701,44.0800,44.0700,44.0700,600
157,44.0750,44.0750,44.0700,44.0700,425
158,44.0800,44.0800,44.0650,44.0650,2470
159,44.0700,44.0850,44.0700,44.0850,2204
160,44.0800,44.0800,44.0600,44.0600,2425
161,44.0700,44.0700,44.0500,44.0600,4078
162,44.0600,44.0800,44.0600,44.0800,4400
163,44.0900,44.1000,44.0800,44.1000,8786
164,44.1000,44.1100,44.0900,44.1000,9281
165,44.1000,44.1050,44.0900,44.1050,3552
166,44.1050,44.1200,44.1000,44.1100,5097
167,44.1200,44.1300,44.1200,44.1300,3113
168,44.1300,44.1350,44.1300,44.1300,761
169,44.1247,44.1247,44.1200,44.1200,498
170,44.1250,44.1300,44.1200,44.1200,4911
171,44.1300,44.1400,44.1300,44.1400,2639
172,44.1300,44.1400,44.1200,44.1290,2844
173,44.1250,44.1300,44.1250,44.1300,2727
174,44.1300,44.1300,44.1200,44.1200,1092
175,44.1200,44.1200,44.1000,44.1000,1930
176,44.0900,44.1300,44.0900,44.1200,11506
177,44.1300,44.1400,44.1200,44.1200,3132
178,44.1200,44.1200,44.0800,44.0872,5127
179,44.0900,44.1000,44.0850,44.0950,3023
180,44.1000,44.1000,44.0900,44.0972,3140
181,44.0972,44.0972,44.0800,44.0900,1323
182,44.0800,44.0899,44.0700,44.0700,1601
183,44.0700,44.1000,44.0700,44.0900,5879
184,44.0850,44.1000,44.0850,44.1000,3604
185,44.1100,44.1100,44.0600,44.0600,6399
186,44.0700,44.0700,44.0500,44.0600,2068
187,44.0600,44.0600,44.0500,44.0600,3554
188,44.0600,44.0600,44.0200,44.0300,3063
189,44.0400,44.0500,44.0400,44.0472,1100
190,44.0400,44.0500,44.0300,44.0400,3283
191,44.0400,44.0600,44.0300,44.0599,2802
192,44.0550,44.0600,44.0500,44.0600,1677
193,44.0600,44.0700,44.0600,44.0650,900
194,44.0700,44.0872,44.0700,44.0800,1840
195,44.0900,44.0900,44.0600,44.0699,4251
196,44.0650,44.0772,44.0650,44.0700,1000
197,44.0700,44.1000,44.0600,44.1000,2900
198,44.1000,44.1000,44.0800,44.0899,2355
199,44.0900,44.1000,44.0800,44.1000,1583
200,44.1000,44.1000,44.1000,44.1000,200
201,44.0999,44.0999,44.0900,44.0900,1815
202,44.0900,44.0950,44.0900,44.0950,800
203,44.0950,44.0950,44.0700,44.0700,5732
204,44.0700,44.0700,44.0600,44.0600,2000
205,44.0600,44.0600,44.0500,44.0500,3880
206,44.0500,44.0600,44.0500,44.0500,3110
207,44.0550,44.0600,44.0550,44.0550,500
208,44.0600,44.0600,44.0500,44.0600,2000
209,44.0600,44.0650,44.0500,44.0500,2163
210,44.0550,44.0550,44.0500,44.0550,1608
211,44.0500,44.0600,44.0500,44.0600,1600
212,44.0600,44.0600,44.0200,44.0200,4300
213,44.0200,44.0300,44.0135,44.0300,3550
214,44.0300,44.0300,44.0200,44.0250,1471
215,44.0200,44.0200,44.0050,44.0100,2911
216,44.0200,44.0200,44.0100,44.0100,1151
217,44.0190,44.0190,43.9950,43.9950,2249
218,44.0000,44.0000,43.9900,43.9900,2427
219,43.9900,43.9990,43.9800,43.9900,3490
220,44.0000,44.0000,43.9800,43.9900,6331
221,43.9900,44.0050,43.9850,44.0050,3730
222,44.0100,44.0400,43.9700,43.9900,27518
223,44.0000,44.0100,43.9900,44.0000,3443
224,44.0100,44.0400,44.0100,44.0200,6953
225,44.0100,44.0300,44.0100,44.0300,3800
226,44.0300,44.0300,44.0250,44.0300,1880
227,44.0300,44.0400,44.0300,44.0400,2500
228,44.0500,44.0900,44.0500,44.0900,2800
229,44.0900,44.0990,44.0800,44.0990,1933
230,44.0900,44.0950,44.0700,44.0916,2850
231,44.1000,44.1000,44.0900,44.0900,3281
232,44.0950,44.1050,44.0900,44.1000,4985
233,44.0900,44.1000,44.0800,44.0800,4573
234,44.0900,44.0900,44.0850,44.0900,1063
235,44.0900,44.0900,44.0700,44.0700,1839
236,44.0700,44.0700,44.0510,44.0700,4376
237,44.0700,44.0800,44.0700,44.0800,1100
238,44.0800,44.0800,44.0800,44.0800,731
239,44.0800,44.0800,44.0750,44.0750,1381
240,44.0800,44.0800,44.0700,44.0700,200
241,44.0800,44.0900,44.0800,44.0850,1300
242,44.0900,44.0900,44.0800,44.0800,300
243,44.0900,44.0956,44.0900,44.0956,4380
244,44.0900,44.0900,44.0800,44.0900,3908
245,44.0900,44.0900,44.0900,44.0900,749
246,44.0850,44.0900,44.0800,44.0900,500
247,44.0850,44.0850,44.0750,44.0800,3503
248,44.0850,44.0883,44.0850,44.0883,781
249,44.0800,44.1046,44.0800,44.0900,5750
250,44.1000,44.1050,44.0901,44.0901,760
251,44.0900,44.0950,44.0700,44.0700,2700
252,44.0700,44.0700,44.0500,44.0500,1329
253,44.0500,44.0650,44.0500,44.0600,1911
254,44.0700,44.0700,44.0700,44.0700,600
255,44.0800,44.0800,44.0600,44.0700,2249
256,44.0700,44.0800,44.0700,44.0700,1311
257,44.0800,44.0800,44.0800,44.0800,1000
258,44.0700,44.0900,44.0700,44.0900,1593
259,44.0900,44.1050,44.0850,44.1000,5065
260,44.1090,44.1090,44.1000,44.1000,2672
261,44.1100,44.1200,44.0800,44.0800,4045
262,44.0900,44.0900,44.0700,44.0850,3122
263,44.0800,44.0900,44.0800,44.0900,300
264,44.0838,44.0954,44.0838,44.0900,2585
265,44.0900,44.1100,44.0900,44.1100,1959
266,44.1200,44.1200,44.1050,44.1050,3904
267,44.1000,44.1000,44.0900,44.1000,1686
268,44.0950,44.1200,44.0800,44.1200,3599
269,44.1300,44.1400,44.1300,44.1400,1100
270,44.1400,44.1700,44.1400,44.1700,1297
271,44.1700,44.1900,44.1650,44.1800,6504
272,44.1700,44.1890,44.1700,44.1862,769
273,44.1890,44.1900,44.1800,44.1800,3543
274,44.1800,44.1900,44.1750,44.1900,2169
275,44.1900,44.2000,44.1850,44.2000,2906
276,44.2100,44.2100,44.1800,44.2000,6922
277,44.1950,44.2090,44.1950,44.2090,1543
278,44.2000,44.2090,44.2000,44.2050,508
279,44.2000,44.2100,44.2000,44.2000,900
280,44.2050,44.2190,44.2000,44.2100,4744
281,44.2100,44.2100,44.1900,44.1900,3425
282,44.1900,44.1900,44.1800,44.1800,1100
283,44.1800,44.1900,44.1700,44.1900,4365
284,44.1850,44.1900,44.1800,44.1800,2200
285,44.1800,44.2090,44.1750,44.2090,3928
286,44.2050,44.2100,44.2000,44.2100,1600
287,44.2100,44.2100,44.2000,44.2100,2901
288,44.2190,44.2290,44.2190,44.2210,1917
289,44.2200,44.2250,44.2000,44.2050,5383
290,44.2200,44.2200,44.2200,44.2200,1100
291,44.2300,44.2300,44.2100,44.2100,3054
292,44.2100,44.2350,44.2100,44.2350,2989
293,44.2390,44.2400,44.2200,44.2200,3695
294,44.2290,44.2290,44.2290,44.2290,100
295,44.2200,44.2200,44.2200,44.2200,200
296,44.2200,44.2200,44.2200,44.2200,200
297,44.2300,44.2300,44.2250,44.2250,400
298,44.2300,44.2300,44.2100,44.2100,3416
299,44.2150,44.2200,44.2150,44.2200,2801
300,44.2250,44.2250,44.2050,44.2101,3740
301,44.2150,44.2200,44.2150,44.2200,1000
302,44.2290,44.2300,44.2150,44.2150,2600
303,44.2200,44.2200,44.2200,44.2200,1000
304,44.2290,44.2290,44.2100,44.2200,2900
305,44.2200,44.2400,44.2150,44.2350,4172
306,44.2300,44.2300,44.2100,44.2100,2800
307,44.2200,44.2400,44.2110,44.2110,7309
308,44.2200,44.2250,44.2100,44.2150,2925
309,44.2199,44.2300,44.2190,44.2300,2929
310,44.2300,44.2300,44.2200,44.2250,1729
311,44.2200,44.2200,44.2100,44.2172,2400
312,44.2190,44.2350,44.2150,44.2350,3000
313,44.2300,44.2400,44.2290,44.2390,3178
314,44.2350,44.2350,44.2200,44.2300,1600
315,44.2300,44.2300,44.2250,44.2300,2605
316,44.2300,44.2300,44.2200,44.2200,72844
317,44.2200,44.2400,44.2050,44.2400,10439
318,44.2400,44.2590,44.2400,44.2490,7665
319,44.2450,44.3200,44.2400,44.3100,7454
320,44.3200,44.3600,44.3150,44.3600,8963
321,44.3700,44.4300,44.3700,44.3700,26098
322,44.3700,44.3700,44.3300,44.3300,4119
323,44.3300,44.3400,44.3250,44.3400,2912
324,44.3490,44.4200,44.3300,44.4200,14393
325,44.4200,44.4350,44.4000,44.4200,10157
326,44.4150,44.4500,44.4150,44.4300,4653
327,44.4400,44.4400,44.4200,44.4300,3224
328,44.4200,44.4200,44.3800,44.3800,9029
329,44.3800,44.3850,44.3300,44.3600,7123
330,44.3550,44.3800,44.3500,44.3800,2623
331,44.3790,44.4050,44.3700,44.3700,6388
332,44.3690,44.3900,44.3690,44.3900,4962
333,44.3800,44.3872,44.3500,44.3500,8179
334,44.3500,44.3550,44.3100,44.3100,6581
335,44.3100,44.3300,44.3000,44.3000,7191
336,44.3100,44.3600,44.3100,44.3600,11799
337,44.3500,44.3700,44.3400,44.3700,8084
338,44.3600,44.3600,44.3350,44.3350,3419
339,44.3300,44.3450,44.3300,44.3400,12051
340,44.3300,44.3600,44.3300,44.3500,3824
341,44.3400,44.3500,44.3100,44.3100,4744
342,44.3100,44.3100,44.3000,44.3000,3214
343,44.2900,44.2900,44.2600,44.2700,6784
344,44.2647,44.2650,44.2500,44.2590,9532
345,44.2550,44.2700,44.2550,44.2600,1354
346,44.2600,44.2650,44.2200,44.2200,5918
347,44.2200,44.2400,44.2200,44.2390,3000
348,44.2400,44.2400,44.2000,44.2100,6447
349,44.2102,44.2500,44.2100,44.2450,3111
350,44.2400,44.2400,44.2250,44.2300,6763
351,44.2350,44.2350,44.2200,44.2200,3373
352,44.2200,44.2300,44.2100,44.2100,2454
353,44.2200,44.2290,44.2150,44.2290,2500
354,44.2300,44.2450,44.2200,44.2200,7226
355,44.2300,44.2300,44.2200,44.2200,4000
356,44.2200,44.2200,44.2100,44.2200,5047
357,44.2300,44.2500,44.2290,44.2490,1650
358,44.2400,44.2494,44.2400,44.2400,2965
359,44.2450,44.2600,44.2400,44.2600,7441
360,44.2650,44.2650,44.2500,44.2600,5923
361,44.2690,44.2690,44.2400,44.2450,5441
362,44.2450,44.2550,44.2100,44.2200,21576
363,44.2200,44.2350,44.2100,44.2350,8265
364,44.2200,44.2200,44.2050,44.2100,13054
365,44.2150,44.2250,44.2100,44.2100,4132
366,44.2100,44.2200,44.1900,44.1950,5206
367,44.2000,44.2100,44.1950,44.2090,3500
368,44.2100,44.2250,44.2000,44.2250,6865
369,44.2300,44.2400,44.2250,44.2300,10448
370,44.2350,44.2450,44.2300,44.2400,7400
371,44.2400,44.2600,44.2400,44.2600,4393
372,44.2600,44.2700,44.2600,44.2700,6799
373,44.2600,44.2700,44.2550,44.2700,7160
374,44.2800,44.2800,44.2500,44.2500,8482
375,44.2500,44.2700,44.2400,44.2700,9588
376,44.2800,44.3000,44.2700,44.2750,11081
377,44.2800,44.3000,44.2750,44.3000,9827
378,44.3000,44.3200,44.2900,44.3100,9856
379,44.3100,44.3300,44.3050,44.3300,10391
380,44.3400,44.3400,44.3050,44.3300,13900
381,44.3350,44.3700,44.3300,44.3600,18119
382,44.3600,44.3650,44.3550,44.3600,6151
383,44.3550,44.3650,44.3500,44.3500,11299
384,44.3500,44.3700,44.3500,44.3650,8751
385,44.3600,44.3700,44.3500,44.3650,12040
386,44.3650,44.3900,44.3650,44.3800,17196
387,44.3800,44.3850,44.3400,44.3450,13946
388,44.3450,44.3500,44.3400,44.3450,12800
389,44.3450,44.3600,44.3400,44.3550,30076
390,44.3550,44.3550,44.3300,44.3400,43748