SCG,SCANA Corp,Utilities,11,Multi-Utilities,9749853163,1086325
a1497015000,67.58,67.58,67.58,67.58,6886
2,67.72,67.78,67.715,67.715,948
3,67.67,67.69,67.67,67.69,300
4,67.6271,67.6271,67.6271,67.6271,168
5,67.45,67.54,67.45,67.51,600
6,67.41,67.52,67.41,67.44,4500
8,67.39,67.41,67.39,67.41,300
9,67.4,67.43,67.4,67.4,2434
10,67.45,67.45,67.43,67.43,531
11,67.59,67.59,67.49,67.49,6525
12,67.6,67.6,67.6,67.6,1000
13,67.63,67.63,67.59,67.6,1600
14,67.63,67.63,67.59,67.59,1046
16,67.6075,67.61,67.6075,67.61,700
17,67.64,67.64,67.62,67.62,1965
18,67.66,67.66,67.63,67.63,865
19,67.75,67.75,67.73,67.74,10600
20,67.72,67.74,67.72,67.74,300
21,67.75,67.75,67.71,67.71,2000
22,67.77,67.77,67.76,67.76,200
23,67.75,67.75,67.75,67.75,100
24,67.73,67.78,67.73,67.75,3135
25,67.74,67.78,67.73,67.73,2916
26,67.7395,67.76,67.735,67.735,800
27,67.77,67.77,67.77,67.77,100
28,67.73,67.75,67.73,67.74,600
29,67.69,67.76,67.69,67.76,1300
30,67.7,67.7,67.66,67.69,1230
31,67.695,67.7,67.66,67.66,2905
32,67.72,67.72,67.69,67.69,1125
33,67.74,67.74,67.74,67.74,300
34,67.75,67.76,67.75,67.75,2000
35,67.8,67.8,67.75,67.75,2600
36,67.74,67.77,67.74,67.77,460
37,67.75,67.75,67.74,67.75,1700
38,67.73,67.78,67.7205,67.735,18738
39,67.73,67.74,67.715,67.725,700
40,67.7501,67.765,67.74,67.74,1395
41,67.73,67.76,67.73,67.76,500
42,67.71,67.715,67.71,67.71,300
43,67.72,67.72,67.66,67.71,1500
44,67.72,67.72,67.71,67.71,300
45,67.7,67.7,67.7,67.7,100
46,67.68,67.68,67.66,67.67,953
47,67.71,67.71,67.66,67.66,300
49,67.72,67.72,67.71,67.71,300
50,67.73,67.76,67.72,67.72,800
52,67.67,67.72,67.67,67.72,500
53,67.69,67.69,67.69,67.69,100
55,67.63,67.66,67.63,67.66,400
56,67.68,67.68,67.65,67.65,2225
57,67.64,67.7,67.64,67.68,2596
58,67.59,67.6,67.59,67.6,300
59,67.63,67.67,67.61,67.61,2200
60,67.64,67.64,67.64,67.64,400
61,67.61,67.62,67.61,67.62,200
62,67.64,67.64,67.63,67.63,400
64,67.57,67.61,67.56,67.61,5321
65,67.58,67.58,67.58,67.58,600
66,67.59,67.62,67.59,67.6199,2140
67,67.56,67.59,67.55,67.55,900
68,67.5545,67.56,67.54,67.54,2200
69,67.55,67.55,67.55,67.55,100
70,67.58,67.61,67.57,67.57,1100
71,67.6,67.6,67.57,67.57,900
72,67.6,67.64,67.6,67.61,400
73,67.62,67.62,67.6,67.6,300
74,67.62,67.62,67.61,67.61,1000
75,67.68,67.68,67.65,67.65,300
76,67.72,67.72,67.68,67.68,1100
77,67.665,67.68,67.66,67.68,600
80,67.62,67.65,67.62,67.63,1100
81,67.6201,67.63,67.61,67.61,1200
82,67.61,67.63,67.61,67.63,200
83,67.6901,67.7,67.67,67.67,875
84,67.67,67.67,67.67,67.67,100
86,67.645,67.69,67.64,67.68,900
87,67.67,67.67,67.67,67.67,700
88,67.67,67.69,67.67,67.68,900
89,67.6739,67.6739,67.6739,67.6739,250
91,67.62,67.69,67.62,67.69,1300
92,67.66,67.66,67.66,67.66,400
93,67.66,67.66,67.65,67.65,200
94,67.66,67.66,67.66,67.66,600
95,67.635,67.66,67.62,67.66,1700
97,67.66,67.66,67.64,67.64,1100
98,67.65,67.65,67.6482,67.65,1045
99,67.68,67.69,67.67,67.67,1200
100,67.67,67.68,67.67,67.68,600
101,67.66,67.66,67.66,67.66,600
103,67.67,67.68,67.67,67.68,200
106,67.71,67.71,67.69,67.69,700
107,67.69,67.7,67.66,67.7,2000
108,67.69,67.69,67.69,67.69,400
109,67.69,67.69,67.68,67.68,300
110,67.72,67.72,67.7,67.7,400
111,67.76,67.76,67.75,67.75,300
113,67.78,67.78,67.75,67.75,400
114,67.82,67.82,67.78,67.78,600
115,67.81,67.81,67.8,67.8,1067
116,67.84,67.85,67.82,67.82,400
117,67.84,67.88,67.84,67.84,1400
118,67.83,67.83,67.83,67.83,200
119,67.85,67.85,67.85,67.85,200
121,67.9,67.9,67.87,67.87,800
122,67.88,67.89,67.87,67.89,1400
124,67.89,67.89,67.89,67.89,100
125,67.855,67.86,67.855,67.86,800
126,67.84,67.84,67.84,67.84,200
127,67.79,67.8,67.79,67.8,200
130,67.83,67.83,67.82,67.82,500
131,67.82,67.84,67.82,67.84,200
132,67.78,67.831,67.78,67.831,600
133,67.79,67.81,67.79,67.8,2450
134,67.76,67.78,67.76,67.78,400
135,67.77,67.77,67.76,67.765,500
137,67.72,67.77,67.72,67.75,2696
138,67.73,67.735,67.715,67.725,3100
139,67.77,67.77,67.72,67.72,1500
140,67.74,67.77,67.73,67.76,1500
141,67.75,67.75,67.72,67.7208,1400
142,67.73,67.75,67.73,67.75,1000
143,67.73,67.74,67.73,67.74,300
144,67.74,67.74,67.72,67.72,900
145,67.7625,67.7625,67.76,67.76,200
146,67.77,67.785,67.77,67.7799,1365
147,67.74,67.76,67.74,67.76,300
148,67.745,67.745,67.745,67.745,600
149,67.745,67.745,67.745,67.745,400
150,67.77,67.77,67.76,67.76,1000
152,67.8,67.8,67.77,67.77,800
153,67.8,67.81,67.79,67.81,3258
157,67.81,67.81,67.79,67.79,1700
158,67.81,67.81,67.8,67.8,200
159,67.85,67.85,67.82,67.82,700
160,67.79,67.8425,67.79,67.83,2387
161,67.77,67.8,67.77,67.79,700
162,67.8,67.8,67.78,67.78,900
163,67.81,67.83,67.81,67.8153,709
164,67.7801,67.82,67.7801,67.82,600
166,67.82,67.84,67.805,67.81,700
167,67.84,67.84,67.8,67.82,1300
168,67.83,67.83,67.8,67.82,500
169,67.78,67.78,67.78,67.78,215
170,67.82,67.82,67.82,67.82,100
171,67.84,67.84,67.82,67.82,500
172,67.78,67.85,67.78,67.85,1000
175,67.77,67.77,67.77,67.77,200
177,67.77,67.77,67.75,67.75,1200
178,67.72,67.74,67.72,67.73,330
180,67.68,67.72,67.68,67.72,200
182,67.7,67.71,67.68,67.68,1300
183,67.71,67.74,67.7,67.7,1000
184,67.75,67.75,67.73,67.73,800
185,67.7,67.73,67.68,67.73,1500
186,67.6589,67.67,67.646,67.67,690
187,67.69,67.69,67.66,67.66,600
188,67.66,67.68,67.66,67.68,550
189,67.69,67.69,67.69,67.69,200
190,67.68,67.7,67.67,67.7,1400
193,67.68,67.7,67.68,67.7,248
194,67.72,67.72,67.7,67.7,700
195,67.71,67.73,67.71,67.73,700
196,67.65,67.69,67.65,67.69,500
197,67.72,67.72,67.67,67.67,1100
198,67.7,67.7,67.69,67.7,700
199,67.7042,67.7042,67.7042,67.7042,100
201,67.68,67.68,67.68,67.68,100
202,67.68,67.69,67.68,67.69,400
203,67.67,67.69,67.67,67.68,300
206,67.66,67.69,67.66,67.68,1000
208,67.69,67.69,67.69,67.69,200
209,67.7,67.71,67.68,67.71,400
210,67.67,67.68,67.67,67.68,400
211,67.66,67.66,67.65,67.65,500
212,67.63,67.64,67.63,67.64,500
213,67.65,67.65,67.63,67.649,500
214,67.63,67.63,67.63,67.63,100
215,67.62,67.66,67.62,67.66,701
217,67.59,67.59,67.59,67.59,511
220,67.53,67.53,67.5,67.5,200
221,67.58,67.58,67.52,67.53,1804
222,67.49,67.61,67.45,67.59,3340
223,67.49,67.52,67.49,67.51,885
224,67.48,67.52,67.47,67.47,1150
225,67.52,67.52,67.5,67.5,1200
226,67.525,67.53,67.51,67.51,1400
227,67.57,67.57,67.55,67.55,600
228,67.63,67.63,67.58,67.58,300
229,67.6,67.63,67.6,67.63,800
230,67.6,67.61,67.59,67.6,797
231,67.6,67.64,67.6,67.64,500
232,67.59,67.63,67.58,67.6,1200
233,67.57,67.57,67.57,67.57,236
234,67.59,67.6,67.56,67.56,500
235,67.56,67.58,67.56,67.58,300
236,67.54,67.54,67.54,67.54,100
237,67.57,67.57,67.51,67.51,900
240,67.58,67.58,67.57,67.57,400
243,67.5947,67.5947,67.58,67.58,825
244,67.57,67.57,67.57,67.57,100
245,67.61,67.61,67.59,67.6,600
247,67.6204,67.6204,67.59,67.59,1713
248,67.61,67.62,67.61,67.62,700
249,67.617,67.63,67.61,67.61,1133
250,67.59,67.59,67.59,67.59,100
251,67.58,67.581,67.57,67.58,600
252,67.53,67.55,67.53,67.54,400
255,67.54,67.55,67.525,67.525,800
256,67.55,67.55,67.5496,67.5496,435
258,67.57,67.58,67.56,67.56,2162
259,67.61,67.64,67.59,67.59,1700
261,67.62,67.62,67.62,67.62,100
262,67.6,67.6,67.57,67.58,900
263,67.6,67.6,67.6,67.6,300
264,67.62,67.62,67.62,67.62,100
265,67.64,67.64,67.62,67.62,300
266,67.64,67.64,67.6252,67.64,370
267,67.64,67.65,67.64,67.64,1200
268,67.64,67.64,67.6,67.635,1400
269,67.66,67.66,67.65,67.65,200
270,67.7,67.7,67.7,67.7,300
271,67.73,67.74,67.71,67.72,1600
272,67.7085,67.7085,67.7085,67.7085,179
273,67.67,67.71,67.67,67.71,1071
274,67.68,67.68,67.66,67.66,1600
275,67.68,67.69,67.67,67.69,1500
276,67.69,67.71,67.69,67.7,316
277,67.7,67.7,67.7,67.7,300
279,67.7,67.7,67.7,67.7,700
280,67.71,67.73,67.7,67.71,2400
281,67.73,67.73,67.73,67.73,300
282,67.68,67.7,67.68,67.7,400
284,67.7,67.71,67.7,67.71,608
285,67.72,67.72,67.72,67.72,100
287,67.75,67.75,67.71,67.71,1000
288,67.72,67.72,67.72,67.72,100
289,67.73,67.73,67.72,67.72,200
291,67.74,67.74,67.74,67.74,400
292,67.79,67.79,67.74,67.74,1484
293,67.79,67.79,67.78,67.79,4890
294,67.79,67.8,67.79,67.79,1800
296,67.81,67.81,67.785,67.79,2600
298,67.792,67.8,67.79,67.8,2700
299,67.79,67.79,67.79,67.79,300
300,67.8,67.81,67.785,67.8,8688
301,67.8,67.8,67.8,67.8,300
302,67.8,67.81,67.8,67.8,1360
303,67.82,67.82,67.8,67.81,1200
304,67.8,67.83,67.8,67.8,1200
305,67.82,67.82,67.79,67.79,1000
306,67.82,67.82,67.81,67.81,700
307,67.83,67.83,67.81,67.82,3628
308,67.83,67.83,67.82,67.82,900
309,67.85,67.85,67.825,67.825,1121
310,67.8423,67.88,67.84,67.88,1580
311,67.84,67.84,67.82,67.83,1200
312,67.86,67.86,67.83,67.83,3056
313,67.87,67.87,67.85,67.85,1600
314,67.88,67.88,67.85,67.86,1800
315,67.88,67.89,67.87,67.88,3687
316,67.869,67.89,67.86,67.89,2100
317,67.88,67.88,67.82,67.87,3500
318,67.88,67.88,67.86,67.86,1300
319,67.93,67.93,67.89,67.89,721
320,67.97,67.97,67.96,67.96,300
321,67.98,68.07,67.98,67.99,5480
323,68.03,68.03,67.982,67.982,1716
324,68.17,68.17,68.04,68.04,2408
325,68.13,68.19,68.11,68.19,8628
326,68.1,68.14,68.1,68.14,1100
327,68.1172,68.13,68.1,68.1,1100
328,68.04,68.11,68.02,68.11,11362
329,67.99,68.04,67.96,68.04,1467
330,68.01,68.01,67.99,67.99,200
331,68.03,68.055,68.03,68.055,411
332,68.025,68.025,68.025,68.025,431
333,68.06,68.06,68.02,68.02,400
334,67.96,68.01,67.96,68.01,810
335,67.97,67.97,67.95,67.95,1394
336,68.01,68.01,67.97,67.97,1200
337,67.9744,67.98,67.9744,67.98,726
338,67.89,67.98,67.89,67.98,3714
339,67.92,67.94,67.92,67.94,235
340,67.95,67.96,67.925,67.9291,1772
341,67.94,67.95,67.94,67.95,750
342,67.94,67.94,67.93,67.93,270
343,67.89,67.9236,67.89,67.9236,400
344,67.87,67.89,67.85,67.89,1700
345,67.85,67.85,67.85,67.85,200
346,67.83,67.85,67.82,67.85,2395
347,67.83,67.84,67.82,67.82,1000
349,67.81,67.82,67.81,67.81,715
350,67.82,67.83,67.79,67.83,1400
351,67.8,67.8,67.8,67.8,100
352,67.79,67.79,67.79,67.79,100
353,67.82,67.82,67.78,67.78,1469
354,67.82,67.82,67.82,67.82,300
355,67.81,67.81,67.81,67.81,100
356,67.79,67.81,67.78,67.81,1400
357,67.8,67.8,67.79,67.79,500
359,67.81,67.82,67.79,67.79,300
360,67.78,67.82,67.78,67.81,2362
361,67.8,67.8,67.79,67.7901,500
362,67.76,67.81,67.76,67.81,3915
363,67.8,67.8,67.78,67.78,3370
364,67.7901,67.8,67.79,67.79,2200
365,67.79,67.8,67.79,67.79,2731
366,67.76,67.8,67.74,67.8,3941
367,67.79,67.79,67.77,67.77,1610
368,67.82,67.82,67.79,67.79,3787
369,67.82,67.86,67.82,67.82,6726
370,67.8,67.8301,67.8,67.81,2319
371,67.85,67.85,67.83,67.84,2247
372,67.9,67.91,67.8401,67.85,4900
373,67.88,67.91,67.88,67.91,1500
374,67.87,67.89,67.84,67.88,5296
375,67.86,67.88,67.85,67.85,9948
376,67.85,67.88,67.82,67.86,11316
377,67.9,67.91,67.85,67.85,2002
378,67.9,67.9,67.86,67.89,3150
379,67.91,67.91,67.86,67.89,4485
380,67.93,67.93,67.91,67.92,1556
381,67.96,67.96,67.93,67.93,7163
382,67.98,67.99,67.97,67.97,2600
383,68.01,68.01,67.98,67.98,2300
384,68.015,68.04,68,68.01,4150
385,68,68.02,67.99,68,6472
386,68.025,68.03,68,68,4516
387,68.03,68.05,68.01,68.03,6997
388,68.05,68.05,68.02,68.035,4869
389,68.06,68.06,68.025,68.05,10435
390,68.04,68.06,68.04,68.055,26124
