STX,Seagate Technology,Information Technology,7,Technology Hardware Storage & Peripherals,12450558414,4090491
a1497015000,42.77,42.86,42.75,42.86,34700
1,42.75,42.85,42.6655,42.75,26106
2,42.768,42.79,42.74,42.76,3014
3,42.9,42.9,42.75,42.75,9040
4,42.99,43.02,42.88,42.92,48893
5,43.099,43.099,43.011,43.02,8685
6,43.18,43.18,43.0401,43.1,28080
7,43.33,43.33,43.18,43.18,36755
8,43.28,43.32,43.22,43.311,19417
9,43.21,43.26,43.18,43.26,13911
10,43.2,43.23,43.18,43.21,10450
11,43.151,43.2,43.151,43.2,10910
12,43.08,43.18,43.07,43.15,23263
13,43.118,43.15,43.08,43.08,10600
14,43.16,43.17,43.075,43.11,21366
15,43.2,43.23,43.16,43.16,11058
16,43.21,43.23,43.19,43.21,8173
17,43.26,43.28,43.21,43.21,31031
18,43.3,43.3,43.26,43.26,7400
19,43.37,43.37,43.295,43.295,29587
20,43.42,43.43,43.37,43.37,33472
21,43.43,43.441,43.4,43.42,19108
22,43.4059,43.45,43.4,43.43,16950
23,43.35,43.41,43.35,43.4,6470
24,43.27,43.35,43.27,43.35,7189
25,43.27,43.29,43.22,43.265,17736
26,43.39,43.4,43.27,43.27,13626
27,43.46,43.46,43.4,43.4,26035
28,43.49,43.5,43.44,43.46,21044
29,43.3438,43.49,43.3438,43.49,25663
30,43.3686,43.37,43.34,43.34,9624
31,43.31,43.4,43.31,43.38,14418
32,43.35,43.37,43.3,43.31,4163
33,43.3626,43.4,43.361,43.37,6802
34,43.345,43.37,43.33,43.36,4464
35,43.263,43.346,43.2614,43.346,8231
36,43.2701,43.3,43.2608,43.2614,9652
37,43.3,43.3,43.27,43.28,2617
38,43.24,43.2901,43.24,43.28,5507
39,43.3025,43.3112,43.26,43.26,4910
40,43.35,43.35,43.31,43.31,4942
41,43.341,43.37,43.341,43.35,12952
42,43.34,43.34,43.32,43.34,4099
43,43.4,43.4,43.33,43.34,7340
44,43.4,43.41,43.3901,43.4,18093
45,43.395,43.42,43.39,43.42,9907
46,43.3931,43.41,43.38,43.4,10212
47,43.38,43.395,43.36,43.39,14325
48,43.42,43.43,43.39,43.39,3167
49,43.47,43.47,43.43,43.44,2066
50,43.47,43.48,43.46,43.47,5894
51,43.4532,43.465,43.44,43.465,5968
52,43.3907,43.455,43.3907,43.45,5951
53,43.425,43.43,43.38,43.39,6545
54,43.43,43.46,43.425,43.425,13984
55,43.44,43.44,43.41,43.42,5997
56,43.4,43.435,43.4,43.43,6183
57,43.4,43.4,43.36,43.38,4910
58,43.4227,43.4299,43.4,43.4,8537
59,43.4,43.45,43.4,43.43,6494
60,43.41,43.41,43.39,43.4,1815
61,43.395,43.415,43.395,43.41,7910
62,43.42,43.42,43.37,43.39,4524
63,43.47,43.47,43.4,43.41,8826
64,43.51,43.52,43.46,43.46,29410
65,43.495,43.53,43.49,43.51,9864
66,43.4419,43.48,43.44,43.48,7115
67,43.44,43.44,43.41,43.4386,9031
68,43.4,43.441,43.38,43.43,16166
69,43.39,43.41,43.39,43.4,6285
70,43.375,43.39,43.375,43.39,1735
71,43.32,43.37,43.32,43.37,2768
72,43.32,43.34,43.315,43.3164,7006
73,43.39,43.39,43.3,43.315,5380
74,43.35,43.3766,43.34,43.3766,5746
75,43.34,43.34,43.34,43.34,925
76,43.36,43.37,43.33,43.33,6548
77,43.34,43.36,43.34,43.36,5158
78,43.3,43.33,43.3,43.33,5822
79,43.27,43.29,43.2501,43.29,9609
80,43.29,43.32,43.25,43.25,8404
81,43.27,43.29,43.27,43.28,2800
82,43.28,43.29,43.265,43.27,9000
83,43.28,43.295,43.26,43.295,4212
84,43.3,43.3,43.27,43.2806,5689
85,43.3038,43.3038,43.269,43.3,12162
86,43.28,43.3166,43.27,43.31,4654
87,43.27,43.295,43.27,43.27,8777
88,43.27,43.27,43.25,43.26,2131
89,43.255,43.27,43.25,43.2648,4661
90,43.24,43.25,43.215,43.25,4352
91,43.22,43.24,43.22,43.23,5900
92,43.21,43.22,43.21,43.22,400
93,43.295,43.31,43.18,43.2,73192
94,43.38,43.38,43.29,43.2924,37305
95,43.32,43.39,43.3199,43.39,11039
96,43.28,43.3199,43.28,43.315,9400
97,43.29,43.29,43.2631,43.28,9940
98,43.3,43.31,43.29,43.3,6800
99,43.37,43.37,43.3,43.3,11043
100,43.4099,43.42,43.38,43.38,10848
101,43.36,43.425,43.36,43.4199,5696
102,43.355,43.36,43.3399,43.36,4328
103,43.3799,43.38,43.32,43.3531,8384
104,43.37,43.3993,43.36,43.3701,4500
105,43.416,43.416,43.36,43.37,17248
106,43.39,43.43,43.39,43.41,13742
107,43.36,43.41,43.35,43.39,20997
108,43.33,43.35,43.33,43.35,1700
109,43.33,43.34,43.3199,43.33,9152
110,43.3105,43.355,43.31,43.32,12623
111,43.28,43.32,43.28,43.31,2200
112,43.32,43.32,43.265,43.27,6500
113,43.39,43.39,43.32,43.32,10600
114,43.295,43.38,43.28,43.38,5506
115,43.2567,43.29,43.2567,43.29,3430
116,43.23,43.27,43.22,43.25,13192
117,43.2,43.235,43.1699,43.225,27985
118,43.19,43.2,43.19,43.19,6056
119,43.165,43.18,43.1601,43.18,4700
120,43.16,43.17,43.15,43.165,2500
121,43.2393,43.2393,43.16,43.16,17292
122,43.26,43.26,43.22,43.23,5500
123,43.26,43.28,43.26,43.26,2700
124,43.21,43.26,43.21,43.26,3300
125,43.19,43.2499,43.1835,43.19,4137
126,43.15,43.195,43.14,43.19,5967
127,43.14,43.15,43.12,43.145,7651
128,43.12,43.155,43.12,43.15,4165
129,43.08,43.121,43.08,43.121,6079
130,43.11,43.11,43.07,43.08,8385
131,43.1,43.11,43.08,43.105,4281
132,43.1299,43.13,43.085,43.09,5709
133,43.1299,43.1368,43.12,43.13,1774
134,43.14,43.18,43.13,43.13,6466
135,43.16,43.17,43.145,43.145,1814
136,43.17,43.18,43.16,43.16,4386
137,43.19,43.2,43.17,43.17,5509
138,43.15,43.18,43.14,43.18,5190
139,43.12,43.145,43.12,43.14,3176
140,43.15,43.16,43.13,43.13,3300
141,43.21,43.22,43.16,43.16,10623
142,43.2,43.22,43.2,43.22,2545
143,43.15,43.1963,43.15,43.1963,1989
144,43.16,43.1812,43.15,43.15,3063
145,43.19,43.19,43.165,43.165,1322
146,43.2,43.2,43.17,43.18,2300
147,43.23,43.26,43.2,43.2,5350
148,43.23,43.25,43.23,43.2499,2350
149,43.22,43.23,43.22,43.22,2150
150,43.1999,43.22,43.175,43.22,4632
151,43.1599,43.19,43.15,43.19,7670
152,43.14,43.15,43.13,43.15,3460
153,43.14,43.14,43.1244,43.14,3875
154,43.145,43.15,43.14,43.14,2229
155,43.12,43.15,43.12,43.14,2681
156,43.14,43.14,43.13,43.13,3039
157,43.135,43.14,43.13,43.13,500
158,43.16,43.16,43.14,43.14,2995
159,43.13,43.15,43.12,43.15,8592
160,43.1501,43.16,43.13,43.13,3549
161,43.17,43.18,43.1527,43.1527,3038
162,43.18,43.1899,43.17,43.1784,4750
163,43.15,43.18,43.14,43.18,5267
164,43.1,43.14,43.09,43.14,8312
165,43.0601,43.095,43.06,43.095,3300
166,43.07,43.09,43.05,43.07,8205
167,43.03,43.065,43.03,43.06,5131
168,43.04,43.0425,42.98,43.02,8156
169,43.0299,43.04,43.02,43.03,2103
170,43.02,43.04,43.01,43.03,3517
171,43.01,43.031,43.01,43.03,3234
172,42.98,43,42.965,43,6564
173,43.015,43.02,42.99,42.99,3199
174,43.02,43.03,43.01,43.01,3124
175,42.97,43.0299,42.97,43.02,6353
176,42.95,43,42.95,43,2548
177,42.91,42.95,42.91,42.94,5500
178,42.95,42.96,42.9,42.9,2377
179,42.94,42.955,42.93,42.94,4052
180,42.94,42.94,42.92,42.94,5401
181,42.96,42.96,42.939,42.94,2824
182,42.93,42.95,42.93,42.95,1887
183,42.92,42.9238,42.88,42.9238,7259
184,42.89,42.91,42.89,42.9019,3120
185,42.84,42.88,42.82,42.87,7186
186,42.84,42.85,42.82,42.85,2000
187,42.8,42.837,42.79,42.83,2510
188,42.76,42.81,42.76,42.7901,11122
189,42.75,42.78,42.73,42.78,10808
190,42.7699,42.7829,42.75,42.759,6100
191,42.78,42.78,42.75,42.76,2700
192,42.82,42.83,42.77,42.78,6750
193,42.8,42.82,42.8,42.82,2280
194,42.75,42.8107,42.73,42.8,8837
195,42.79,42.81,42.765,42.77,3700
196,42.755,42.79,42.72,42.79,5141
197,42.745,42.79,42.745,42.77,4571
198,42.71,42.77,42.69,42.75,30298
199,42.69,42.7,42.6714,42.7,11135
200,42.69,42.69,42.67,42.69,6059
201,42.665,42.6944,42.64,42.69,12057
202,42.66,42.685,42.66,42.665,7100
203,42.65,42.67,42.635,42.659,4832
204,42.67,42.68,42.635,42.65,11792
205,42.81,42.82,42.67,42.67,22623
206,42.78,42.82,42.7725,42.815,11649
207,42.765,42.775,42.76,42.77,4468
208,42.83,42.84,42.765,42.765,19620
209,42.805,42.83,42.8,42.83,4256
210,42.82,42.8532,42.8,42.8,9930
211,42.875,42.885,42.82,42.825,6080
212,42.86,42.87,42.83,42.86,4950
213,42.83,42.85,42.8199,42.85,6498
214,42.8354,42.8432,42.82,42.83,3591
215,42.805,42.83,42.79,42.83,6226
216,42.815,42.815,42.77,42.8,12239
217,42.84,42.84,42.81,42.82,12325
218,42.83,42.85,42.82,42.8301,6524
219,42.7599,42.82,42.7599,42.82,6780
220,42.77,42.7807,42.76,42.76,2653
221,42.71,42.77,42.71,42.77,9435
222,42.715,42.73,42.67,42.7,17161
223,42.62,42.715,42.62,42.71,15213
224,42.63,42.66,42.63,42.63,7525
225,42.615,42.62,42.55,42.61,15623
226,42.63,42.63,42.6,42.61,5751
227,42.56,42.63,42.56,42.63,9403
228,42.53,42.55,42.45,42.55,20625
229,42.53,42.5414,42.518,42.54,4620
230,42.52,42.57,42.52,42.523,6775
231,42.57,42.57,42.53,42.53,12400
232,42.59,42.59,42.5458,42.56,2100
233,42.59,42.6,42.59,42.591,3600
234,42.61,42.61,42.57,42.58,7275
235,42.65,42.65,42.6201,42.63,4491
236,42.6501,42.66,42.63,42.65,3247
237,42.61,42.6558,42.61,42.6558,4900
238,42.63,42.64,42.6085,42.6085,4636
239,42.64,42.64,42.62,42.62,3715
240,42.7,42.7,42.65,42.65,4243
241,42.66,42.7,42.65,42.7,2080
242,42.62,42.66,42.61,42.65,5074
243,42.615,42.63,42.61,42.62,3660
244,42.61,42.615,42.6,42.61,3512
245,42.6,42.6099,42.58,42.6099,5922
246,42.6,42.6,42.59,42.59,2400
247,42.55,42.605,42.5499,42.6,7410
248,42.55,42.57,42.54,42.54,6635
249,42.43,42.55,42.39,42.545,15093
250,42.45,42.47,42.3866,42.42,10650
251,42.455,42.48,42.45,42.455,4115
252,42.44,42.47,42.39,42.46,7701
253,42.43,42.48,42.41,42.43,6325
254,42.435,42.46,42.42,42.4387,4663
255,42.48,42.48,42.44,42.44,2150
256,42.46,42.485,42.46,42.48,2695
257,42.45,42.48,42.45,42.48,2300
258,42.44,42.44,42.425,42.43,4701
259,42.37,42.43,42.36,42.43,11646
260,42.34,42.38,42.3,42.37,13647
261,42.39,42.42,42.3434,42.35,9915
262,42.38,42.4,42.37,42.4,4844
263,42.4262,42.44,42.39,42.4,4712
264,42.39,42.4409,42.37,42.43,6971
265,42.33,42.3934,42.33,42.3934,6864
266,42.39,42.39,42.35,42.35,5442
267,42.38,42.39,42.35,42.39,5300
268,42.21,42.37,42.21,42.37,11964
269,42.26,42.33,42.23,42.23,6358
270,42.2598,42.28,42.23,42.23,9664
271,42.28,42.29,42.24,42.24,10917
272,42.23,42.31,42.23,42.29,5850
273,42.25,42.25,42.22,42.22,8767
274,42.2464,42.29,42.24,42.24,13112
275,42.29,42.31,42.24,42.24,4713
276,42.3,42.31,42.28,42.29,6180
277,42.29,42.3106,42.29,42.3,3765
278,42.3,42.33,42.3,42.3,9092
279,42.31,42.31,42.28,42.3,5133
280,42.27,42.34,42.27,42.31,7437
281,42.28,42.3,42.26,42.28,4100
282,42.31,42.31,42.29,42.29,1851
283,42.315,42.33,42.31,42.32,4000
284,42.28,42.3,42.239,42.3,4577
285,42.3,42.3,42.22,42.27,17940
286,42.31,42.32,42.3,42.3,6800
287,42.287,42.31,42.23,42.31,8933
288,42.309,42.33,42.28,42.29,7838
289,42.28,42.32,42.28,42.32,5190
290,42.269,42.29,42.269,42.286,3356
291,42.32,42.34,42.26,42.265,11595
292,42.33,42.34,42.31,42.32,7525
293,42.318,42.34,42.31,42.33,10378
294,42.36,42.36,42.32,42.32,3894
295,42.325,42.368,42.32,42.35,5340
296,42.3632,42.37,42.3,42.32,5200
297,42.33,42.36,42.33,42.3587,10685
298,42.35,42.388,42.33,42.34,5410
299,42.33,42.38,42.33,42.36,6200
300,42.32,42.34,42.31,42.32,3482
301,42.32,42.3333,42.31,42.32,14652
302,42.35,42.38,42.32,42.32,6605
303,42.38,42.38,42.34,42.34,4022
304,42.32,42.37,42.3088,42.37,11649
305,42.26,42.33,42.23,42.33,18403
306,42.24,42.269,42.21,42.25,26311
307,42.22,42.248,42.21,42.23,8124
308,42.2,42.24,42.2,42.23,21857
309,42.209,42.22,42.18,42.2,10645
310,42.23,42.25,42.19,42.2,8273
311,42.1705,42.23,42.1705,42.23,7145
312,42.18,42.22,42.18,42.18,6800
313,42.097,42.178,42.08,42.178,10480
314,42.08,42.11,42.05,42.09,12347
315,42.04,42.06,41.98,42.06,25300
316,42.03,42.057,42.01,42.03,6870
317,41.98,42.03,41.93,42.03,31371
318,41.9698,41.9932,41.95,41.98,11198
319,41.827,41.96,41.79,41.96,22413
320,41.63,41.83,41.63,41.83,36913
321,41.78,41.79,41.6,41.61,24242
322,41.81,41.859,41.78,41.78,8309
323,41.85,41.88,41.82,41.82,11808
324,41.83,41.85,41.78,41.85,8979
325,41.9,41.91,41.83,41.83,7176
326,41.93,41.97,41.8996,41.94,23900
327,41.96,41.96,41.878,41.92,19428
328,41.9989,42.03,41.98,41.98,9733
329,41.91,42.01,41.91,42.008,11362
330,41.93,41.948,41.8899,41.92,12573
331,41.92,41.92,41.89,41.91,7497
332,42.118,42.118,41.91,41.9144,14348
333,42.228,42.3,42.1,42.1,38228
334,42.277,42.2985,42.21,42.21,11164
335,42.18,42.2593,42.16,42.2593,5421
336,42.1556,42.21,42.15,42.18,10522
337,42.11,42.16,42.1,42.16,4088
338,42.17,42.17,42.1,42.1,12007
339,42.209,42.209,42.14,42.1604,13911
340,42.28,42.29,42.2001,42.2001,3260
341,42.3,42.33,42.269,42.28,21243
342,42.42,42.43,42.308,42.308,44577
343,42.45,42.5,42.42,42.42,18517
344,42.34,42.44,42.3001,42.44,21088
345,42.35,42.4,42.35,42.36,6000
346,42.37,42.399,42.36,42.36,8564
347,42.415,42.43,42.37,42.37,26732
348,42.3,42.425,42.29,42.42,10562
349,42.33,42.33,42.26,42.3,22359
350,42.4,42.43,42.32,42.3228,9412
351,42.33,42.385,42.33,42.38,6146
352,42.34,42.36,42.32,42.32,12800
353,42.33,42.35,42.33,42.33,3100
354,42.35,42.355,42.3,42.34,15842
355,42.428,42.428,42.35,42.35,7280
356,42.37,42.4174,42.361,42.4174,9842
357,42.34,42.37,42.3,42.37,28639
358,42.289,42.34,42.27,42.34,23244
359,42.3,42.3,42.25,42.28,17346
360,42.37,42.37,42.3,42.3,14243
361,42.29,42.37,42.279,42.37,15131
362,42.28,42.318,42.27,42.29,5906
363,42.21,42.27,42.18,42.27,12475
364,42.17,42.22,42.13,42.21,35728
365,42.25,42.26,42.18,42.185,10449
366,42.27,42.29,42.25,42.25,16728
367,42.27,42.29,42.26,42.26,12867
368,42.258,42.28,42.225,42.275,15948
369,42.28,42.28,42.24,42.25,10838
370,42.245,42.28,42.24,42.27,13356
371,42.205,42.25,42.2,42.24,32129
372,42.2,42.23,42.17,42.205,16717
373,42.2,42.22,42.18,42.2,27467
374,42.22,42.24,42.2,42.2,21066
375,42.21,42.23,42.18,42.22,25738
376,42.25,42.25,42.2,42.2,29998
377,42.23,42.245,42.2,42.24,16783
378,42.179,42.23,42.179,42.23,9074
379,42.18,42.195,42.18,42.18,24616
380,42.21,42.228,42.18,42.18,28920
381,42.29,42.31,42.21,42.21,48565
382,42.29,42.3,42.27,42.28,7701
383,42.345,42.345,42.3,42.3,31998
384,42.325,42.35,42.309,42.345,65803
385,42.345,42.345,42.3,42.325,17518
386,42.335,42.37,42.31,42.34,23615
387,42.33,42.335,42.28,42.33,41580
388,42.38,42.38,42.325,42.325,26714
389,42.32,42.37,42.32,42.37,32341
390,42.37,42.38,42.31,42.32,236173
