SYY,Sysco Corp.,Consumer Staples,2,Food Distributors,29644978057,2814725
a1499617800,55.0000,55.0000,55.0000,55.0000,20360
1,54.9300,54.9300,54.9300,54.9300,218
3,54.9700,54.9700,54.9700,54.9700,400
4,54.9600,54.9600,54.9450,54.9500,1501
5,54.9600,54.9600,54.9100,54.9200,1813
6,54.9100,54.9300,54.8700,54.8700,2512
7,54.8800,54.8800,54.8700,54.8800,1497
8,54.8900,54.9289,54.8900,54.9289,2071
9,54.9200,54.9500,54.9200,54.9300,2200
10,54.9300,54.9300,54.9300,54.9300,100
11,54.9600,54.9900,54.9500,54.9800,2994
12,54.9900,55.0100,54.9900,55.0100,1647
13,55.0200,55.0400,55.0100,55.0100,3601
14,55.0000,55.0000,55.0000,55.0000,300
15,55.0400,55.0900,55.0400,55.0600,2269
16,55.0500,55.0500,55.0400,55.0450,925
17,55.0445,55.0550,55.0445,55.0500,3249
18,55.0500,55.0700,55.0500,55.0700,1300
19,55.0600,55.0700,55.0500,55.0500,2193
20,55.0400,55.0400,55.0168,55.0200,1390
21,55.0200,55.0400,55.0200,55.0400,3600
22,55.0500,55.0900,55.0500,55.0900,2061
23,55.0900,55.1000,55.0900,55.1000,1300
24,55.1000,55.1200,55.1000,55.1100,3536
25,55.1200,55.1250,55.1100,55.1200,1000
26,55.1300,55.1400,55.1300,55.1400,2718
27,55.1500,55.1500,55.1200,55.1250,2645
28,55.1300,55.1400,55.1300,55.1400,1400
29,55.1400,55.1400,55.0800,55.0800,3300
30,55.0800,55.0950,55.0800,55.0950,400
31,55.1000,55.1150,55.1000,55.1000,3200
32,55.0900,55.0924,55.0900,55.0900,1195
33,55.0900,55.1000,55.0800,55.0950,2524
34,55.1000,55.1200,55.0950,55.1100,3560
35,55.1189,55.1200,55.1000,55.1000,8400
36,55.1000,55.1400,55.0950,55.1400,3250
37,55.1350,55.1400,55.1300,55.1400,1300
38,55.1500,55.1550,55.1500,55.1550,2000
39,55.1600,55.1800,55.1600,55.1700,2495
40,55.1800,55.2000,55.1800,55.1900,1200
41,55.2000,55.2000,55.1800,55.1850,1443
42,55.1850,55.1850,55.1650,55.1700,3800
43,55.1700,55.1800,55.1550,55.1550,1700
44,55.1600,55.1600,55.1502,55.1502,843
45,55.1600,55.1800,55.1600,55.1700,3200
46,55.1750,55.1900,55.1731,55.1850,3500
47,55.1850,55.2300,55.1800,55.2300,4456
48,55.2300,55.2300,55.2200,55.2300,2707
49,55.2300,55.2400,55.2300,55.2400,2600
50,55.2451,55.2550,55.2451,55.2500,2475
51,55.2500,55.2500,55.2400,55.2500,5118
52,55.2600,55.2700,55.2500,55.2700,4774
53,55.2700,55.2850,55.2700,55.2700,2895
54,55.2700,55.2700,55.2300,55.2300,2850
55,55.2200,55.2200,55.2000,55.2100,1500
56,55.2050,55.2200,55.2000,55.2200,2800
57,55.2200,55.2200,55.2000,55.2050,1400
58,55.2100,55.2300,55.2100,55.2300,5115
59,55.2400,55.2600,55.2400,55.2550,3237
60,55.2600,55.2600,55.2500,55.2600,1629
61,55.2700,55.2700,55.2400,55.2500,4521
62,55.2500,55.2600,55.2400,55.2600,4500
63,55.2600,55.2600,55.2450,55.2500,1700
64,55.2400,55.2410,55.2400,55.2410,301
65,55.2450,55.2500,55.2250,55.2250,2646
66,55.2250,55.2250,55.2100,55.2100,1400
67,55.2000,55.2100,55.2000,55.2070,2709
68,55.2100,55.2200,55.2050,55.2190,3177
70,55.2150,55.2200,55.2100,55.2100,2061
71,55.2100,55.2100,55.2000,55.2000,3047
72,55.2030,55.2050,55.2000,55.2050,300
73,55.2000,55.2100,55.2000,55.2050,1100
74,55.2050,55.2250,55.2000,55.2200,4800
75,55.2200,55.2400,55.2200,55.2400,1725
76,55.2400,55.2450,55.2150,55.2150,3532
77,55.2100,55.2100,55.1700,55.1700,4700
78,55.1750,55.1750,55.1700,55.1750,2546
80,55.1750,55.1950,55.1700,55.1950,3974
81,55.1941,55.1950,55.1750,55.1750,6440
82,55.1800,55.1800,55.1600,55.1650,1900
83,55.1600,55.1600,55.1500,55.1500,1178
84,55.1600,55.1700,55.1550,55.1700,2860
85,55.1800,55.1850,55.1700,55.1750,4275
86,55.1750,55.1750,55.1550,55.1550,1000
87,55.1550,55.1750,55.1500,55.1750,2761
88,55.1700,55.1800,55.1650,55.1800,2420
89,55.1800,55.1900,55.1800,55.1900,1400
90,55.1900,55.1900,55.1800,55.1836,4208
91,55.1800,55.1850,55.1800,55.1850,1800
92,55.1828,55.2000,55.1828,55.2000,3564
93,55.2000,55.2100,55.2000,55.2000,3301
94,55.2100,55.2100,55.2002,55.2100,1957
95,55.2100,55.2100,55.2050,55.2100,2600
96,55.2150,55.2150,55.2000,55.2000,800
97,55.2100,55.2100,55.2100,55.2100,900
98,55.2100,55.2100,55.2000,55.2000,1812
99,55.2000,55.2000,55.1900,55.1900,890
100,55.2000,55.2000,55.1989,55.1989,991
101,55.1900,55.1950,55.1900,55.1950,200
102,55.1900,55.1950,55.1800,55.1850,3089
103,55.1850,55.1850,55.1800,55.1800,1400
104,55.1899,55.2100,55.1800,55.2050,4223
105,55.2000,55.2100,55.2000,55.2000,1600
106,55.2100,55.2100,55.2050,55.2100,4198
107,55.2050,55.2050,55.1900,55.1900,1375
108,55.1800,55.1800,55.1700,55.1700,800
109,55.1750,55.1800,55.1700,55.1800,3527
110,55.1900,55.1950,55.1850,55.1900,2000
111,55.1900,55.1900,55.1750,55.1750,727
112,55.1700,55.1700,55.1400,55.1400,2300
113,55.1500,55.1500,55.1300,55.1500,2350
114,55.1500,55.1590,55.1400,55.1590,3430
115,55.1600,55.1650,55.1600,55.1600,1030
116,55.1600,55.1600,55.1500,55.1500,1417
117,55.1500,55.1650,55.1500,55.1650,1154
118,55.1700,55.1900,55.1700,55.1800,1600
119,55.1850,55.1850,55.1850,55.1850,500
120,55.1900,55.2000,55.1900,55.1900,1500
121,55.1800,55.1900,55.1800,55.1801,1431
122,55.1900,55.1947,55.1800,55.1800,2860
123,55.1800,55.1800,55.1700,55.1700,800
124,55.1700,55.1800,55.1700,55.1700,1436
125,55.1600,55.1600,55.1500,55.1600,2395
126,55.1600,55.1600,55.1400,55.1500,2100
127,55.1400,55.1450,55.1400,55.1400,800
128,55.1400,55.1600,55.1350,55.1400,5151
129,55.1400,55.1500,55.1400,55.1450,1330
130,55.1500,55.1500,55.1450,55.1450,1600
131,55.1400,55.1450,55.1400,55.1450,300
132,55.1400,55.1453,55.1400,55.1453,3700
133,55.1400,55.1450,55.1400,55.1450,400
134,55.1415,55.1415,55.1400,55.1400,5300
135,55.1400,55.1450,55.1400,55.1450,1400
136,55.1450,55.1500,55.1400,55.1450,2100
137,55.1462,55.1462,55.1462,55.1462,182
138,55.1450,55.1500,55.1400,55.1450,2900
139,55.1400,55.1500,55.1350,55.1500,3300
140,55.1550,55.1550,55.1500,55.1500,500
141,55.1550,55.1600,55.1500,55.1550,3123
142,55.1500,55.1500,55.1350,55.1350,3454
143,55.1350,55.1400,55.1200,55.1200,4702
144,55.1200,55.1200,55.1200,55.1200,300
145,55.1200,55.1200,55.1200,55.1200,600
146,55.1200,55.1200,55.1000,55.1100,1971
147,55.1050,55.1050,55.0950,55.0950,1690
148,55.0900,55.0953,55.0900,55.0950,1250
149,55.0950,55.1000,55.0900,55.0900,1400
150,55.0950,55.1000,55.0925,55.0925,1168
151,55.0950,55.1000,55.0900,55.1000,1700
152,55.0950,55.1400,55.0950,55.1400,4903
153,55.1400,55.1450,55.1300,55.1350,5046
154,55.1400,55.1544,55.1400,55.1500,1013
155,55.1550,55.1600,55.1550,55.1600,700
156,55.1650,55.1650,55.1500,55.1500,3000
157,55.1500,55.1501,55.1450,55.1450,400
158,55.1450,55.1500,55.1400,55.1400,1904
159,55.1500,55.1500,55.1500,55.1500,100
160,55.1550,55.1550,55.1350,55.1400,2640
161,55.1350,55.1450,55.1350,55.1450,1214
162,55.1400,55.1450,55.1350,55.1393,2750
163,55.1400,55.1550,55.1350,55.1500,1500
164,55.1500,55.1500,55.1400,55.1500,1700
165,55.1470,55.1500,55.1400,55.1500,2205
166,55.1500,55.1700,55.1500,55.1600,2400
167,55.1600,55.1600,55.1500,55.1600,4800
168,55.1600,55.1600,55.1400,55.1400,3500
169,55.1500,55.1653,55.1500,55.1550,2056
170,55.1600,55.1700,55.1600,55.1700,912
171,55.1700,55.1700,55.1600,55.1650,1372
172,55.1700,55.1800,55.1550,55.1800,16192
173,55.1750,55.1750,55.1700,55.1750,500
174,55.1800,55.1800,55.1500,55.1500,2400
175,55.1500,55.1500,55.1100,55.1100,900
176,55.1200,55.1271,55.1100,55.1100,1900
177,55.1100,55.1166,55.1100,55.1150,456
178,55.1100,55.1100,55.1100,55.1100,1300
179,55.1000,55.1000,55.1000,55.1000,500
180,55.0900,55.1100,55.0900,55.1100,1380
181,55.1050,55.1050,55.0950,55.0950,1886
182,55.0901,55.0950,55.0901,55.0950,368
183,55.1000,55.1100,55.1000,55.1000,4600
184,55.1050,55.1050,55.0850,55.0850,900
185,55.0800,55.0800,55.0700,55.0750,2964
186,55.0750,55.0800,55.0700,55.0750,3300
187,55.0900,55.0900,55.0350,55.0700,30247
188,55.0600,55.0600,55.0400,55.0400,3400
189,55.0500,55.0600,55.0500,55.0554,1631
190,55.0600,55.0600,55.0600,55.0600,100
191,55.0600,55.0600,55.0550,55.0550,600
192,55.0600,55.0700,55.0550,55.0700,1000
193,55.0750,55.0900,55.0750,55.0900,2700
194,55.0900,55.1100,55.0850,55.1100,2915
195,55.1100,55.1200,55.1050,55.1150,2511
196,55.1200,55.1350,55.1200,55.1350,1850
197,55.1400,55.1400,55.1300,55.1400,1700
198,55.1500,55.1700,55.1500,55.1600,3400
199,55.1600,55.1700,55.1600,55.1700,300
200,55.1700,55.1700,55.1600,55.1600,700
201,55.1600,55.1600,55.1450,55.1450,1000
202,55.1500,55.1550,55.1500,55.1500,1800
203,55.1500,55.1500,55.1400,55.1400,500
204,55.1300,55.1300,55.1290,55.1300,700
205,55.1300,55.1300,55.1250,55.1250,200
206,55.1200,55.1250,55.1200,55.1200,900
208,55.1200,55.1250,55.1000,55.1050,2600
209,55.1000,55.1050,55.1000,55.1001,3250
210,55.1050,55.1100,55.1050,55.1100,1700
211,55.1100,55.1300,55.1100,55.1300,1401
212,55.1301,55.1400,55.1300,55.1300,2600
213,55.1300,55.1300,55.1300,55.1300,500
214,55.1300,55.1300,55.1200,55.1300,540
215,55.1200,55.1300,55.1000,55.1050,2273
216,55.1000,55.1000,55.0900,55.1000,2300
217,55.1000,55.1100,55.1000,55.1000,2700
218,55.1000,55.1100,55.0925,55.1000,9200
219,55.1000,55.1000,55.0800,55.0900,1718
220,55.0900,55.0900,55.0800,55.0800,5750
221,55.0800,55.0800,55.0600,55.0800,2285
222,55.0750,55.0900,55.0650,55.0700,4980
223,55.0700,55.0800,55.0700,55.0700,1597
224,55.0650,55.0750,55.0650,55.0700,3041
225,55.0600,55.0800,55.0500,55.0800,3528
226,55.0900,55.1000,55.0800,55.0900,2100
227,55.1000,55.1050,55.0983,55.1000,1900
228,55.0900,55.0900,55.0650,55.0900,1458
229,55.1000,55.1077,55.0900,55.1077,1659
230,55.1100,55.1100,55.0900,55.0900,1200
231,55.1000,55.1100,55.0950,55.1000,1160
232,55.1000,55.1200,55.1000,55.1200,1202
233,55.1200,55.1300,55.1200,55.1300,800
234,55.1357,55.1400,55.1300,55.1400,631
235,55.1400,55.1400,55.1300,55.1300,1214
236,55.1400,55.1400,55.1200,55.1200,1100
237,55.1200,55.1200,55.1150,55.1200,1300
238,55.1200,55.1400,55.1200,55.1400,1300
239,55.1401,55.1500,55.1300,55.1350,3309
240,55.1400,55.1450,55.1301,55.1409,720
241,55.1400,55.1400,55.1300,55.1300,1200
242,55.1300,55.1300,55.1200,55.1300,783
243,55.1400,55.1500,55.1400,55.1500,900
244,55.1500,55.1500,55.1400,55.1400,1262
245,55.1400,55.1550,55.1400,55.1400,1700
246,55.1400,55.1600,55.1400,55.1500,5404
247,55.1500,55.1500,55.1443,55.1443,1148
248,55.1400,55.1569,55.1400,55.1500,4672
249,55.1400,55.1400,55.1300,55.1300,1860
250,55.1200,55.1200,55.1100,55.1200,2594
251,55.1200,55.1200,55.1100,55.1169,2242
252,55.1100,55.1150,55.0900,55.0900,3000
253,55.1000,55.1166,55.1000,55.1100,624
254,55.1150,55.1200,55.1150,55.1200,1201
255,55.1200,55.1400,55.1150,55.1400,2132
256,55.1400,55.1400,55.1400,55.1400,500
257,55.1400,55.1400,55.1400,55.1400,300
258,55.1400,55.1400,55.1400,55.1400,500
259,55.1450,55.1450,55.1300,55.1300,2800
260,55.1300,55.1400,55.1250,55.1300,1500
261,55.1400,55.1450,55.1350,55.1400,1800
262,55.1500,55.1500,55.1450,55.1450,200
263,55.1500,55.1550,55.1400,55.1400,5418
264,55.1400,55.1400,55.1300,55.1350,1600
265,55.1400,55.1400,55.1150,55.1150,2700
266,55.1100,55.1400,55.1100,55.1400,2832
267,55.1400,55.1600,55.1350,55.1600,6014
268,55.1600,55.1699,55.1500,55.1699,3018
269,55.1700,55.1900,55.1700,55.1800,3905
270,55.1750,55.2000,55.1700,55.2000,3668
271,55.2000,55.2400,55.1900,55.2000,15574
272,55.2100,55.2150,55.2000,55.2000,3115
273,55.2000,55.2050,55.1950,55.1950,4042
274,55.1999,55.2000,55.1900,55.2000,8072
275,55.2000,55.2000,55.1950,55.1950,4500
276,55.2000,55.2000,55.1900,55.1950,2882
277,55.1900,55.2000,55.1900,55.1900,2970
278,55.2000,55.2000,55.1600,55.1600,2322
279,55.1500,55.1700,55.1500,55.1600,2284
280,55.1690,55.1690,55.1400,55.1400,2157
281,55.1400,55.1400,55.1300,55.1400,2241
282,55.1500,55.1600,55.1500,55.1500,2843
283,55.1600,55.1600,55.1500,55.1500,2100
284,55.1500,55.1500,55.1200,55.1300,3122
285,55.1400,55.1600,55.1400,55.1600,4811
286,55.1600,55.1600,55.1500,55.1500,1100
287,55.1600,55.1700,55.1550,55.1600,1300
288,55.1650,55.1900,55.1600,55.1600,9245
289,55.1650,55.1700,55.1650,55.1700,2000
290,55.1650,55.1800,55.1650,55.1750,2380
291,55.1700,55.1700,55.1600,55.1600,2400
292,55.1700,55.1800,55.1700,55.1750,1900
293,55.1700,55.1750,55.1400,55.1400,3220
294,55.1400,55.1500,55.1400,55.1500,1200
295,55.1550,55.1550,55.1350,55.1400,1700
296,55.1500,55.1550,55.1500,55.1550,400
297,55.1600,55.1600,55.1300,55.1350,3700
298,55.1300,55.1400,55.1200,55.1300,2009
299,55.1300,55.1350,55.1300,55.1300,2552
300,55.1300,55.1399,55.1300,55.1399,1100
301,55.1400,55.1400,55.1400,55.1400,700
302,55.1500,55.1500,55.1350,55.1350,5317
303,55.1300,55.1500,55.1300,55.1400,2300
304,55.1300,55.1300,55.1000,55.1200,18395
305,55.1200,55.1200,55.1100,55.1156,1632
306,55.1150,55.1150,55.1000,55.1000,3750
307,55.0950,55.1150,55.0900,55.0950,7419
308,55.0900,55.0999,55.0850,55.0950,1462
309,55.1000,55.1000,55.0859,55.0950,4744
310,55.0950,55.1150,55.0900,55.1100,4190
311,55.1000,55.1050,55.0900,55.1000,2557
312,55.1050,55.1050,55.0900,55.0900,1700
313,55.0800,55.0850,55.0700,55.0800,3500
314,55.0800,55.0800,55.0500,55.0550,3462
315,55.0500,55.0600,55.0244,55.0600,3810
316,55.0600,55.0600,55.0300,55.0400,3597
317,55.0400,55.0900,55.0250,55.0750,6870
318,55.0800,55.0800,55.0400,55.0450,3902
319,55.0450,55.0700,55.0446,55.0700,3384
320,55.0800,55.0850,55.0200,55.0500,12200
321,55.0400,55.1300,55.0400,55.0400,13119
322,55.0400,55.0800,55.0400,55.0700,2100
323,55.0725,55.0900,55.0600,55.0900,6630
324,55.1000,55.1300,55.0900,55.1300,2955
325,55.1300,55.1300,55.1100,55.1200,2400
326,55.1200,55.1350,55.1200,55.1250,2438
327,55.1350,55.1400,55.1200,55.1400,2334
328,55.1405,55.1450,55.1350,55.1350,1355
329,55.1350,55.1350,55.1100,55.1100,2450
330,55.1000,55.1312,55.1000,55.1300,2121
331,55.1300,55.1300,55.1197,55.1197,2500
332,55.1300,55.1650,55.1250,55.1550,6940
333,55.1500,55.1650,55.1400,55.1400,6639
334,55.1450,55.1600,55.1250,55.1300,4202
335,55.1300,55.1350,55.1100,55.1200,2634
336,55.1200,55.1300,55.1000,55.1000,2400
337,55.1000,55.1000,55.0750,55.1000,5835
338,55.1087,55.1100,55.1050,55.1087,2225
339,55.1100,55.1200,55.1100,55.1200,1600
340,55.1300,55.1500,55.1300,55.1300,2570
341,55.1350,55.1500,55.1300,55.1400,3900
342,55.1300,55.1400,55.1300,55.1400,1767
343,55.1300,55.1300,55.1100,55.1100,3000
344,55.1100,55.1100,55.0850,55.1000,3600
345,55.1044,55.1100,55.1000,55.1000,1722
346,55.1100,55.1200,55.1100,55.1100,3800
347,55.1100,55.1150,55.0902,55.1000,4681
348,55.1000,55.1000,55.0550,55.0600,4777
349,55.0700,55.1064,55.0700,55.1064,4315
350,55.1050,55.1250,55.1000,55.1100,5763
351,55.1100,55.1100,55.0900,55.0950,3600
352,55.0950,55.1050,55.0800,55.0850,6969
353,55.0800,55.0961,55.0800,55.0902,871
354,55.0950,55.1000,55.0900,55.1000,4800
355,55.1100,55.1199,55.0950,55.1100,3804
356,55.1100,55.1150,55.0900,55.1050,4500
357,55.1000,55.1100,55.1000,55.1100,3400
358,55.1200,55.1295,55.1100,55.1100,7024
359,55.1200,55.1200,55.1000,55.1200,5400
360,55.1200,55.1400,55.1200,55.1350,7385
361,55.1300,55.1300,55.1000,55.1000,2617
362,55.0962,55.1100,55.0950,55.0950,4005
363,55.0950,55.1100,55.0900,55.1000,12546
364,55.1000,55.1050,55.0856,55.0900,4735
365,55.0900,55.1150,55.0900,55.1050,3895
366,55.1000,55.1000,55.0500,55.0600,24872
367,55.0700,55.0800,55.0400,55.0400,6787
368,55.0400,55.0500,55.0200,55.0500,6119
369,55.0400,55.0550,55.0400,55.0550,2923
370,55.0500,55.0500,55.0150,55.0200,4577
371,55.0241,55.0241,55.0000,55.0150,13327
372,55.0200,55.0200,55.0025,55.0100,5245
373,55.0100,55.0100,54.9800,55.0000,5295
374,55.0000,55.0047,54.9650,54.9700,6851
375,54.9600,55.0000,54.9500,55.0000,8634
376,55.0000,55.0500,55.0000,55.0400,8657
377,55.0350,55.0700,55.0350,55.0700,7617
378,55.0700,55.1000,55.0700,55.1000,6826
379,55.0900,55.0950,55.0800,55.0850,3783
380,55.0900,55.1300,55.0850,55.1300,11012
381,55.1300,55.1700,55.1100,55.1700,18028
382,55.1650,55.1700,55.1500,55.1500,7035
383,55.1600,55.1700,55.1600,55.1650,3839
384,55.1600,55.1600,55.1400,55.1500,11887
385,55.1500,55.1700,55.1450,55.1700,7362
386,55.1700,55.1800,55.1500,55.1500,8471
387,55.1500,55.1700,55.1450,55.1700,12277
388,55.1600,55.1700,55.1550,55.1700,14691
389,55.1750,55.1800,55.1600,55.1700,34356
390,55.1650,55.2000,55.1600,55.1800,46762