T,AT&T Inc,Telecommunication Services,10,Integrated Telecommunication Services,240277255311,20452602
a1499617800,38.6300,38.6300,38.6000,38.6300,281848
2,38.6300,38.6300,38.5800,38.6100,13507
3,38.6100,38.6200,38.5600,38.5800,82705
4,38.5802,38.6117,38.5800,38.6040,56262
5,38.6100,38.6200,38.5900,38.6071,31690
6,38.5900,38.6100,38.5700,38.5800,45589
7,38.5800,38.5800,38.5549,38.5700,32350
8,38.5600,38.5800,38.5510,38.5750,42153
9,38.5700,38.5800,38.5600,38.5800,16381
10,38.5800,38.6100,38.5700,38.5950,54152
11,38.6000,38.6200,38.5800,38.6090,43312
12,38.6050,38.6100,38.6000,38.6050,31731
13,38.6100,38.6200,38.5800,38.5900,73630
14,38.5900,38.6100,38.5900,38.6000,71211
15,38.6000,38.6100,38.6000,38.6050,30052
16,38.6000,38.6300,38.6000,38.6100,59303
17,38.6100,38.6300,38.5800,38.5800,79056
18,38.5800,38.6200,38.5750,38.6200,25299
19,38.6100,38.6362,38.6000,38.6211,52728
20,38.6200,38.6300,38.6100,38.6201,24424
21,38.6200,38.6300,38.6100,38.6100,51465
22,38.6100,38.6400,38.6100,38.6200,72277
23,38.6200,38.6300,38.6000,38.6000,53047
24,38.6050,38.6100,38.5900,38.5900,30329
25,38.5950,38.6000,38.5900,38.5900,18866
26,38.5970,38.6400,38.5900,38.6200,35781
27,38.6250,38.6390,38.6200,38.6200,15418
28,38.6250,38.6350,38.6200,38.6200,24584
29,38.6200,38.6300,38.6100,38.6250,31867
30,38.6200,38.6400,38.6200,38.6350,19491
31,38.6350,38.6450,38.6300,38.6300,31125
32,38.6300,38.6700,38.6300,38.6600,34004
33,38.6637,38.6700,38.6400,38.6600,40094
34,38.6550,38.6700,38.6400,38.6550,45484
35,38.6600,38.6800,38.6600,38.6800,19557
36,38.6800,38.7000,38.6750,38.6850,12687
37,38.6900,38.6900,38.6700,38.6900,22026
38,38.6900,38.6900,38.6700,38.6900,25410
39,38.6868,38.7000,38.6800,38.6900,28487
40,38.6900,38.7000,38.6800,38.6900,17246
41,38.6900,38.6900,38.6800,38.6850,8875
42,38.6900,38.7000,38.6800,38.7000,17167
43,38.6950,38.7000,38.6750,38.6800,24218
44,38.6900,38.6900,38.6700,38.6800,44384
45,38.6767,38.6900,38.6500,38.6600,57276
46,38.6600,38.6600,38.6500,38.6600,38049
47,38.6600,38.6700,38.6500,38.6700,30031
48,38.6700,38.6800,38.6700,38.6800,19602
49,38.6800,38.6900,38.6800,38.6800,36667
50,38.6900,38.7000,38.6800,38.6900,28776
51,38.6900,38.7000,38.6800,38.6975,39771
52,38.7000,38.7000,38.6800,38.6900,20469
53,38.6899,38.6900,38.6800,38.6800,12894
54,38.6830,38.6900,38.6800,38.6800,12129
55,38.6900,38.7000,38.6800,38.6950,20768
56,38.7000,38.7000,38.6900,38.7000,26118
57,38.6950,38.7000,38.6900,38.6900,16832
58,38.6900,38.7000,38.6700,38.6800,60992
59,38.6700,38.6900,38.6700,38.6900,21829
60,38.6851,38.6900,38.6800,38.6800,12646
61,38.6800,38.6900,38.6750,38.6800,30107
62,38.6800,38.7000,38.6700,38.7000,54109
63,38.6900,38.7000,38.6900,38.7000,9507
64,38.7000,38.7000,38.6800,38.6850,17964
65,38.6900,38.6900,38.6800,38.6850,16706
66,38.6850,38.6900,38.6800,38.6900,12765
67,38.6900,38.7000,38.6800,38.6923,38025
68,38.7000,38.7000,38.6800,38.7000,147966
69,38.6900,38.7000,38.6900,38.6900,16819
70,38.6900,38.7050,38.6900,38.7000,58764
71,38.7000,38.7100,38.6900,38.7000,26487
72,38.7000,38.7000,38.6800,38.6900,29647
73,38.6900,38.6900,38.6800,38.6850,47019
74,38.6800,38.6900,38.6800,38.6800,7767
75,38.6841,38.6900,38.6800,38.6853,10719
76,38.6800,38.6900,38.6700,38.6700,49327
77,38.6800,38.6800,38.6700,38.6800,9989
78,38.6700,38.6800,38.6500,38.6700,51155
79,38.6650,38.6650,38.6500,38.6600,32971
80,38.6550,38.6600,38.6300,38.6300,101514
81,38.6300,38.6400,38.6300,38.6400,16856
82,38.6300,38.6400,38.6100,38.6100,19454
83,38.6200,38.6200,38.6100,38.6150,20360
84,38.6200,38.6300,38.6100,38.6300,40310
85,38.6200,38.6300,38.6200,38.6258,13567
86,38.6300,38.6400,38.6200,38.6400,33901
87,38.6400,38.6700,38.6350,38.6700,19340
88,38.6650,38.6650,38.6400,38.6500,16454
89,38.6500,38.6500,38.6400,38.6400,4772
90,38.6448,38.6500,38.6200,38.6250,22600
91,38.6200,38.6299,38.6100,38.6100,7550
92,38.6100,38.6200,38.6100,38.6150,6234
93,38.6150,38.6200,38.6100,38.6100,9134
94,38.6200,38.6200,38.6100,38.6100,7338
95,38.6150,38.6200,38.6100,38.6100,6106
96,38.6100,38.6200,38.6100,38.6100,4461
97,38.6157,38.6200,38.6100,38.6199,10637
98,38.6150,38.6200,38.6100,38.6100,10925
99,38.6100,38.6200,38.6000,38.6050,16610
100,38.6000,38.6100,38.6000,38.6050,13294
101,38.6050,38.6150,38.6000,38.6050,53315
102,38.6100,38.6100,38.6000,38.6050,8848
103,38.6100,38.6100,38.6000,38.6100,12576
104,38.6100,38.6100,38.6000,38.6050,10092
105,38.6050,38.6100,38.5900,38.6000,49868
106,38.5900,38.6200,38.5900,38.6200,22241
107,38.6100,38.6200,38.5900,38.6000,41068
108,38.6000,38.6100,38.6000,38.6100,1975
109,38.6059,38.6100,38.6000,38.6051,11311
110,38.6099,38.6100,38.6000,38.6089,7239
111,38.6050,38.6300,38.6000,38.6100,54071
112,38.6150,38.6200,38.6100,38.6200,29253
113,38.6200,38.6300,38.6100,38.6300,17070
114,38.6300,38.6500,38.6300,38.6500,59220
115,38.6444,38.6800,38.6432,38.6750,95194
116,38.6750,38.6800,38.6700,38.6750,23557
117,38.6750,38.6800,38.6500,38.6583,46480
118,38.6600,38.6800,38.6550,38.6700,34921
119,38.6750,38.7000,38.6700,38.6810,134512
120,38.6850,38.6900,38.6800,38.6850,145256
121,38.6850,38.6900,38.6800,38.6850,10764
122,38.6890,38.6900,38.6800,38.6800,6108
123,38.6900,38.6900,38.6800,38.6850,13687
124,38.6850,38.6900,38.6700,38.6700,52473
125,38.6700,38.6750,38.6500,38.6500,31785
126,38.6500,38.6550,38.6300,38.6300,83277
127,38.6350,38.6400,38.6200,38.6200,17354
128,38.6250,38.6400,38.6200,38.6350,28348
129,38.6400,38.6400,38.6300,38.6350,24801
130,38.6350,38.6400,38.6300,38.6400,8952
131,38.6350,38.6400,38.6300,38.6400,11986
132,38.6301,38.6800,38.6301,38.6657,257387
133,38.6700,38.6700,38.6500,38.6550,24621
134,38.6550,38.6565,38.6300,38.6300,19468
135,38.6350,38.6400,38.6300,38.6300,15183
136,38.6350,38.6400,38.6300,38.6350,33883
137,38.6350,38.6391,38.6300,38.6300,8574
138,38.6400,38.6400,38.6200,38.6234,38112
139,38.6250,38.6250,38.6100,38.6150,84850
140,38.6150,38.6300,38.6100,38.6300,31150
141,38.6300,38.6400,38.6300,38.6350,13229
142,38.6350,38.6799,38.6350,38.6600,50439
143,38.6600,38.6700,38.6600,38.6700,8744
144,38.6650,38.6700,38.6600,38.6648,15986
145,38.6650,38.6700,38.6600,38.6600,10436
146,38.6650,38.6696,38.6400,38.6400,17519
147,38.6400,38.6466,38.6400,38.6400,12898
148,38.6410,38.6460,38.6300,38.6350,31375
149,38.6350,38.6400,38.6100,38.6100,45683
150,38.6100,38.6199,38.6100,38.6100,18263
151,38.6100,38.6200,38.6000,38.6200,81974
152,38.6150,38.6300,38.6135,38.6250,11876
153,38.6250,38.6300,38.6100,38.6150,32104
154,38.6100,38.6200,38.6100,38.6100,12903
155,38.6101,38.6200,38.6000,38.6056,20599
156,38.6000,38.6099,38.5900,38.5900,24768
157,38.5900,38.5999,38.5800,38.5900,28162
158,38.5850,38.6200,38.5850,38.6200,36709
159,38.6200,38.6200,38.6100,38.6150,4617
160,38.6200,38.6200,38.6100,38.6100,9277
161,38.6100,38.6150,38.6000,38.6000,16873
162,38.6000,38.6100,38.5900,38.5950,36361
163,38.5950,38.6000,38.5900,38.5900,15117
164,38.5900,38.6200,38.5900,38.6200,42488
165,38.6200,38.6400,38.6100,38.6400,28950
166,38.6400,38.6500,38.6300,38.6357,28117
167,38.6400,38.6700,38.6400,38.6600,46300
168,38.6650,38.6700,38.6600,38.6650,14320
169,38.6616,38.6700,38.6600,38.6600,31267
170,38.6600,38.6650,38.6400,38.6400,30262
171,38.6400,38.6500,38.6300,38.6500,38803
172,38.6500,38.6700,38.6500,38.6700,35680
173,38.6700,38.6800,38.6650,38.6799,20059
174,38.6700,38.6799,38.6500,38.6560,19938
175,38.6550,38.6667,38.6400,38.6438,26747
176,38.6450,38.6558,38.6400,38.6534,17126
177,38.6500,38.6600,38.6400,38.6429,24639
178,38.6400,38.6500,38.6400,38.6450,5379
179,38.6400,38.6559,38.6400,38.6450,19309
180,38.6400,38.6700,38.6400,38.6700,22523
181,38.6700,38.6700,38.6600,38.6700,15627
182,38.6600,38.6700,38.6500,38.6550,14875
183,38.6500,38.6700,38.6500,38.6650,125065
184,38.6600,38.6699,38.6500,38.6566,28245
185,38.6550,38.6600,38.6400,38.6500,29917
186,38.6500,38.6600,38.6300,38.6400,39138
187,38.6371,38.6500,38.6301,38.6433,18433
188,38.6450,38.6500,38.6250,38.6339,30374
189,38.6400,38.6600,38.6330,38.6599,20932
190,38.6500,38.6550,38.6400,38.6490,31332
191,38.6450,38.6500,38.6400,38.6400,3862
192,38.6428,38.6470,38.6200,38.6250,21438
193,38.6224,38.6500,38.6200,38.6400,52861
194,38.6400,38.6500,38.6400,38.6500,3756
195,38.6450,38.6500,38.6400,38.6400,24803
196,38.6400,38.6500,38.6200,38.6200,36913
197,38.6200,38.6500,38.6200,38.6401,30544
198,38.6500,38.6700,38.6400,38.6600,51732
199,38.6650,38.6800,38.6600,38.6750,17115
200,38.6800,38.6800,38.6600,38.6671,11302
201,38.6650,38.6700,38.6600,38.6600,11000
202,38.6600,38.6700,38.6500,38.6699,29056
203,38.6600,38.6700,38.6400,38.6400,26807
204,38.6470,38.6600,38.6400,38.6400,30059
205,38.6500,38.6500,38.6400,38.6400,13863
206,38.6460,38.6500,38.6400,38.6400,32511
207,38.6400,38.6400,38.6250,38.6354,24375
208,38.6350,38.6499,38.6350,38.6499,8819
209,38.6450,38.6470,38.6300,38.6300,8601
210,38.6300,38.6399,38.6300,38.6300,10423
211,38.6300,38.6400,38.6300,38.6300,7367
212,38.6300,38.6400,38.6300,38.6400,25249
213,38.6300,38.6400,38.6300,38.6300,7579
214,38.6300,38.6350,38.6200,38.6200,17056
215,38.6200,38.6200,38.6100,38.6100,11337
216,38.6100,38.6170,38.6000,38.6000,20390
217,38.6000,38.6200,38.6000,38.6150,29145
218,38.6143,38.6200,38.6000,38.6000,18418
219,38.6000,38.6099,38.5900,38.5900,21077
220,38.5900,38.6100,38.5900,38.6100,21911
221,38.6000,38.6100,38.6000,38.6100,4047
222,38.6099,38.6400,38.6000,38.6300,47990
223,38.6335,38.6365,38.6250,38.6300,9367
224,38.6300,38.6400,38.6234,38.6400,14521
225,38.6300,38.6500,38.6200,38.6500,44581
226,38.6500,38.6659,38.6400,38.6600,33902
227,38.6558,38.6700,38.6500,38.6600,23036
228,38.6520,38.6690,38.6400,38.6690,20772
229,38.6600,38.6700,38.6500,38.6624,16498
230,38.6700,38.6758,38.6600,38.6650,19806
231,38.6700,38.6770,38.6600,38.6700,26715
232,38.6646,38.6700,38.6600,38.6634,8276
233,38.6600,38.6700,38.6600,38.6650,11950
234,38.6600,38.6700,38.6500,38.6599,17633
235,38.6500,38.6600,38.6400,38.6600,29957
236,38.6600,38.6750,38.6534,38.6600,33790
237,38.6600,38.6632,38.6504,38.6599,9119
238,38.6599,38.6599,38.6400,38.6400,7115
239,38.6400,38.6500,38.6350,38.6435,26970
240,38.6400,38.6500,38.6400,38.6400,10461
241,38.6400,38.6500,38.6300,38.6300,8256
242,38.6350,38.6360,38.6300,38.6300,10071
243,38.6362,38.6400,38.6300,38.6300,12375
244,38.6300,38.6399,38.6200,38.6200,28949
245,38.6200,38.6400,38.6200,38.6400,16657
246,38.6350,38.6400,38.6300,38.6400,5817
247,38.6374,38.6500,38.6342,38.6421,29967
248,38.6400,38.6500,38.6301,38.6400,10330
249,38.6350,38.6400,38.6200,38.6200,20499
250,38.6200,38.6265,38.6100,38.6250,20553
251,38.6300,38.6500,38.6200,38.6500,27663
252,38.6400,38.6450,38.6300,38.6350,25739
253,38.6300,38.6500,38.6300,38.6300,30467
254,38.6300,38.6400,38.6300,38.6300,12848
255,38.6300,38.6400,38.6200,38.6400,22510
256,38.6350,38.6399,38.6200,38.6200,14692
257,38.6299,38.6299,38.6200,38.6250,5476
258,38.6200,38.6300,38.6200,38.6200,19066
259,38.6250,38.6300,38.6100,38.6200,42545
260,38.6100,38.6300,38.6100,38.6200,20090
261,38.6300,38.6300,38.6200,38.6250,17615
262,38.6250,38.6350,38.6101,38.6150,38716
263,38.6100,38.6200,38.6100,38.6100,13736
264,38.6100,38.6150,38.6000,38.6000,30108
265,38.6050,38.6100,38.6000,38.6000,9791
266,38.6050,38.6400,38.6050,38.6300,30188
267,38.6300,38.6500,38.6300,38.6400,32860
268,38.6355,38.6400,38.6300,38.6307,8770
269,38.6400,38.6700,38.6400,38.6600,70888
270,38.6500,38.6650,38.6400,38.6500,33803
271,38.6550,38.6800,38.6500,38.6800,28298
272,38.6800,38.7100,38.6800,38.7000,119559
273,38.7100,38.7100,38.6800,38.7067,74617
274,38.7032,38.7100,38.6800,38.6950,32285
275,38.6958,38.7000,38.6900,38.6900,5712
276,38.7000,38.7100,38.6900,38.6900,17990
277,38.6950,38.6950,38.6800,38.6800,19823
278,38.6800,38.7000,38.6800,38.6999,48932
279,38.6950,38.7000,38.6900,38.6902,8649
280,38.6962,38.7000,38.6800,38.6850,34673
281,38.6800,38.6900,38.6700,38.6700,14211
282,38.6700,38.7100,38.6700,38.7100,50761
283,38.7050,38.7100,38.7000,38.7100,12223
284,38.7100,38.7200,38.7000,38.7100,43865
285,38.7157,38.7400,38.7100,38.7300,50829
286,38.7400,38.7500,38.7400,38.7500,7920
287,38.7450,38.7500,38.7400,38.7500,24777
288,38.7450,38.7800,38.7450,38.7700,60576
289,38.7700,38.7800,38.7500,38.7550,38370
290,38.7550,38.7675,38.7500,38.7590,25768
291,38.7500,38.7600,38.7500,38.7515,16962
292,38.7550,38.7550,38.7400,38.7500,28505
293,38.7500,38.7600,38.7200,38.7232,67436
294,38.7240,38.7300,38.7200,38.7300,8634
295,38.7250,38.7300,38.7200,38.7300,21755
296,38.7200,38.7400,38.7200,38.7300,90742
297,38.7300,38.7400,38.7300,38.7300,19759
298,38.7300,38.7400,38.7200,38.7350,41520
299,38.7300,38.7400,38.7300,38.7300,9619
300,38.7300,38.7300,38.7100,38.7150,18481
301,38.7150,38.7200,38.7050,38.7100,20969
302,38.7001,38.7350,38.7000,38.7250,39186
303,38.7300,38.7300,38.7125,38.7150,8368
304,38.7150,38.7200,38.7000,38.7000,57046
305,38.6900,38.7000,38.6700,38.6960,47006
306,38.7000,38.7000,38.6800,38.6900,42656
307,38.6902,38.7050,38.6800,38.6950,53607
308,38.6950,38.7000,38.6900,38.7000,7117
309,38.6900,38.7000,38.6600,38.6762,45333
310,38.6750,38.6800,38.6600,38.6700,40780
311,38.6700,38.6700,38.6550,38.6700,40298
312,38.6650,38.6700,38.6600,38.6600,12253
313,38.6600,38.6700,38.6500,38.6600,23383
314,38.6650,38.6699,38.6500,38.6600,16232
315,38.6500,38.6600,38.6300,38.6300,73760
316,38.6350,38.6400,38.6200,38.6200,20631
317,38.6200,38.6600,38.6100,38.6550,111543
318,38.6550,38.6600,38.6300,38.6350,32141
319,38.6302,38.6600,38.6300,38.6450,58170
320,38.6450,38.6558,38.6200,38.6250,62436
321,38.6250,38.6750,38.6100,38.6300,166163
322,38.6300,38.6400,38.6200,38.6300,23530
323,38.6300,38.6400,38.6100,38.6350,37678
324,38.6400,38.6400,38.6200,38.6352,36058
325,38.6400,38.6500,38.6300,38.6401,16700
326,38.6500,38.6500,38.6400,38.6400,11610
327,38.6500,38.6500,38.6300,38.6300,17876
328,38.6344,38.6500,38.6300,38.6350,42203
329,38.6300,38.6400,38.6200,38.6350,68180
330,38.6350,38.6600,38.6300,38.6600,28035
331,38.6550,38.6790,38.6500,38.6700,35748
332,38.6700,38.6800,38.6600,38.6800,35410
333,38.6700,38.6952,38.6700,38.6800,34733
334,38.6800,38.6800,38.6600,38.6600,39564
335,38.6600,38.6800,38.6600,38.6750,19001
336,38.6800,38.7050,38.6750,38.7000,198083
337,38.7000,38.7000,38.6601,38.6733,26418
338,38.6700,38.6800,38.6600,38.6700,16812
339,38.6650,38.6861,38.6600,38.6800,39354
340,38.6800,38.6950,38.6756,38.6900,26569
341,38.6900,38.7100,38.6900,38.6900,83774
342,38.6900,38.7000,38.6887,38.6950,8777
343,38.6900,38.6900,38.6700,38.6850,25898
344,38.6850,38.6893,38.6600,38.6650,32006
345,38.6600,38.6800,38.6600,38.6600,39583
346,38.6600,38.6800,38.6600,38.6632,27574
347,38.6700,38.6700,38.6500,38.6600,23378
348,38.6600,38.6600,38.6200,38.6200,42967
349,38.6200,38.6400,38.6200,38.6300,73077
350,38.6350,38.6400,38.6100,38.6200,206699
351,38.6200,38.6300,38.6200,38.6200,16635
352,38.6200,38.6300,38.6100,38.6101,23265
353,38.6100,38.6400,38.6100,38.6400,47741
354,38.6300,38.6400,38.6200,38.6400,26282
355,38.6385,38.6600,38.6315,38.6550,32657
356,38.6556,38.6600,38.6300,38.6450,29977
357,38.6433,38.6500,38.6400,38.6453,8526
358,38.6410,38.6457,38.6300,38.6300,30469
359,38.6331,38.6578,38.6300,38.6576,33540
360,38.6550,38.6850,38.6550,38.6750,45512
361,38.6750,38.6800,38.6600,38.6601,46158
362,38.6601,38.6700,38.6600,38.6650,12112
363,38.6650,38.6700,38.6600,38.6650,29132
364,38.6650,38.7000,38.6600,38.6850,94363
365,38.6850,38.7000,38.6800,38.6900,34178
366,38.6850,38.7000,38.6800,38.6863,42633
367,38.6900,38.6900,38.6700,38.6850,63001
368,38.6800,38.6900,38.6700,38.6700,21349
369,38.6800,38.7000,38.6750,38.7000,24779
370,38.7000,38.7000,38.6800,38.6850,36239
371,38.6850,38.6900,38.6800,38.6800,19381
372,38.6827,38.6900,38.6700,38.6850,58481
373,38.6900,38.6900,38.6600,38.6700,64830
374,38.6650,38.6900,38.6650,38.6750,43533
375,38.6750,38.6800,38.6600,38.6800,95456
376,38.6790,38.7100,38.6700,38.7000,77963
377,38.7000,38.7200,38.7000,38.7200,31095
378,38.7200,38.7300,38.7100,38.7200,69024
379,38.7200,38.7250,38.7100,38.7100,52235
380,38.7150,38.7300,38.7100,38.7250,60608
381,38.7300,38.7900,38.7300,38.7800,379625
382,38.7800,38.7899,38.7700,38.7700,62618
383,38.7700,38.7800,38.7700,38.7700,47951
384,38.7700,38.7763,38.7600,38.7600,48214
385,38.7600,38.7800,38.7600,38.7800,150108
386,38.7800,38.8000,38.7700,38.7900,143395
387,38.7900,38.7900,38.7800,38.7850,119624
388,38.7850,38.7900,38.7800,38.7850,109953
389,38.7800,38.7900,38.7600,38.7600,170630
390,38.7600,38.8000,38.7600,38.7850,574912