TSCO,Tractor Supply Company,Consumer Discretionary,1,Specialty Stores,7678142145,2409232
a1497015000,54.69,54.69,54.69,54.69,17799
1,54.8899,54.94,54.69,54.69,1116
2,54.84,54.9,54.84,54.89,1440
3,54.77,54.803,54.77,54.803,500
4,54.6232,54.7587,54.57,54.71,1950
5,54.58,54.6074,54.58,54.6074,350
6,54.42,54.57,54.42,54.56,1644
7,54.37,54.48,54.36,54.45,4200
8,54.45,54.45,54.4,54.4,1600
9,54.51,54.5249,54.45,54.46,3850
10,54.4,54.5214,54.39,54.5214,7079
11,54.27,54.4578,54.27,54.4578,7200
12,54.4784,54.4784,54.33,54.335,1693
13,54.5319,54.56,54.51,54.51,2200
14,54.6,54.61,54.55,54.55,950
15,54.59,54.62,54.59,54.62,1100
16,54.55,54.6,54.55,54.57,732
17,54.6274,54.6274,54.56,54.5674,1060
18,54.58,54.66,54.58,54.6399,1020
19,54.585,54.5863,54.57,54.57,315
20,54.55,54.61,54.55,54.61,1400
21,54.51,54.52,54.5,54.52,4366
22,54.45,54.52,54.44,54.52,3653
23,54.45,54.51,54.45,54.5,730
24,54.5,54.5,54.47,54.47,900
25,54.67,54.67,54.5,54.5,1800
26,54.68,54.73,54.68,54.71,2400
27,54.68,54.72,54.68,54.6803,525
28,54.571,54.6884,54.571,54.6884,1562
29,54.62,54.62,54.568,54.568,200
30,54.56,54.62,54.56,54.61,2300
31,54.5,54.63,54.5,54.63,2080
32,54.54,54.55,54.495,54.495,911
33,54.49,54.5419,54.49,54.5419,1400
34,54.46,54.5,54.46,54.5,700
35,54.49,54.5,54.44,54.45,2200
36,54.46,54.46,54.46,54.46,200
37,54.43,54.46,54.39,54.44,4593
38,54.37,54.445,54.35,54.445,1400
39,54.35,54.377,54.35,54.374,1743
40,54.4,54.41,54.37,54.37,1700
41,54.5,54.5,54.42,54.42,1521
42,54.4529,54.48,54.45,54.48,972
43,54.43,54.479,54.43,54.479,1722
44,54.48,54.48,54.4514,54.4514,1800
45,54.45,54.48,54.45,54.48,1600
47,54.45,54.45,54.42,54.45,2283
48,54.46,54.47,54.42,54.47,800
50,54.5,54.52,54.473,54.473,5020
51,54.5,54.53,54.48,54.51,4600
52,54.45,54.5,54.45,54.5,971
53,54.49,54.49,54.46,54.46,1100
54,54.5,54.51,54.49,54.51,2300
55,54.54,54.54,54.48,54.5085,1700
56,54.5,54.53,54.5,54.53,1300
57,54.49,54.49,54.49,54.49,100
58,54.58,54.58,54.4964,54.5099,2893
59,54.63,54.66,54.59,54.59,2600
60,54.61,54.61,54.61,54.61,700
61,54.67,54.67,54.63,54.63,1146
62,54.773,54.8,54.69,54.69,8345
63,54.79,54.8071,54.79,54.79,1800
64,54.82,54.82,54.8,54.82,1024
65,54.76,54.8,54.76,54.8,5928
66,54.78,54.82,54.78,54.78,3541
67,54.85,54.86,54.78,54.78,5500
68,55.02,55.02,54.85,54.85,35808
69,55.005,55.0409,54.98,55.02,8988
70,55.03,55.03,54.98,54.98,5246
71,54.995,55.03,54.97,55.025,4300
72,55.0701,55.0701,55,55.01,3316
73,55.0769,55.09,55.06,55.08,7067
74,55.16,55.19,55.0737,55.08,42444
75,55.26,55.26,55.16,55.175,7806
76,55.21,55.28,55.19,55.25,8136
77,55.14,55.205,55.14,55.2,2869
78,55.1166,55.14,55.11,55.12,2500
79,55.24,55.29,55.15,55.15,9720
80,55.31,55.34,55.26,55.26,10222
81,55.28,55.325,55.28,55.31,2700
82,55.31,55.31,55.28,55.29,3717
83,55.38,55.47,55.32,55.32,96550
84,55.43,55.46,55.37,55.38,5168
85,55.43,55.43,55.37,55.43,4611
86,55.41,55.49,55.41,55.44,3701
87,55.43,55.43,55.38,55.4099,2481
88,55.412,55.42,55.41,55.42,1604
89,55.29,55.4,55.29,55.4,2200
90,55.23,55.27,55.2,55.27,4164
91,55.23,55.26,55.213,55.213,3803
92,55.3501,55.47,55.14,55.22,34067
93,55.5675,55.57,55.365,55.38,36591
94,55.41,55.57,55.41,55.57,7169
95,55.43,55.43,55.4,55.4,3800
96,55.51,55.52,55.4399,55.4399,13887
97,55.54,55.57,55.5,55.51,7348
98,55.56,55.56,55.55,55.55,1800
99,55.55,55.56,55.539,55.55,4300
100,55.58,55.58,55.56,55.5654,2864
101,55.53,55.65,55.53,55.59,7215
102,55.62,55.64,55.53,55.53,4403
103,55.61,55.61,55.56,55.6,3100
104,55.62,55.6401,55.62,55.62,2482
105,55.62,55.65,55.58,55.64,40665
106,55.63,55.65,55.61,55.61,5914
107,55.65,55.68,55.6254,55.6254,9509
108,55.61,55.6609,55.61,55.65,1280
109,55.58,55.61,55.55,55.61,7773
110,55.57,55.59,55.56,55.58,3723
111,55.56,55.5899,55.56,55.58,3837
112,55.57,55.5809,55.55,55.56,5300
113,55.62,55.67,55.54,55.57,7769
114,55.7257,55.73,55.61,55.61,4099
115,55.68,55.74,55.68,55.74,7293
116,55.56,55.65,55.56,55.65,1600
117,55.69,55.69,55.58,55.58,4500
118,55.6682,55.68,55.6682,55.68,1022
119,55.68,55.73,55.68,55.68,4000
120,55.67,55.72,55.67,55.69,3906
121,55.69,55.73,55.67,55.67,13715
122,55.75,55.77,55.695,55.695,6730
123,55.7319,55.75,55.71,55.75,2040
124,55.7832,55.7832,55.73,55.74,3607
125,55.77,55.83,55.77,55.78,7324
126,55.73,55.78,55.73,55.78,1636
127,55.745,55.75,55.7065,55.7299,5142
128,55.75,55.79,55.73,55.75,3589
129,55.76,55.77,55.74,55.755,2400
130,55.817,55.817,55.76,55.76,2100
131,55.8899,55.89,55.82,55.82,8803
132,55.9,56,55.83,55.9,24452
133,55.85,55.95,55.82,55.9,9038
134,55.8,55.87,55.79,55.87,10263
135,55.8054,55.84,55.8054,55.82,2431
136,55.83,55.83,55.81,55.81,3000
137,55.81,55.87,55.81,55.83,5979
138,55.82,55.83,55.82,55.83,1100
139,55.85,55.85,55.82,55.8238,3343
140,55.9,55.93,55.84,55.85,9367
141,55.94,55.96,55.92,55.92,2179
142,55.9,55.96,55.9,55.945,4321
143,55.9,55.91,55.89,55.89,2100
144,55.94,55.95,55.91,55.91,5029
145,55.97,55.98,55.94,55.94,10051
146,55.99,55.99,55.97,55.97,4869
147,55.96,56,55.96,55.99,7633
148,55.96,55.97,55.96,55.97,1100
149,55.9455,55.97,55.94,55.96,3273
150,55.94,55.97,55.92,55.95,4217
151,55.89,55.949,55.89,55.949,5500
152,55.87,55.88,55.84,55.88,3970
153,55.91,55.91,55.87,55.88,4471
154,55.9384,55.95,55.91,55.92,7560
155,56,56,55.94,55.94,3534
156,56,56,55.98,55.99,4139
157,55.98,56.0012,55.98,56,4056
158,56.02,56.03,55.99,55.99,9104
159,56.078,56.078,56.0254,56.0254,6165
160,56.11,56.11,56.08,56.08,3560
161,56.12,56.13,56.09,56.1,8157
162,56.13,56.15,56.11,56.12,5721
163,56.15,56.16,56.1256,56.13,3517
164,56.16,56.1905,56.1,56.1609,8893
165,56.178,56.1899,56.15,56.16,4721
166,56.19,56.25,56.17,56.179,8828
167,56.26,56.27,56.19,56.2,8760
168,56.27,56.27,56.23,56.25,7403
169,56.273,56.28,56.21,56.2732,11047
170,56.29,56.29,56.25,56.29,6282
171,56.29,56.29,56.24,56.29,6763
172,56.27,56.35,56.27,56.2743,9773
173,56.32,56.32,56.28,56.28,3683
174,56.2949,56.33,56.27,56.32,4275
175,56.25,56.3,56.25,56.297,4156
176,56.23,56.27,56.23,56.25,4058
177,56.275,56.28,56.25,56.25,2122
178,56.288,56.29,56.2549,56.27,2530
179,56.2553,56.29,56.2553,56.29,3095
180,56.325,56.325,56.259,56.259,9349
181,56.325,56.33,56.3,56.33,4872
182,56.36,56.38,56.33,56.33,5691
183,56.37,56.38,56.345,56.345,4516
184,56.355,56.378,56.35,56.377,3166
185,56.37,56.37,56.34,56.35,2700
186,56.41,56.428,56.37,56.37,8889
187,56.489,56.5,56.42,56.42,6697
188,56.51,56.54,56.48,56.48,6204
189,56.55,56.59,56.51,56.52,9010
190,56.58,56.6,56.55,56.56,5277
191,56.58,56.59,56.56,56.57,3306
192,56.645,56.645,56.56,56.58,14094
193,56.6655,56.6655,56.63,56.65,10227
194,56.73,56.73,56.65,56.67,9565
195,56.74,56.76,56.71,56.74,7392
196,56.87,56.91,56.73,56.7473,15074
197,56.85,56.875,56.82,56.86,6800
198,56.847,56.855,56.82,56.855,2211
199,56.86,56.87,56.82,56.847,6224
200,56.77,56.865,56.75,56.865,15027
201,56.86,56.86,56.78,56.78,7230
202,56.88,56.92,56.85,56.8632,6919
203,56.89,56.89,56.855,56.87,4185
204,56.89,56.9,56.8791,56.896,7093
205,56.9,56.94,56.89,56.89,6254
206,56.89,56.9,56.89,56.9,3399
207,56.8937,56.9,56.88,56.89,4191
208,56.88,56.89,56.87,56.89,3050
209,56.88,56.8833,56.8657,56.8833,3243
210,56.92,56.92,56.85,56.86,5978
211,56.9,56.94,56.89,56.93,5650
212,56.9369,56.97,56.91,56.91,7032
213,56.905,56.9343,56.905,56.93,2969
214,56.91,56.91,56.86,56.9,3500
215,56.86,56.91,56.86,56.9,5292
216,56.86,56.864,56.83,56.864,4901
217,56.86,56.89,56.84,56.85,4340
218,56.77,56.87,56.77,56.86,10153
219,56.73,56.77,56.7161,56.76,4198
220,56.77,56.81,56.74,56.75,4679
221,56.75,56.79,56.73,56.77,7434
222,56.735,56.7869,56.735,56.7507,3400
223,56.67,56.73,56.67,56.73,3463
224,56.66,56.69,56.63,56.68,6026
225,56.66,56.665,56.62,56.665,3501
226,56.66,56.68,56.66,56.66,3143
227,56.7065,56.71,56.655,56.655,2750
228,56.72,56.72,56.69,56.71,3000
229,56.74,56.74,56.71,56.72,2639
230,56.7201,56.7474,56.72,56.74,2900
231,56.7,56.73,56.7,56.72,4314
232,56.71,56.72,56.6999,56.7112,4229
233,56.67,56.71,56.66,56.71,8307
234,56.62,56.66,56.62,56.66,3723
235,56.5709,56.61,56.5709,56.61,2055
236,56.56,56.58,56.5539,56.565,5298
237,56.52,56.56,56.5054,56.56,7801
238,56.55,56.55,56.51,56.51,5300
239,56.62,56.62,56.56,56.56,7603
240,56.615,56.63,56.6,56.615,9850
241,56.565,56.63,56.55,56.62,11657
242,56.54,56.61,56.52,56.56,6723
243,56.54,56.56,56.54,56.56,2915
244,56.6,56.6,56.54,56.543,6766
245,56.63,56.63,56.59,56.6,7917
246,56.64,56.64,56.62,56.63,2000
247,56.73,56.73,56.64,56.64,6132
248,56.73,56.74,56.73,56.73,900
249,56.69,56.72,56.68,56.72,3653
250,56.7,56.7,56.66,56.7,6131
251,56.692,56.72,56.69,56.71,3013
252,56.63,56.69,56.63,56.69,2600
253,56.64,56.68,56.64,56.64,3200
254,56.6,56.645,56.6,56.64,4138
255,56.61,56.61,56.58,56.6,4952
256,56.64,56.6499,56.62,56.62,3133
257,56.65,56.65,56.64,56.64,1400
258,56.625,56.65,56.61,56.65,2400
259,56.6099,56.61,56.5801,56.61,3500
260,56.61,56.61,56.58,56.605,4100
261,56.5854,56.62,56.58,56.5927,3000
262,56.6,56.61,56.59,56.59,2735
263,56.575,56.62,56.575,56.61,17661
264,56.55,56.61,56.55,56.5712,9580
265,56.52,56.57,56.52,56.5574,7200
266,56.56,56.605,56.52,56.52,11000
267,56.68,56.68,56.56,56.56,10763
268,56.7016,56.7016,56.68,56.68,33586
269,56.74,56.74,56.685,56.69,5190
270,56.6891,56.76,56.6891,56.75,7261
271,56.73,56.73,56.69,56.6936,6256
272,56.7418,56.75,56.73,56.74,3511
273,56.72,56.73,56.72,56.73,2265
274,56.7354,56.74,56.7,56.72,3403
275,56.73,56.76,56.72,56.74,4341
276,56.73,56.76,56.73,56.75,2400
277,56.71,56.74,56.71,56.73,2600
278,56.75,56.75,56.7,56.701,5300
279,56.75,56.75,56.75,56.75,700
280,56.76,56.7865,56.76,56.76,3268
281,56.82,56.82,56.77,56.77,8288
282,56.8568,56.895,56.83,56.83,9434
283,56.83,56.8519,56.83,56.8519,644
284,56.8,56.84,56.79,56.83,9867
285,56.832,56.8409,56.8,56.8,1662
286,56.83,56.83,56.83,56.83,200
287,56.925,56.93,56.83,56.83,7784
288,56.98,56.98,56.93,56.93,5418
289,56.94,56.96,56.92,56.95,3502
290,56.95,56.96,56.91,56.9309,4875
291,56.958,56.96,56.93,56.94,3400
292,57.035,57.049,56.93,56.94,11839
293,57.03,57.04,57.01,57.0354,6124
294,57.06,57.0799,57.03,57.03,4638
295,57.05,57.07,57.05,57.06,1771
296,57.22,57.23,57.05,57.05,25493
297,57.32,57.329,57.23,57.23,10266
298,57.28,57.41,57.25,57.3,12861
299,57.346,57.346,57.21,57.26,20536
300,57.35,57.38,57.31,57.35,5507
301,57.38,57.47,57.3,57.33,13241
302,57.3854,57.43,57.38,57.38,8188
303,57.36,57.4,57.35,57.39,5900
304,57.27,57.35,57.25,57.35,17685
305,57.21,57.2661,57.2086,57.2661,12318
306,57.18,57.22,57.17,57.21,8810
307,57.12,57.18,57.11,57.15,5011
308,57.1,57.13,57.1,57.1,7218
309,57.06,57.1,57.05,57.1,6906
310,57,57.07,57,57.07,8023
311,57,57.025,56.98,57,7709
312,57.01,57.01,56.9985,57.01,13431
313,56.96,57.02,56.94,57.02,12587
314,56.92,56.95,56.91,56.95,4212
315,56.96,56.96,56.88,56.92,5256
316,56.97,57,56.94,56.94,4171
317,57.12,57.12,56.96,56.97,7219
318,57.08,57.1,57.03,57.1,4045
319,57.11,57.14,57.04,57.09,7707
320,56.98,57.11,56.98,57.11,13135
321,57.0019,57.11,56.98,56.98,13042
322,56.93,56.99,56.92,56.98,3700
323,56.91,56.95,56.91,56.92,1916
324,56.94,56.94,56.89,56.91,7480
325,57,57.03,56.93,56.94,13289
326,56.97,57.01,56.95,57.01,6500
327,56.985,56.99,56.95,56.96,12700
328,57,57,56.99,57,1000
329,56.95,57.01,56.95,57.003,5000
330,56.968,56.98,56.95,56.95,10660
331,56.98,56.99,56.97,56.97,7755
332,56.98,57,56.98,56.99,7890
333,57.04,57.04,56.97,56.97,6023
334,57.02,57.06,57.01,57.02,7204
335,56.98,57.015,56.98,57.015,11575
336,56.9556,56.98,56.94,56.98,10948
337,56.93,56.9564,56.9,56.95,10623
338,56.9025,56.915,56.9,56.915,4006
339,56.94,56.94,56.89,56.9,9443
340,56.91,56.95,56.91,56.94,6388
341,56.91,56.92,56.91,56.91,2731
342,56.92,56.92,56.905,56.91,3094
343,56.91,56.92,56.9,56.9,6530
344,56.91,56.92,56.89,56.92,7423
345,56.925,56.93,56.91,56.91,2400
346,56.925,56.93,56.92,56.93,6100
347,56.95,56.96,56.92,56.9262,12483
348,56.96,56.96,56.945,56.95,5500
349,56.99,56.99,56.92,56.949,5800
350,57.015,57.04,56.9897,56.9897,5924
351,56.985,57.01,56.97,57.01,2200
352,57.01,57.04,56.99,56.99,12492
353,57.03,57.03,57.01,57.01,4800
354,57.06,57.06,57.02,57.02,4707
355,57.07,57.07,57.05,57.06,5150
356,57.07,57.09,57.06,57.08,5802
357,57.11,57.12,57.085,57.0899,5906
358,57.12,57.135,57.1162,57.1162,7700
359,57.09,57.11,57.07,57.11,4708
360,57.1109,57.125,57.1,57.1,8987
361,57.09,57.11,57.09,57.11,9242
362,57.06,57.11,57.06,57.11,6608
363,57.01,57.05,57,57.05,6950
364,57,57.0199,57,57.01,10708
365,57.04,57.04,57,57.0044,7021
366,57.01,57.04,57.0095,57.03,11013
367,56.98,57.0109,56.98,57.01,5114
368,56.98,56.9812,56.96,56.9812,4762
369,56.9799,56.98,56.97,56.97,3018
370,56.9662,56.99,56.96,56.98,6550
371,56.915,56.96,56.91,56.96,7076
372,56.8955,56.9192,56.88,56.91,12227
373,56.8769,56.89,56.85,56.89,9676
374,56.85,56.89,56.85,56.86,20979
375,56.9,56.91,56.83,56.8599,16683
376,56.965,56.97,56.9,56.9,21275
377,57,57,56.95,56.96,12477
378,57,57.01,56.99,57,9668
379,57.02,57.03,57,57,13827
380,57.06,57.08,57.01,57.02,55980
381,57.1,57.12,57.04,57.055,23778
382,57.1254,57.14,57.09,57.1,14843
383,57.08,57.12,57.08,57.12,9089
384,57.0401,57.08,57.04,57.08,10703
385,57.05,57.06,57.04,57.04,10682
386,57,57.06,57,57.05,21530
387,56.98,57.015,56.98,57,25366
388,56.98,56.99,56.98,56.98,11139
389,56.97,56.985,56.97,56.985,28947
390,57.02,57.04,56.95,56.98,227118
