UNH,United Health Group Inc.,Health Care,5,Managed Health Care,174644644862,2876179
a1499617800,181.8400,181.8400,181.7500,181.7500,24181
1,182.0000,182.2800,181.7500,182.2800,1042
2,182.3000,182.4000,182.0900,182.3972,1192
3,182.3950,182.3950,182.2500,182.2500,1100
4,182.3200,182.3250,181.8500,181.9660,7315
5,182.0348,182.0700,181.9900,182.0700,600
6,182.0800,182.0800,181.9300,182.0100,3630
8,181.9000,181.9000,181.8100,181.8100,700
9,181.7500,181.7500,181.6750,181.6750,1300
10,181.6000,181.6400,181.4200,181.4200,2800
11,181.4100,181.4699,181.3100,181.3100,4927
12,181.3200,181.3200,181.1400,181.2500,2450
13,181.2400,181.2600,181.1500,181.1500,1709
14,181.1000,181.1700,181.0100,181.1700,2380
15,181.1350,181.2100,181.1000,181.1200,1915
16,181.1200,181.1200,181.0100,181.0600,3262
17,181.0200,181.0200,180.9700,180.9800,1175
18,181.0050,181.0500,180.9810,181.0000,1772
19,180.9700,181.0400,180.9700,181.0400,1670
20,181.0800,181.0900,180.8595,180.8700,9089
21,180.8900,181.0000,180.8896,181.0000,2905
22,181.0000,181.1290,180.9800,181.1290,2737
23,181.0831,181.2600,181.0600,181.2600,3311
24,181.2000,181.4000,181.2000,181.4000,3562
25,181.3400,181.3500,181.2300,181.2700,3585
26,181.3300,181.3700,181.2100,181.3300,3901
27,181.3200,181.3500,181.1800,181.1800,6201
28,181.2000,181.2475,181.1000,181.1900,6620
29,181.1950,181.2900,181.0900,181.1000,6794
30,181.1300,181.2200,181.1250,181.1900,1700
31,181.1500,181.2900,181.1500,181.2900,9952
32,181.2900,181.6300,181.2900,181.5500,13550
33,181.6088,181.6392,181.4400,181.5400,10436
34,181.5700,181.7100,181.5700,181.6100,5300
35,181.6164,181.7163,181.6050,181.6900,7085
36,181.6889,181.8400,181.6889,181.8400,1500
37,181.8100,181.9000,181.7900,181.8400,6600
38,181.8300,181.9600,181.8200,181.9600,2600
39,181.9300,181.9500,181.8800,181.9300,4801
40,181.9400,181.9700,181.9400,181.9440,1100
41,181.9500,182.0000,181.9100,181.9300,2326
42,181.8900,182.0000,181.8600,182.0000,3710
43,181.9900,182.1100,181.9200,182.0850,3136
44,182.0900,182.1299,182.0400,182.0500,4161
45,182.0000,182.0400,181.9700,182.0300,2668
46,181.9900,182.1100,181.9800,181.9800,3065
47,181.9708,182.0500,181.9680,182.0500,1600
48,182.0600,182.1000,182.0350,182.0800,2060
49,182.0800,182.1700,182.0800,182.1360,1325
50,182.1300,182.1300,182.1100,182.1100,700
51,182.1300,182.2000,182.1300,182.1500,4400
52,182.1500,182.2400,182.1500,182.2000,3037
53,182.1750,182.2600,182.1750,182.2600,2785
54,182.2500,182.2600,182.2100,182.2300,3081
55,182.1900,182.3200,182.1900,182.3200,2000
56,182.3150,182.3300,182.2700,182.3000,2369
57,182.3200,182.3200,182.2700,182.2700,637
58,182.2700,182.2799,182.2399,182.2600,5060
59,182.2800,182.3200,182.2800,182.2900,1520
60,182.2900,182.3300,182.2900,182.3153,1932
61,182.2900,182.3000,182.2600,182.2791,2133
62,182.2500,182.2999,182.2100,182.2300,5758
63,182.2200,182.2800,182.0601,182.1200,13403
64,182.1400,182.1400,182.0400,182.0400,4662
65,182.0300,182.0700,181.9100,181.9800,5520
66,182.0000,182.0144,181.9500,181.9800,1712
67,181.9999,181.9999,181.9730,181.9900,359
68,181.9400,181.9400,181.8700,181.9300,3647
69,181.8966,181.8966,181.7800,181.7800,1709
70,181.8300,181.9000,181.8300,181.8600,3043
71,181.8420,181.8500,181.8400,181.8500,600
72,181.8300,181.8600,181.8100,181.8200,1100
73,181.8300,181.8700,181.8300,181.8700,1300
74,181.9000,181.9500,181.9000,181.9500,1500
75,182.0000,182.0100,181.9500,182.0000,3310
76,181.9800,182.0100,181.9500,181.9900,4067
77,181.9900,182.0400,181.9700,182.0204,7931
78,182.0100,182.0100,181.9300,181.9400,1850
79,181.9000,181.9400,181.9000,181.9300,689
80,181.9100,181.9800,181.9100,181.9700,1300
81,181.9499,181.9499,181.9000,181.9000,981
82,181.9400,181.9400,181.9250,181.9250,200
83,181.9200,181.9200,181.8977,181.9107,800
84,181.9300,181.9499,181.8893,181.8893,2319
85,181.8800,181.8800,181.8024,181.8024,1700
86,181.8200,181.8700,181.8100,181.8100,1810
87,181.8600,181.8700,181.8500,181.8600,900
88,181.9000,181.9100,181.8800,181.9000,2452
89,181.8701,181.9600,181.8701,181.9600,1842
90,181.9400,182.0200,181.9300,182.0000,4389
91,182.0000,182.0150,181.9800,182.0100,3749
92,181.9900,182.0200,181.9900,182.0000,7165
93,182.0000,182.0100,181.9800,182.0000,2200
94,182.0000,182.0000,181.9800,182.0000,2012
95,182.0000,182.0100,181.9700,181.9700,1868
96,182.0000,182.0700,181.9800,182.0600,2600
97,182.0699,182.0899,182.0699,182.0899,430
98,182.0700,182.1000,182.0630,182.1000,1400
99,182.1200,182.2100,182.1200,182.1963,700
100,182.1900,182.2500,182.1900,182.2000,2830
101,182.2000,182.2000,182.1700,182.1700,1490
102,182.1500,182.1500,182.1100,182.1200,1100
103,182.1100,182.1400,182.1100,182.1100,1325
104,182.1199,182.1500,182.1199,182.1500,1033
105,182.1600,182.1600,182.0300,182.0301,2231
106,182.0899,182.0899,182.0300,182.0300,1991
107,182.0300,182.0300,181.9504,181.9900,2403
108,182.0000,182.0500,181.9900,182.0400,2025
109,182.0699,182.0900,182.0699,182.0900,220
110,182.0800,182.1200,182.0000,182.0000,2724
111,181.9800,182.0600,181.9800,182.0100,1999
112,181.9700,182.0090,181.9400,181.9400,3509
113,181.9300,181.9600,181.8800,181.9000,2730
114,181.9000,181.9200,181.8900,181.9100,1208
115,181.9100,181.9599,181.8900,181.9100,2691
116,181.9100,181.9300,181.8900,181.9000,6925
117,181.9300,181.9500,181.9000,181.9000,3297
118,181.9100,181.9800,181.9100,181.9200,1800
119,181.9600,182.0100,181.9600,182.0100,1500
120,182.0100,182.0300,181.9917,182.0100,900
121,182.0200,182.0400,181.9600,181.9750,6930
122,181.9900,181.9900,181.9675,181.9675,1500
123,181.9900,182.0500,181.9700,181.9900,1677
124,182.0200,182.0252,181.9900,181.9900,1307
125,181.9900,182.0000,181.9600,181.9600,2100
126,181.9600,182.0200,181.9600,182.0200,15280
127,182.0100,182.0100,181.9300,181.9499,3800
128,181.9600,182.0500,181.9400,182.0350,2200
129,182.0350,182.0400,182.0000,182.0000,1509
130,182.0100,182.0390,182.0000,182.0000,1200
131,182.0299,182.0399,182.0050,182.0399,511
132,181.9900,181.9900,181.9800,181.9800,612
133,182.0000,182.0100,181.9900,182.0100,21522
134,182.0000,182.0400,181.9900,182.0200,2825
135,182.0300,182.0900,182.0300,182.0900,1094
136,182.0943,182.1200,182.0776,182.0776,5738
137,182.0500,182.0700,182.0500,182.0700,600
138,182.0400,182.0500,182.0100,182.0500,1300
139,182.0300,182.0700,182.0300,182.0700,400
140,182.0500,182.1000,182.0300,182.1000,2430
141,182.1200,182.1200,182.0800,182.1100,2608
142,182.1000,182.1200,182.0800,182.1000,5830
143,182.0900,182.0900,182.0100,182.0100,1200
144,182.0000,182.0000,182.0000,182.0000,100
145,182.0100,182.0300,181.9800,181.9800,1800
146,181.9600,181.9600,181.9000,181.9000,540
147,181.9400,181.9400,181.9141,181.9300,1236
148,181.9253,181.9300,181.9000,181.9100,3336
149,181.9100,181.9100,181.8200,181.8599,1732
150,181.8500,181.8800,181.8250,181.8450,2629
151,181.8300,181.8300,181.7950,181.8076,1137
152,181.8100,181.8800,181.8100,181.8800,1100
153,181.9411,181.9700,181.9300,181.9300,1942
154,181.8900,181.9738,181.8900,181.9400,1901
155,181.9400,181.9500,181.9000,181.9500,2104
156,181.9500,181.9500,181.9200,181.9200,1967
157,181.9300,181.9350,181.8690,181.9000,2516
158,181.9500,181.9500,181.9400,181.9450,900
159,181.9400,181.9700,181.9000,181.9700,7984
160,181.9700,182.0054,181.9600,181.9600,4045
161,181.9550,181.9600,181.9400,181.9600,1760
162,181.9699,182.0500,181.9699,182.0200,1879
163,182.0267,182.0400,181.9700,182.0400,1750
164,182.0728,182.0958,182.0700,182.0800,892
165,182.0850,182.1000,182.0850,182.0950,3006
166,182.1000,182.1400,182.0958,182.1200,3825
167,182.1500,182.1800,182.1100,182.1200,3187
168,182.1100,182.1628,182.1100,182.1100,2555
169,182.1276,182.1276,182.0700,182.0701,3747
170,182.1000,182.1150,182.0900,182.1000,1047
171,182.0999,182.0999,182.0999,182.0999,100
172,182.0700,182.1000,182.0500,182.0600,2716
173,182.0600,182.0920,182.0500,182.0900,950
174,182.0700,182.0700,182.0700,182.0700,100
175,182.0999,182.1100,181.9400,181.9400,3094
176,181.9700,182.0000,181.9700,181.9900,600
177,182.0300,182.0300,181.9600,181.9700,1400
178,181.9450,181.9900,181.9450,181.9890,700
180,182.0499,182.0800,181.9900,182.0100,3872
181,182.0400,182.0800,182.0100,182.0800,1176
182,182.0900,182.1000,182.0628,182.1000,750
183,182.0800,182.1200,182.0000,182.0900,2600
184,182.0800,182.0800,182.0555,182.0555,978
185,182.0500,182.0700,182.0100,182.0100,3550
186,182.0100,182.0100,181.9200,182.0000,1600
187,182.0600,182.0600,182.0100,182.0200,500
188,181.9900,181.9900,181.8900,181.9100,1190
189,181.9100,181.9500,181.8960,181.9500,1700
190,181.9890,182.0100,181.9400,181.9928,1293
191,182.0000,182.0100,181.9800,181.9800,800
192,181.9500,181.9700,181.9500,181.9700,500
193,182.0000,182.0600,182.0000,182.0593,1788
194,182.0200,182.0200,181.9900,181.9900,1100
195,182.0000,182.0100,182.0000,182.0000,504
196,182.0000,182.0000,181.9400,181.9400,742
197,181.9500,181.9500,181.8700,181.8900,1700
198,181.9000,181.9700,181.8900,181.9700,2152
199,181.9900,181.9900,181.9101,181.9101,1250
200,181.9405,181.9405,181.9405,181.9405,200
201,181.9400,181.9400,181.9200,181.9400,1250
202,181.9400,181.9800,181.9400,181.9800,1210
203,181.9700,181.9900,181.9700,181.9850,400
204,181.9800,181.9900,181.9500,181.9700,1000
205,181.9500,181.9500,181.9000,181.9200,600
206,181.9200,181.9200,181.9200,181.9200,200
207,181.9400,181.9600,181.9400,181.9600,835
208,181.9600,181.9600,181.9310,181.9600,975
209,182.0000,182.0000,181.9700,181.9700,300
210,181.9700,181.9700,181.9400,181.9582,2000
211,181.9600,181.9800,181.9500,181.9800,711
212,181.9900,182.0500,181.9700,181.9700,4840
213,181.9900,182.0200,181.9900,182.0000,710
214,181.9800,181.9900,181.9500,181.9600,1300
215,181.9622,181.9800,181.9500,181.9800,1100
216,181.9700,181.9700,181.9300,181.9300,885
217,181.9200,181.9300,181.9000,181.9300,1009
218,181.9400,181.9800,181.9400,181.9400,1800
219,181.9400,181.9400,181.8400,181.9050,3048
220,181.9200,181.9200,181.9200,181.9200,100
221,181.9500,181.9500,181.9000,181.9400,1200
222,181.9100,181.9400,181.8800,181.9000,4135
223,181.9200,181.9300,181.8900,181.8900,600
224,181.9000,181.9400,181.8600,181.9100,1359
225,181.9100,181.9600,181.8500,181.9600,1600
226,181.9600,182.0010,181.9200,182.0010,3106
227,181.9900,181.9900,181.9800,181.9850,700
228,181.9600,181.9600,181.8900,181.9600,2000
229,181.9800,182.0000,181.9700,182.0000,700
230,181.9900,182.0100,181.9800,182.0100,1000
231,181.9900,182.0100,181.9800,182.0100,2235
232,181.9900,182.0000,181.9500,182.0000,1560
233,182.0000,182.0250,181.9601,182.0100,2212
234,182.0150,182.0400,182.0150,182.0400,1331
235,182.0464,182.0500,181.9986,181.9986,3155
236,181.9900,181.9900,181.9500,181.9500,1600
237,181.9900,182.0200,181.9833,182.0000,5165
238,181.9900,182.0000,181.9700,182.0000,1804
239,182.0000,182.0000,181.9400,181.9600,1587
240,181.9600,181.9600,181.9500,181.9500,500
241,181.9500,181.9700,181.9300,181.9300,2515
242,181.9300,181.9700,181.9100,181.9700,3188
243,181.9800,182.0600,181.9800,182.0350,2967
244,182.0500,182.0500,181.9791,181.9900,3632
245,181.9850,182.0100,181.9750,181.9750,7949
246,181.9900,182.0000,181.9300,181.9300,3484
247,181.9700,181.9800,181.9400,181.9500,973
248,181.9400,181.9807,181.9400,181.9700,935
249,181.9684,181.9799,181.9000,181.9000,5100
250,181.9000,181.9400,181.8900,181.9400,1200
251,181.9700,181.9700,181.9700,181.9700,300
252,181.9400,181.9400,181.8600,181.9200,2369
253,181.9400,181.9900,181.9250,181.9650,1661
254,181.9700,181.9700,181.9100,181.9500,936
255,181.9100,182.0100,181.9100,182.0000,2754
256,182.0299,182.0299,181.9800,182.0000,422
257,182.0000,182.0000,181.9700,181.9800,3900
258,182.0000,182.0000,181.9800,181.9929,877
259,181.9700,181.9700,181.8900,181.8900,700
260,181.8700,181.9000,181.8700,181.9000,1858
261,181.9200,181.9200,181.8800,181.9100,1986
262,181.8900,181.9100,181.8379,181.8394,3208
263,181.8600,181.9600,181.8600,181.9100,5487
264,181.9056,181.9056,181.8400,181.8400,869
265,181.8400,181.8800,181.8000,181.8800,3289
266,181.8676,181.9400,181.8676,181.9200,3073
267,181.9400,181.9800,181.9200,181.9700,1000
268,181.9764,181.9764,181.9000,181.9200,3911
269,181.9100,182.0533,181.9100,181.9900,4968
270,182.0000,182.0100,181.9200,181.9500,4699
271,181.9500,182.0100,181.9400,182.0000,3200
272,181.9700,182.0000,181.9200,182.0000,1611
273,182.0000,182.0500,181.9900,181.9956,3915
274,181.9700,182.0700,181.9691,182.0700,2785
275,182.0800,182.1200,182.0800,182.1200,625
276,182.1500,182.1900,182.1500,182.1900,3940
277,182.2000,182.2700,182.1900,182.1900,3824
278,182.1700,182.2154,182.1500,182.2000,2407
279,182.2100,182.2100,182.1700,182.1700,1263
280,182.2100,182.2600,182.2100,182.2400,5705
281,182.2550,182.2550,182.1500,182.1800,3255
282,182.1800,182.2100,182.1650,182.1700,2515
283,182.1800,182.2300,182.1800,182.2200,2004
284,182.2200,182.2300,182.1400,182.2050,8746
285,182.2200,182.2700,182.1900,182.2400,4815
286,182.2300,182.2400,182.1500,182.1900,9502
287,182.1700,182.1900,182.0900,182.1000,9628
288,182.1050,182.1100,182.0500,182.0500,3448
289,182.0500,182.0500,182.0100,182.0100,3982
290,182.0200,182.0200,181.9500,181.9700,6200
291,181.9750,182.0300,181.9750,182.0200,4053
292,182.0300,182.0500,182.0100,182.0100,2828
293,181.9500,181.9500,181.8900,181.8900,2604
294,181.9000,181.9000,181.8800,181.8800,200
295,181.8800,181.8800,181.7750,181.8200,6737
296,181.8200,181.8200,181.7600,181.7900,1400
297,181.7500,181.7500,181.6800,181.6900,3307
298,181.7000,181.7300,181.6900,181.6900,2405
299,181.7000,181.7600,181.6900,181.7000,3412
300,181.6700,181.7100,181.6700,181.6899,1800
301,181.6900,181.7400,181.6900,181.7200,1301
302,181.7000,181.8100,181.7000,181.7700,4290
303,181.7700,181.7700,181.7000,181.7000,9217
304,181.6800,181.7000,181.6400,181.6650,1700
305,181.6600,181.6800,181.5900,181.6800,2122
306,181.6300,181.6600,181.5600,181.5600,2000
307,181.5450,181.5800,181.5100,181.5400,4725
308,181.5000,181.5400,181.4700,181.5000,2000
309,181.4900,181.5100,181.4500,181.5100,4287
310,181.5100,181.7200,181.5000,181.6200,6087
311,181.6200,181.6700,181.5800,181.6500,2891
312,181.6200,181.6500,181.5800,181.5800,1300
313,181.6000,181.6200,181.5500,181.5800,7003
314,181.5900,181.5900,181.4800,181.4850,8497
315,181.5070,181.5100,181.4200,181.5100,4236
316,181.5000,181.5000,181.3300,181.3500,3840
317,181.3000,181.5100,181.3000,181.4950,10147
318,181.5000,181.5100,181.4300,181.4900,5026
319,181.4550,181.5300,181.4200,181.5000,11650
320,181.5300,181.5500,181.3600,181.4000,8206
321,181.4000,181.5100,181.3500,181.3500,5114
322,181.3300,181.3300,181.2000,181.2000,20029
323,181.2100,181.2500,181.1900,181.1900,1523
324,181.2200,181.3400,181.1780,181.3400,6088
325,181.3500,181.4400,181.3400,181.3802,6300
326,181.4200,181.4700,181.3700,181.3900,1800
327,181.4400,181.5100,181.3600,181.5100,4842
328,181.5200,181.5300,181.4800,181.4800,1400
329,181.4600,181.4650,181.4200,181.4200,552
330,181.4100,181.4500,181.4000,181.4100,5139
331,181.3900,181.4300,181.3600,181.4300,6326
332,181.4500,181.5000,181.4312,181.5000,6168
333,181.4800,181.6300,181.4500,181.5700,14196
334,181.5700,181.6700,181.5700,181.6500,3200
335,181.6100,181.6250,181.5600,181.5800,2307
336,181.5799,181.5800,181.5000,181.5200,2819
337,181.5000,181.5150,181.4300,181.4600,4082
338,181.4400,181.4800,181.3300,181.3300,4649
339,181.3300,181.3500,181.3100,181.3500,4678
340,181.3500,181.3500,181.2400,181.3400,8301
341,181.3397,181.4100,181.3200,181.3900,5913
342,181.3900,181.4100,181.3500,181.3500,2700
343,181.3700,181.3800,181.3178,181.3800,2408
344,181.3300,181.3300,181.2200,181.2600,3953
345,181.2400,181.2800,181.2301,181.2700,1982
346,181.2300,181.2600,181.1500,181.1600,6400
347,181.1500,181.1800,181.1000,181.1000,4785
348,181.0900,181.1100,181.0200,181.0600,3100
349,181.0200,181.0700,180.9900,181.0700,5892
350,181.0700,181.2600,181.0700,181.2200,9286
351,181.2300,181.2400,181.1800,181.2100,4164
352,181.1800,181.2100,181.1600,181.1850,3941
353,181.2100,181.2200,181.1700,181.1800,3260
354,181.1700,181.2000,181.1550,181.1700,3662
355,181.1850,181.2800,181.1600,181.2600,3288
356,181.2700,181.2700,181.2000,181.2300,2794
357,181.2000,181.2300,181.1900,181.1900,3644
358,181.2100,181.2100,181.1700,181.2100,1038
359,181.1700,181.2500,181.1700,181.2300,7404
360,181.2200,181.3100,181.2000,181.2700,7489
361,181.2700,181.2800,181.1800,181.1800,4652
362,181.1850,181.2100,181.1400,181.1850,6400
363,181.1800,181.2200,181.1300,181.1601,7312
364,181.1900,181.2200,181.1100,181.1300,3775
365,181.1100,181.1500,181.0700,181.0900,5907
366,181.1100,181.1200,181.0700,181.0800,2022
367,181.0900,181.1300,181.0700,181.0900,4012
368,181.0700,181.0800,181.0200,181.0800,3058
369,181.0750,181.1600,181.0600,181.1600,5981
370,181.1550,181.1900,181.1400,181.1800,4560
371,181.1600,181.1700,181.1000,181.1100,5008
372,181.1200,181.1600,181.0750,181.1000,15136
373,181.0900,181.0900,180.9800,181.0000,12100
374,181.0100,181.0700,180.9500,180.9500,5996
375,180.9600,181.0150,180.8700,181.0000,12119
376,180.9800,181.0900,180.9800,181.0200,15775
377,181.0300,181.0700,180.9900,181.0200,11355
378,181.0500,181.0600,180.9800,181.0000,12248
379,181.0200,181.0200,180.9500,180.9850,7874
380,180.9897,181.0000,180.9300,180.9700,17407
381,180.9800,181.2400,180.9600,181.2200,23712
382,181.2200,181.2800,181.2200,181.2600,14843
383,181.2700,181.2900,181.1900,181.2400,12775
384,181.2200,181.2300,181.1800,181.2000,11079
385,181.1950,181.2250,181.1700,181.1900,21057
386,181.2200,181.3000,181.1700,181.1900,26660
387,181.1800,181.2100,181.0700,181.1038,22528
388,181.1100,181.1900,181.0700,181.1350,28316
389,181.1350,181.2300,181.1300,181.2000,21558
390,181.2100,181.4700,181.1900,181.3600,104063