WM,Waste Management Inc.,Industrials,6,Environmental & Facilities Services,32155687864,1645713
a1499617800,72.4700,72.4700,72.4700,72.4700,17174
1,72.4500,72.4500,72.3800,72.3900,2650
2,72.4700,72.5200,72.4100,72.4600,2400
3,72.4700,72.4874,72.3950,72.4000,1935
4,72.4000,72.4000,72.4000,72.4000,500
5,72.4000,72.4000,72.3900,72.3900,700
6,72.4000,72.4100,72.2800,72.2800,4487
7,72.2500,72.3100,72.2500,72.2900,1000
8,72.2900,72.3000,72.2900,72.3000,600
9,72.3000,72.3300,72.2800,72.2900,2226
10,72.2960,72.3200,72.2800,72.2800,1942
11,72.2800,72.3200,72.2600,72.3167,3031
12,72.3300,72.3400,72.3100,72.3300,1600
13,72.3300,72.3500,72.3100,72.3300,4157
14,72.3200,72.3700,72.3200,72.3600,1577
15,72.3600,72.3800,72.3200,72.3500,2168
16,72.3500,72.3500,72.3100,72.3100,1600
17,72.3100,72.3300,72.3100,72.3100,1900
18,72.2900,72.3000,72.2800,72.3000,2678
19,72.3000,72.3000,72.2700,72.2800,900
20,72.2800,72.2847,72.2500,72.2600,2940
21,72.2500,72.2700,72.2500,72.2700,3300
22,72.2700,72.2700,72.2400,72.2500,3759
23,72.2500,72.3200,72.2500,72.3200,3134
24,72.3200,72.3500,72.3200,72.3500,1775
25,72.3700,72.3800,72.3400,72.3500,2789
26,72.3600,72.3700,72.3500,72.3600,2100
27,72.3600,72.4100,72.3600,72.4100,2139
28,72.4300,72.4400,72.4200,72.4400,1793
29,72.4400,72.4800,72.4400,72.4500,2033
30,72.4500,72.4500,72.4400,72.4400,500
31,72.4600,72.4600,72.3700,72.3900,12589
32,72.3900,72.4000,72.3850,72.4000,2239
33,72.4000,72.4100,72.3700,72.3700,3549
34,72.3700,72.3900,72.3559,72.3800,3035
35,72.3813,72.3950,72.3800,72.3850,3861
36,72.3900,72.4100,72.3900,72.4100,2500
37,72.4133,72.4133,72.3800,72.3800,3338
38,72.3900,72.3900,72.3600,72.3700,3211
39,72.3700,72.3850,72.3700,72.3700,2563
40,72.3700,72.4000,72.3700,72.3950,1007
41,72.3950,72.4300,72.3950,72.4300,1899
42,72.4300,72.4500,72.4300,72.4500,1700
43,72.4400,72.4500,72.4300,72.4300,2368
44,72.4200,72.4200,72.4020,72.4100,1647
45,72.4200,72.4300,72.4200,72.4299,1040
46,72.4283,72.4400,72.4250,72.4400,2100
47,72.4400,72.4500,72.4000,72.4200,7270
48,72.4300,72.4300,72.4300,72.4300,615
49,72.4300,72.4400,72.4300,72.4300,2330
50,72.4300,72.4400,72.4300,72.4400,1100
51,72.4300,72.4400,72.4250,72.4400,2084
52,72.4500,72.4600,72.4400,72.4400,3500
53,72.4400,72.4400,72.4000,72.4200,3575
54,72.4100,72.4300,72.4100,72.4300,1700
55,72.4200,72.4200,72.4000,72.4200,2900
56,72.4150,72.4200,72.4100,72.4100,1737
57,72.4200,72.4200,72.3900,72.3900,3188
58,72.3900,72.3900,72.3800,72.3800,2501
59,72.3900,72.4200,72.3850,72.4200,2799
60,72.4100,72.4200,72.4100,72.4200,3801
61,72.4300,72.4300,72.4300,72.4300,1550
62,72.4300,72.4800,72.4300,72.4700,3170
63,72.4700,72.4800,72.4650,72.4800,939
64,72.4801,72.4801,72.4500,72.4500,3719
65,72.4500,72.4500,72.4400,72.4500,1500
66,72.4523,72.4523,72.4523,72.4523,318
67,72.4600,72.4700,72.4600,72.4700,1999
68,72.4700,72.4700,72.4500,72.4600,2639
69,72.4700,72.4804,72.4700,72.4800,942
70,72.4800,72.5000,72.4800,72.5000,2484
71,72.4900,72.5000,72.4900,72.5000,2201
72,72.5000,72.5000,72.5000,72.5000,1699
73,72.5000,72.5100,72.4942,72.5100,3900
74,72.5200,72.5200,72.5200,72.5200,1900
75,72.5300,72.5500,72.5100,72.5100,5550
76,72.5001,72.5100,72.5001,72.5100,1400
77,72.5000,72.5050,72.4500,72.4500,4393
78,72.4500,72.4600,72.4500,72.4600,650
79,72.4600,72.4600,72.3800,72.4100,9700
80,72.4000,72.4000,72.3801,72.3801,800
81,72.3950,72.4000,72.3500,72.3600,4700
82,72.3600,72.3800,72.3501,72.3800,1500
83,72.3900,72.3900,72.3900,72.3900,100
84,72.3900,72.3900,72.3701,72.3701,1853
85,72.3800,72.3800,72.3450,72.3499,2658
86,72.3401,72.3748,72.3401,72.3748,3121
87,72.3700,72.3736,72.3401,72.3401,4056
88,72.3400,72.3400,72.3300,72.3301,1400
89,72.3500,72.3500,72.3400,72.3400,600
90,72.3400,72.3500,72.3300,72.3301,2650
91,72.3300,72.3300,72.3000,72.3000,2600
92,72.3000,72.3200,72.2900,72.3200,3644
93,72.3300,72.3300,72.3100,72.3100,2300
94,72.3100,72.3300,72.3100,72.3200,1980
95,72.3200,72.3200,72.3200,72.3200,400
96,72.3200,72.3300,72.3200,72.3300,2261
97,72.3300,72.3300,72.2950,72.2950,2286
98,72.3000,72.3100,72.3000,72.3100,1435
99,72.3300,72.3300,72.3300,72.3300,800
100,72.3400,72.3400,72.3200,72.3200,2315
101,72.3200,72.3200,72.3000,72.3100,1511
102,72.3100,72.3200,72.3000,72.3200,5087
103,72.3250,72.3250,72.3200,72.3200,800
104,72.3101,72.3453,72.3101,72.3453,1950
105,72.3585,72.3585,72.3585,72.3585,114
106,72.3550,72.3600,72.3500,72.3600,5292
107,72.3600,72.3900,72.3600,72.3800,1229
108,72.3800,72.3890,72.3800,72.3800,1800
109,72.3800,72.3800,72.3600,72.3600,1599
110,72.3650,72.3700,72.3650,72.3666,790
111,72.3700,72.4000,72.3700,72.3900,3000
112,72.3900,72.3900,72.3800,72.3900,1300
113,72.3900,72.4000,72.3900,72.4000,1100
114,72.4000,72.4100,72.3900,72.4100,3463
115,72.4200,72.4200,72.4100,72.4200,1695
116,72.4200,72.4200,72.4047,72.4047,1677
117,72.4100,72.4600,72.4100,72.4500,3560
118,72.4500,72.4600,72.4500,72.4500,1500
119,72.4500,72.4700,72.4500,72.4600,1200
120,72.4600,72.4700,72.4600,72.4700,700
121,72.4700,72.4758,72.4700,72.4700,2379
122,72.4700,72.4800,72.4700,72.4700,1100
123,72.4800,72.4800,72.4700,72.4700,1200
124,72.4700,72.4800,72.4600,72.4600,2300
125,72.4600,72.4600,72.4300,72.4400,1517
126,72.4400,72.4400,72.4200,72.4250,1700
127,72.4299,72.4299,72.4200,72.4200,600
128,72.4200,72.4400,72.4143,72.4143,3228
129,72.4150,72.4150,72.3900,72.3900,1900
130,72.3999,72.4000,72.3999,72.3999,1703
132,72.3900,72.3999,72.3800,72.3900,3119
133,72.3900,72.3999,72.3800,72.3899,1983
134,72.3900,72.4000,72.3900,72.3999,1200
135,72.4000,72.4000,72.3900,72.3900,1011
136,72.4000,72.4000,72.3999,72.3999,1500
137,72.4000,72.4100,72.4000,72.4100,3000
138,72.4043,72.4099,72.4000,72.4000,1600
139,72.3900,72.4100,72.3900,72.4099,800
140,72.4100,72.4200,72.4100,72.4200,1799
141,72.4200,72.4200,72.4000,72.4099,2172
142,72.4000,72.4099,72.3900,72.3900,1439
143,72.3999,72.3999,72.3899,72.3899,1721
144,72.3900,72.3900,72.3899,72.3900,2069
145,72.3900,72.3900,72.3800,72.3800,800
146,72.3801,72.3900,72.3801,72.3900,701
147,72.3900,72.3900,72.3899,72.3899,1500
148,72.3800,72.3800,72.3800,72.3800,100
149,72.3899,72.3899,72.3700,72.3799,2251
150,72.3700,72.3700,72.3600,72.3600,1500
151,72.3600,72.3600,72.3400,72.3400,2607
152,72.3500,72.3700,72.3500,72.3600,3050
153,72.3675,72.3700,72.3600,72.3600,1601
154,72.3600,72.3700,72.3600,72.3700,2600
155,72.3800,72.3847,72.3800,72.3847,450
156,72.3899,72.3899,72.3700,72.3700,2043
157,72.3700,72.3799,72.3657,72.3799,1200
158,72.3800,72.3800,72.3799,72.3800,1000
159,72.3800,72.3900,72.3800,72.3900,1958
160,72.4000,72.4000,72.3890,72.3900,1500
161,72.3900,72.3900,72.3900,72.3900,200
163,72.4000,72.4100,72.4000,72.4000,1500
164,72.4000,72.4100,72.4000,72.4100,500
165,72.4100,72.4150,72.4059,72.4150,719
166,72.4200,72.4400,72.4200,72.4400,2847
167,72.4400,72.4500,72.4350,72.4400,1979
168,72.4400,72.4500,72.4400,72.4450,700
169,72.4500,72.4550,72.4400,72.4550,2100
170,72.4500,72.4500,72.4400,72.4499,1200
171,72.4470,72.4600,72.4470,72.4550,1100
172,72.4600,72.4700,72.4600,72.4700,1500
173,72.4700,72.4700,72.4700,72.4700,1225
174,72.4700,72.4700,72.4550,72.4550,1601
175,72.4500,72.4600,72.4300,72.4300,2300
176,72.4400,72.4400,72.4200,72.4200,500
177,72.4100,72.4199,72.4100,72.4100,978
178,72.4100,72.4199,72.4100,72.4199,399
179,72.4100,72.4100,72.4100,72.4100,600
180,72.4100,72.4200,72.4043,72.4100,2670
181,72.4100,72.4100,72.4099,72.4099,448
182,72.4100,72.4100,72.4050,72.4050,400
183,72.4100,72.4100,72.3800,72.3800,2555
184,72.3799,72.3799,72.3700,72.3700,921
185,72.3650,72.3700,72.3500,72.3500,3857
186,72.3600,72.3600,72.3500,72.3599,2334
187,72.3600,72.3600,72.3599,72.3600,1500
188,72.3600,72.3700,72.3400,72.3699,4495
189,72.3600,72.3800,72.3600,72.3700,2000
190,72.3700,72.3700,72.3700,72.3700,800
191,72.3750,72.3750,72.3500,72.3500,1200
192,72.3500,72.3700,72.3400,72.3700,2416
193,72.3800,72.3800,72.3800,72.3800,1300
194,72.3800,72.3800,72.3700,72.3700,1160
195,72.3600,72.3700,72.3600,72.3700,800
196,72.3700,72.3850,72.3700,72.3700,1500
197,72.3841,72.3899,72.3800,72.3899,3628
198,72.3900,72.4100,72.3900,72.4000,3534
199,72.4100,72.4100,72.4100,72.4100,300
200,72.4100,72.4200,72.4100,72.4200,1100
201,72.4200,72.4200,72.4200,72.4200,200
202,72.4100,72.4299,72.4100,72.4186,1238
203,72.4300,72.4300,72.4200,72.4200,2431
204,72.4400,72.4400,72.4200,72.4200,1000
205,72.4200,72.4300,72.4200,72.4300,900
206,72.4300,72.4300,72.4100,72.4300,1550
207,72.4300,72.4300,72.4199,72.4199,1300
208,72.4000,72.4199,72.4000,72.4000,1200
209,72.4000,72.4099,72.4000,72.4099,1200
210,72.4000,72.4100,72.3900,72.4099,12700
211,72.4000,72.4100,72.4000,72.4050,7765
212,72.4060,72.4200,72.4000,72.4100,4482
213,72.4199,72.4199,72.4086,72.4086,1628
214,72.4140,72.4140,72.3900,72.3950,2034
215,72.4000,72.4100,72.3900,72.3950,1847
216,72.3999,72.4000,72.3800,72.3800,1978
217,72.3810,72.3899,72.3799,72.3799,2300
218,72.3800,72.3800,72.3799,72.3799,1100
219,72.3700,72.3799,72.3699,72.3700,1800
220,72.3700,72.3799,72.3700,72.3799,2449
221,72.3700,72.3800,72.3600,72.3700,800
222,72.3712,72.3800,72.3500,72.3500,3615
223,72.3600,72.3600,72.3600,72.3600,1000
224,72.3600,72.3700,72.3600,72.3700,2300
225,72.3800,72.3900,72.3800,72.3800,1089
226,72.3800,72.3900,72.3800,72.3800,1100
227,72.3900,72.4300,72.3850,72.4300,1975
228,72.4300,72.4350,72.4200,72.4200,3693
229,72.4300,72.4300,72.4300,72.4300,300
230,72.4400,72.4500,72.4300,72.4400,1800
231,72.4300,72.4500,72.4300,72.4400,1300
232,72.4500,72.4800,72.4500,72.4800,3100
233,72.4900,72.4900,72.4900,72.4900,1700
234,72.4900,72.5000,72.4800,72.5000,2445
235,72.4900,72.5200,72.4850,72.5200,23333
236,72.5250,72.5300,72.5150,72.5300,3369
237,72.5400,72.5800,72.5350,72.5800,3913
238,72.6000,72.6000,72.5700,72.5800,2840
239,72.5800,72.5900,72.5800,72.5900,700
240,72.5950,72.5993,72.5800,72.5800,2060
241,72.5800,72.5850,72.5750,72.5800,1449
242,72.5800,72.5800,72.5600,72.5700,3638
243,72.5750,72.5800,72.5650,72.5650,2700
244,72.5750,72.5750,72.5600,72.5600,1659
245,72.5650,72.5700,72.5650,72.5700,1800
246,72.5700,72.5700,72.5650,72.5700,900
247,72.5700,72.5700,72.4500,72.4680,20178
248,72.4600,72.4600,72.3200,72.3300,36542
249,72.3400,72.4300,72.3350,72.4000,14911
250,72.4000,72.4300,72.3800,72.4300,7939
251,72.4500,72.4900,72.4500,72.4600,2134
252,72.4610,72.4700,72.4200,72.4200,2842
253,72.4200,72.4210,72.3752,72.3900,2866
254,72.3700,72.4200,72.3700,72.4100,3372
255,72.4100,72.4250,72.3800,72.4000,7300
256,72.4089,72.4400,72.4000,72.4400,3800
257,72.4300,72.4300,72.3900,72.4100,6700
258,72.4100,72.4250,72.4050,72.4050,4700
259,72.4100,72.4200,72.3810,72.4085,4311
260,72.4000,72.4000,72.3800,72.3900,2490
261,72.4100,72.4100,72.3999,72.4100,2000
262,72.4230,72.4300,72.4100,72.4300,2300
263,72.4405,72.4500,72.4400,72.4400,821
264,72.4400,72.4500,72.4250,72.4400,2959
265,72.4400,72.4500,72.4310,72.4499,2100
266,72.4400,72.4500,72.4399,72.4450,2100
267,72.4700,72.5000,72.4500,72.4700,1800
268,72.4700,72.4700,72.4200,72.4200,3200
269,72.4300,72.4600,72.4300,72.4300,2395
270,72.4300,72.4410,72.4257,72.4400,880
271,72.4400,72.4550,72.4300,72.4500,3000
272,72.4600,72.5200,72.4600,72.4800,6346
273,72.4900,72.5100,72.4900,72.5010,1937
274,72.5138,72.5138,72.4700,72.4700,2462
275,72.4701,72.5000,72.4701,72.4900,2296
276,72.5000,72.5000,72.4986,72.5000,1153
277,72.5000,72.5000,72.4900,72.5000,1610
278,72.5000,72.5000,72.4850,72.4850,300
279,72.4900,72.5000,72.4800,72.5000,3400
280,72.5000,72.5000,72.4500,72.4500,2397
281,72.4576,72.4600,72.4576,72.4600,989
282,72.4600,72.4700,72.4500,72.4699,3406
283,72.4600,72.4700,72.4600,72.4699,700
284,72.4690,72.4800,72.4550,72.4700,4279
285,72.4700,72.4800,72.4700,72.4799,2633
286,72.4800,72.4900,72.4799,72.4900,3494
287,72.4900,72.5000,72.4800,72.4900,3934
288,72.5000,72.5180,72.4857,72.5180,2759
289,72.5200,72.5200,72.4999,72.4999,1000
290,72.5000,72.5100,72.5000,72.5099,1000
291,72.5100,72.5100,72.4900,72.5000,1700
292,72.5200,72.5399,72.5100,72.5399,2900
293,72.5400,72.5500,72.4610,72.4890,3465
294,72.4800,72.4800,72.4800,72.4800,700
295,72.4700,72.4800,72.4600,72.4800,1526
296,72.4600,72.4800,72.4600,72.4700,700
297,72.4800,72.4800,72.4600,72.4600,2396
298,72.4500,72.4600,72.4400,72.4450,1664
299,72.4400,72.4500,72.4200,72.4400,3764
300,72.4200,72.4399,72.4000,72.4100,2402
301,72.4100,72.4100,72.3600,72.3800,11594
302,72.4000,72.4200,72.4000,72.4000,2911
303,72.4000,72.4100,72.4000,72.4100,955
304,72.4000,72.4000,72.3700,72.3700,2563
305,72.3700,72.4000,72.3700,72.3950,5711
306,72.3950,72.3950,72.3700,72.3700,2720
307,72.3700,72.3900,72.3700,72.3800,2311
308,72.3800,72.3900,72.3800,72.3900,900
309,72.3900,72.3950,72.3800,72.3950,3709
310,72.3900,72.4100,72.3800,72.4100,2529
311,72.4000,72.4160,72.3900,72.4050,8448
312,72.4050,72.4050,72.3700,72.3800,11489
313,72.3800,72.3900,72.3700,72.3800,1802
314,72.3900,72.3900,72.3700,72.3800,3662
315,72.3700,72.3800,72.3500,72.3800,2201
316,72.3600,72.3700,72.3500,72.3600,2436
317,72.3600,72.3600,72.3000,72.3600,8853
318,72.3700,72.3705,72.3300,72.3400,2860
319,72.3200,72.3700,72.3200,72.3700,5215
320,72.3700,72.3800,72.3100,72.3300,11016
321,72.3300,72.3850,72.3300,72.3400,11012
322,72.3600,72.3700,72.3500,72.3600,5525
323,72.3550,72.3700,72.3550,72.3600,2300
324,72.3700,72.4300,72.3600,72.4250,3493
325,72.4200,72.4700,72.4200,72.4650,3009
326,72.4700,72.4850,72.4500,72.4850,2054
327,72.4800,72.4900,72.4500,72.4900,3512
328,72.4886,72.5000,72.4700,72.4700,1500
329,72.4800,72.4900,72.4300,72.4500,3223
330,72.4500,72.4600,72.4400,72.4400,1990
331,72.4400,72.4950,72.4400,72.4950,2450
332,72.5000,72.5300,72.5000,72.5250,4780
333,72.5200,72.5300,72.5100,72.5100,4893
334,72.5000,72.5300,72.5000,72.5000,5563
335,72.5000,72.5000,72.4700,72.4900,3890
336,72.4900,72.4950,72.4700,72.4700,2794
337,72.4600,72.4600,72.4300,72.4500,3549
338,72.4450,72.4600,72.4400,72.4400,3305
339,72.4300,72.4700,72.4300,72.4700,2572
340,72.4700,72.4900,72.4700,72.4900,2067
341,72.4900,72.5100,72.4900,72.5050,3275
342,72.5000,72.5150,72.4900,72.4900,3842
343,72.4900,72.5100,72.4800,72.4850,6900
344,72.4900,72.4900,72.4400,72.4500,2650
345,72.4550,72.4700,72.4550,72.4700,1954
346,72.4700,72.4800,72.4700,72.4700,2262
347,72.4700,72.4725,72.4600,72.4700,2313
348,72.4600,72.4600,72.3900,72.3900,5420
349,72.4000,72.4100,72.3900,72.4100,3094
350,72.4200,72.4700,72.4200,72.4700,3491
351,72.4500,72.4500,72.4200,72.4200,2100
352,72.4150,72.4150,72.3600,72.3600,4703
353,72.3500,72.4100,72.3500,72.4100,1500
354,72.4100,72.4100,72.3900,72.4000,1878
355,72.4200,72.4500,72.4100,72.4500,2303
356,72.4500,72.4500,72.4200,72.4200,3674
357,72.4250,72.4500,72.4250,72.4400,1607
358,72.4400,72.4500,72.4300,72.4400,3447
359,72.4400,72.4500,72.4200,72.4400,1073
360,72.4400,72.4900,72.4400,72.4900,3123
361,72.4800,72.4800,72.4550,72.4550,4433
362,72.4550,72.4700,72.4500,72.4600,7749
363,72.4600,72.4600,72.4100,72.4100,6692
364,72.4200,72.4300,72.4100,72.4200,4650
365,72.4300,72.4600,72.4300,72.4600,22860
366,72.4550,72.4650,72.4500,72.4600,29150
367,72.4500,72.4700,72.4500,72.4500,4428
368,72.4500,72.4600,72.4450,72.4500,8514
369,72.4500,72.4600,72.4500,72.4575,6745
370,72.4550,72.4600,72.4300,72.4400,8064
371,72.4450,72.4600,72.4400,72.4550,6665
372,72.4500,72.4750,72.4500,72.4700,14648
373,72.4700,72.4700,72.4500,72.4700,7327
374,72.4750,72.4800,72.4400,72.4600,9225
375,72.4600,72.5000,72.4400,72.5000,12502
376,72.5000,72.5600,72.5000,72.5400,9518
377,72.5300,72.5600,72.5300,72.5500,6994
378,72.5550,72.5900,72.5400,72.5750,11950
379,72.5800,72.5800,72.5400,72.5600,11356
380,72.5700,72.6150,72.5700,72.6100,12172
381,72.6100,72.6600,72.6000,72.6500,17109
382,72.6400,72.6500,72.6100,72.6400,12540
383,72.6400,72.6550,72.6400,72.6550,7628
384,72.6500,72.6550,72.6300,72.6500,10279
385,72.6400,72.6900,72.6400,72.6900,7840
386,72.6900,72.7700,72.6500,72.6600,56162
387,72.6650,72.6700,72.6400,72.6500,16265
388,72.6500,72.6600,72.6400,72.6550,23168
389,72.6500,72.6600,72.6300,72.6400,12590
390,72.6350,72.6600,72.6300,72.6300,53443