ACN,Accenture plc,Information Technology,7,IT Consulting & Other Services,81661590258,1897539
a149901300090,125.7450,125.7450,125.7262,125.7262,1201
291,125.7300,125.7399,125.7201,125.7315,2240
292,125.7290,125.7500,125.7290,125.7500,1405
293,125.7500,125.7547,125.7500,125.7547,579
294,125.7500,125.7700,125.7400,125.7400,1500
295,125.7398,125.7398,125.7200,125.7200,467
296,125.7200,125.7200,125.6500,125.6500,2805
297,125.6597,125.6800,125.6597,125.6786,1121
298,125.6600,125.6600,125.6400,125.6400,300
299,125.6300,125.7400,125.6300,125.6900,4228
300,125.6800,125.6800,125.6300,125.6300,1019
301,125.6600,125.6700,125.6500,125.6668,1067
302,125.6800,125.6800,125.6400,125.6400,900
303,125.6500,125.6500,125.6200,125.6200,679
304,125.6500,125.7000,125.6500,125.6639,3877
305,125.6700,125.6700,125.6436,125.6436,821
306,125.6400,125.6600,125.6400,125.6500,800
307,125.6600,125.6800,125.6600,125.6800,526
308,125.6800,125.6825,125.6700,125.6825,988
309,125.6700,125.6700,125.6700,125.6700,400
310,125.6600,125.6600,125.6326,125.6400,907
311,125.6400,125.6650,125.6300,125.6650,915
312,125.6401,125.6800,125.6401,125.6800,413
313,125.7000,125.7000,125.6700,125.6850,1377
314,125.7000,125.7100,125.7000,125.7100,649
315,125.6900,125.7100,125.6100,125.6100,12511
316,125.6500,125.6500,125.6300,125.6500,1202
317,125.6300,125.6300,125.6200,125.6200,500
318,125.6100,125.6200,125.6100,125.6200,200
319,125.6100,125.7100,125.6100,125.6700,7750
320,125.6700,125.6900,125.6700,125.6800,1702
322,125.6900,125.7100,125.6800,125.7100,1999
323,125.7100,125.7100,125.6950,125.6950,370
324,125.7100,125.7100,125.6800,125.7000,1873
325,125.7000,125.7250,125.7000,125.7200,2002
326,125.7100,125.7200,125.7000,125.7100,1006
327,125.7200,125.7300,125.7200,125.7300,1414
328,125.7300,125.7450,125.7300,125.7300,1352
329,125.7400,125.7700,125.7400,125.7400,2893
330,125.7500,125.7500,125.7200,125.7200,300
331,125.7500,125.7500,125.7500,125.7500,300
332,125.7500,125.7500,125.7350,125.7500,2927
333,125.7700,125.7700,125.7500,125.7500,1517
334,125.7500,125.7564,125.7500,125.7564,815
335,125.7500,125.7800,125.7500,125.7700,2272
336,125.7799,125.7799,125.7600,125.7700,1905
337,125.7600,125.7600,125.7600,125.7600,899
338,125.7600,125.7600,125.7550,125.7550,1500
339,125.7600,125.7800,125.7400,125.7800,4614
340,125.7800,125.8000,125.7800,125.7873,2904
341,125.7900,125.8200,125.7900,125.8000,3684
342,125.8000,125.8100,125.8000,125.8000,1930
343,125.7900,125.8200,125.7900,125.8200,3002
344,125.8200,125.8200,125.8100,125.8200,2263
345,125.8200,125.8400,125.8200,125.8400,1900
346,125.8500,125.8500,125.8200,125.8300,1623
347,125.8250,125.8350,125.8250,125.8300,2081
348,125.8400,125.8400,125.7600,125.7700,9150
349,125.7900,125.7900,125.7700,125.7800,600
350,125.7764,125.7900,125.7600,125.7700,4366
351,125.7700,125.7800,125.7700,125.7800,500
352,125.7700,125.7700,125.7400,125.7500,3185
353,125.7400,125.7500,125.7200,125.7200,3361
354,125.7200,125.7200,125.7000,125.7100,2602
355,125.7200,125.7300,125.7200,125.7300,2921
356,125.7200,125.7200,125.7100,125.7100,400
357,125.7139,125.7400,125.7139,125.7250,3259
358,125.7300,125.7300,125.7050,125.7200,2802
359,125.7200,125.7200,125.7000,125.7100,500
360,125.7100,125.7100,125.7000,125.7100,2676
361,125.7000,125.7200,125.7000,125.7200,1480
362,125.7200,125.7300,125.7000,125.7200,4038
363,125.7200,125.7269,125.7200,125.7200,1005
364,125.7200,125.7300,125.7200,125.7200,2694
365,125.7200,125.7200,125.7100,125.7200,1400
366,125.7200,125.7300,125.7100,125.7200,7209
367,125.7400,125.7500,125.7400,125.7500,1100
368,125.7499,125.7700,125.7499,125.7700,2585
369,125.7600,125.7700,125.7200,125.7200,7127
370,125.7150,125.7150,125.6800,125.7000,8873
371,125.7000,125.7000,125.6400,125.6800,10970
372,125.6800,125.7050,125.6800,125.6900,3983
373,125.6900,125.6900,125.6600,125.6700,2270
374,125.6700,125.6800,125.6600,125.6700,5716
375,125.6700,125.6700,125.6100,125.6350,6631
376,125.6400,125.6500,125.5900,125.5900,5633
377,125.6000,125.6250,125.6000,125.6100,4052
378,125.5900,125.6000,125.5500,125.5900,3770
379,125.5900,125.6100,125.5900,125.6100,4994
380,125.6100,125.6200,125.5800,125.6200,7784
381,125.6100,125.6500,125.5700,125.6000,9686
382,125.6000,125.6400,125.6000,125.6150,6407
383,125.6200,125.6600,125.6000,125.6300,7396
384,125.6200,125.6600,125.6100,125.6600,3806
385,125.6600,125.6600,125.6210,125.6301,10526
386,125.6300,125.6500,125.6260,125.6500,7156
387,125.6600,125.6700,125.5800,125.6200,16425
388,125.6200,125.6800,125.6100,125.6800,22087
389,125.6800,125.7000,125.6200,125.6800,40650
390,125.6850,125.6900,125.5700,125.6500,83446