ADBE,Adobe Systems Inc,Information Technology,7,Application Software,68408802728,2462890
a1497360600,138.3,138.79,138.09,138.79,34497
1,138.869,138.875,138.21,138.35,11720
2,139.05,139.21,138.83,138.88,12147
3,139,139.11,138.98,138.9873,10000
4,139.53,139.53,138.98,139.07,22085
5,139.4292,139.56,139.18,139.56,5641
6,139.225,139.54,139.17,139.48,11411
7,139.0973,139.245,139,139.215,21594
8,139.07,139.38,139.07,139.1245,5375
9,138.98,139.07,138.83,139.07,1400
10,138.87,139,138.78,138.9,2945
11,138.98,139,138.82,138.9,2374
12,139.08,139.08,138.89,139.08,4218
13,138.905,138.99,138.83,138.99,2100
14,139.29,139.29,138.98,138.98,4232
15,139.35,139.4,139.22,139.2999,6536
16,139.2,139.41,139.16,139.39,6700
17,139.45,139.45,139.21,139.21,8832
18,139.5283,139.5387,139.38,139.38,6500
19,139.71,139.71,139.57,139.57,6860
20,139.86,139.86,139.65,139.7,6987
21,139.66,139.86,139.6473,139.8,8871
22,139.59,139.64,139.54,139.64,11482
23,139.3776,139.54,139.34,139.53,7496
24,139.2,139.3848,139.13,139.35,9333
25,139.11,139.1925,139.06,139.18,8189
26,138.9399,139.17,138.91,139.1,13811
27,138.88,138.979,138.84,138.91,11543
28,139.03,139.03,138.8,138.9051,15793
29,139.1625,139.2099,138.99,138.99,9831
30,139.37,139.45,139.1,139.1,9663
31,139.47,139.47,139.32,139.37,2200
32,139.675,139.68,139.45,139.48,3960
33,139.645,139.75,139.59,139.719,7767
34,139.49,139.6,139.43,139.6,6993
35,139.5136,139.55,139.41,139.5,2830
36,139.69,139.71,139.42,139.48,6473
37,139.8,139.8,139.66,139.669,6710
38,139.68,139.84,139.68,139.8,13160
39,139.52,139.75,139.49,139.74,4800
40,139.57,139.6,139.45,139.45,5386
41,139.6,139.67,139.52,139.59,4669
42,139.67,139.68,139.59,139.59,5363
43,139.6,139.7,139.6,139.65,7858
44,139.56,139.62,139.47,139.62,7063
45,139.73,139.73,139.52,139.52,3198
46,139.69,139.75,139.64,139.73,7208
47,139.61,139.73,139.51,139.64,8085
48,139.5899,139.5899,139.545,139.545,1210
49,139.52,139.67,139.52,139.59,15604
50,139.55,139.62,139.54,139.56,2800
51,139.48,139.575,139.46,139.575,9252
52,139.58,139.58,139.509,139.509,6170
53,139.55,139.57,139.49,139.55,5154
54,139.56,139.5632,139.53,139.53,1448
55,139.335,139.6,139.335,139.59,15886
56,139.2707,139.43,139.2707,139.37,7094
57,139.27,139.3,139.25,139.2782,9347
58,139.36,139.389,139.29,139.29,9647
59,139.33,139.335,139.28,139.3172,1336
60,139.38,139.42,139.315,139.315,9420
61,139.42,139.45,139.35,139.43,16950
62,139.44,139.44,139.37,139.37,3000
63,139.57,139.58,139.48,139.48,5217
64,139.6196,139.64,139.55,139.57,1315
65,139.72,139.73,139.61,139.62,7829
66,139.72,139.74,139.69,139.72,8031
67,139.75,139.79,139.725,139.725,5059
68,139.77,139.8,139.74,139.75,5021
69,139.71,139.79,139.67,139.79,8425
70,139.635,139.71,139.63,139.71,1600
71,139.57,139.62,139.52,139.62,8400
72,139.61,139.61,139.51,139.54,5641
73,139.66,139.66,139.59,139.61,3970
74,139.46,139.64,139.46,139.64,7077
75,139.3,139.47,139.3,139.46,6619
76,139.19,139.29,139.17,139.29,4800
77,138.92,139.2,138.91,139.18,11900
78,138.93,139.06,138.81,138.9201,11049
79,138.95,139.02,138.92,138.93,5304
80,139.01,139.02,138.9,138.94,2220
81,138.83,139.02,138.83,139.02,5927
82,138.66,138.82,138.6223,138.8,4822
83,138.72,138.72,138.55,138.59,7512
84,138.8,138.8,138.67,138.72,1500
85,138.6,138.79,138.53,138.79,6117
86,138.61,138.74,138.52,138.52,7115
87,138.41,138.6399,138.41,138.58,7418
88,138.46,138.48,138.395,138.395,3800
89,138.56,138.61,138.4322,138.44,5331
90,138.63,138.67,138.55,138.585,4114
91,138.55,138.6,138.45,138.59,5565
92,138.65,138.65,138.4,138.53,21930
93,138.58,138.68,138.58,138.67,2550
94,138.7,138.7,138.56,138.59,4300
95,138.47,138.67,138.47,138.67,18415
96,138.54,138.57,138.48,138.509,20560
97,138.54,138.57,138.49,138.56,9604
98,138.89,138.92,138.55,138.57,8472
99,138.831,138.87,138.77,138.85,4915
100,138.82,138.88,138.82,138.87,2582
101,138.875,138.9,138.76,138.81,7320
102,139.06,139.06,138.9,138.9,3940
103,139.015,139.15,138.95,139.055,12434
104,139.04,139.1,139.04,139.05,4500
105,139.12,139.12,139.03,139.04,2263
106,139.08,139.08,139.02,139.06,3800
107,139.05,139.1,139.03,139.1,1800
108,139.06,139.07,139.02,139.0317,5125
109,139.18,139.18,139.065,139.08,3300
110,139.34,139.37,139.12,139.18,7325
111,139.215,139.32,139.18,139.32,4029
112,139.08,139.2,139.075,139.2,2363
113,139.02,139.0936,139.01,139.09,4491
114,139.21,139.21,138.9819,138.9819,7784
115,139.16,139.2008,139.14,139.2008,1842
116,139.34,139.34,139.17,139.19,4234
117,139.15,139.34,139.15,139.33,5600
118,139.08,139.14,139.02,139.13,2400
119,139.17,139.17,139.09,139.09,2270
120,139.27,139.28,139.14,139.17,4350
121,139.205,139.29,139.18,139.25,4220
122,139.19,139.22,139.19,139.2068,800
123,139.24,139.29,139.18,139.1802,6908
124,139.18,139.2464,139.18,139.2464,2591
125,139.24,139.25,139.21,139.21,1470
126,139.11,139.21,139.1,139.21,3500
127,138.92,139.09,138.87,139.09,3050
128,138.86,138.99,138.86,138.9189,6900
129,138.84,138.87,138.7501,138.84,4414
130,138.83,138.84,138.8,138.81,1400
131,138.855,138.86,138.79,138.83,2999
132,138.99,139.03,138.87,138.8769,1976
133,139.23,139.31,139.005,139.005,6200
134,139.24,139.265,139.2,139.25,3016
135,139.31,139.31,139.26,139.26,3539
136,139.21,139.34,139.2,139.285,4000
137,139.33,139.33,139.21,139.21,1600
138,139.34,139.34,139.26,139.31,3561
139,139.29,139.3,139.2753,139.29,2796
140,139.32,139.33,139.3,139.3,2400
141,139.29,139.3632,139.27,139.34,6311
142,139.29,139.29,139.24,139.28,2200
143,139.205,139.28,139.19,139.27,2000
144,139.17,139.21,139.17,139.2,3333
145,139.21,139.21,139.16,139.18,1580
146,139.27,139.28,139.19,139.215,5000
147,139.32,139.33,139.3,139.3,13724
148,139.48,139.48,139.32,139.32,6434
149,139.5,139.5,139.39,139.45,9038
150,139.47,139.53,139.47,139.5,5400
151,139.52,139.55,139.46,139.46,9972
152,139.55,139.58,139.52,139.525,5587
153,139.404,139.535,139.404,139.535,12782
154,139.41,139.42,139.385,139.4,3400
155,139.3,139.39,139.28,139.39,15306
156,139.25,139.3056,139.25,139.29,3300
157,139.145,139.28,139.13,139.27,10843
158,139.09,139.165,139.09,139.1481,7664
159,139.25,139.27,139.08,139.08,14000
160,139.1,139.24,139.04,139.23,9614
161,139.11,139.12,139.075,139.11,5597
162,139.055,139.13,139.04,139.13,7979
163,138.96,139.09,138.96,139.08,5621
164,138.96,138.99,138.955,138.955,1904
165,139.03,139.03,138.965,138.97,2400
166,139.11,139.11,139.05,139.05,3200
167,139.05,139.12,139.05,139.12,3300
168,138.97,139.07,138.97,139.055,14993
169,138.91,138.98,138.91,138.96,1446
170,139.02,139.02,138.9135,138.95,2886
171,138.98,139.06,138.98,139.02,4047
172,138.96,138.97,138.95,138.97,700
173,138.94,138.95,138.87,138.93,7519
174,138.9,138.925,138.86,138.91,3100
175,138.93,138.93,138.9,138.9,2400
176,138.95,138.97,138.945,138.9464,4159
177,138.9,138.95,138.9,138.95,1500
178,138.95,138.98,138.89,138.91,2757
179,138.935,138.95,138.89,138.95,3700
180,138.9135,138.95,138.9,138.95,2257
181,138.905,138.91,138.88,138.88,2000
182,138.895,138.92,138.89,138.92,2000
183,138.89,138.93,138.89,138.92,2525
184,138.905,138.905,138.89,138.9,700
185,138.8,138.9083,138.8,138.9048,3723
186,138.92,138.92,138.835,138.84,3111
187,138.93,138.93,138.905,138.905,600
188,138.96,138.97,138.925,138.925,1820
189,138.96,138.98,138.93,138.98,4010
190,139.04,139.07,138.97,138.97,3124
191,139.05,139.075,139.04,139.075,5400
192,139.02,139.06,139.02,139.04,2500
193,139.0775,139.12,139.0275,139.04,6700
194,139.095,139.12,139.075,139.075,3984
195,139.05,139.1,139.05,139.1,1600
196,139.06,139.07,139.04,139.07,5775
197,139.1,139.1,139.07,139.07,1200
198,139.1475,139.17,139.09,139.1,3400
199,139.155,139.155,139.12,139.14,2000
200,139.18,139.19,139.16,139.18,3330
201,139.18,139.2,139.18,139.1968,2000
202,139.17,139.18,139.08,139.18,4500
203,139.19,139.2,139.19,139.2,900
204,139.19,139.19,139.13,139.18,2400
205,139.23,139.24,139.19,139.19,3649
206,139.18,139.22,139.14,139.22,4044
207,139.208,139.23,139.1989,139.2,2150
208,139.22,139.22,139.18,139.205,3500
209,139.2,139.21,139.17,139.21,3400
210,139.2,139.23,139.2,139.23,1066
211,139.23,139.23,139.19,139.215,3100
212,139.21,139.22,139.19,139.22,3200
213,139.12,139.21,139.08,139.21,5400
214,139.08,139.14,139.08,139.14,1900
215,139.07,139.11,139.07,139.095,1300
216,139.04,139.07,139.01,139.07,3595
217,139.0394,139.0394,138.99,139.03,4830
218,139.04,139.05,139.03,139.03,1100
219,139.06,139.06,139.01,139.04,2900
220,138.98,139.08,138.98,139.08,1400
221,138.985,139,138.97,138.97,3845
222,139.05,139.05,138.98,138.98,2950
223,139.05,139.0625,139.02,139.06,2800
224,139.07,139.08,139.03,139.07,4739
225,139.08,139.08,139.04,139.0639,2400
226,139.1,139.1,139.07,139.09,2800
227,139.07,139.11,139.07,139.09,4534
228,139.04,139.1,139.035,139.085,2389
229,139.07,139.0803,139.035,139.04,5980
230,139.1,139.1,139.08,139.09,2100
231,139.1,139.11,139.07,139.11,1911
232,139.105,139.12,139.09,139.1,2100
233,139.16,139.18,139.11,139.12,3356
234,139.19,139.19,139.14,139.15,3345
235,139.17,139.19,139.16,139.19,3300
236,139.11,139.17,139.09,139.17,4905
237,139.15,139.15,139.09,139.12,2487
238,139.08,139.17,139.08,139.17,3500
239,139.11,139.11,139.08,139.08,2381
240,139.13,139.15,139.1068,139.1068,3600
241,139.15,139.15,139.1332,139.14,1635
242,139.15,139.16,139.12,139.14,4169
243,139.11,139.16,139.1,139.16,1900
244,139.07,139.12,139.07,139.12,2600
245,139.08,139.1,139.075,139.09,2100
246,139.095,139.11,139.09,139.1,900
247,139.05,139.085,139.03,139.08,2800
248,139.075,139.075,139.05,139.05,1420
249,139.11,139.11,139.0735,139.1,3832
250,139.12,139.13,139.11,139.115,1500
251,139.06,139.14,139.03,139.11,10849
252,139.04,139.07,139.0111,139.06,1800
253,139.03,139.06,139.03,139.06,1700
254,138.97,139.04,138.96,139,3234
255,138.95,138.99,138.95,138.97,3819
256,138.8845,138.96,138.87,138.95,5600
257,138.79,138.87,138.77,138.87,7700
258,138.735,138.78,138.735,138.76,10737
259,138.73,138.77,138.69,138.75,3848
260,138.71,138.72,138.67,138.71,3340
261,138.74,138.75,138.68,138.74,3662
262,138.7866,138.79,138.7524,138.7524,4707
263,138.82,138.83,138.78,138.8,3889
264,138.75,138.84,138.75,138.82,2975
265,138.68,138.76,138.63,138.76,6368
266,138.72,138.72,138.66,138.67,1803
267,138.89,138.89,138.76,138.76,3218
268,138.92,138.99,138.9,138.9,4045
269,138.97,138.97,138.9197,138.93,1306
270,138.915,138.98,138.91,138.98,1800
271,138.91,138.93,138.87,138.89,2200
272,138.8902,138.9462,138.8902,138.94,3675
273,138.905,138.92,138.89,138.91,2050
274,138.86,138.905,138.83,138.905,5136
275,138.89,138.95,138.87,138.87,4039
276,138.86,138.905,138.85,138.85,1400
277,138.92,138.92,138.89,138.895,1409
278,138.86,139.02,138.86,138.93,7198
279,138.9,138.9,138.84,138.87,2200
280,138.8648,138.95,138.86,138.93,3250
281,138.885,138.94,138.875,138.889,2000
282,138.8,138.8982,138.8,138.8982,2000
283,138.83,138.8325,138.75,138.77,2700
284,138.84,138.84,138.78,138.8,3503
285,138.85,138.86,138.84,138.854,2601
286,138.91,138.91,138.85,138.8627,2753
287,138.94,138.94,138.91,138.91,2600
288,138.83,138.91,138.8,138.91,4159
289,138.8697,138.87,138.84,138.84,1216
290,138.8,138.8731,138.8,138.8552,4704
291,138.83,138.83,138.78,138.8,2000
292,138.74,138.85,138.7262,138.85,2850
293,138.71,138.7435,138.67,138.7435,3000
294,138.78,138.78,138.7,138.7,1189
295,138.7629,138.82,138.75,138.78,3106
296,138.77,138.77,138.68,138.75,2000
297,138.8,138.8,138.75,138.75,1500
298,138.76,138.81,138.76,138.81,3987
299,138.7895,138.7895,138.775,138.775,308
300,138.8,138.8199,138.8,138.8,6178
301,138.82,138.82,138.77,138.8,4860
302,138.845,138.865,138.81,138.82,4200
303,138.7,138.845,138.69,138.84,6022
304,138.7975,138.8,138.72,138.72,1900
305,138.8,138.82,138.79,138.82,3358
306,138.8,138.8,138.76,138.78,1966
307,138.89,138.95,138.805,138.805,7528
308,138.79,138.865,138.79,138.865,1200
309,138.865,138.87,138.81,138.81,2800
310,138.89,138.89,138.87,138.87,1100
311,138.87,138.91,138.83,138.9,6173
312,138.85,138.89,138.85,138.87,2100
313,138.93,138.93,138.81,138.83,8799
314,138.8725,138.91,138.815,138.91,6187
315,138.91,138.91,138.88,138.88,1100
316,138.89,138.94,138.89,138.9,3658
317,138.91,138.92,138.89,138.9,3400
318,138.815,138.91,138.815,138.9,3645
319,138.81,138.86,138.8,138.81,5772
320,138.88,138.88,138.8,138.8096,5073
321,138.8268,138.9,138.8268,138.88,6227
322,138.863,138.88,138.83,138.83,6254
323,138.8751,138.9,138.87,138.87,4823
324,138.82,138.87,138.8,138.87,3100
325,138.78,138.835,138.77,138.82,3804
326,138.75,138.77,138.75,138.75,1700
327,138.78,138.78,138.73,138.73,4840
328,138.8,138.83,138.78,138.78,4900
329,138.8,138.82,138.78,138.82,2179
330,138.86,138.86,138.8,138.8,2700
331,138.915,138.915,138.86,138.86,4929
332,138.9,138.97,138.9,138.92,8296
333,138.97,138.97,138.9,138.9,4697
334,138.965,138.98,138.94,138.97,2700
335,138.925,138.965,138.92,138.95,4000
336,138.9,138.925,138.89,138.925,1962
337,138.9,138.905,138.89,138.9,1400
338,138.89,138.91,138.86,138.9,3200
339,138.89,138.89,138.84,138.88,3885
340,138.88,138.9,138.86,138.88,3501
341,138.87,138.88,138.86,138.87,3055
342,138.86,138.87,138.86,138.87,1149
343,138.86,138.86,138.82,138.85,3000
344,138.88,138.9003,138.875,138.875,1940
345,138.89,138.89,138.86,138.89,3425
346,138.87,138.88,138.865,138.88,2558
347,138.86,138.89,138.86,138.865,5030
348,138.795,138.8612,138.79,138.86,3558
349,138.77,138.79,138.75,138.79,11200
350,138.71,138.79,138.71,138.76,6800
351,138.7512,138.7512,138.7,138.7,3040
352,138.79,138.79,138.75,138.75,3970
353,138.82,138.82,138.76,138.79,2700
354,138.84,138.885,138.83,138.83,8136
355,138.8,138.84,138.795,138.83,3729
356,138.815,138.85,138.81,138.81,3100
357,138.9,138.92,138.82,138.82,8232
358,138.9,138.91,138.89,138.89,2026
359,138.93,138.96,138.92,138.92,6455
360,139.01,139.03,138.94,138.94,6846
361,138.98,139.02,138.98,139.01,3400
362,139.015,139.015,138.94,138.98,6122
363,139.01,139.05,139.01,139.02,7628
364,139.06,139.06,139.01,139.02,3670
365,139.11,139.115,139.04,139.04,2500
366,139.18,139.18,139.11,139.12,8565
367,139.25,139.25,139.18,139.21,6435
368,139.19,139.24,139.16,139.24,9469
369,139.21,139.22,139.18,139.2,6453
370,139.24,139.27,139.21,139.21,5650
371,139.255,139.27,139.24,139.25,6242
372,139.17,139.25,139.1,139.25,12276
373,139.19,139.2,139.13,139.17,3371
374,139.11,139.19,139.1,139.19,11494
375,139.14,139.17,139.12,139.12,6539
376,139.13,139.14,139.08,139.13,6833
377,139.11,139.15,139.1,139.13,4747
378,139.14,139.15,139.1,139.11,3197
379,139.18,139.18,139.12,139.13,9143
380,139.16,139.18,139.13,139.18,6907
381,139.06,139.15,139.06,139.15,8095
382,139.04,139.11,139.04,139.0611,6176
383,138.94,139.045,138.94,139.045,7357
384,138.94,138.97,138.895,138.9262,11656
385,138.91,138.95,138.89,138.94,6500
386,138.88,138.91,138.85,138.9,10130
387,138.9,138.91,138.88,138.88,9360
388,138.895,138.91,138.88,138.89,9915
389,138.91,138.93,138.87,138.9,20048
390,139.09,139.12,138.91,138.91,254072
