AES,AES Corp,Utilities,11,Independent Power Producers & Energy Traders,7895682387,5076214
a1497360660,11.714,11.72,11.71,11.71,41444
1,11.7,11.71,11.7,11.71,1820
2,11.72,11.72,11.7,11.7,2500
4,11.72,11.72,11.72,11.72,200
5,11.72,11.72,11.72,11.72,200
6,11.705,11.71,11.705,11.71,4492
7,11.71,11.71,11.7,11.71,3200
8,11.7116,11.7116,11.71,11.71,300
9,11.73,11.73,11.715,11.72,12300
10,11.756,11.76,11.73,11.73,1391
11,11.75,11.755,11.74,11.75,3669
12,11.74,11.76,11.74,11.75,3646
13,11.74,11.75,11.74,11.745,4510
14,11.75,11.75,11.74,11.74,200
15,11.75,11.75,11.75,11.75,100
16,11.72,11.74,11.72,11.74,3075
17,11.715,11.725,11.71,11.725,1717
19,11.7,11.73,11.7,11.72,11782
20,11.7,11.7,11.69,11.7,7394
21,11.68,11.68,11.68,11.68,1935
22,11.685,11.69,11.685,11.69,400
23,11.67,11.69,11.67,11.69,2000
24,11.68,11.68,11.675,11.68,4464
25,11.675,11.68,11.67,11.67,1300
26,11.69,11.69,11.68,11.68,1500
27,11.69,11.695,11.69,11.695,747
28,11.69,11.695,11.69,11.69,500
29,11.705,11.71,11.69,11.69,8895
30,11.71,11.71,11.71,11.71,100
31,11.705,11.71,11.705,11.71,300
32,11.725,11.725,11.7082,11.71,3692
33,11.7382,11.74,11.72,11.725,2500
34,11.735,11.74,11.735,11.74,300
35,11.735,11.74,11.735,11.74,1470
36,11.7382,11.7382,11.73,11.735,3321
37,11.75,11.755,11.73,11.74,6213
38,11.74,11.75,11.74,11.75,1900
39,11.73,11.7482,11.73,11.7482,9048
40,11.725,11.73,11.725,11.73,9025
41,11.72,11.725,11.72,11.725,4023
42,11.73,11.73,11.7,11.72,47966
43,11.745,11.75,11.72,11.72,9161
44,11.74,11.75,11.74,11.75,1900
45,11.74,11.745,11.74,11.74,3500
46,11.735,11.74,11.735,11.74,4800
48,11.72,11.73,11.72,11.73,1299
49,11.725,11.725,11.72,11.72,600
50,11.725,11.725,11.72,11.72,4483
51,11.725,11.725,11.725,11.725,100
52,11.74,11.745,11.725,11.725,9514
53,11.74,11.74,11.74,11.74,2300
54,11.73,11.735,11.73,11.735,5000
55,11.735,11.735,11.73,11.73,900
56,11.75,11.75,11.735,11.735,8680
58,11.745,11.75,11.74,11.75,555
59,11.745,11.745,11.74,11.74,300
60,11.745,11.745,11.745,11.745,400
61,11.745,11.75,11.74,11.745,1100
62,11.74,11.75,11.74,11.745,1402
63,11.73,11.75,11.725,11.75,14674
64,11.73,11.73,11.73,11.73,1900
65,11.73,11.735,11.73,11.73,2922
66,11.72,11.735,11.72,11.73,6500
67,11.725,11.725,11.72,11.725,1300
68,11.72,11.725,11.72,11.725,700
69,11.725,11.725,11.72,11.72,1263
70,11.745,11.745,11.72,11.725,8531
71,11.74,11.745,11.74,11.745,200
72,11.745,11.745,11.74,11.74,1500
73,11.75,11.75,11.73,11.745,7887
74,11.735,11.74,11.73,11.74,4000
75,11.72,11.73,11.72,11.73,5200
76,11.73,11.73,11.72,11.72,5100
77,11.725,11.73,11.725,11.725,800
78,11.72,11.7256,11.72,11.725,2200
79,11.72,11.725,11.72,11.725,300
80,11.74,11.74,11.72,11.725,7807
81,11.75,11.75,11.735,11.74,9662
82,11.75,11.76,11.75,11.755,4000
83,11.755,11.76,11.75,11.75,4900
84,11.75,11.755,11.75,11.75,800
85,11.74,11.75,11.74,11.75,3700
86,11.76,11.76,11.74,11.74,6293
87,11.76,11.765,11.755,11.76,3175
88,11.75,11.765,11.75,11.76,6600
89,11.77,11.77,11.75,11.759,4373
90,11.76,11.77,11.76,11.77,1303
91,11.76,11.765,11.76,11.765,900
92,11.77,11.77,11.75,11.76,9855
93,11.77,11.775,11.77,11.77,7398
94,11.755,11.76,11.75,11.76,3407
95,11.755,11.76,11.75,11.755,16078
96,11.77,11.77,11.755,11.76,5800
97,11.78,11.79,11.775,11.775,19113
98,11.775,11.78,11.775,11.78,800
99,11.775,11.779,11.77,11.775,2600
100,11.77,11.775,11.77,11.775,2637
101,11.775,11.775,11.77,11.775,1500
102,11.77,11.775,11.77,11.775,4468
103,11.775,11.78,11.77,11.77,31033
104,11.775,11.775,11.775,11.775,300
105,11.77,11.775,11.77,11.77,7800
106,11.76,11.765,11.76,11.765,1000
107,11.755,11.765,11.75,11.76,4650
108,11.755,11.755,11.75,11.755,1300
109,11.755,11.755,11.75,11.755,1985
110,11.75,11.755,11.75,11.75,1800
111,11.76,11.76,11.75,11.75,5036
112,11.75,11.755,11.75,11.755,800
113,11.76,11.76,11.75,11.75,1700
114,11.765,11.77,11.75,11.75,20545
115,11.77,11.77,11.765,11.77,2300
116,11.75,11.769,11.75,11.76,7500
117,11.755,11.76,11.75,11.75,43200
118,11.78,11.78,11.757,11.76,9403
119,11.78,11.79,11.78,11.78,18580
120,11.78,11.785,11.78,11.78,5042
121,11.78,11.78,11.78,11.78,100
122,11.78,11.785,11.78,11.78,7130
123,11.795,11.8,11.785,11.785,48151
124,11.795,11.805,11.785,11.79,18126
125,11.81,11.82,11.8,11.8,10468
126,11.82,11.82,11.81,11.815,2700
127,11.83,11.83,11.82,11.82,20407
128,11.84,11.84,11.83,11.83,12034
129,11.84,11.84,11.835,11.84,1900
130,11.835,11.845,11.83,11.84,33700
131,11.84,11.84,11.835,11.835,300
132,11.81,11.84,11.81,11.84,12054
133,11.8235,11.826,11.805,11.81,38836
134,11.83,11.83,11.815,11.82,44654
135,11.835,11.835,11.81,11.82,27000
136,11.82,11.83,11.82,11.83,2732
137,11.81,11.83,11.81,11.829,4180
138,11.815,11.815,11.8,11.8,3799
139,11.81,11.815,11.805,11.815,6307
140,11.81,11.81,11.81,11.81,1916
141,11.81,11.81,11.804,11.81,14523
142,11.82,11.82,11.81,11.81,22080
143,11.83,11.83,11.815,11.82,10700
144,11.83,11.83,11.825,11.825,13300
145,11.82,11.825,11.82,11.825,300
146,11.815,11.83,11.8,11.825,22094
148,11.805,11.81,11.805,11.81,8500
149,11.805,11.805,11.805,11.805,200
150,11.8,11.8,11.8,11.8,100
151,11.805,11.82,11.805,11.805,29806
152,11.81,11.81,11.805,11.81,3800
153,11.805,11.81,11.805,11.81,8900
154,11.81,11.81,11.805,11.805,2600
155,11.81,11.815,11.81,11.81,15798
156,11.81,11.81,11.805,11.81,1700
157,11.8041,11.81,11.8,11.81,20892
158,11.81,11.81,11.805,11.805,400
159,11.82,11.82,11.8044,11.8044,3409
160,11.82,11.82,11.82,11.82,200
161,11.815,11.82,11.81,11.82,900
162,11.82,11.82,11.815,11.815,841
163,11.815,11.82,11.815,11.82,200
164,11.815,11.82,11.815,11.815,1500
165,11.82,11.82,11.8189,11.82,5600
166,11.83,11.83,11.81,11.81,23450
167,11.83,11.83,11.829,11.83,2800
168,11.83,11.83,11.8267,11.8267,2200
169,11.83,11.83,11.825,11.83,2400
170,11.83,11.83,11.825,11.825,400
171,11.83,11.83,11.83,11.83,300
172,11.835,11.84,11.82,11.83,19800
173,11.835,11.84,11.835,11.84,400
174,11.84,11.84,11.835,11.84,4000
175,11.84,11.84,11.84,11.84,400
176,11.84,11.84,11.835,11.84,1023
177,11.84,11.84,11.83,11.84,8900
178,11.84,11.84,11.84,11.84,200
179,11.83,11.84,11.83,11.84,4000
180,11.85,11.85,11.835,11.835,7010
181,11.86,11.86,11.8426,11.85,8426
182,11.86,11.86,11.86,11.86,1517
183,11.85,11.865,11.85,11.86,25147
184,11.86,11.86,11.855,11.855,1000
185,11.855,11.86,11.85,11.855,5312
186,11.86,11.86,11.85,11.86,3360
187,11.855,11.855,11.85,11.85,2000
188,11.85,11.855,11.85,11.855,500
189,11.85,11.86,11.845,11.86,8500
190,11.84,11.85,11.84,11.85,7945
191,11.845,11.845,11.8385,11.84,5400
192,11.835,11.845,11.835,11.845,11456
193,11.84,11.84,11.83,11.835,2900
194,11.825,11.83,11.825,11.83,1700
195,11.83,11.83,11.826,11.83,11700
197,11.825,11.83,11.82,11.83,1600
198,11.825,11.825,11.82,11.82,11400
199,11.825,11.825,11.82,11.82,1000
200,11.82,11.82,11.82,11.82,100
201,11.84,11.84,11.825,11.83,9434
202,11.835,11.84,11.835,11.835,600
203,11.825,11.84,11.82,11.835,11120
204,11.8133,11.825,11.8133,11.825,2690
205,11.8299,11.8299,11.815,11.815,23882
206,11.825,11.83,11.825,11.83,500
207,11.825,11.825,11.825,11.825,100
208,11.835,11.84,11.8256,11.829,28149
209,11.835,11.835,11.83,11.83,4200
210,11.835,11.835,11.83,11.83,400
211,11.835,11.835,11.83,11.83,600
212,11.8375,11.8375,11.835,11.835,400
213,11.835,11.84,11.83,11.835,900
214,11.835,11.84,11.83,11.83,731
215,11.84,11.84,11.835,11.84,6337
216,11.85,11.85,11.845,11.85,300
217,11.85,11.85,11.845,11.845,1275
218,11.835,11.85,11.835,11.85,16857
219,11.86,11.86,11.83,11.83,14722
220,11.8558,11.86,11.8558,11.86,621
221,11.85,11.855,11.85,11.855,1867
222,11.855,11.86,11.85,11.855,5445
223,11.855,11.86,11.85,11.8559,1561
224,11.86,11.86,11.855,11.86,950
225,11.85,11.86,11.85,11.86,400
226,11.86,11.86,11.85,11.86,3400
227,11.85,11.86,11.85,11.855,12901
228,11.85,11.86,11.84,11.855,23800
229,11.85,11.85,11.84,11.85,1100
230,11.86,11.86,11.845,11.845,12595
233,11.86,11.86,11.8501,11.86,4420
234,11.88,11.88,11.8538,11.86,31455
235,11.88,11.88,11.875,11.88,7300
236,11.875,11.88,11.874,11.88,12800
237,11.89,11.89,11.875,11.875,48203
238,11.8717,11.875,11.865,11.87,34804
239,11.87,11.875,11.865,11.875,6600
240,11.875,11.875,11.87,11.87,14352
241,11.87,11.87,11.865,11.87,23680
242,11.885,11.885,11.865,11.87,19600
243,11.875,11.89,11.87,11.89,6800
244,11.87,11.875,11.865,11.875,8605
245,11.87,11.875,11.87,11.875,2000
246,11.895,11.895,11.865,11.87,43728
247,11.89,11.9,11.89,11.895,15806
248,11.88,11.88,11.875,11.88,5768
249,11.89,11.89,11.88,11.88,12052
250,11.89,11.895,11.885,11.89,17552
251,11.89,11.89,11.89,11.89,600
252,11.89,11.9,11.89,11.9,6093
253,11.885,11.89,11.885,11.885,3055
254,11.89,11.89,11.885,11.89,6300
255,11.93,11.93,11.89,11.89,70208
256,11.91,11.94,11.91,11.93,38951
257,11.8912,11.9,11.8912,11.9,7917
258,11.9,11.9,11.9,11.9,2016
259,11.91,11.91,11.9,11.9,15947
260,11.91,11.915,11.905,11.905,22373
261,11.91,11.91,11.9046,11.9046,2123
262,11.91,11.91,11.91,11.91,700
263,11.915,11.925,11.905,11.91,14621
264,11.92,11.92,11.915,11.915,2000
265,11.915,11.93,11.915,11.92,18400
266,11.915,11.915,11.915,11.915,500
267,11.9136,11.92,11.91,11.915,7413
268,11.91,11.915,11.91,11.91,1400
269,11.905,11.91,11.9,11.91,10800
270,11.905,11.909,11.9,11.905,23551
271,11.9266,11.93,11.9,11.91,30520
272,11.93,11.93,11.925,11.925,1700
273,11.9101,11.9275,11.91,11.925,59227
274,11.91,11.915,11.91,11.91,2118
276,11.915,11.915,11.905,11.915,18054
277,11.95,11.95,11.92,11.92,35289
278,11.95,11.95,11.948,11.95,5488
279,11.94,11.945,11.925,11.94,41737
280,11.94,11.94,11.935,11.935,900
281,11.935,11.935,11.935,11.935,200
282,11.945,11.945,11.92,11.932,91387
283,11.94,11.94,11.935,11.94,11600
284,11.93,11.935,11.925,11.935,4400
286,11.93,11.93,11.92,11.925,5600
287,11.935,11.935,11.93,11.93,20504
288,11.935,11.94,11.93,11.93,10109
289,11.93,11.94,11.925,11.935,24406
290,11.93,11.94,11.925,11.93,93318
291,11.93,11.935,11.925,11.93,13085
292,11.94,11.94,11.93,11.935,15399
293,11.93,11.94,11.93,11.94,3400
294,11.9398,11.9398,11.93,11.935,6260
295,11.93,11.935,11.93,11.93,2000
296,11.93,11.94,11.925,11.94,8245
297,11.92,11.925,11.91,11.92,9613
298,11.91,11.915,11.91,11.91,3100
299,11.9,11.91,11.9,11.91,11000
300,11.9,11.9,11.89,11.895,7300
301,11.905,11.91,11.9,11.9,18144
302,11.91,11.91,11.895,11.905,35853
303,11.91,11.91,11.905,11.91,1700
304,11.9025,11.91,11.9025,11.905,2586
305,11.91,11.91,11.9,11.905,1000
306,11.905,11.91,11.905,11.905,15419
307,11.91,11.915,11.89,11.91,79716
308,11.92,11.92,11.92,11.92,1600
309,11.915,11.92,11.91,11.915,3600
310,11.915,11.92,11.91,11.9166,1566
311,11.92,11.92,11.91,11.915,900
312,11.92,11.92,11.9042,11.91,31608
313,11.91,11.92,11.91,11.9123,1698
314,11.91,11.915,11.91,11.91,500
315,11.92,11.92,11.91,11.915,7100
316,11.915,11.92,11.91,11.92,2200
317,11.91,11.92,11.91,11.91,2900
318,11.91,11.915,11.9,11.91,8715
319,11.905,11.9077,11.9,11.9,3626
320,11.905,11.91,11.9,11.9,3200
321,11.905,11.91,11.9,11.9014,2017
322,11.905,11.91,11.9,11.905,3300
323,11.905,11.91,11.9,11.905,3060
324,11.92,11.92,11.905,11.905,46527
325,11.92,11.92,11.9171,11.92,2800
326,11.92,11.92,11.915,11.92,11826
327,11.92,11.92,11.915,11.92,3600
328,11.915,11.92,11.915,11.92,2000
329,11.915,11.92,11.91,11.92,4000
330,11.9,11.915,11.9,11.915,23350
331,11.905,11.91,11.9,11.905,4230
332,11.9,11.905,11.9,11.9,10420
333,11.91,11.91,11.9,11.905,5586
334,11.9,11.905,11.9,11.905,1500
335,11.905,11.91,11.9,11.905,1204
336,11.92,11.92,11.9,11.9,22190
337,11.9175,11.93,11.914,11.92,27477
338,11.91,11.9262,11.91,11.91,30988
339,11.905,11.9075,11.9,11.905,3700
340,11.905,11.905,11.9,11.905,300
341,11.91,11.91,11.9,11.9,502
342,11.905,11.91,11.9,11.905,1400
343,11.92,11.92,11.9,11.91,21012
344,11.92,11.92,11.92,11.92,4301
345,11.92,11.92,11.91,11.915,6784
346,11.92,11.93,11.91,11.92,30922
347,11.91,11.92,11.91,11.92,13800
348,11.92,11.92,11.915,11.915,377
349,11.915,11.915,11.91,11.915,3400
350,11.92,11.92,11.915,11.92,5746
351,11.925,11.93,11.915,11.92,11505
352,11.93,11.93,11.92,11.93,1300
353,11.93,11.93,11.9287,11.93,2004
354,11.93,11.93,11.91,11.93,45644
355,11.93,11.935,11.9269,11.93,21735
356,11.94,11.94,11.9335,11.935,18572
357,11.94,11.94,11.93,11.937,2568
358,11.94,11.94,11.93,11.93,1615
359,11.94,11.94,11.93,11.94,19205
360,11.95,11.95,11.935,11.94,10731
361,11.945,11.95,11.94,11.95,14000
362,11.96,11.96,11.945,11.95,35960
363,11.96,11.96,11.95,11.95,5000
364,11.945,11.96,11.945,11.9501,66703
365,11.94,11.946,11.935,11.945,31879
366,11.94,11.9499,11.93,11.94,62145
367,11.94,11.945,11.94,11.94,7800
368,11.945,11.945,11.94,11.94,4840
369,11.925,11.945,11.92,11.945,24588
370,11.925,11.93,11.925,11.925,9748
371,11.925,11.93,11.92,11.92,9005
372,11.92,11.93,11.92,11.92,5400
373,11.935,11.94,11.92,11.925,59603
374,11.94,11.94,11.935,11.935,15512
375,11.955,11.96,11.935,11.94,45680
376,11.935,11.96,11.93,11.955,50869
377,11.95,11.95,11.93,11.935,59321
378,11.95,11.95,11.9406,11.95,7100
379,11.95,11.95,11.945,11.95,7427
380,11.95,11.95,11.941,11.95,11769
381,11.9598,11.96,11.95,11.95,18186
382,11.935,11.96,11.93,11.96,76453
383,11.935,11.94,11.93,11.935,24038
384,11.94,11.94,11.93,11.935,21035
385,11.95,11.95,11.94,11.94,30387
386,11.95,11.95,11.94,11.95,19656
387,11.935,11.95,11.93,11.95,102603
388,11.935,11.935,11.92,11.93,94294
389,11.94,11.94,11.93,11.94,69612
