AKAM,Akamai Technologies Inc,Information Technology,7,Internet Software & Services,8827488132,3165258
a1497360600,49.9672,49.9672,49.96,49.96,41944
1,50.16,50.2,49.83,49.83,33059
2,50.24,50.4,50.02,50.12,18157
3,50.45,50.53,50.19,50.31,13980
4,50.265,50.47,50.21,50.46,4999
5,50.26,50.43,50.26,50.34,6300
6,50.2501,50.41,50.2501,50.38,5485
7,50.14,50.31,49.986,50.26,5100
8,50.11,50.2112,50.11,50.15,7455
9,50.09,50.13,50,50.08,6638
10,50.18,50.18,50.05,50.09,8983
11,50.25,50.27,50.09,50.2,9365
12,50.36,50.41,50.22,50.25,12128
13,50.38,50.44,50.31,50.36,9832
14,50.55,50.57,50.38,50.41,17733
15,50.53,50.55,50.4301,50.53,18051
16,50.64,50.65,50.5,50.55,17288
17,50.52,50.65,50.4875,50.64,11865
18,50.48,50.54,50.448,50.5095,14550
19,50.44,50.54,50.4,50.49,6124
20,50.47,50.505,50.42,50.435,7437
21,50.55,50.59,50.48,50.48,20789
22,50.45,50.54,50.45,50.54,8877
23,50.45,50.5,50.42,50.4699,16919
24,50.5701,50.58,50.455,50.455,5000
25,50.61,50.65,50.53,50.58,7047
26,50.56,50.61,50.525,50.595,11248
27,50.575,50.65,50.52,50.56,6488
28,50.5,50.59,50.45,50.58,8569
29,50.55,50.58,50.495,50.5,5528
30,50.625,50.65,50.495,50.555,11917
31,50.56,50.64,50.56,50.64,9647
32,50.5,50.57,50.4801,50.56,5310
33,50.41,50.5,50.41,50.48,3569
34,50.377,50.39,50.3,50.39,13475
35,50.19,50.3792,50.19,50.37,12737
36,50.31,50.31,50.16,50.17,3793
37,50.29,50.31,50.2676,50.29,7025
38,50.18,50.28,50.18,50.27,4866
39,50.195,50.22,50.1865,50.19,3011
40,50.235,50.235,50.2,50.21,1800
41,50.232,50.28,50.2176,50.28,4450
42,50.26,50.28,50.245,50.27,6950
43,50.2786,50.28,50.23,50.26,8279
44,50.23,50.27,50.225,50.27,4363
45,50.257,50.26,50.23,50.23,4370
46,50.24,50.26,50.23,50.26,1600
47,50.19,50.25,50.17,50.23,10841
48,50.245,50.27,50.19,50.19,3545
49,50.24,50.26,50.24,50.26,2920
50,50.27,50.27,50.24,50.24,2196
51,50.29,50.29,50.26,50.26,3500
52,50.29,50.29,50.25,50.28,2100
53,50.29,50.32,50.27,50.275,5644
54,50.3297,50.33,50.2848,50.29,2035
55,50.26,50.33,50.24,50.33,4638
56,50.26,50.27,50.23,50.26,2157
57,50.23,50.28,50.23,50.265,4542
58,50.21,50.24,50.2,50.24,2700
59,50.195,50.21,50.17,50.2,5105
60,50.24,50.24,50.18,50.195,2706
61,50.21,50.26,50.21,50.24,8010
62,50.22,50.22,50.21,50.21,1000
63,50.23,50.26,50.21,50.21,9970
64,50.24,50.24,50.21,50.24,2190
65,50.2299,50.24,50.21,50.24,2550
66,50.21,50.23,50.2,50.22,3874
67,50.22,50.22,50.2,50.2,7395
68,50.22,50.225,50.21,50.22,2949
69,50.22,50.23,50.22,50.23,700
70,50.205,50.22,50.2,50.21,5101
71,50.19,50.205,50.17,50.2,4500
72,50.17,50.25,50.17,50.19,12800
73,50.18,50.19,50.1502,50.16,3050
74,50.13,50.2,50.13,50.19,3300
75,50.15,50.15,50.11,50.12,3666
76,50.14,50.15,50.11,50.15,9301
77,50.06,50.14,50.06,50.14,3552
78,50.08,50.09,50.04,50.04,6200
79,50.09,50.1,50.07,50.0824,4787
80,50.1,50.1,50.0588,50.06,2200
81,50.05,50.11,50.04,50.09,3500
82,50.06,50.07,50.04,50.04,1600
83,50.1099,50.1099,50.06,50.06,13695
84,50.095,50.15,50.095,50.105,5201
85,50.04,50.09,50.02,50.09,3308
86,50.05,50.09,50.04,50.04,6143
87,49.99,50.05,49.99,50.05,5842
88,50.02,50.03,50,50.01,2100
89,50.07,50.07,50.03,50.03,3040
90,50.02,50.06,50.01,50.06,3700
91,49.98,50.02,49.93,50.02,12460
92,49.98,49.9902,49.98,49.99,700
93,49.94,50.01,49.94,50.01,4899
94,49.96,49.97,49.93,49.93,4300
95,49.98,49.99,49.96,49.96,3906
96,50,50.02,49.97,49.99,3076
97,50,50,50,50,100
98,50.05,50.05,50.01,50.02,3900
99,50.05,50.05,50.03,50.05,8210
100,50.01,50.04,50.01,50.04,1305
101,50.035,50.035,50.01,50.01,1870
102,50.07,50.07,50.035,50.035,2457
103,50.085,50.1012,50.08,50.08,5521
104,50.09,50.09,50.0702,50.0702,1641
105,50.08,50.12,50.07,50.09,4052
106,50.07,50.1,50.05,50.07,3451
107,50.08,50.08,50.07,50.08,500
108,50.09,50.09,50.04,50.06,2500
109,50.11,50.13,50.08,50.09,2400
110,50.095,50.11,50.08,50.11,1400
111,50.08,50.09,50.065,50.09,1900
112,50.055,50.07,50.05,50.07,1206
113,50.0298,50.065,50.0298,50.06,3531
114,50.04,50.08,50.04,50.04,4141
115,50.02,50.03,50.02,50.03,600
116,50.02,50.021,50.01,50.02,3233
117,50,50.02,49.99,50.02,2003
118,49.97,49.99,49.96,49.99,1820
119,49.96,49.99,49.96,49.96,3104
120,49.9632,49.97,49.95,49.97,1485
121,49.9698,49.97,49.96,49.97,3549
122,49.96,49.965,49.96,49.96,600
123,49.99,49.995,49.965,49.965,3600
124,49.93,49.97,49.91,49.97,3400
125,49.94,49.94,49.92,49.92,991
126,49.905,49.92,49.89,49.92,1930
127,49.915,49.92,49.9,49.91,2100
128,49.91,49.945,49.91,49.92,3014
129,49.95,49.95,49.91,49.91,2000
130,49.94,49.955,49.93,49.94,3135
131,49.9709,49.9709,49.95,49.95,1772
132,50.02,50.02,49.965,49.965,2567
133,50.05,50.06,50.03,50.03,2700
134,50.02,50.04,50.02,50.04,1500
135,50.01,50.03,50.01,50.03,31931
136,50.01,50.0283,50,50,1600
137,49.99,50.01,49.97,50.01,24250
138,50.04,50.06,50,50,4123
139,50.0632,50.0632,50.06,50.06,600
140,50.06,50.07,50.05,50.07,300
141,50.04,50.08,50.04,50.07,3200
142,50.05,50.06,50.05,50.05,1840
143,50.015,50.03,50,50.03,2400
144,50.02,50.03,50.02,50.03,2712
145,50.022,50.03,50.022,50.03,300
146,50.01,50.04,50.01,50.03,2800
147,49.99,50.02,49.99,50.02,2600
148,50,50,49.98,49.99,2300
149,50.04,50.04,49.99,49.99,1700
150,50,50.04,50,50.04,3649
151,50.01,50.01,49.99,49.99,1900
152,50,50.03,50,50.02,3149
153,49.98,49.99,49.97,49.99,2131
154,49.9908,50,49.98,49.98,3300
155,49.95,49.99,49.95,49.99,3100
156,49.9,49.94,49.9,49.94,1600
157,49.89,49.91,49.89,49.89,3136
158,49.9,49.913,49.89,49.91,2600
159,49.93,49.94,49.92,49.92,1804
160,49.89,49.9299,49.8699,49.9299,3299
161,49.9,49.9,49.9,49.9,963
162,49.905,49.92,49.9,49.9,1100
163,49.92,49.92,49.91,49.91,1100
164,49.91,49.94,49.91,49.9232,2761
165,49.89,49.89,49.88,49.89,600
166,49.89,49.9,49.8834,49.8834,1700
167,49.86,49.89,49.86,49.89,2301
168,49.86,49.88,49.86,49.86,900
169,49.86,49.865,49.86,49.86,2461
170,49.86,49.87,49.86,49.86,600
171,49.86,49.88,49.86,49.865,4350
172,49.81,49.86,49.8,49.86,4503
173,49.8,49.8,49.77,49.8,4475
174,49.8,49.81,49.78,49.805,3400
175,49.82,49.82,49.8,49.8,700
176,49.84,49.84,49.82,49.82,1100
177,49.83,49.85,49.83,49.84,1648
178,49.82,49.83,49.8,49.83,2800
179,49.82,49.85,49.82,49.84,1580
180,49.82,49.83,49.81,49.8255,1700
181,49.8,49.81,49.8,49.81,2500
182,49.8108,49.83,49.81,49.81,1685
183,49.82,49.825,49.82,49.82,600
184,49.82,49.83,49.8,49.825,8500
185,49.8,49.85,49.8,49.83,4485
186,49.86,49.86,49.81,49.81,2800
187,49.86,49.875,49.86,49.87,1600
188,49.86,49.87,49.86,49.86,2100
189,49.85,49.85,49.83,49.85,3124
190,49.89,49.9,49.86,49.86,4272
191,49.87,49.9,49.87,49.9,2773
192,49.889,49.89,49.87,49.87,1600
193,49.91,49.91,49.89,49.89,4058
194,49.92,49.93,49.91,49.91,1371
195,49.91,49.93,49.91,49.93,2200
196,49.96,49.96,49.91,49.91,1872
197,49.95,49.9562,49.91,49.95,4501
198,49.94,49.945,49.9356,49.94,1100
199,49.925,49.935,49.91,49.93,2100
200,49.935,49.94,49.92,49.92,1045
201,49.94,49.94,49.939,49.9399,502
202,49.92,49.94,49.92,49.94,2272
203,49.92,49.95,49.92,49.93,2400
204,49.9,49.91,49.89,49.91,1538
205,49.91,49.91,49.91,49.91,900
206,49.88,49.915,49.88,49.91,2649
207,49.91,49.915,49.8899,49.89,1700
208,49.92,49.92,49.915,49.915,300
209,49.89,49.92,49.89,49.92,1600
210,49.87,49.9,49.87,49.9,1600
211,49.86,49.87,49.86,49.86,1355
212,49.84,49.855,49.83,49.85,3840
213,49.81,49.83,49.79,49.83,5200
214,49.82,49.82,49.82,49.82,500
215,49.8247,49.83,49.82,49.82,600
216,49.8283,49.8382,49.81,49.8291,2867
217,49.8408,49.8408,49.81,49.82,2585
218,49.86,49.86,49.85,49.85,1623
219,49.83,49.86,49.825,49.86,4578
220,49.82,49.84,49.82,49.83,1227
221,49.84,49.84,49.83,49.83,831
222,49.85,49.85,49.83,49.83,1900
223,49.85,49.855,49.84,49.84,1800
224,49.87,49.87,49.86,49.86,1700
225,49.86,49.865,49.85,49.86,3750
226,49.84,49.85,49.84,49.85,1300
227,49.85,49.85,49.84,49.84,1300
228,49.84,49.85,49.84,49.84,1000
229,49.84,49.84,49.83,49.84,1400
230,49.84,49.84,49.835,49.835,1300
231,49.8387,49.8387,49.82,49.83,1000
232,49.8,49.83,49.79,49.83,1600
233,49.81,49.81,49.8,49.8,2527
234,49.81,49.81,49.8,49.8,600
235,49.8,49.8,49.79,49.8,1300
236,49.76,49.78,49.75,49.78,5656
237,49.765,49.77,49.76,49.76,800
238,49.76,49.7666,49.76,49.7666,1826
239,49.762,49.765,49.755,49.755,800
240,49.77,49.78,49.77,49.77,800
241,49.75,49.77,49.75,49.77,3200
242,49.74,49.76,49.735,49.75,1954
243,49.745,49.75,49.7385,49.74,1930
244,49.72,49.73,49.72,49.73,3000
245,49.7168,49.7234,49.7168,49.7234,2300
246,49.71,49.72,49.71,49.71,3600
247,49.71,49.71,49.705,49.71,400
248,49.68,49.71,49.67,49.71,9300
249,49.67,49.68,49.66,49.67,2200
250,49.68,49.68,49.67,49.67,1500
251,49.6188,49.69,49.615,49.69,4705
252,49.63,49.63,49.62,49.62,800
253,49.63,49.63,49.62,49.62,1600
254,49.61,49.625,49.6,49.62,3250
255,49.62,49.62,49.61,49.61,860
256,49.59,49.62,49.59,49.62,1900
257,49.5899,49.6,49.56,49.59,4087
258,49.5895,49.6,49.58,49.59,1604
259,49.58,49.59,49.58,49.59,860
260,49.5973,49.6,49.585,49.59,1992
261,49.59,49.61,49.59,49.6,2272
262,49.6,49.6,49.6,49.6,400
263,49.63,49.63,49.6,49.605,2700
264,49.615,49.62,49.61,49.6101,2749
265,49.63,49.63,49.619,49.619,1100
266,49.656,49.656,49.62,49.63,4750
267,49.67,49.67,49.65,49.66,1338
268,49.73,49.73,49.68,49.68,3300
269,49.735,49.745,49.735,49.735,1600
270,49.71,49.73,49.71,49.73,2449
271,49.71,49.71,49.69,49.7,1600
272,49.71,49.71,49.7,49.7,200
273,49.74,49.75,49.71,49.72,3439
274,49.73,49.745,49.73,49.74,2329
275,49.72,49.775,49.71,49.74,3500
276,49.73,49.73,49.725,49.73,1100
277,49.75,49.75,49.74,49.74,1000
278,49.745,49.77,49.74,49.75,3400
279,49.76,49.76,49.7499,49.7499,2250
280,49.75,49.77,49.75,49.76,1300
281,49.76,49.77,49.76,49.76,800
282,49.745,49.765,49.73,49.765,2600
283,49.74,49.74,49.73,49.74,1997
284,49.74,49.74,49.74,49.74,1100
285,49.75,49.755,49.735,49.735,2200
286,49.73,49.75,49.73,49.75,1121
287,49.73,49.73,49.71,49.72,2500
288,49.71,49.725,49.7,49.72,2819
289,49.72,49.72,49.7,49.7,1637
290,49.7,49.72,49.7,49.72,1703
291,49.7083,49.71,49.705,49.7061,2219
292,49.705,49.715,49.69,49.71,2900
293,49.69,49.705,49.68,49.7,1319
294,49.68,49.68,49.68,49.68,100
295,49.6946,49.7,49.69,49.69,1400
296,49.73,49.73,49.6938,49.6968,5108
297,49.72,49.725,49.71,49.72,2541
298,49.71,49.73,49.71,49.73,2650
299,49.71,49.71,49.71,49.71,100
300,49.7,49.71,49.7,49.7,600
301,49.75,49.75,49.69,49.7,6250
302,49.77,49.7799,49.75,49.75,2050
303,49.74,49.77,49.73,49.77,3400
304,49.79,49.79,49.74,49.74,2400
305,49.7788,49.79,49.7788,49.79,1388
306,49.79,49.79,49.79,49.79,2174
307,49.83,49.83,49.79,49.79,2300
308,49.83,49.84,49.83,49.83,1600
309,49.82,49.8256,49.82,49.82,1608
310,49.83,49.83,49.83,49.83,100
311,49.8,49.82,49.8,49.82,4050
312,49.77,49.79,49.77,49.79,700
313,49.8,49.8,49.775,49.775,3256
314,49.7815,49.79,49.7815,49.79,2131
315,49.8,49.81,49.79,49.79,9096
316,49.7792,49.8,49.777,49.8,3201
317,49.79,49.79,49.78,49.78,2050
318,49.765,49.78,49.76,49.78,1800
319,49.72,49.765,49.72,49.765,2610
320,49.7431,49.75,49.73,49.73,3855
321,49.769,49.769,49.75,49.75,1383
322,49.77,49.77,49.76,49.76,2611
323,49.77,49.78,49.77,49.78,600
324,49.755,49.76,49.75,49.76,2390
325,49.74,49.76,49.74,49.76,2100
326,49.73,49.745,49.73,49.745,2500
327,49.69,49.71,49.69,49.71,2100
328,49.7,49.7,49.69,49.7,3448
329,49.69,49.7,49.69,49.7,900
330,49.71,49.71,49.7,49.7,2000
331,49.71,49.71,49.7,49.71,1000
332,49.7,49.7147,49.69,49.71,3630
333,49.7,49.7,49.695,49.7,2779
334,49.695,49.7,49.69,49.7,1700
335,49.69,49.71,49.69,49.695,2078
336,49.68,49.7,49.68,49.7,3100
337,49.69,49.71,49.675,49.68,3006
338,49.69,49.71,49.69,49.71,1100
339,49.7,49.7,49.6767,49.68,3570
340,49.7,49.7,49.69,49.7,2108
341,49.7148,49.72,49.71,49.71,1000
342,49.69,49.72,49.69,49.72,4043
343,49.69,49.69,49.69,49.69,2700
344,49.705,49.71,49.7,49.7,2131
345,49.69,49.7,49.69,49.7,2908
346,49.69,49.7,49.685,49.685,3013
347,49.69,49.69,49.69,49.69,1800
348,49.69,49.69,49.69,49.69,200
349,49.69,49.69,49.69,49.69,600
350,49.64,49.69,49.64,49.69,6865
351,49.64,49.65,49.64,49.64,2620
352,49.64,49.66,49.63,49.64,6064
353,49.66,49.66,49.64,49.64,2400
354,49.67,49.67,49.665,49.665,300
355,49.66,49.67,49.66,49.66,600
356,49.67,49.67,49.665,49.665,1578
357,49.67,49.675,49.66,49.665,7903
358,49.69,49.69,49.68,49.68,2100
359,49.725,49.735,49.685,49.685,8486
360,49.7435,49.75,49.725,49.73,5911
361,49.74,49.74,49.735,49.74,2300
362,49.73,49.745,49.7,49.74,9037
363,49.74,49.74,49.73,49.735,2954
364,49.77,49.77,49.74,49.74,5300
365,49.78,49.78,49.77,49.77,1720
366,49.79,49.8,49.78,49.78,5390
367,49.79,49.79,49.785,49.79,3720
368,49.74,49.79,49.73,49.79,10122
369,49.75,49.75,49.735,49.74,2566
370,49.75,49.75,49.74,49.7463,5361
371,49.755,49.76,49.75,49.75,3891
372,49.72,49.75,49.71,49.75,9769
373,49.71,49.72,49.71,49.72,4798
374,49.69,49.705,49.68,49.705,2500
375,49.69,49.71,49.6807,49.685,7373
376,49.685,49.7,49.675,49.7,5873
377,49.67,49.685,49.67,49.685,5801
378,49.68,49.68,49.67,49.68,2877
379,49.68,49.69,49.67,49.68,5316
380,49.655,49.7,49.64,49.68,20149
381,49.63,49.67,49.62,49.66,22763
382,49.61,49.63,49.61,49.62,11105
383,49.6,49.61,49.6,49.6,11200
384,49.6,49.61,49.56,49.6,20970
385,49.6,49.61,49.59,49.6,8418
386,49.6,49.61,49.59,49.6,13855
387,49.57,49.595,49.56,49.595,19174
388,49.58,49.59,49.56,49.575,17865
389,49.6,49.6,49.58,49.58,20942
390,49.63,49.64,49.595,49.6,226302
