BBBY,Bed Bath & Beyond,Consumer Discretionary,1,Specialty Stores,5340056685,2330402
a1497360600,36.3,36.46,36.3,36.46,15099
1,36.395,36.57,36.36,36.47,11839
2,36.35,36.385,36.26,36.36,3033
3,36.25,36.35,36.23,36.35,16809
4,36.18,36.3,36.15,36.21,19156
5,36.28,36.29,36.21,36.23,15390
6,36.23,36.3138,36.22,36.27,13596
7,36.165,36.22,36.1,36.22,19228
8,36.13,36.1699,36.11,36.1699,2335
9,36.15,36.15,36.13,36.1312,4758
10,36.23,36.25,36.17,36.17,5045
11,36.21,36.26,36.16,36.21,8949
12,36.2901,36.31,36.21,36.22,4034
13,36.26,36.3,36.26,36.28,5900
14,36.215,36.26,36.2,36.26,3305
15,36.16,36.25,36.16,36.23,6150
16,36.15,36.22,36.15,36.16,4576
17,36.12,36.14,36.1,36.14,11813
18,36.065,36.12,36.03,36.11,15570
19,36.05,36.065,36.03,36.065,3200
20,36.05,36.08,36.03,36.08,2600
21,36.01,36.06,36,36.06,5122
22,35.99,36.02,35.96,36.01,20192
23,36.01,36.01,35.98,35.99,4210
24,36.08,36.095,36.03,36.04,2800
25,36.08,36.12,36.06,36.12,7338
26,36.06,36.09,36.06,36.075,1553
27,36.075,36.1096,36.06,36.075,3400
28,36.09,36.12,36.08,36.08,1800
29,36.1,36.13,36.1,36.11,2855
30,36.09,36.1,36.06,36.08,2240
31,36.08,36.1298,36.08,36.1,4301
32,36.11,36.1611,36.1,36.1,9231
33,36.14,36.1972,36.11,36.12,3600
34,36.18,36.2,36.14,36.17,7730
35,36.2,36.216,36.18,36.2,853
36,36.23,36.23,36.19,36.2,7967
37,36.285,36.3,36.23,36.24,13341
38,36.31,36.3111,36.27,36.3,3306
39,36.37,36.37,36.31,36.31,3200
40,36.42,36.44,36.38,36.4,7357
41,36.39,36.46,36.37,36.43,14547
42,36.44,36.44,36.39,36.39,4716
43,36.5,36.52,36.44,36.44,7677
44,36.5,36.55,36.5,36.5012,4100
45,36.52,36.525,36.5,36.5,1900
46,36.52,36.535,36.51,36.5213,2350
47,36.53,36.55,36.525,36.525,4988
48,36.59,36.59,36.53,36.53,4900
49,36.63,36.63,36.56,36.5768,4850
50,36.6001,36.63,36.595,36.63,8143
51,36.63,36.63,36.6,36.61,3100
52,36.64,36.65,36.64,36.64,2560
53,36.64,36.64,36.61,36.63,6131
54,36.62,36.69,36.62,36.65,8308
55,36.62,36.63,36.62,36.63,2450
56,36.68,36.68,36.62,36.62,8500
57,36.69,36.7412,36.69,36.69,5758
58,36.68,36.695,36.66,36.695,3891
59,36.65,36.69,36.65,36.68,3408
60,36.64,36.655,36.63,36.65,5296
61,36.67,36.68,36.64,36.65,11158
62,36.67,36.68,36.65,36.66,4766
63,36.64,36.69,36.64,36.68,4767
64,36.63,36.63,36.59,36.63,5666
65,36.62,36.63,36.5795,36.62,9631
66,36.62,36.64,36.61,36.62,6772
67,36.59,36.65,36.59,36.63,13063
68,36.57,36.6,36.57,36.59,4100
69,36.5699,36.58,36.55,36.57,10300
70,36.63,36.65,36.56,36.56,7200
71,36.62,36.64,36.6,36.63,2600
72,36.605,36.63,36.6,36.605,2900
73,36.62,36.62,36.59,36.6,2972
74,36.65,36.67,36.63,36.639,6440
75,36.67,36.67,36.64,36.64,1200
76,36.72,36.725,36.67,36.67,14065
77,36.82,36.82,36.73,36.73,9800
78,36.8,36.84,36.8,36.815,6142
79,36.88,36.89,36.805,36.805,3700
80,36.88,36.89,36.87,36.87,5997
81,36.87,36.91,36.87,36.89,9584
82,36.92,36.92,36.87,36.87,7903
83,36.88,36.9301,36.88,36.93,9348
84,36.82,36.9,36.815,36.88,18082
85,36.85,36.86,36.815,36.815,6247
86,36.89,36.89,36.86,36.86,4400
87,36.94,36.955,36.89,36.89,8052
88,36.95,36.95,36.9299,36.935,4100
89,36.95,36.96,36.93,36.94,3200
90,36.85,36.94,36.85,36.94,10092
91,36.8,36.86,36.8,36.84,31756
92,36.78,36.811,36.78,36.81,4168
93,36.74,36.77,36.74,36.77,3400
94,36.76,36.76,36.73,36.74,4700
95,36.73,36.76,36.72,36.76,3919
96,36.7,36.75,36.7,36.73,4000
97,36.66,36.7,36.65,36.7,5400
98,36.62,36.67,36.61,36.67,3500
99,36.67,36.67,36.61,36.61,3600
100,36.64,36.66,36.64,36.66,1700
101,36.64,36.64,36.63,36.635,3500
102,36.64,36.67,36.64,36.64,6100
103,36.62,36.66,36.62,36.65,3600
104,36.625,36.63,36.6,36.62,2600
105,36.59,36.64,36.58,36.63,3393
106,36.57,36.59,36.57,36.59,1900
107,36.545,36.56,36.545,36.55,3000
108,36.59,36.59,36.525,36.54,7427
109,36.53,36.57,36.53,36.57,2958
110,36.4,36.52,36.39,36.52,9177
111,36.445,36.46,36.4,36.4,7123
112,36.38,36.45,36.38,36.45,7024
113,36.34,36.37,36.34,36.37,2727
114,36.335,36.34,36.3,36.33,5567
115,36.31,36.35,36.29,36.35,4200
116,36.32,36.33,36.32,36.32,900
117,36.355,36.355,36.305,36.31,7200
118,36.33,36.37,36.33,36.35,4322
119,36.35,36.35,36.33,36.33,1600
120,36.36,36.39,36.345,36.345,6950
121,36.389,36.389,36.36,36.36,2000
122,36.39,36.39,36.375,36.375,2700
123,36.42,36.42,36.36,36.4,11000
124,36.48,36.48,36.43,36.43,5785
125,36.51,36.53,36.48,36.48,4920
126,36.52,36.53,36.5,36.51,2723
127,36.55,36.58,36.53,36.53,5919
128,36.575,36.575,36.55,36.55,4184
129,36.62,36.6363,36.58,36.58,7928
130,36.645,36.65,36.59,36.62,7816
131,36.62,36.64,36.61,36.64,2100
132,36.61,36.63,36.6,36.6,3193
133,36.54,36.59,36.54,36.59,6776
134,36.57,36.57,36.53,36.54,7881
135,36.575,36.63,36.56,36.59,7276
136,36.61,36.62,36.58,36.58,3300
137,36.56,36.6,36.56,36.6,4850
138,36.51,36.55,36.51,36.54,4720
139,36.51,36.51,36.48,36.51,5200
140,36.515,36.515,36.5,36.51,2400
141,36.525,36.525,36.5,36.51,4900
142,36.5,36.525,36.48,36.525,5400
143,36.5,36.5,36.495,36.5,2100
144,36.525,36.54,36.49,36.49,6577
145,36.49,36.5212,36.49,36.5212,4779
146,36.47,36.49,36.45,36.49,6090
147,36.45,36.49,36.42,36.47,10007
148,36.455,36.46,36.45,36.45,2400
149,36.44,36.48,36.44,36.45,4532
150,36.48,36.495,36.455,36.46,4500
151,36.445,36.47,36.445,36.47,2900
152,36.4,36.455,36.4,36.455,3752
153,36.42,36.43,36.4,36.4,3800
154,36.375,36.41,36.375,36.41,3000
155,36.42,36.42,36.38,36.38,6421
156,36.4,36.44,36.395,36.41,4800
157,36.41,36.41,36.39,36.39,2900
158,36.39,36.44,36.39,36.42,3650
159,36.43,36.43,36.4,36.4,1700
160,36.44,36.45,36.42,36.425,5050
161,36.42,36.445,36.4,36.44,10800
162,36.42,36.45,36.42,36.43,12060
163,36.44,36.44,36.42,36.42,800
164,36.49,36.49,36.431,36.431,2382
165,36.4657,36.49,36.465,36.48,4539
166,36.47,36.49,36.47,36.47,11643
167,36.46,36.46,36.46,36.46,900
168,36.45,36.47,36.45,36.47,1600
169,36.47,36.49,36.46,36.46,11972
170,36.47,36.48,36.47,36.47,3100
171,36.475,36.48,36.47,36.47,1011
172,36.46,36.47,36.455,36.47,2515
173,36.48,36.48,36.43,36.45,5786
174,36.475,36.48,36.46,36.47,4124
175,36.51,36.51,36.475,36.475,5922
176,36.53,36.53,36.51,36.51,3500
177,36.55,36.565,36.54,36.54,5577
178,36.55,36.55,36.53,36.54,2302
179,36.55,36.55,36.55,36.55,500
180,36.56,36.5656,36.55,36.55,2737
181,36.59,36.59,36.565,36.565,2200
182,36.56,36.6,36.56,36.59,3421
183,36.57,36.57,36.56,36.57,1000
184,36.58,36.589,36.56,36.56,3280
185,36.61,36.63,36.58,36.58,7456
186,36.61,36.61,36.61,36.61,900
187,36.6,36.61,36.6,36.61,700
188,36.57,36.6,36.57,36.6,1813
189,36.58,36.59,36.575,36.58,2200
190,36.59,36.59,36.57,36.57,3256
191,36.58,36.59,36.58,36.59,500
192,36.58,36.58,36.57,36.57,1300
193,36.56,36.6,36.555,36.58,2900
194,36.545,36.56,36.545,36.56,800
195,36.53,36.54,36.53,36.54,1700
196,36.53,36.53,36.53,36.53,1000
197,36.525,36.53,36.51,36.5293,2900
198,36.51,36.5399,36.51,36.539,2954
199,36.54,36.54,36.51,36.51,1700
200,36.555,36.56,36.55,36.55,300
201,36.55,36.5601,36.55,36.56,2675
202,36.55,36.559,36.54,36.559,2100
203,36.56,36.56,36.55,36.55,900
204,36.54,36.56,36.54,36.56,3000
205,36.55,36.555,36.535,36.54,2630
206,36.55,36.56,36.52,36.54,26075
207,36.59,36.59,36.55,36.55,6300
208,36.57,36.61,36.57,36.6,12600
209,36.57,36.57,36.57,36.57,700
210,36.55,36.565,36.55,36.565,1300
211,36.54,36.54,36.515,36.54,3900
212,36.53,36.53,36.52,36.53,1100
213,36.51,36.52,36.51,36.52,800
214,36.545,36.545,36.51,36.51,3900
215,36.54,36.54,36.54,36.54,1300
216,36.54,36.54,36.54,36.54,1500
217,36.52,36.53,36.509,36.53,11564
218,36.48,36.54,36.48,36.52,14834
219,36.48,36.49,36.48,36.49,4100
220,36.51,36.51,36.48,36.48,2700
221,36.52,36.52,36.505,36.51,400
222,36.52,36.52,36.52,36.52,100
223,36.54,36.54,36.52,36.52,2300
224,36.5,36.53,36.5,36.53,1942
225,36.495,36.5,36.48,36.495,3785
226,36.48,36.52,36.48,36.5,1000
227,36.45,36.47,36.44,36.47,8280
228,36.44,36.4512,36.43,36.4512,3279
229,36.44,36.44,36.42,36.42,500
230,36.4,36.4254,36.4,36.42,2850
231,36.41,36.41,36.4,36.4,1100
232,36.42,36.42,36.405,36.41,1200
233,36.41,36.41,36.41,36.41,500
234,36.41,36.41,36.4,36.4,3100
235,36.39,36.4,36.39,36.4,2400
236,36.38,36.39,36.38,36.38,4521
237,36.36,36.385,36.36,36.385,1000
238,36.36,36.36,36.35,36.35,1704
239,36.36,36.37,36.36,36.365,1600
240,36.35,36.3527,36.35,36.3527,1300
241,36.34,36.35,36.34,36.35,1000
242,36.35,36.36,36.335,36.34,3335
243,36.35,36.35,36.335,36.34,900
244,36.35,36.3554,36.35,36.35,2550
245,36.3,36.34,36.3,36.34,2481
246,36.33,36.34,36.29,36.3,7000
247,36.32,36.32,36.315,36.32,1100
249,36.305,36.32,36.305,36.32,1000
250,36.31,36.32,36.31,36.31,3100
251,36.28,36.3,36.28,36.3,1414
252,36.295,36.3,36.28,36.28,2564
253,36.35,36.35,36.31,36.31,2700
254,36.36,36.37,36.345,36.345,1000
255,36.35,36.36,36.35,36.36,1400
256,36.375,36.38,36.35,36.35,1600
257,36.385,36.41,36.3659,36.3768,8196
258,36.42,36.4312,36.382,36.382,5438
259,36.41,36.4259,36.41,36.4259,1566
260,36.42,36.43,36.42,36.42,2295
261,36.425,36.44,36.42,36.42,4400
262,36.42,36.43,36.42,36.42,810
263,36.41,36.43,36.39,36.41,4900
264,36.4,36.4,36.39,36.4,2600
265,36.43,36.43,36.4,36.4,2400
266,36.41,36.42,36.41,36.42,2600
267,36.395,36.4,36.39,36.4,1500
268,36.385,36.39,36.37,36.39,2300
269,36.38,36.38,36.38,36.38,600
270,36.375,36.375,36.36,36.375,2500
271,36.35,36.37,36.35,36.37,5300
272,36.36,36.37,36.35,36.35,1760
273,36.37,36.37,36.355,36.36,2000
274,36.3665,36.37,36.36,36.37,1914
275,36.385,36.39,36.365,36.365,3800
276,36.39,36.4,36.39,36.39,2000
277,36.4,36.4,36.38,36.39,800
278,36.39,36.39,36.371,36.39,4500
279,36.38,36.385,36.38,36.38,3200
280,36.37,36.38,36.37,36.38,1300
281,36.36,36.37,36.36,36.37,400
282,36.36,36.36,36.36,36.36,400
283,36.33,36.36,36.33,36.36,3710
284,36.33,36.35,36.33,36.33,4200
285,36.36,36.37,36.34,36.34,3600
286,36.33,36.35,36.33,36.35,2200
287,36.36,36.36,36.31,36.32,3450
288,36.37,36.37,36.34,36.35,1991
289,36.37,36.3701,36.365,36.37,1525
290,36.36,36.36,36.35,36.36,2509
291,36.33,36.37,36.32,36.36,11300
292,36.32,36.34,36.32,36.33,4050
293,36.34,36.34,36.31,36.32,7149
294,36.331,36.34,36.33,36.34,1600
295,36.33,36.33,36.33,36.33,200
296,36.345,36.35,36.335,36.34,2100
297,36.345,36.35,36.34,36.34,1200
298,36.345,36.35,36.345,36.35,1000
299,36.35,36.35,36.34,36.35,4500
300,36.35,36.36,36.35,36.35,3317
301,36.35,36.37,36.345,36.35,8287
302,36.35,36.355,36.35,36.35,5200
303,36.31,36.35,36.31,36.35,4621
304,36.31,36.32,36.31,36.32,500
305,36.31,36.3154,36.31,36.3154,200
306,36.32,36.33,36.315,36.32,5164
307,36.29,36.32,36.27,36.32,7906
308,36.3,36.3,36.295,36.295,1000
309,36.29,36.3,36.29,36.3,1200
310,36.3,36.3,36.28,36.28,2800
311,36.27,36.3,36.27,36.3,1819
312,36.2488,36.26,36.2488,36.26,4800
313,36.25,36.26,36.245,36.245,1300
314,36.23,36.255,36.23,36.255,3600
315,36.24,36.241,36.235,36.24,2100
316,36.25,36.25,36.24,36.24,539
317,36.23,36.25,36.22,36.25,9048
318,36.22,36.2201,36.215,36.22,2500
319,36.19,36.21,36.19,36.21,3400
320,36.21,36.22,36.19,36.19,2100
321,36.25,36.25,36.215,36.22,6054
322,36.2,36.25,36.2,36.25,4602
323,36.2,36.2,36.2,36.2,2805
324,36.21,36.21,36.19,36.19,3400
325,36.2,36.2,36.2,36.2,800
326,36.21,36.215,36.2,36.2,3027
327,36.175,36.2,36.175,36.2,2618
328,36.21,36.215,36.18,36.18,5952
329,36.195,36.2,36.195,36.2,1400
330,36.2,36.21,36.19,36.19,2300
331,36.21,36.21,36.19,36.2,1850
332,36.2,36.205,36.2,36.205,200
333,36.19,36.2,36.175,36.2,7662
334,36.18,36.19,36.18,36.185,2934
335,36.19,36.2,36.185,36.19,2937
336,36.19,36.2,36.19,36.2,1800
337,36.2,36.21,36.195,36.2,6500
338,36.22,36.22,36.205,36.21,1900
339,36.235,36.235,36.215,36.22,2300
340,36.22,36.24,36.22,36.24,5745
341,36.2189,36.2189,36.205,36.21,5006
342,36.21,36.22,36.21,36.21,1300
343,36.21,36.21,36.195,36.21,9901
344,36.22,36.22,36.2,36.21,6000
345,36.24,36.24,36.23,36.23,2300
346,36.23,36.2401,36.23,36.2401,1810
347,36.24,36.24,36.22,36.23,8100
348,36.225,36.25,36.21,36.24,10970
349,36.21,36.22,36.21,36.22,2999
350,36.2141,36.2141,36.175,36.21,9274
351,36.2,36.21,36.2,36.21,1705
352,36.21,36.22,36.205,36.21,3700
353,36.22,36.22,36.21,36.21,7394
354,36.215,36.22,36.21,36.21,600
355,36.21,36.22,36.21,36.215,2400
356,36.18,36.21,36.18,36.21,13184
357,36.205,36.21,36.185,36.19,3100
358,36.2,36.2,36.19,36.2,2000
359,36.19,36.2,36.18,36.19,8853
360,36.19,36.205,36.19,36.19,7300
361,36.185,36.195,36.18,36.19,5000
362,36.16,36.18,36.14,36.18,17599
363,36.165,36.17,36.16,36.169,4040
364,36.19,36.2,36.165,36.17,6900
365,36.2,36.2,36.19,36.19,10769
366,36.18,36.2,36.17,36.2,6300
367,36.17,36.18,36.17,36.18,7000
368,36.13,36.18,36.125,36.17,11550
369,36.14,36.155,36.135,36.14,11998
370,36.14,36.145,36.135,36.14,3618
371,36.17,36.2,36.145,36.15,11185
372,36.15,36.18,36.15,36.18,10012
373,36.17,36.1754,36.14,36.15,10750
374,36.17,36.17,36.155,36.17,9000
375,36.195,36.2,36.17,36.17,8156
376,36.185,36.2,36.18,36.195,7327
377,36.17,36.19,36.165,36.18,10700
378,36.16,36.17,36.16,36.17,5927
379,36.16,36.17,36.16,36.16,3900
380,36.16,36.1854,36.15,36.17,25220
381,36.155,36.16,36.14,36.15,12484
382,36.14,36.17,36.14,36.15,9227
383,36.14,36.19,36.14,36.14,28652
384,36.145,36.17,36.14,36.14,12881
385,36.17,36.17,36.14,36.145,9855
386,36.16,36.18,36.16,36.16,15252
387,36.155,36.17,36.15,36.16,10703
388,36.165,36.18,36.15,36.155,14056
389,36.175,36.18,36.155,36.165,17253
390,36.19,36.21,36.17,36.17,179901
