CVS,CVS Health,Consumer Staples,2,Drug Retail,81320196087,6315435
a1497360600,79.83,79.83,79.63,79.64,64972
1,79.59,79.83,79.59,79.8,9761
2,79.5741,79.65,79.47,79.65,7441
3,79.47,79.6,79.47,79.6,9851
4,79.585,79.6,79.49,79.5006,6066
5,79.545,79.585,79.52,79.57,10249
6,79.53,79.59,79.5,79.565,7874
7,79.42,79.53,79.41,79.53,13107
8,79.34,79.44,79.34,79.4101,12727
9,79.385,79.39,79.31,79.33,4209
10,79.42,79.42,79.4,79.4,2402
11,79.36,79.41,79.36,79.41,9096
12,79.34,79.35,79.25,79.35,22570
13,79.33,79.36,79.3225,79.34,34512
14,79.225,79.34,79.21,79.33,18089
15,79.1,79.24,79.1,79.21,16838
16,79.2,79.23,79.11,79.11,17567
17,79.15,79.21,79.15,79.2069,4576
18,79.22,79.24,79.15,79.165,8875
19,79.25,79.27,79.2,79.21,4807
20,79.22,79.28,79.2,79.2477,17338
21,79.185,79.23,79.1818,79.2197,19815
22,79.1,79.185,79.06,79.18,10276
23,79.12,79.12,79.04,79.08,8886
24,79.155,79.155,79.12,79.1212,4281
25,79.17,79.24,79.16,79.16,7432
26,79.09,79.175,79.08,79.17,3836
27,79.09,79.12,79.061,79.1,10686
28,79.025,79.09,79.01,79.09,11263
29,79.02,79.04,79,79.02,9474
30,79.01,79.03,78.99,79.01,13078
31,79,79.03,78.99,79.01,9422
32,78.995,79.02,78.99,79.0062,13450
33,79.01,79.0399,79,79,11204
34,79.12,79.1365,79.015,79.02,20220
35,79.09,79.14,79.08,79.12,13504
36,79.125,79.14,79.08,79.08,21531
37,79.15,79.17,79.11,79.125,18699
38,79.16,79.165,79.12,79.14,24087
39,79.17,79.2,79.1439,79.15,19156
40,79.16,79.17,79.1449,79.17,10121
41,79.19,79.23,79.17,79.17,19080
42,79.25,79.25,79.19,79.19,8716
43,79.29,79.3,79.26,79.26,13900
44,79.27,79.32,79.25,79.29,15306
45,79.28,79.29,79.26,79.277,10572
46,79.28,79.28,79.27,79.28,1853
47,79.34,79.3617,79.27,79.27,14880
48,79.31,79.33,79.3,79.33,6227
49,79.25,79.31,79.23,79.31,6740
50,79.3,79.31,79.26,79.26,6680
51,79.31,79.32,79.29,79.32,6378
52,79.3272,79.34,79.31,79.315,7172
53,79.31,79.33,79.29,79.33,7783
54,79.29,79.32,79.2676,79.32,13544
55,79.34,79.34,79.285,79.29,11701
56,79.3741,79.4,79.34,79.34,9651
57,79.37,79.38,79.365,79.38,2678
58,79.375,79.375,79.33,79.37,10169
59,79.38,79.3899,79.37,79.38,5478
60,79.38,79.38,79.365,79.37,4187
61,79.36,79.4,79.32,79.38,19954
62,79.38,79.4,79.35,79.36,9651
63,79.37,79.3963,79.37,79.38,4798
64,79.37,79.41,79.37,79.3798,14720
65,79.3799,79.39,79.34,79.37,12145
66,79.39,79.4,79.35,79.38,8971
67,79.39,79.41,79.37,79.39,10581
68,79.3739,79.4,79.365,79.3843,7262
69,79.387,79.39,79.37,79.37,4530
70,79.44,79.48,79.38,79.385,29867
71,79.45,79.45,79.42,79.43,6235
72,79.46,79.49,79.44,79.44,7383
73,79.44,79.47,79.42,79.4662,5313
74,79.38,79.44,79.38,79.44,6167
75,79.39,79.39,79.36,79.36,7816
76,79.41,79.41,79.38,79.385,6620
77,79.49,79.51,79.42,79.42,13197
78,79.54,79.55,79.49,79.49,7501
79,79.54,79.56,79.53,79.55,4453
80,79.56,79.58,79.52,79.53,10784
81,79.5899,79.59,79.55,79.56,6809
82,79.6823,79.73,79.59,79.59,34793
83,79.65,79.68,79.64,79.68,7836
84,79.62,79.66,79.6,79.66,7050
85,79.6329,79.64,79.61,79.62,9935
86,79.66,79.66,79.63,79.63,5321
87,79.73,79.73,79.66,79.67,10126
88,79.7001,79.75,79.7,79.73,8467
89,79.695,79.71,79.68,79.71,6748
90,79.73,79.77,79.7,79.7,10835
91,79.6,79.7,79.6,79.7,6501
92,79.59,79.6167,79.575,79.6041,7249
93,79.58,79.59,79.501,79.56,9200
94,79.54,79.56,79.5245,79.56,7687
95,79.55,79.5571,79.5362,79.54,7862
96,79.53,79.58,79.52,79.56,8372
97,79.58,79.58,79.52,79.53,7051
98,79.59,79.595,79.57,79.578,7021
99,79.62,79.62,79.57,79.585,6541
100,79.64,79.64,79.61,79.6101,3150
101,79.61,79.65,79.6,79.64,6375
102,79.57,79.6162,79.57,79.61,4620
103,79.57,79.57,79.49,79.55,12161
104,79.56,79.57,79.55,79.5673,7855
105,79.58,79.58,79.53,79.55,6091
106,79.59,79.64,79.59,79.59,15471
107,79.6,79.62,79.59,79.59,4614
108,79.62,79.65,79.61,79.62,9358
109,79.64,79.67,79.61,79.62,13748
110,79.6,79.66,79.6,79.65,20888
111,79.6,79.65,79.6,79.61,18048
112,79.54,79.6,79.54,79.6,7907
113,79.58,79.59,79.51,79.54,10294
114,79.51,79.575,79.5,79.575,8872
115,79.54,79.54,79.505,79.505,3501
116,79.4701,79.54,79.4701,79.53,9168
117,79.57,79.59,79.48,79.48,5992
118,79.59,79.605,79.5649,79.57,6435
119,79.545,79.585,79.51,79.58,27296
120,79.5853,79.6,79.54,79.54,9744
121,79.61,79.61,79.58,79.59,9280
122,79.58,79.64,79.58,79.62,7625
123,79.595,79.61,79.515,79.58,11930
124,79.67,79.68,79.6,79.6,8917
125,79.66,79.67,79.63,79.65,10856
126,79.69,79.73,79.66,79.66,11238
127,79.69,79.6958,79.65,79.69,6990
128,79.77,79.77,79.695,79.695,9863
129,79.79,79.81,79.735,79.77,20320
130,79.75,79.79,79.73,79.78,9101
131,79.74,79.7533,79.7,79.7533,6150
132,79.73,79.75,79.73,79.74,1737
133,79.64,79.75,79.635,79.74,18797
134,79.72,79.74,79.63,79.641,13319
135,79.69,79.76,79.69,79.73,8669
136,79.7191,79.72,79.68,79.69,8515
137,79.64,79.72,79.64,79.715,7601
138,79.67,79.685,79.643,79.65,6836
139,79.63,79.66,79.62,79.66,7418
140,79.59,79.63,79.58,79.63,6301
141,79.55,79.59,79.51,79.58,16196
142,79.54,79.565,79.53,79.55,9897
143,79.53,79.57,79.53,79.543,6634
144,79.58,79.58,79.525,79.53,5570
145,79.52,79.58,79.495,79.58,9508
146,79.485,79.52,79.47,79.52,8523
147,79.43,79.49,79.405,79.485,9188
148,79.44,79.455,79.425,79.43,5788
149,79.43,79.46,79.43,79.4348,5744
150,79.43,79.44,79.42,79.43,6015
151,79.41,79.43,79.4,79.4239,7506
152,79.41,79.42,79.4,79.42,5400
153,79.4,79.4199,79.4,79.4199,4961
154,79.4,79.405,79.39,79.39,7900
155,79.4,79.435,79.39,79.4,12580
156,79.34,79.4,79.33,79.4,21824
157,79.405,79.405,79.34,79.34,6494
158,79.36,79.41,79.35,79.405,9394
159,79.32,79.36,79.305,79.36,6414
160,79.33,79.34,79.315,79.32,8490
161,79.31,79.325,79.31,79.32,4400
162,79.355,79.355,79.3062,79.32,6311
163,79.37,79.37,79.3541,79.3548,10542
164,79.36,79.365,79.35,79.365,4350
165,79.385,79.4,79.355,79.36,7150
166,79.389,79.39,79.38,79.3832,2800
167,79.32,79.39,79.32,79.39,8235
168,79.36,79.36,79.32,79.32,5700
169,79.3901,79.4,79.35,79.35,2780
170,79.38,79.4,79.36,79.3947,10275
171,79.38,79.4,79.38,79.38,4790
172,79.3753,79.38,79.37,79.38,2725
173,79.38,79.38,79.33,79.37,9247
174,79.385,79.39,79.38,79.39,4008
175,79.385,79.385,79.38,79.385,4231
176,79.3961,79.41,79.39,79.39,9756
177,79.4,79.41,79.394,79.4,3435
178,79.41,79.42,79.4099,79.41,1436
179,79.42,79.42,79.41,79.42,1100
180,79.43,79.44,79.42,79.42,11652
181,79.43,79.44,79.42,79.44,2809
182,79.45,79.45,79.43,79.43,5080
183,79.45,79.48,79.435,79.45,12648
184,79.5,79.5,79.445,79.45,4180
185,79.5241,79.5241,79.5,79.5,6892
186,79.56,79.56,79.52,79.53,3439
187,79.5356,79.56,79.53,79.56,6047
188,79.5,79.53,79.4933,79.53,5698
189,79.5199,79.5199,79.505,79.505,1774
190,79.53,79.53,79.515,79.52,6574
191,79.52,79.545,79.5101,79.53,7717
192,79.495,79.52,79.49,79.52,5120
193,79.5001,79.52,79.495,79.495,9029
194,79.495,79.5,79.49,79.5,3600
195,79.471,79.495,79.45,79.495,10686
196,79.5,79.52,79.48,79.48,9589
197,79.494,79.53,79.49,79.495,6994
198,79.47,79.49,79.47,79.49,5100
199,79.475,79.49,79.46,79.46,6710
200,79.46,79.49,79.45,79.485,5524
201,79.465,79.465,79.445,79.45,4896
202,79.475,79.4801,79.465,79.465,4694
203,79.46,79.475,79.43,79.47,9587
204,79.436,79.47,79.436,79.47,5313
205,79.415,79.43,79.405,79.43,4550
206,79.4199,79.42,79.4,79.415,9583
207,79.425,79.44,79.415,79.415,8687
208,79.45,79.45,79.41,79.425,3298
209,79.48,79.48,79.44,79.45,3660
210,79.47,79.485,79.47,79.48,1936
211,79.49,79.49,79.46,79.475,10221
212,79.48,79.49,79.48,79.485,1920
213,79.4601,79.49,79.455,79.485,8288
214,79.46,79.47,79.46,79.46,8810
215,79.44,79.46,79.44,79.46,3600
216,79.4,79.4401,79.3899,79.4401,17508
217,79.39,79.41,79.39,79.405,7674
218,79.41,79.41,79.39,79.39,3425
219,79.405,79.41,79.4,79.41,1628
220,79.43,79.435,79.405,79.41,8710
221,79.435,79.44,79.4347,79.435,1100
222,79.46,79.465,79.43,79.43,5720
223,79.43,79.46,79.43,79.46,9611
224,79.41,79.42,79.4,79.42,6722
225,79.425,79.43,79.41,79.41,4400
226,79.405,79.425,79.4,79.425,8300
227,79.41,79.42,79.405,79.41,1222
228,79.41,79.41,79.4,79.41,1200
229,79.4,79.41,79.4,79.4052,1954
230,79.41,79.41,79.4,79.41,2751
231,79.4,79.41,79.4,79.4,1617
232,79.4,79.41,79.4,79.4,2575
233,79.43,79.44,79.4,79.41,16197
234,79.439,79.44,79.425,79.43,4000
235,79.42,79.455,79.42,79.44,5531
236,79.43,79.43,79.42,79.42,1809
237,79.44,79.44,79.43,79.43,2900
238,79.44,79.44,79.43,79.44,3493
239,79.43,79.44,79.43,79.43,1900
240,79.44,79.44,79.43,79.435,1711
241,79.4338,79.45,79.43,79.435,9577
242,79.45,79.45,79.43,79.44,3575
243,79.45,79.45,79.445,79.45,1300
244,79.44,79.455,79.435,79.45,9294
245,79.4254,79.44,79.42,79.4369,4850
246,79.435,79.445,79.42,79.4262,6536
247,79.42,79.435,79.42,79.435,4142
248,79.4272,79.43,79.42,79.4286,9132
249,79.38,79.425,79.37,79.425,24224
250,79.365,79.375,79.3432,79.37,7736
251,79.34,79.37,79.34,79.36,7151
252,79.36,79.36,79.33,79.3454,3450
253,79.36,79.36,79.355,79.36,1140
254,79.3836,79.39,79.36,79.36,8090
255,79.35,79.385,79.35,79.3844,5265
256,79.4,79.4,79.355,79.36,6645
257,79.395,79.42,79.39,79.41,5168
258,79.39,79.4,79.39,79.4,1548
259,79.36,79.395,79.35,79.39,12765
260,79.38,79.395,79.365,79.37,8653
261,79.38,79.38,79.37,79.37,2314
262,79.375,79.38,79.375,79.38,3435
263,79.38,79.38,79.375,79.3798,800
264,79.38,79.38,79.3601,79.3758,14625
265,79.38,79.38,79.37,79.38,1500
266,79.375,79.4,79.375,79.38,9320
267,79.375,79.38,79.375,79.38,2945
268,79.37,79.38,79.33,79.38,17335
269,79.3612,79.375,79.3612,79.37,2404
270,79.4,79.4,79.365,79.365,4204
271,79.379,79.39,79.36,79.39,13344
272,79.375,79.38,79.37,79.375,800
273,79.375,79.38,79.3732,79.38,1700
274,79.375,79.375,79.375,79.375,300
275,79.375,79.38,79.373,79.3758,5366
276,79.465,79.465,79.37,79.38,20354
277,79.47,79.47,79.465,79.47,1678
278,79.5362,79.54,79.465,79.465,10257
279,79.55,79.56,79.54,79.54,9260
280,79.53,79.55,79.5,79.55,12636
281,79.555,79.56,79.535,79.54,3357
282,79.59,79.6,79.56,79.56,8288
283,79.565,79.58,79.5534,79.58,5775
284,79.55,79.58,79.55,79.565,10619
285,79.52,79.55,79.52,79.55,8653
286,79.5,79.52,79.485,79.51,8066
287,79.52,79.53,79.5115,79.52,3838
288,79.53,79.53,79.5141,79.52,5200
289,79.57,79.57,79.535,79.54,3016
290,79.5499,79.565,79.54,79.56,7424
291,79.52,79.55,79.515,79.545,9203
292,79.515,79.52,79.51,79.51,7207
293,79.55,79.55,79.49,79.5101,13130
294,79.545,79.57,79.54,79.55,14130
295,79.5415,79.5538,79.54,79.55,1756
296,79.53,79.545,79.5233,79.545,6333
297,79.58,79.58,79.52,79.525,13413
298,79.615,79.63,79.585,79.59,11177
299,79.62,79.62,79.605,79.61,4908
300,79.67,79.685,79.5,79.62,37617
301,79.68,79.685,79.667,79.667,7975
302,79.675,79.68,79.675,79.675,2166
303,79.6208,79.68,79.62,79.68,11902
304,79.64,79.6553,79.62,79.62,5300
305,79.65,79.65,79.63,79.645,10026
306,79.69,79.7,79.645,79.645,6035
307,79.697,79.7,79.67,79.68,12300
308,79.7,79.72,79.69,79.69,15207
309,79.71,79.71,79.7,79.71,1566
310,79.735,79.74,79.71,79.71,4600
311,79.72,79.735,79.72,79.735,5855
312,79.695,79.73,79.69,79.73,13136
313,79.705,79.71,79.69,79.69,5977
314,79.68,79.7054,79.68,79.7054,6423
315,79.68,79.6854,79.68,79.68,2688
316,79.68,79.69,79.68,79.68,2900
317,79.66,79.69,79.66,79.69,8527
318,79.685,79.69,79.66,79.66,8964
319,79.66,79.69,79.65,79.6854,13767
320,79.68,79.689,79.65,79.66,12143
321,79.695,79.7,79.665,79.67,6301
322,79.71,79.71,79.6935,79.699,4197
323,79.6638,79.715,79.6638,79.71,10075
324,79.68,79.68,79.66,79.661,8841
325,79.67,79.6887,79.66,79.685,11157
326,79.65,79.67,79.65,79.66,4411
327,79.62,79.655,79.62,79.65,8306
328,79.61,79.635,79.605,79.625,7826
329,79.625,79.63,79.6,79.6,7300
330,79.64,79.645,79.63,79.63,8614
331,79.635,79.64,79.6302,79.6302,2170
332,79.6742,79.675,79.635,79.64,7706
333,79.655,79.68,79.65,79.675,11594
334,79.665,79.67,79.6533,79.655,5703
335,79.62,79.665,79.6,79.665,39817
336,79.655,79.655,79.625,79.625,4084
337,79.66,79.675,79.65,79.66,12796
338,79.695,79.7,79.67,79.67,5082
339,79.7201,79.725,79.68,79.69,11807
340,79.7,79.725,79.69,79.72,9985
341,79.705,79.71,79.69,79.695,6618
342,79.73,79.76,79.705,79.705,13768
343,79.735,79.74,79.71,79.725,5673
344,79.765,79.765,79.735,79.7396,7847
345,79.79,79.79,79.76,79.765,4550
346,79.7754,79.8,79.77,79.785,16441
347,79.775,79.785,79.765,79.775,12692
348,79.8,79.8092,79.775,79.775,8222
349,79.8062,79.82,79.8,79.8,3599
350,79.78,79.825,79.77,79.81,12806
351,79.81,79.82,79.79,79.79,6940
352,79.85,79.855,79.815,79.82,12200
353,79.85,79.86,79.84,79.85,7109
354,79.88,79.8899,79.86,79.86,17524
355,79.91,79.91,79.87,79.88,19451
356,79.88,79.91,79.88,79.91,23317
357,79.91,79.92,79.87,79.875,19591
358,79.875,79.915,79.87,79.915,17025
359,79.905,79.905,79.86,79.875,15094
360,79.9,79.92,79.9,79.905,8471
361,79.905,79.91,79.89,79.9,17098
362,79.885,79.91,79.88,79.9,22650
363,79.89,79.9,79.88,79.88,7529
364,79.91,79.93,79.89,79.89,15893
365,79.925,79.93,79.91,79.91,7844
366,79.879,79.9299,79.87,79.925,17615
367,79.925,79.925,79.87,79.87,13888
368,79.8963,79.925,79.89,79.925,16482
369,79.955,79.955,79.89,79.89,13727
370,79.98,79.98,79.95,79.955,17339
371,79.975,79.99,79.96,79.98,70892
372,79.94,79.985,79.93,79.97,47757
373,79.94,79.965,79.935,79.94,24064
374,79.89,79.95,79.89,79.95,22837
375,79.86,79.9,79.86,79.89,26603
376,79.845,79.87,79.84,79.86,10294
377,79.85,79.865,79.84,79.85,29111
378,79.87,79.9,79.85,79.86,35252
379,79.85,79.89,79.85,79.88,22211
380,79.84,79.86,79.825,79.845,40985
381,79.86,79.865,79.84,79.84,14034
382,79.8367,79.88,79.835,79.86,27729
383,79.82,79.84,79.81,79.84,15168
384,79.84,79.86,79.81,79.815,29685
385,79.86,79.86,79.82,79.84,24536
386,79.87,79.87,79.835,79.86,23374
387,79.86,79.88,79.84,79.865,25737
388,79.83,79.87,79.83,79.86,26268
389,79.85,79.85,79.83,79.83,39326
390,79.89,79.9,79.84,79.845,76423
