DHI,D. R. Horton,Consumer Discretionary,1,Homebuilding,12674802597,3236080
a1497360600,33.45,33.45,33.45,33.45,15229
2,33.5,33.5,33.4,33.41,709
3,33.46,33.46,33.445,33.445,300
4,33.46,33.47,33.41,33.43,2700
5,33.46,33.46,33.45,33.45,1000
6,33.44,33.46,33.42,33.4401,1300
7,33.3944,33.45,33.3944,33.44,4085
8,33.37,33.41,33.35,33.41,2600
9,33.32,33.37,33.31,33.37,7740
10,33.37,33.37,33.315,33.315,4300
11,33.4,33.41,33.36,33.37,2800
12,33.395,33.42,33.395,33.395,3947
13,33.42,33.425,33.4,33.41,21392
14,33.44,33.44,33.42,33.43,2700
15,33.42,33.45,33.42,33.42,3102
16,33.44,33.46,33.43,33.43,2232
17,33.45,33.45,33.425,33.43,2200
18,33.45,33.46,33.44,33.46,4220
19,33.45,33.46,33.45,33.46,1100
20,33.45,33.45,33.44,33.44,1800
21,33.43,33.46,33.43,33.44,5651
22,33.42,33.44,33.42,33.435,2300
23,33.45,33.45,33.44,33.44,1400
24,33.49,33.495,33.47,33.47,2773
25,33.475,33.5,33.47,33.5,2300
26,33.49,33.49,33.48,33.48,2500
27,33.5087,33.51,33.49,33.49,5088
28,33.52,33.53,33.49,33.5049,16770
29,33.56,33.56,33.51,33.51,2087
30,33.6,33.6,33.56,33.56,7302
31,33.62,33.63,33.6,33.6,7729
32,33.645,33.655,33.62,33.62,9546
33,33.655,33.66,33.625,33.64,11653
34,33.64,33.66,33.63,33.65,5600
35,33.655,33.66,33.64,33.64,3300
36,33.7,33.71,33.65,33.65,11298
37,33.74,33.74,33.7,33.7,6000
38,33.755,33.755,33.74,33.74,2900
39,33.79,33.79,33.75,33.7534,6674
40,33.775,33.8,33.77,33.79,13510
41,33.72,33.78,33.72,33.775,8000
42,33.73,33.73,33.715,33.72,4050
43,33.74,33.77,33.73,33.73,5000
44,33.74,33.76,33.74,33.74,4926
45,33.73,33.74,33.725,33.74,4100
46,33.715,33.73,33.715,33.725,1797
47,33.69,33.725,33.69,33.72,6700
48,33.705,33.71,33.69,33.7,2400
49,33.7,33.71,33.69,33.71,11394
50,33.71,33.71,33.69,33.7,8800
51,33.73,33.73,33.7,33.7,5900
52,33.76,33.76,33.74,33.74,900
53,33.79,33.79,33.75,33.755,3686
54,33.79,33.8,33.79,33.79,4807
55,33.775,33.8,33.775,33.79,6788
56,33.8,33.8,33.77,33.77,9258
57,33.785,33.805,33.78,33.8,8678
58,33.77,33.785,33.765,33.78,4491
59,33.76,33.77,33.75,33.77,2400
60,33.78,33.78,33.76,33.76,3789
61,33.77,33.78,33.77,33.78,2328
63,33.77,33.78,33.77,33.77,3405
64,33.72,33.77,33.72,33.77,9330
65,33.685,33.725,33.68,33.72,8178
66,33.74,33.74,33.69,33.69,7100
67,33.75,33.76,33.74,33.74,7823
68,33.73,33.745,33.73,33.745,1417
69,33.72,33.73,33.705,33.73,3400
70,33.76,33.765,33.715,33.715,7490
71,33.725,33.77,33.72,33.765,9814
72,33.735,33.74,33.725,33.73,6600
73,33.75,33.75,33.73,33.7368,4730
74,33.72,33.755,33.71,33.75,16010
75,33.73,33.73,33.71,33.72,9700
76,33.715,33.73,33.715,33.725,1889
77,33.725,33.75,33.72,33.72,6816
78,33.73,33.73,33.725,33.73,1900
79,33.75,33.7552,33.725,33.73,4804
80,33.745,33.75,33.74,33.75,2600
81,33.72,33.7441,33.72,33.7441,5300
82,33.71,33.725,33.7,33.71,8407
83,33.73,33.73,33.705,33.715,3825
84,33.74,33.74,33.73,33.73,1586
85,33.73,33.73,33.72,33.73,2375
86,33.725,33.73,33.715,33.73,9921
87,33.735,33.735,33.72,33.72,8216
88,33.72,33.73,33.71,33.73,4514
89,33.735,33.75,33.73,33.73,4630
90,33.72,33.74,33.72,33.74,11012
91,33.7,33.72,33.7,33.71,4114
92,33.71,33.73,33.7,33.71,11702
93,33.715,33.715,33.71,33.71,700
94,33.72,33.72,33.71,33.715,5914
95,33.745,33.75,33.7039,33.72,13531
96,33.73,33.75,33.73,33.75,3484
97,33.745,33.75,33.735,33.74,19459
98,33.73,33.75,33.73,33.75,16911
99,33.735,33.74,33.725,33.725,8488
100,33.74,33.74,33.73,33.73,4677
101,33.75,33.76,33.735,33.74,15225
102,33.82,33.82,33.75,33.75,16278
103,33.84,33.85,33.82,33.8214,10960
104,33.86,33.86,33.84,33.845,11399
105,33.875,33.88,33.86,33.86,10331
106,33.87,33.89,33.87,33.87,17985
107,33.895,33.92,33.86,33.87,65980
108,33.9,33.915,33.87,33.89,28369
109,33.92,33.92,33.89,33.9,9950
110,33.9,33.925,33.89,33.925,12544
111,33.9001,33.9001,33.88,33.89,4799
112,33.9,33.92,33.88,33.905,16424
113,33.905,33.91,33.9,33.9,13130
114,33.915,33.92,33.89,33.89,8533
115,33.9,33.925,33.9,33.92,7805
116,33.935,33.94,33.9,33.91,7977
117,33.91,33.95,33.91,33.935,16285
118,33.935,33.94,33.92,33.92,3862
119,33.95,33.95,33.935,33.935,12649
120,33.95,33.96,33.93,33.95,37200
121,33.935,33.95,33.93,33.945,8280
122,33.93,33.935,33.9,33.93,7571
123,33.91,33.925,33.9,33.92,5386
124,33.895,33.905,33.89,33.905,2894
125,33.9,33.91,33.89,33.9,6334
126,33.95,33.95,33.895,33.895,16074
127,33.98,33.98,33.94,33.947,26308
128,33.965,33.975,33.95,33.97,11725
129,33.96,33.965,33.95,33.96,1900
130,33.97,33.97,33.955,33.96,5038
131,33.975,33.975,33.9744,33.975,700
132,33.99,34,33.975,33.98,9570
133,34.005,34.02,33.98,33.99,20921
134,34.04,34.04,34.0001,34.0001,5331
135,34.025,34.035,34.025,34.031,10504
136,34.02,34.02,34.015,34.02,1900
137,34,34.01,33.99,34.01,3600
138,33.94,33.99,33.94,33.99,19795
139,33.95,33.95,33.925,33.935,2194
140,33.95,33.95,33.94,33.9462,3576
141,33.96,33.97,33.94,33.94,4806
142,33.965,33.97,33.96,33.96,2699
143,34,34.01,33.97,33.97,4400
144,33.99,34.03,33.98,34,21387
145,34.055,34.06,33.985,33.985,25831
146,34.06,34.06,34.03,34.04,15403
147,34.04,34.05,34.04,34.05,12966
148,34.06,34.06,34.04,34.04,18841
149,34.03,34.065,34.03,34.05,19113
150,34,34.0329,34,34.03,9452
151,33.985,34,33.971,34,3706
152,34,34,33.99,33.99,2944
153,33.99,34.02,33.98,34,13490
154,33.96,33.99,33.96,33.98,2500
155,33.965,33.965,33.955,33.955,1795
156,33.96,33.97,33.96,33.97,2000
157,33.96,33.96,33.94,33.95,3500
158,33.98,33.99,33.96,33.96,10633
159,33.95,33.98,33.95,33.975,4194
160,33.95,33.96,33.94,33.96,5100
161,33.945,33.95,33.94,33.945,600
162,33.98,33.98,33.95,33.95,4604
163,34,34,33.98,33.98,1500
164,34,34,33.995,34,1100
165,34.03,34.03,33.99,34,15616
166,34.09,34.09,34.025,34.025,8748
167,34.07,34.095,34.07,34.09,13543
168,34.085,34.09,34.08,34.08,3100
169,34.08,34.09,34.075,34.085,9232
170,34.071,34.08,34.07,34.075,500
171,34.06,34.075,34.06,34.07,2500
172,34.04,34.055,34.04,34.055,5901
173,34.02,34.045,34.01,34.04,7026
174,34.035,34.04,34.02,34.04,5774
175,34.03,34.035,34.03,34.035,354
176,34.05,34.06,34.03,34.03,3860
177,34.055,34.06,34.05,34.055,1500
178,34.09,34.09,34.05,34.05,7890
179,34.0893,34.1,34.0893,34.09,8077
180,34.09,34.1,34.09,34.09,3525
181,34.07,34.095,34.065,34.085,7054
182,34.04,34.06,34.04,34.06,818
183,34.03,34.045,34.02,34.045,3243
184,34.03,34.04,34.03,34.03,5938
185,34.015,34.035,34.01,34.035,5517
186,34.015,34.02,34.01,34.02,1600
187,34.015,34.02,34.0101,34.015,1232
188,34.02,34.02,34.02,34.02,360
189,34.03,34.03,34.015,34.02,2300
190,34.03,34.03,34.01,34.03,7987
191,34.02,34.04,34.01,34.03,3577
192,34.02,34.02,34.0101,34.0101,3151
193,34.04,34.04,34.03,34.03,5199
194,34.04,34.04,34.035,34.035,682
195,34.05,34.05,34.0454,34.0454,357
196,34.05,34.05,34.0444,34.05,1717
197,34.05,34.05,34.04,34.05,1700
198,34.04,34.05,34.03,34.05,4009
199,34.035,34.035,34.035,34.035,200
200,34.06,34.06,34.035,34.035,4833
201,34.07,34.07,34.06,34.06,1996
202,34.07,34.07,34.0631,34.07,1900
203,34.065,34.07,34.06,34.065,1700
204,34.07,34.07,34.065,34.07,900
205,34.09,34.09,34.07,34.07,5910
206,34.09,34.09,34.085,34.09,1958
207,34.08,34.09,34.07,34.085,6525
208,34.09,34.09,34.074,34.08,3000
209,34.085,34.09,34.085,34.085,400
210,34.09,34.09,34.085,34.0899,832
211,34.14,34.14,34.085,34.085,15995
212,34.18,34.18,34.13,34.14,11556
213,34.1531,34.19,34.15,34.18,15954
214,34.14,34.16,34.14,34.16,4091
215,34.115,34.14,34.11,34.14,4200
216,34.11,34.125,34.11,34.12,4048
217,34.105,34.11,34.105,34.11,701
218,34.09,34.11,34.09,34.11,14060
219,34.06,34.08,34.0541,34.08,4239
220,34.06,34.075,34.06,34.065,1700
222,34.05,34.06,34.05,34.06,1600
223,34.07,34.075,34.04,34.051,6282
224,34.051,34.06,34.05,34.06,2200
225,34.04,34.051,34.04,34.05,1300
226,34.03,34.045,34.03,34.045,1600
227,34.005,34.03,34,34.03,3838
228,34.015,34.0225,34.01,34.01,3200
229,34.021,34.03,34.01,34.01,4700
230,34.015,34.03,34.015,34.025,1800
231,34.02,34.025,34.011,34.011,3600
232,34.02,34.02,34.02,34.02,1337
233,34.03,34.03,34.025,34.025,200
234,34.025,34.03,34.01,34.025,6790
235,34.01,34.02,34.01,34.02,1429
236,33.995,34.01,33.98,34.01,8900
237,34.01,34.01,33.991,33.991,3118
238,34.03,34.03,34.005,34.01,3338
239,34.04,34.04,34.025,34.025,1438
240,34.04,34.04,34.04,34.04,200
241,34.04,34.04,34.04,34.04,100
242,34.04,34.04,34.03,34.04,2700
243,34.05,34.05,34.03,34.04,4116
244,34.055,34.06,34.05,34.05,3453
245,34.06,34.06,34.06,34.06,1100
246,34.05,34.06,34.05,34.06,3412
247,34.05,34.055,34.05,34.055,2102
248,34.055,34.06,34.05,34.05,2000
249,34.06,34.06,34.045,34.05,2500
250,34.06,34.07,34.05,34.0563,5305
251,34.06,34.06,34.05,34.0558,2106
252,34.07,34.07,34.05,34.05,2632
253,34.07,34.07,34.06,34.065,600
254,34.07,34.07,34.0699,34.07,500
255,34.07,34.07,34.06,34.07,1360
256,34.06,34.065,34.06,34.065,400
257,34.06,34.065,34.05,34.06,6592
258,34.08,34.08,34.065,34.065,3700
259,34.08,34.08,34.07,34.08,4246
260,34.08,34.08,34.07,34.07,1433
261,34.09,34.09,34.075,34.08,2056
262,34.1,34.1,34.083,34.083,2913
263,34.15,34.15,34.1,34.1,27258
264,34.15,34.15,34.13,34.14,7057
265,34.165,34.17,34.14,34.14,7525
266,34.17,34.17,34.16,34.16,6424
267,34.18,34.19,34.17,34.17,6001
268,34.16,34.185,34.16,34.185,6001
269,34.145,34.17,34.14,34.17,19649
270,34.15,34.15,34.14,34.15,1500
271,34.11,34.145,34.11,34.145,5412
272,34.095,34.115,34.09,34.115,3199
273,34.085,34.095,34.08,34.095,3700
274,34.1,34.1,34.08,34.08,17454
275,34.075,34.1,34.075,34.1,11024
276,34.07,34.08,34.065,34.08,4952
277,34.09,34.09,34.08,34.08,68804
278,34.085,34.095,34.07,34.09,9700
279,34.0801,34.09,34.08,34.085,2157
280,34.06,34.08,34.06,34.08,5568
281,34.09,34.09,34.06,34.07,6798
282,34.07,34.09,34.07,34.09,2202
283,34.06,34.07,34.055,34.07,2600
284,34.06,34.065,34.055,34.06,3600
285,34.051,34.06,34.05,34.06,1300
286,34.025,34.0547,34.025,34.05,29043
287,34.045,34.05,34.03,34.03,9048
288,34.02,34.021,34.01,34.021,1900
289,34.0425,34.045,34.01,34.01,6849
290,34.05,34.05,34.04,34.045,20983
291,34.07,34.09,34.04,34.05,21133
292,34.05,34.075,34.05,34.07,8685
293,34.07,34.07,34.045,34.051,27814
294,34.065,34.09,34.06,34.07,22928
295,34.05,34.08,34.05,34.06,22838
296,34.105,34.11,34.055,34.055,25585
297,34.12,34.125,34.1,34.105,11075
298,34.125,34.135,34.12,34.12,4786
299,34.12,34.125,34.1,34.12,12511
300,34.11,34.119,34.11,34.119,2568
301,34.13,34.13,34.11,34.11,8700
302,34.125,34.14,34.125,34.13,3205
303,34.1001,34.13,34.1001,34.125,47658
304,34.08,34.1,34.08,34.1,6930
305,34.09,34.09,34.081,34.085,3200
306,34.11,34.11,34.085,34.085,10927
307,34.125,34.14,34.12,34.12,5806
308,34.1,34.13,34.1,34.125,3967
309,34.08,34.1,34.08,34.1,5520
310,34.11,34.11,34.075,34.075,7999
311,34.091,34.11,34.091,34.11,6961
312,34.071,34.091,34.071,34.091,1600
313,34.09,34.09,34.065,34.07,5000
314,34.081,34.081,34.081,34.081,100
315,34.0701,34.08,34.0701,34.08,4400
316,34.08,34.09,34.075,34.08,3960
317,34.075,34.09,34.07,34.075,4201
318,34.065,34.075,34.065,34.075,2100
319,34.04,34.061,34.04,34.061,6267
320,34.04,34.041,34.04,34.04,1993
321,34.05,34.05,34.04,34.045,5582
322,34.05,34.055,34.04,34.055,5579
323,34.04,34.05,34.03,34.045,5443
324,34.045,34.05,34.045,34.045,2200
325,34.055,34.07,34.045,34.05,23388
326,34.04,34.055,34.04,34.055,6927
327,34.03,34.05,34.025,34.045,8526
328,34.05,34.05,34.04,34.04,1600
329,34.04,34.045,34.04,34.04,1045
330,34.03,34.05,34.03,34.05,4167
331,34.045,34.05,34.02,34.02,7040
332,34.035,34.041,34.035,34.04,2300
333,34.031,34.031,34.03,34.031,600
334,34.04,34.04,34.03,34.03,2000
335,34.05,34.05,34.035,34.035,4453
336,34.0286,34.045,34.0286,34.04,5300
337,34,34.03,34,34.03,12065
338,33.99,34.001,33.99,34,5380
339,34,34,33.99,33.99,7987
340,34.01,34.01,33.995,33.995,2759
341,34.0242,34.05,34.01,34.01,47045
342,34.015,34.02,34.015,34.02,4866
343,34.02,34.025,34.01,34.025,5153
344,33.99,34.011,33.99,34.01,21851
345,34.02,34.02,33.9975,34,7958
346,34.005,34.02,34.005,34.015,16319
347,34.005,34.02,34,34.001,13821
348,33.995,34.005,33.99,34.005,3100
349,33.99,33.995,33.99,33.995,1400
350,33.98,33.98,33.98,33.98,100
351,33.995,34.005,33.985,33.985,16885
352,34,34.005,33.985,34,19480
353,34,34,33.995,33.995,500
354,34,34,33.99,33.995,1300
355,34.025,34.03,33.995,34,17713
356,34,34.025,33.995,34.02,12286
357,34,34,33.99,33.99,4651
358,34.005,34.01,33.99,34,7424
359,33.99,34.005,33.99,34.0046,7144
360,33.995,34,33.99,34,12342
361,33.99,34,33.985,33.99,7580
362,33.975,34,33.97,34,8083
363,33.97,33.98,33.97,33.975,3636
364,33.985,33.99,33.97,33.975,11394
365,33.99,34,33.98,33.99,6489
366,33.99,33.99,33.97,33.99,13929
367,33.98,33.985,33.97,33.985,7200
368,33.96,33.99,33.96,33.98,15564
369,33.975,33.99,33.96,33.97,9646
370,33.9965,33.9965,33.97,33.98,4209
371,33.99,34.005,33.99,33.995,11771
372,33.98,34,33.975,33.99,13312
373,33.99,34,33.98,33.98,6942
374,33.99,34,33.98,33.99,9793
375,33.99,34,33.975,33.99,13173
376,33.965,33.975,33.96,33.97,7622
377,33.965,33.97,33.96,33.97,5220
378,34,34,33.96,33.965,19579
379,34,34.01,33.99,34,8919
380,33.995,34.01,33.99,34.009,24981
381,33.995,34,33.99,33.99,3249
382,33.975,33.995,33.97,33.99,8621
383,33.955,33.97,33.95,33.97,22361
384,33.96,33.965,33.945,33.95,34082
385,33.955,33.96,33.95,33.955,7399
386,33.95,33.97,33.95,33.955,29319
387,33.94,33.955,33.94,33.955,21057
388,33.9301,33.95,33.93,33.94,27907
389,33.93,33.94,33.93,33.93,30217
390,33.97,33.99,33.93,33.935,92858
