DTE,DTE Energy Co.,Utilities,11,Multi-Utilities,19624980235,681556
a1497360600,108.85,108.85,108.85,108.85,4816
1,108.87,108.92,108.84,108.89,1120
2,108.84,108.89,108.65,108.7,900
4,108.91,108.91,108.67,108.67,1224
7,108.64,108.79,108.64,108.7,1600
8,108.72,108.74,108.66,108.66,500
9,108.7,108.7,108.7,108.7,100
10,108.66,108.66,108.54,108.59,400
11,108.67,108.67,108.63,108.66,500
12,108.72,108.72,108.66,108.68,500
13,108.67,108.7,108.67,108.69,400
14,108.75,108.75,108.7,108.7,591
15,108.76,108.76,108.74,108.74,863
16,108.81,108.815,108.77,108.77,854
18,108.83,108.83,108.83,108.83,200
19,108.89,108.89,108.82,108.82,600
20,108.93,108.93,108.93,108.93,100
21,108.91,108.91,108.91,108.91,200
22,108.85,108.85,108.76,108.83,967
23,108.87,108.87,108.85,108.85,200
24,108.8,108.85,108.75,108.85,700
25,108.79,108.79,108.76,108.76,400
27,108.93,108.93,108.82,108.82,400
28,108.84,108.84,108.77,108.81,300
29,108.83,108.83,108.83,108.83,100
30,108.83,108.87,108.83,108.84,535
31,108.88,108.88,108.87,108.87,300
33,108.95,108.95,108.91,108.91,900
34,109.02,109.02,108.96,108.96,300
35,108.9572,108.98,108.94,108.96,1016
36,109,109.01,108.95,108.95,1000
37,108.93,108.97,108.93,108.94,2200
38,108.99,108.99,108.97,108.97,300
39,108.93,108.98,108.93,108.98,200
40,108.89,108.9,108.89,108.9,300
41,108.82,108.88,108.82,108.87,400
42,108.81,108.84,108.81,108.84,500
43,108.78,108.88,108.78,108.79,1058
44,108.8299,108.8299,108.78,108.805,550
45,108.79,108.79,108.78,108.78,205
46,108.82,108.82,108.74,108.74,700
47,108.8,108.8,108.8,108.8,100
49,108.73,108.75,108.71,108.73,750
50,108.75,108.75,108.75,108.75,100
51,108.72,108.75,108.72,108.75,517
52,108.74,108.79,108.74,108.79,200
53,108.77,108.77,108.77,108.77,100
54,108.745,108.755,108.745,108.755,200
55,108.735,108.75,108.735,108.75,750
56,108.74,108.74,108.74,108.74,100
57,108.7101,108.7101,108.7101,108.7101,100
58,108.73,108.73,108.71,108.73,400
59,108.755,108.76,108.74,108.74,300
60,108.795,108.795,108.74,108.74,1125
61,108.85,108.86,108.85,108.85,300
64,108.84,108.87,108.84,108.86,800
66,108.85,108.85,108.83,108.83,200
67,108.83,108.84,108.81,108.82,1099
68,108.815,108.83,108.815,108.83,301
70,108.83,108.83,108.81,108.81,300
71,108.85,108.85,108.84,108.84,462
72,108.9,108.9,108.9,108.9,100
73,108.91,108.91,108.91,108.91,100
74,108.77,108.85,108.77,108.85,526
75,108.785,108.805,108.77,108.77,300
76,108.765,108.78,108.73,108.78,300
77,108.81,108.81,108.76,108.76,700
78,108.82,108.82,108.82,108.82,100
79,108.82,108.83,108.79,108.83,1500
81,108.87,108.87,108.82,108.82,947
82,108.9,108.9,108.9,108.9,300
83,108.95,108.95,108.95,108.95,300
86,108.9,108.99,108.9,108.99,2200
87,108.92,108.93,108.92,108.93,200
88,108.87,108.91,108.87,108.885,400
89,108.89,108.89,108.85,108.87,1100
90,108.91,108.91,108.91,108.91,200
91,108.92,108.95,108.89,108.89,600
93,108.93,108.93,108.85,108.89,400
94,108.9022,108.9022,108.9022,108.9022,137
95,108.94,108.94,108.9,108.9,500
96,108.91,108.95,108.91,108.95,600
97,108.95,108.95,108.93,108.93,306
98,108.97,108.9899,108.96,108.96,502
99,108.97,108.97,108.93,108.93,1100
100,108.98,108.98,108.98,108.98,100
101,109,109.03,109,109.01,1999
102,108.995,108.995,108.98,108.98,200
103,108.98,108.98,108.98,108.98,100
105,109,109,108.97,108.97,200
106,108.92,108.97,108.92,108.97,17001
107,108.96,108.96,108.93,108.93,500
108,108.92,108.98,108.92,108.98,700
109,108.93,108.93,108.93,108.93,100
110,108.88,108.92,108.88,108.91,400
111,108.9,108.9,108.85,108.85,700
114,108.95,108.95,108.95,108.95,100
115,109.02,109.02,108.94,108.94,500
116,109,109,108.96,108.97,600
117,108.965,109,108.95,109,300
119,108.97,108.97,108.97,108.97,300
121,108.98,108.98,108.94,108.94,300
122,108.97,109.01,108.97,109.01,400
124,108.93,108.93,108.93,108.93,100
126,108.93,108.93,108.92,108.92,222
127,108.95,108.95,108.95,108.95,100
129,109,109.01,108.99,108.99,317
130,108.9349,108.9349,108.9349,108.9349,200
132,108.97,109,108.97,109,200
134,108.99,108.99,108.98,108.98,300
135,108.94,108.96,108.94,108.94,300
136,108.92,108.95,108.9,108.95,727
137,108.94,108.94,108.93,108.93,300
138,108.86,108.87,108.86,108.87,200
139,108.88,108.88,108.88,108.88,117
140,108.87,108.87,108.84,108.84,200
141,108.87,108.88,108.87,108.88,200
142,108.82,108.84,108.82,108.84,350
143,108.85,108.86,108.85,108.85,400
145,108.85,108.85,108.82,108.82,395
147,108.79,108.8,108.79,108.8,400
148,108.78,108.84,108.78,108.81,900
149,108.78,108.78,108.78,108.78,100
150,108.73,108.78,108.73,108.75,502
151,108.755,108.77,108.755,108.77,600
152,108.78,108.78,108.755,108.755,200
153,108.745,108.78,108.745,108.78,300
154,108.73,108.73,108.72,108.72,300
155,108.72,108.72,108.66,108.7,1898
156,108.7,108.7,108.7,108.7,100
157,108.695,108.72,108.69,108.69,400
159,108.72,108.72,108.7,108.7,500
160,108.77,108.77,108.74,108.76,600
162,108.79,108.79,108.79,108.79,229
165,108.77,108.79,108.75,108.78,400
166,108.75,108.76,108.75,108.76,200
168,108.83,108.83,108.83,108.83,300
169,108.83,108.83,108.83,108.83,100
170,108.825,108.84,108.825,108.84,200
172,108.84,108.84,108.81,108.84,300
173,108.85,108.85,108.82,108.84,3565
174,108.88,108.88,108.8625,108.87,700
177,108.85,108.89,108.85,108.89,200
178,108.83,108.85,108.83,108.85,200
179,108.8381,108.87,108.8381,108.85,700
180,108.8,108.83,108.8,108.83,700
181,108.8225,108.8225,108.82,108.82,200
185,108.86,108.86,108.86,108.86,100
186,108.83,108.83,108.83,108.83,300
187,108.89,108.89,108.88,108.88,200
191,108.87,108.89,108.86,108.86,506
194,108.89,108.89,108.89,108.89,100
195,108.9,108.9,108.89,108.89,300
198,108.93,108.93,108.92,108.92,600
199,108.89,108.89,108.89,108.89,300
201,108.89,108.89,108.89,108.89,100
202,108.88,108.88,108.88,108.88,700
204,108.91,108.91,108.88,108.88,300
206,108.92,108.92,108.92,108.92,200
207,108.95,108.95,108.94,108.94,400
208,108.9699,108.97,108.96,108.96,300
210,109,109,108.98,108.98,200
211,108.962,108.98,108.96,108.96,500
212,108.99,108.99,108.99,108.99,200
214,108.98,109,108.97,108.97,600
215,108.97,108.97,108.97,108.97,200
216,109.01,109.01,109.01,109.01,100
217,109.01,109.01,109.0066,109.0066,428
218,109.01,109.01,109.01,109.01,100
219,108.99,109.01,108.99,109.01,200
220,109.05,109.05,108.99,109.02,982
221,109.1,109.1,109.07,109.07,600
222,109.11,109.11,109.11,109.11,100
223,109.13,109.15,109.12,109.12,3600
224,109.12,109.12,109.12,109.12,680
226,109.07,109.07,109.07,109.07,100
227,109.11,109.11,109.0868,109.0868,601
229,109.09,109.09,109.09,109.09,100
230,109.09,109.09,109.09,109.09,100
231,109.14,109.14,109.12,109.12,200
233,109.0901,109.0901,109.0901,109.0901,100
234,109.14,109.14,109.13,109.13,200
236,109.11,109.11,109.11,109.11,100
237,109.13,109.13,109.1,109.1,300
238,109.17,109.18,109.15,109.15,600
239,109.18,109.2,109.175,109.175,400
241,109.2,109.2,109.16,109.16,500
242,109.16,109.17,109.15,109.17,809
243,109.1712,109.1712,109.1712,109.1712,1000
244,109.12,109.16,109.12,109.16,500
246,109.12,109.12,109.11,109.11,700
248,109.07,109.105,109.07,109.1,500
249,109.1,109.1,109.099,109.1,400
250,109.07,109.07,109.07,109.07,100
251,109.08,109.09,109.075,109.075,300
253,109.065,109.065,109.065,109.065,300
254,109.08,109.08,109.08,109.08,100
256,109.13,109.13,109.09,109.09,1250
257,109.14,109.14,109.14,109.14,100
258,109.081,109.09,109.081,109.09,200
260,109.11,109.13,109.11,109.12,500
261,109.17,109.17,109.12,109.13,1200
262,109.18,109.19,109.16,109.19,700
263,109.16,109.16,109.14,109.16,1207
264,109.16,109.16,109.13,109.13,650
266,109.19,109.2,109.15,109.17,2495
267,109.15,109.165,109.15,109.165,500
268,109.15,109.19,109.15,109.19,7617
269,109.14,109.1626,109.14,109.1626,778
272,109.15,109.17,109.13,109.16,4307
273,109.13,109.13,109.13,109.13,200
274,109.145,109.145,109.145,109.145,100
275,109.18,109.18,109.16,109.16,600
276,109.19,109.19,109.19,109.19,100
277,109.21,109.21,109.17,109.19,1218
280,109.28,109.28,109.28,109.28,200
281,109.28,109.28,109.28,109.28,100
282,109.39,109.39,109.34,109.35,1200
283,109.35,109.38,109.35,109.38,1393
284,109.36,109.36,109.33,109.34,828
285,109.37,109.38,109.33,109.33,300
286,109.29,109.3425,109.29,109.33,1400
287,109.31,109.31,109.3,109.3,500
288,109.31,109.31,109.31,109.31,100
289,109.3,109.32,109.3,109.31,300
290,109.32,109.32,109.32,109.32,100
291,109.34,109.35,109.34,109.34,606
292,109.35,109.36,109.35,109.35,700
293,109.37,109.38,109.35,109.36,1267
294,109.41,109.41,109.38,109.38,800
295,109.44,109.44,109.43,109.43,300
296,109.39,109.45,109.39,109.45,1559
298,109.29,109.38,109.29,109.38,2043
299,109.29,109.29,109.27,109.27,900
300,109.28,109.3,109.28,109.3,600
301,109.23,109.2569,109.23,109.25,600
302,109.25,109.26,109.25,109.25,1000
303,109.21,109.25,109.21,109.25,900
305,109.27,109.27,109.25,109.25,200
307,109.25,109.25,109.22,109.23,750
308,109.22,109.22,109.19,109.2,300
310,109.19,109.25,109.19,109.24,427
311,109.18,109.19,109.18,109.19,400
312,109.185,109.185,109.18,109.18,200
313,109.18,109.2,109.16,109.16,500
314,109.18,109.18,109.18,109.18,100
315,109.17,109.17,109.17,109.17,100
316,109.17,109.2,109.17,109.2,200
317,109.16,109.189,109.16,109.189,1712
318,109.18,109.18,109.15,109.15,600
319,109.1745,109.19,109.15,109.16,2748
320,109.23,109.23,109.23,109.23,100
321,109.24,109.25,109.24,109.25,224
322,109.28,109.28,109.24,109.26,400
323,109.31,109.31,109.31,109.31,2034
324,109.29,109.32,109.29,109.32,810
325,109.3,109.3,109.28,109.29,2400
326,109.32,109.32,109.3,109.32,1299
327,109.26,109.33,109.26,109.32,2569
328,109.27,109.27,109.25,109.25,398
329,109.28,109.28,109.28,109.28,278
330,109.23,109.27,109.23,109.27,400
331,109.22,109.22,109.22,109.22,100
332,109.18,109.19,109.18,109.19,400
333,109.17,109.17,109.16,109.17,1000
334,109.18,109.18,109.18,109.18,143
335,109.18,109.18,109.18,109.18,400
336,109.18,109.2,109.18,109.2,400
339,109.23,109.26,109.23,109.23,2461
340,109.23,109.23,109.22,109.22,569
343,109.23,109.26,109.23,109.26,400
345,109.25,109.25,109.25,109.25,200
346,109.27,109.27,109.25,109.25,800
347,109.28,109.28,109.27,109.27,1000
348,109.28,109.28,109.28,109.28,1100
349,109.29,109.29,109.29,109.29,100
350,109.29,109.29,109.265,109.29,1536
351,109.34,109.34,109.31,109.31,508
352,109.35,109.35,109.33,109.34,1440
353,109.32,109.34,109.32,109.34,920
354,109.31,109.31,109.31,109.31,100
355,109.32,109.32,109.31,109.31,705
356,109.345,109.345,109.345,109.345,100
357,109.33,109.33,109.33,109.33,400
358,109.32,109.32,109.3,109.32,500
359,109.35,109.35,109.3,109.3,1400
360,109.36,109.36,109.33,109.36,400
361,109.39,109.39,109.3455,109.37,1700
362,109.41,109.43,109.39,109.39,1900
363,109.4,109.43,109.39,109.43,1953
365,109.36,109.4,109.36,109.38,1091
366,109.37,109.37,109.36,109.36,400
367,109.3625,109.3625,109.36,109.36,452
368,109.4,109.4,109.35,109.35,1623
369,109.41,109.41,109.39,109.4,1954
370,109.31,109.41,109.31,109.41,2822
371,109.37,109.37,109.31,109.33,2606
372,109.3,109.36,109.3,109.34,1100
373,109.28,109.31,109.28,109.3,800
374,109.34,109.34,109.28,109.29,8158
375,109.31,109.34,109.31,109.33,2403
376,109.35,109.38,109.31,109.31,800
377,109.38,109.38,109.36,109.36,1400
378,109.355,109.38,109.34,109.37,1844
379,109.4,109.4,109.35,109.355,2896
380,109.39,109.39,109.38,109.39,300
381,109.41,109.41,109.39,109.4,1847
382,109.41,109.42,109.39,109.41,1600
383,109.38,109.41,109.36,109.4,3280
384,109.37,109.41,109.37,109.39,1200
385,109.41,109.42,109.36,109.37,1900
386,109.42,109.44,109.42,109.43,3647
387,109.38,109.41,109.35,109.41,3264
388,109.34,109.365,109.33,109.365,3442
389,109.32,109.34,109.3,109.34,6982
390,109.41,109.43,109.33,109.33,7515
