ESRX,Express Scripts,Health Care,5,Health Care Distributors,37107308000,3964863
a1497360600,62.6,62.62,62.58,62.62,45393
1,62.26,62.6,62.14,62.6,3747
2,62.24,62.25,62.16,62.24,7848
3,62.48,62.48,62.24,62.25,1600
4,62.26,62.39,62.24,62.38,3787
5,62.24,62.31,62.21,62.21,5300
6,62.25,62.33,62.25,62.26,7200
7,62.34,62.36,62.28,62.29,7738
8,62.35,62.36,62.33,62.35,5000
9,62.46,62.46,62.35,62.35,17140
10,62.49,62.5,62.42,62.5,8232
11,62.4,62.51,62.39,62.51,8804
12,62.46,62.49,62.39,62.4,5300
13,62.38,62.47,62.37,62.47,4200
14,62.38,62.39,62.37,62.39,7900
15,62.35,62.42,62.35,62.36,10053
16,62.38,62.3899,62.34,62.35,4198
17,62.2915,62.38,62.29,62.38,16241
18,62.23,62.305,62.225,62.3,13284
19,62.27,62.32,62.24,62.24,14071
20,62.26,62.28,62.2411,62.27,2749
21,62.23,62.25,62.19,62.24,11949
22,62.24,62.24,62.19,62.23,7828
23,62.29,62.32,62.24,62.24,9708
24,62.28,62.31,62.28,62.3,1900
25,62.27,62.29,62.24,62.27,8557
26,62.35,62.35,62.27,62.27,3200
27,62.48,62.49,62.35,62.35,5320
28,62.41,62.475,62.41,62.475,11723
29,62.42,62.42,62.39,62.4,2500
30,62.415,62.43,62.39,62.41,6630
31,62.4,62.42,62.38,62.42,5700
32,62.41,62.46,62.39,62.39,19638
33,62.385,62.43,62.38,62.39,9950
34,62.4,62.4402,62.39,62.39,9313
35,62.37,62.4,62.37,62.4,5044
36,62.423,62.44,62.37,62.38,6930
37,62.42,62.45,62.42,62.44,1220
38,62.4,62.421,62.39,62.42,6700
39,62.4,62.42,62.39,62.4,3500
40,62.46,62.46,62.4,62.4,3595
41,62.4,62.45,62.4,62.45,2768
42,62.4264,62.43,62.4,62.4,1851
43,62.46,62.47,62.4318,62.4318,2600
44,62.43,62.46,62.43,62.445,3375
45,62.42,62.45,62.39,62.44,5700
46,62.42,62.43,62.4125,62.4125,2843
47,62.44,62.4736,62.42,62.4443,5264
48,62.42,62.42,62.41,62.42,2600
49,62.45,62.45,62.4,62.41,6500
50,62.44,62.44,62.44,62.44,500
51,62.43,62.44,62.41,62.435,8299
52,62.44,62.45,62.42,62.42,5000
53,62.4478,62.45,62.44,62.44,1994
54,62.45,62.45,62.42,62.44,5873
55,62.44,62.44,62.43,62.43,367
56,62.45,62.45,62.4248,62.436,3915
57,62.45,62.45,62.44,62.45,2586
58,62.45,62.45,62.435,62.44,10867
59,62.48,62.48,62.45,62.45,3300
60,62.45,62.47,62.44,62.47,5411
61,62.42,62.45,62.42,62.45,4063
62,62.43,62.44,62.42,62.42,2900
63,62.43,62.43,62.42,62.42,4900
64,62.4246,62.435,62.42,62.42,8313
65,62.42,62.43,62.41,62.42,9504
66,62.43,62.431,62.41,62.41,2500
67,62.415,62.44,62.41,62.44,6450
68,62.3901,62.415,62.38,62.41,7600
69,62.4,62.405,62.38,62.4,8944
70,62.41,62.41,62.39,62.4,7700
71,62.42,62.42,62.4,62.42,4530
72,62.42,62.43,62.41,62.42,8335
73,62.44,62.44,62.42,62.43,2734
74,62.49,62.49,62.42,62.44,11896
75,62.5,62.5,62.48,62.5,6045
76,62.52,62.54,62.5,62.51,6269
77,62.59,62.6,62.52,62.52,7689
78,62.59,62.61,62.58,62.59,30700
79,62.58,62.6,62.58,62.6,2866
80,62.6,62.61,62.575,62.58,3912
81,62.66,62.6799,62.61,62.62,7901
82,62.7,62.7,62.65,62.66,8525
83,62.77,62.775,62.7,62.7,7650
84,62.74,62.78,62.74,62.77,3727
85,62.7699,62.77,62.7,62.72,4801
86,62.8,62.83,62.75,62.76,8943
87,62.9,62.91,62.79,62.8,6200
88,62.875,62.92,62.87,62.92,10902
89,62.84,62.88,62.84,62.87,4362
90,62.88,62.88,62.84,62.84,4042
91,62.74,62.87,62.73,62.87,3914
92,62.7,62.76,62.67,62.74,9783
93,62.6799,62.695,62.65,62.695,11024
94,62.665,62.675,62.65,62.67,4200
95,62.65,62.71,62.65,62.665,9346
96,62.59,62.63,62.58,62.63,2000
97,62.54,62.57,62.49,62.57,7500
98,62.51,62.56,62.51,62.56,2729
99,62.5401,62.55,62.5,62.5,3400
100,62.55,62.57,62.54,62.55,6014
101,62.55,62.55,62.54,62.54,6424
102,62.55,62.58,62.55,62.5533,4064
103,62.53,62.5699,62.53,62.55,4200
104,62.45,62.525,62.45,62.525,1440
105,62.51,62.52,62.45,62.45,5300
106,62.49,62.52,62.49,62.5,3904
107,62.5,62.5,62.47,62.49,2810
108,62.4599,62.5,62.44,62.5,3200
109,62.43,62.45,62.425,62.45,4312
110,62.4,62.43,62.38,62.43,11400
111,62.4297,62.44,62.4,62.4,3900
112,62.45,62.47,62.41,62.42,7210
113,62.42,62.48,62.42,62.4699,4760
114,62.42,62.43,62.41,62.42,6714
115,62.47,62.48,62.42,62.42,6797
116,62.4346,62.47,62.43,62.47,3000
117,62.43,62.44,62.43,62.44,2756
118,62.49,62.49,62.44,62.44,3700
119,62.45,62.49,62.45,62.49,3044
120,62.43,62.45,62.43,62.45,2600
121,62.45,62.45,62.4244,62.4244,2519
122,62.45,62.45,62.43,62.44,5552
123,62.47,62.48,62.43,62.45,10101
124,62.52,62.52,62.48,62.48,7502
125,62.54,62.575,62.521,62.521,6097
126,62.51,62.54,62.51,62.54,4100
127,62.551,62.56,62.51,62.51,4000
128,62.59,62.6,62.56,62.56,6166
129,62.68,62.68,62.6,62.6,5499
130,62.6601,62.71,62.66,62.68,17595
131,62.67,62.67,62.63,62.67,17854
132,62.675,62.675,62.66,62.66,2967
133,62.6,62.67,62.595,62.67,8987
134,62.6769,62.68,62.61,62.61,3445
135,62.69,62.7,62.65,62.69,54907
136,62.73,62.76,62.67,62.68,32747
137,62.73,62.74,62.72,62.73,2031
138,62.66,62.72,62.65,62.72,7200
139,62.69,62.69,62.63,62.65,20394
140,62.61,62.685,62.56,62.68,15039
141,62.67,62.67,62.6,62.62,9361
142,62.67,62.68,62.64,62.67,6202
143,62.61,62.66,62.6,62.66,6585
144,62.645,62.6499,62.63,62.63,2640
145,62.62,62.64,62.62,62.64,5101
146,62.63,62.63,62.6,62.62,25599
147,62.62,62.66,62.61,62.64,16406
148,62.61,62.63,62.605,62.615,4900
149,62.605,62.62,62.6,62.615,7201
150,62.6,62.61,62.6,62.6,11697
151,62.63,62.6399,62.6,62.605,44143
152,62.6,62.63,62.6,62.63,17006
153,62.605,62.61,62.6,62.6,13223
154,62.6,62.6,62.6,62.6,4814
155,62.6,62.605,62.6,62.6,11844
156,62.6,62.61,62.6,62.605,14400
157,62.6,62.61,62.6,62.6,6569
158,62.61,62.61,62.6,62.6,9199
159,62.6,62.61,62.6,62.6,16621
160,62.615,62.65,62.6,62.61,20313
161,62.6,62.61,62.6,62.61,17786
162,62.565,62.61,62.56,62.61,27317
163,62.57,62.575,62.565,62.565,3400
164,62.58,62.58,62.565,62.57,12930
165,62.56,62.5854,62.56,62.58,3130
166,62.565,62.565,62.56,62.565,2998
167,62.565,62.57,62.56,62.565,4524
168,62.59,62.59,62.56,62.57,8107
169,62.605,62.61,62.565,62.5838,8436
170,62.585,62.61,62.58,62.61,2000
171,62.565,62.58,62.5625,62.58,5308
172,62.56,62.58,62.56,62.5625,4200
173,62.5435,62.565,62.53,62.565,5616
174,62.555,62.56,62.53,62.55,4812
175,62.54,62.55,62.54,62.55,721
176,62.5,62.54,62.49,62.54,2920
177,62.47,62.5,62.47,62.5,3502
179,62.4434,62.47,62.4434,62.47,3211
180,62.44,62.47,62.44,62.45,4935
181,62.46,62.46,62.43,62.44,4578
182,62.46,62.47,62.45,62.46,2900
183,62.45,62.46,62.45,62.46,1900
184,62.44,62.45,62.435,62.45,3474
185,62.4592,62.46,62.445,62.45,3700
186,62.53,62.53,62.46,62.46,3947
187,62.44,62.52,62.44,62.52,3197
188,62.44,62.45,62.4338,62.44,7752
189,62.4599,62.4599,62.43,62.44,2335
190,62.459,62.459,62.459,62.459,300
191,62.435,62.45,62.43,62.45,11652
192,62.425,62.45,62.42,62.44,8390
193,62.45,62.45,62.42,62.42,1820
194,62.44,62.45,62.43,62.44,2549
195,62.43,62.44,62.43,62.44,2800
196,62.4559,62.46,62.44,62.44,2500
197,62.45,62.45,62.44,62.45,2900
198,62.43,62.45,62.43,62.45,3800
199,62.435,62.435,62.43,62.435,3800
200,62.44,62.44,62.43,62.435,500
201,62.4472,62.4472,62.43,62.435,7905
202,62.445,62.445,62.43,62.44,7469
203,62.445,62.445,62.44,62.445,900
204,62.49,62.49,62.44,62.445,24195
205,62.465,62.49,62.465,62.49,5697
206,62.455,62.465,62.455,62.46,6064
207,62.49,62.49,62.46,62.46,4370
208,62.455,62.49,62.455,62.49,4399
209,62.455,62.455,62.45,62.45,1600
210,62.49,62.49,62.455,62.455,3949
211,62.485,62.485,62.47,62.48,14367
212,62.4744,62.48,62.4744,62.48,1100
213,62.43,62.475,62.43,62.475,13000
214,62.46,62.46,62.43,62.43,8004
215,62.46,62.46,62.451,62.451,200
216,62.44,62.475,62.44,62.46,13368
217,62.43,62.44,62.42,62.44,5585
218,62.425,62.44,62.41,62.42,3700
219,62.415,62.42,62.4,62.42,10353
220,62.45,62.4599,62.41,62.415,23588
221,62.43,62.45,62.42,62.45,6431
222,62.43,62.44,62.429,62.43,9387
223,62.47,62.48,62.43,62.44,16496
224,62.475,62.475,62.44,62.4612,9472
225,62.47,62.48,62.47,62.47,940
226,62.44,62.47,62.44,62.47,3186
227,62.43,62.445,62.43,62.43,3585
228,62.445,62.445,62.42,62.43,10152
229,62.48,62.49,62.43,62.44,18681
230,62.46,62.49,62.42,62.47,23077
231,62.445,62.4753,62.435,62.47,10075
232,62.42,62.44,62.415,62.44,6742
233,62.415,62.42,62.415,62.42,1200
234,62.43,62.43,62.41,62.415,4570
235,62.43,62.43,62.42,62.42,6000
236,62.415,62.43,62.415,62.42,8128
237,62.42,62.43,62.41,62.41,6052
238,62.415,62.425,62.415,62.425,2377
239,62.42,62.425,62.41,62.415,10147
240,62.415,62.415,62.41,62.415,800
241,62.415,62.42,62.41,62.415,2300
242,62.4201,62.435,62.41,62.415,14037
243,62.415,62.429,62.41,62.42,2482
244,62.415,62.415,62.415,62.415,700
245,62.4,62.42,62.4,62.415,6285
246,62.402,62.41,62.395,62.4,2812
247,62.415,62.42,62.4,62.4,11652
248,62.4101,62.42,62.4101,62.415,900
249,62.415,62.415,62.41,62.415,2700
250,62.43,62.43,62.415,62.42,5805
251,62.415,62.43,62.41,62.425,12707
252,62.415,62.415,62.41,62.415,2781
253,62.42,62.42,62.41,62.41,300
254,62.43,62.43,62.41,62.41,7400
255,62.42,62.43,62.42,62.43,1200
256,62.43,62.43,62.42,62.425,2242
257,62.47,62.4701,62.43,62.43,7981
258,62.445,62.48,62.445,62.48,9899
259,62.445,62.45,62.43,62.45,5232
260,62.46,62.46,62.4445,62.45,5455
261,62.44,62.46,62.44,62.46,3301
262,62.44,62.45,62.43,62.43,3586
263,62.415,62.43,62.41,62.43,4631
264,62.41,62.42,62.4,62.42,4525
265,62.402,62.41,62.402,62.41,300
266,62.415,62.415,62.41,62.41,1655
267,62.42,62.43,62.41,62.42,4000
268,62.39,62.42,62.39,62.42,13156
269,62.4,62.41,62.39,62.395,6598
270,62.395,62.395,62.39,62.395,3500
271,62.39,62.4,62.39,62.39,3085
272,62.395,62.4,62.39,62.39,2200
273,62.38,62.41,62.38,62.4,7562
274,62.38,62.38,62.37,62.371,5504
275,62.37,62.38,62.37,62.38,2000
276,62.38,62.39,62.37,62.3732,4695
277,62.425,62.435,62.385,62.39,7132
278,62.4167,62.43,62.4,62.43,6023
279,62.43,62.43,62.42,62.42,3667
280,62.41,62.43,62.41,62.43,2965
281,62.42,62.43,62.4,62.4,3300
282,62.46,62.46,62.42,62.42,4600
283,62.43,62.455,62.43,62.45,3600
284,62.43,62.44,62.43,62.44,1365
285,62.43,62.44,62.43,62.43,5354
286,62.43,62.44,62.42,62.43,4100
287,62.43,62.43,62.42,62.42,800
288,62.46,62.46,62.42,62.42,8035
289,62.465,62.465,62.46,62.46,2893
290,62.45,62.47,62.45,62.46,3960
291,62.44,62.46,62.43,62.45,11296
292,62.445,62.46,62.445,62.445,3674
293,62.42,62.445,62.41,62.44,6898
294,62.4541,62.4541,62.41,62.42,8669
295,62.47,62.47,62.455,62.455,1600
296,62.46,62.46,62.455,62.46,2825
297,62.441,62.45,62.435,62.45,10870
298,62.46,62.46,62.44,62.45,3200
299,62.45,62.45,62.44,62.45,1550
300,62.45,62.4531,62.449,62.4499,3492
301,62.4431,62.45,62.44,62.4428,3540
302,62.47,62.47,62.445,62.45,6153
303,62.44,62.465,62.43,62.46,10258
304,62.46,62.4634,62.445,62.445,2088
305,62.47,62.47,62.465,62.47,683
306,62.465,62.465,62.455,62.46,2700
307,62.5,62.5,62.46,62.47,13897
308,62.58,62.59,62.5,62.5,8002
309,62.59,62.59,62.5841,62.5841,300
310,62.555,62.585,62.555,62.5824,7676
311,62.53,62.55,62.53,62.55,11731
312,62.5001,62.53,62.5001,62.53,4512
313,62.51,62.51,62.509,62.509,1700
314,62.5,62.515,62.5,62.51,2600
315,62.515,62.515,62.49,62.507,7796
316,62.52,62.52,62.51,62.51,2200
317,62.515,62.52,62.51,62.515,4700
318,62.51,62.52,62.49,62.51,8398
319,62.515,62.52,62.51,62.515,1239
320,62.57,62.57,62.52,62.52,24632
321,62.56,62.58,62.56,62.57,2200
322,62.57,62.57,62.56,62.56,3252
323,62.57,62.58,62.57,62.58,3320
324,62.56,62.575,62.56,62.57,3825
325,62.535,62.56,62.535,62.56,3400
326,62.54,62.545,62.53,62.54,7460
327,62.51,62.535,62.51,62.53,3630
328,62.5,62.51,62.5,62.51,1197
329,62.49,62.5,62.48,62.5,3659
330,62.465,62.48,62.46,62.48,2014
331,62.47,62.475,62.46,62.46,4733
332,62.445,62.4646,62.44,62.4632,12255
333,62.44,62.46,62.43,62.45,14788
334,62.435,62.44,62.42,62.435,12813
335,62.41,62.44,62.4,62.44,17122
336,62.4,62.42,62.3901,62.41,5720
337,62.42,62.425,62.4,62.4,13500
338,62.425,62.43,62.405,62.42,25226
339,62.44,62.44,62.425,62.43,3111
340,62.43,62.44,62.42,62.44,8808
341,62.425,62.44,62.41,62.425,6424
342,62.445,62.45,62.425,62.43,50319
343,62.445,62.45,62.435,62.45,25363
344,62.435,62.45,62.43,62.445,17002
345,62.445,62.45,62.43,62.43,7900
346,62.445,62.449,62.44,62.445,11550
347,62.45,62.46,62.44,62.445,16979
348,62.39,62.455,62.39,62.45,16661
349,62.38,62.395,62.37,62.39,8000
350,62.38,62.4,62.38,62.3867,5046
351,62.46,62.46,62.38,62.38,12660
352,62.455,62.47,62.45,62.47,12738
353,62.53,62.55,62.24,62.45,181232
354,62.55,62.59,62.52,62.54,21901
355,62.575,62.58,62.54,62.54,3497
356,62.589,62.6,62.58,62.58,11801
357,62.64,62.64,62.58,62.58,12092
358,62.61,62.64,62.61,62.64,6043
359,62.63,62.63,62.57,62.6,11662
360,62.645,62.65,62.62,62.63,8441
361,62.62,62.64,62.59,62.64,16598
362,62.61,62.63,62.61,62.62,10534
363,62.64,62.6451,62.61,62.61,5270
364,62.665,62.67,62.645,62.65,9033
365,62.65,62.68,62.64,62.67,12637
366,62.64,62.65,62.605,62.65,16313
367,62.64,62.65,62.63,62.6412,12223
368,62.59,62.64,62.59,62.64,6781
369,62.62,62.62,62.575,62.585,8963
370,62.6,62.61,62.6,62.61,7238
371,62.62,62.64,62.605,62.605,12423
372,62.56,62.615,62.56,62.615,9944
373,62.585,62.59,62.56,62.56,8679
374,62.58,62.58,62.55,62.58,10465
375,62.605,62.61,62.575,62.58,6580
376,62.54,62.595,62.53,62.595,8874
377,62.525,62.54,62.52,62.54,3761
378,62.53,62.55,62.53,62.53,17040
379,62.53,62.535,62.51,62.5308,13624
380,62.55,62.55,62.53,62.53,14573
381,62.545,62.555,62.515,62.55,14793
382,62.525,62.5459,62.52,62.54,8220
383,62.525,62.55,62.52,62.53,25311
384,62.555,62.555,62.515,62.53,27010
385,62.57,62.58,62.55,62.555,16180
386,62.5882,62.61,62.57,62.575,25001
387,62.6,62.61,62.5782,62.59,24075
388,62.6,62.61,62.59,62.6,21124
389,62.6,62.61,62.59,62.595,34495
390,62.63,62.645,62.59,62.595,451714
