FL,Foot Locker Inc,Consumer Discretionary,1,Apparel Retail,7245379203,3222284
a1497360600,54.06,54.06,54.06,54.06,200
1,53.425,53.99,53.295,53.98,98759
2,53.86,53.93,53.315,53.53,23015
3,53.67,53.8845,53.64,53.8845,8230
4,53.7199,53.72,53.52,53.69,19863
5,53.72,53.74,53.6,53.72,12470
6,53.84,53.84,53.7,53.73,20947
7,53.89,53.9,53.82,53.835,8078
8,53.95,53.95,53.831,53.8999,6758
9,53.925,53.95,53.75,53.95,39000
10,54.09,54.17,53.88,53.9118,11705
11,53.96,54.07,53.91,54.07,5180
12,54.2,54.23,53.975,53.9752,11001
13,54.41,54.42,54.12,54.21,10439
14,54.47,54.6,54.37,54.37,25763
15,54.565,54.62,54.47,54.475,24041
16,54.53,54.605,54.52,54.57,8462
17,54.58,54.58,54.465,54.51,9640
18,54.45,54.57,54.43,54.55,15960
19,54.52,54.56,54.45,54.46,10071
20,54.5,54.51,54.46,54.5,3176
21,54.48,54.52,54.46,54.48,9530
22,54.46,54.494,54.43,54.485,13799
23,54.5,54.54,54.4626,54.47,6076
24,54.58,54.61,54.51,54.51,10150
25,54.37,54.595,54.37,54.59,15012
26,54.385,54.41,54.34,54.3637,10100
27,54.3,54.385,54.28,54.38,12022
28,54.31,54.32,54.27,54.3088,4204
29,54.33,54.35,54.28,54.3,8656
30,54.42,54.45,54.3,54.31,7610
31,54.42,54.45,54.39,54.41,8919
32,54.54,54.57,54.39,54.39,10470
33,54.6,54.6,54.51,54.54,7189
34,54.66,54.66,54.59,54.6026,6869
35,54.73,54.73,54.67,54.67,7711
36,54.805,54.83,54.73,54.73,6592
37,54.9,54.9,54.81,54.81,20689
38,54.81,54.9,54.81,54.9,6395
39,54.91,54.91,54.81,54.81,4200
40,54.96,54.97,54.91,54.91,10150
41,54.83,54.99,54.83,54.96,17455
42,54.95,54.95,54.82,54.82,9729
43,54.9,55,54.9,54.96,14709
44,54.91,54.95,54.9,54.901,8347
45,54.995,55,54.93,54.93,10158
46,54.95,55,54.94,55,7521
47,54.96,54.965,54.921,54.93,7768
48,54.98,54.9825,54.95,54.95,13516
49,55,55,54.95,54.97,12685
50,55.05,55.055,55,55,11775
51,55.06,55.06,55.05,55.05,3800
52,55.035,55.06,55.035,55.0588,7410
53,55.05,55.05,55.01,55.03,3900
54,55.06,55.07,55,55.05,6006
55,55.051,55.065,55.05,55.06,1724
56,55.1,55.12,55.06,55.06,7341
57,55.11,55.12,55.1,55.12,6590
58,55.07,55.11,55.06,55.11,3780
59,55.01,55.07,55.01,55.07,11444
60,55,55.015,54.98,55.015,5048
61,55,55.039,54.99,55.01,16152
62,55.08,55.08,55,55,4350
63,55.071,55.085,55.07,55.085,3050
64,55.05,55.08,55.02,55.08,8493
65,55.01,55.05,55.01,55.05,2185
66,55.07,55.07,55.02,55.03,3141
67,55.08,55.135,55.06,55.08,12874
68,55.09,55.09,55.07,55.09,1793
69,55.06,55.08,55.03,55.08,5718
70,55.06,55.08,55.05,55.055,3226
71,55.0226,55.06,55,55.05,7100
72,55.03,55.06,55,55.02,9291
73,55.0401,55.05,55.01,55.01,5083
74,55.09,55.1,55.05,55.05,6460
75,55.05,55.08,55.05,55.07,4134
76,55.09,55.09,55.03,55.04,4700
77,55.1563,55.1615,55.09,55.09,5664
78,55.25,55.275,55.17,55.17,14793
79,55.302,55.302,55.2302,55.2302,4120
80,55.23,55.29,55.23,55.29,3107
81,55.27,55.3,55.24,55.24,4767
82,55.33,55.33,55.27,55.27,2015
83,55.33,55.3599,55.31,55.35,6276
84,55.26,55.33,55.26,55.33,3867
85,55.265,55.28,55.26,55.2784,2000
86,55.26,55.35,55.26,55.28,6864
87,55.3,55.3,55.275,55.275,6132
88,55.335,55.36,55.31,55.36,2982
89,55.28,55.32,55.28,55.32,4100
90,55.18,55.28,55.18,55.28,3755
91,55.13,55.19,55.12,55.16,7381
92,55.14,55.15,55.14,55.145,1231
93,55.16,55.16,55.14,55.14,1800
94,55.14,55.16,55.14,55.16,2000
95,55.13,55.16,55.13,55.15,2300
96,55.14,55.14,55.135,55.135,200
97,55.1086,55.13,55.09,55.13,1900
98,55.06,55.105,55.06,55.105,4316
99,55.06,55.07,55.04,55.05,5482
100,55.04,55.06,55.04,55.06,2569
101,55,55.03,54.99,55.03,2984
102,55,55.03,54.99,55,8200
103,55.01,55.01,54.971,54.98,3563
104,55,55,54.98,55,3800
105,55,55.045,55,55.01,2148
106,55.01,55.01,55,55,1400
107,55,55.0089,54.99,55.0089,5175
108,55.03,55.03,54.97,54.98,4553
109,54.98,55.03,54.98,55.0284,5695
110,54.95,54.98,54.92,54.97,15371
111,54.92,54.94,54.91,54.94,2200
112,54.855,54.91,54.84,54.91,6091
113,54.8,54.86,54.79,54.8433,4366
114,54.91,54.91,54.78,54.8,5702
115,54.81,54.9,54.81,54.9,6005
116,54.82,54.83,54.78,54.79,2700
117,54.885,54.91,54.82,54.82,12987
118,54.88,54.92,54.87,54.88,4457
119,54.91,54.92,54.88,54.88,1100
120,54.9,54.92,54.89,54.92,3050
121,54.9,54.9,54.88,54.9,1009
122,54.89,54.91,54.89,54.9032,2370
123,54.89,54.89,54.79,54.88,6664
124,54.89,54.9,54.8783,54.9,1100
125,54.99,54.99,54.9,54.91,2787
126,55,55.02,54.9676,54.9676,4480
127,55.04,55.075,54.98,54.98,9947
128,55.05,55.06,55.02,55.03,4310
129,55.1102,55.12,55.05,55.05,8297
130,55.12,55.13,55.1,55.121,6093
131,55.11,55.14,55.11,55.14,1800
132,55.115,55.125,55.1,55.11,8741
133,55.1,55.13,55.08,55.115,9498
134,55.1199,55.1199,55.08,55.08,6250
135,55.1,55.12,55.085,55.12,3161
136,55.11,55.11,55.09,55.09,1392
137,55.06,55.095,55.06,55.09,5400
138,55.05,55.06,55.05,55.06,1401
139,55.06,55.06,55.04,55.0462,6032
140,55.13,55.13,55.04,55.05,12434
141,55.08,55.11,55.06,55.11,1769
142,55.06,55.07,55.05,55.06,5668
143,55.11,55.11,55.02,55.04,11403
144,55.09,55.13,55.09,55.095,4166
145,55.0767,55.12,55.07,55.1,3853
146,55.02,55.06,55.02,55.06,3300
147,55.01,55.03,54.96,55.02,3057
148,55.01,55.01,54.97,55,1500
149,55.02,55.04,55.01,55.01,1201
150,55.0363,55.04,55.01,55.01,1011
151,55.03,55.03,54.98,55.01,4100
152,54.99,55.02,54.98,55.01,2439
153,55,55.02,54.98,54.985,3394
154,55.01,55.01,54.98,55,1950
155,55.04,55.04,55,55.01,3893
156,54.99,55.02,54.98,55,4794
157,55.01,55.04,54.985,54.985,56450
158,54.97,55.02,54.97,55.02,6677
159,55,55,54.97,54.97,9248
160,54.995,55.01,54.98,54.995,5998
161,55.0233,55.0233,54.98,54.99,7636
162,54.9925,55.065,54.99,55.025,2700
163,55,55,55,55,700
164,55.03,55.03,54.98,54.99,1800
165,55.05,55.07,55.03,55.03,3236
166,55.02,55.02,55.02,55.02,100
167,55.09,55.09,55.01,55.02,10031
168,55.08,55.1,55.08,55.09,1300
169,55.09,55.11,55.09,55.1,1800
170,55.08,55.08,55.055,55.08,2358
171,55.07,55.09,55.07,55.09,1050
172,55.03,55.07,55.02,55.06,1100
173,55.05,55.05,54.985,55.01,7467
174,55.03,55.05,55.03,55.04,800
175,55.0287,55.03,55.0287,55.03,400
176,55.01,55.01,55.01,55.01,400
177,55.05,55.065,55.01,55.01,5003
178,55.03,55.03,55.0144,55.03,3811
179,55.01,55.03,55.01,55.02,1200
180,55.05,55.05,55.01,55.01,2900
181,55.05,55.06,55.04,55.0599,2900
182,55.05,55.05,55.03,55.04,11900
183,55.05,55.06,55.0468,55.0571,1328
184,55.07,55.07,55.04,55.05,2000
185,55.08,55.09,55.07,55.07,1954
186,55.09,55.1,55.07,55.08,2300
187,55.11,55.11,55.1,55.1,1531
188,55.08,55.1,55.07,55.1,2100
189,55.05,55.06,55.05,55.06,2100
190,55.11,55.11,55.05,55.06,2343
191,55.1,55.13,55.1,55.12,2558
192,55.15,55.15,55.12,55.12,2924
193,55.17,55.17,55.15,55.16,1500
194,55.15,55.17,55.15,55.16,1450
195,55.18,55.2,55.12,55.14,8474
196,55.16,55.19,55.15,55.19,3000
197,55.22,55.22,55.165,55.165,2850
198,55.2,55.2108,55.2,55.21,1650
199,55.25,55.25,55.2,55.2047,3426
200,55.2776,55.28,55.25,55.26,5271
201,55.26,55.28,55.26,55.27,5075
202,55.24,55.27,55.23,55.27,1900
203,55.35,55.35,55.23,55.23,16041
204,55.28,55.35,55.28,55.35,5407
205,55.27,55.29,55.26,55.29,2527
206,55.27,55.29,55.25,55.27,3200
207,55.25,55.28,55.25,55.28,1700
208,55.2114,55.25,55.21,55.25,4200
209,55.27,55.28,55.2102,55.22,7065
210,55.21,55.26,55.21,55.26,2700
211,55.21,55.215,55.17,55.21,4445
212,55.22,55.23,55.1863,55.21,7307
213,55.22,55.23,55.21,55.2167,7950
214,55.2,55.2215,55.18,55.22,5480
215,55.1808,55.21,55.1808,55.2,3678
216,55.19,55.21,55.19,55.19,4151
217,55.14,55.19,55.14,55.19,7000
218,55.11,55.14,55.11,55.14,1100
219,55.13,55.14,55.11,55.11,2650
220,55.12,55.14,55.12,55.12,1200
221,55.12,55.12,55.1,55.1,902
222,55.13,55.13,55.1099,55.12,2100
223,55.18,55.21,55.13,55.13,4831
224,55.16,55.19,55.13,55.19,6229
225,55.18,55.18,55.17,55.17,1200
226,55.1832,55.23,55.18,55.19,6424
227,55.17,55.185,55.15,55.185,2287
228,55.14,55.16,55.14,55.16,1220
229,55.1357,55.145,55.11,55.13,1600
230,55.08,55.13,55.08,55.12,2900
231,55.095,55.095,55.07,55.07,3742
232,55.1,55.14,55.09,55.09,5069
233,55.08,55.1,55.08,55.1,600
234,55.13,55.14,55.07,55.07,4849
235,55.11,55.15,55.11,55.15,300
236,55.12,55.1289,55.1,55.11,1012
237,55.08,55.11,55.08,55.11,2045
238,55.08,55.104,55.06,55.08,3800
239,55.09,55.12,55.09,55.11,1200
240,55.07,55.095,55.07,55.095,2300
241,55.08,55.09,55.06,55.08,2335
242,55.1,55.11,55.09,55.09,1900
243,55.08,55.09,55.08,55.09,1300
244,55.0964,55.11,55.08,55.09,2200
245,55.03,55.09,55.03,55.09,7490
246,55.02,55.05,55.02,55.04,4165
247,55,55.025,54.98,55.025,2845
248,55,55,54.98,54.99,3199
249,54.995,55,54.99,54.99,1000
250,55,55,54.99,55,2256
251,55,55.03,54.98,55,4879
252,54.99,55.01,54.98,55.01,300
253,55.025,55.025,55,55,3400
254,55.03,55.06,55.03,55.03,2477
255,55.04,55.04,55.02,55.03,2378
256,55.03,55.03,55.01,55.03,3800
257,55.03,55.04,55.02,55.03,1402
258,55.0404,55.05,55.04,55.04,2979
259,55.06,55.06,55.02,55.04,2402
260,55.06,55.06,55.06,55.06,200
261,55.09,55.09,55.05,55.06,7094
262,55.15,55.15,55.08,55.08,3264
263,55.14,55.155,55.13,55.15,4319
264,55.1,55.12,55.1,55.12,800
265,55.075,55.09,55.07,55.0701,1550
266,55.16,55.22,55.07,55.08,19352
267,55.16,55.17,55.15,55.15,2658
269,55.18,55.18,55.151,55.16,4650
270,55.13,55.19,55.13,55.19,4776
271,55.09,55.13,55.09,55.13,1901
272,55.1,55.1,55.071,55.09,62599
273,55.12,55.12,55.08,55.08,2200
274,55.12,55.125,55.11,55.11,1550
275,55.1,55.12,55.1,55.12,1836
276,55.09,55.11,55.09,55.11,1200
277,55.16,55.16,55.085,55.09,4507
278,55.1474,55.15,55.12,55.13,5837
279,55.18,55.18,55.15,55.15,3749
280,55.19,55.2,55.182,55.182,6672
281,55.165,55.18,55.155,55.18,2000
282,55.15,55.16,55.15,55.16,1900
283,55.1,55.14,55.1,55.14,2500
284,55.145,55.145,55.09,55.09,3228
285,55.16,55.19,55.14,55.14,6780
286,55.11,55.15,55.085,55.15,6699
287,55.15,55.155,55.11,55.11,5607
288,55.18,55.195,55.1531,55.155,10041
289,55.1606,55.19,55.1606,55.1699,1390
290,55.165,55.1806,55.16,55.1806,515
291,55.15,55.19,55.15,55.17,5448
292,55.16,55.175,55.16,55.16,4761
293,55.14,55.16,55.1,55.16,5004
294,55.13,55.14,55.09,55.13,5460
295,55.08,55.12,55.08,55.12,2500
296,55.09,55.09,55.08,55.08,1650
297,55.17,55.18,55.08,55.08,10190
298,55.19,55.19,55.15,55.16,4782
299,55.15,55.19,55.15,55.19,3171
300,55.17,55.195,55.16,55.16,3756
301,55.15,55.17,55.14,55.1612,2451
302,55.17,55.18,55.14,55.14,3347
303,55.18,55.185,55.16,55.16,7287
304,55.19,55.19,55.185,55.185,1247
305,55.16,55.195,55.16,55.195,2151
306,55.2,55.2,55.16,55.16,3348
307,55.19,55.1934,55.1569,55.18,5810
308,55.19,55.195,55.19,55.195,1100
309,55.21,55.22,55.19,55.19,7573
310,55.21,55.21,55.19,55.21,4792
311,55.17,55.22,55.17,55.2,2400
312,55.12,55.17,55.12,55.17,2924
313,55.16,55.16,55.1,55.1,5295
314,55.15,55.17,55.15,55.17,4441
315,55.14,55.15,55.14,55.14,510
316,55.18,55.19,55.145,55.15,3800
317,55.15,55.18,55.15,55.18,2129
318,55.12,55.14,55.12,55.14,4356
319,55.08,55.11,55.08,55.11,3300
320,55.13,55.16,55.08,55.08,18310
321,55.13,55.145,55.12,55.13,2204
322,55.11,55.1334,55.09,55.1334,4700
323,55.09,55.12,55.08,55.12,5277
324,55.07,55.1,55.06,55.093,6358
325,55.02,55.08,55.02,55.08,3023
326,55.05,55.09,55.02,55.02,6050
327,55.03,55.05,55.02,55.05,1800
328,55.07,55.07,55.03,55.03,3219
329,55.06,55.075,55.06,55.07,1909
330,55.05,55.06,55.04,55.06,3402
331,55.1,55.1,55.05,55.05,3482
332,55.04,55.095,55.025,55.09,6242
333,55.06,55.06,55.04,55.04,1400
334,55.0445,55.07,55.0445,55.0532,4509
335,55.06,55.07,55.025,55.04,3704
336,55.06,55.07,55.06,55.06,4112
337,55.04,55.065,55.04,55.06,1500
338,55.0309,55.04,55.03,55.03,3067
339,55.065,55.077,55.022,55.022,5913
340,55.05,55.06,55.05,55.06,2400
341,55.05,55.055,55.05,55.05,1100
342,55.03,55.05,55.03,55.05,2900
343,55.03,55.04,55.01,55.02,4675
344,55.0324,55.05,55.03,55.04,5859
345,55.08,55.08,55.045,55.05,2761
346,55.08,55.09,55.08,55.0833,2917
347,55.1,55.1,55.08,55.09,4599
348,55.11,55.14,55.11,55.11,6022
349,55.12,55.12,55.1,55.1021,3667
350,55.11,55.13,55.1,55.13,2600
351,55.14,55.14,55.11,55.11,3425
352,55.185,55.19,55.15,55.15,4197
353,55.17,55.1756,55.14,55.17,5430
354,55.17,55.18,55.17,55.18,1400
355,55.15,55.175,55.15,55.17,7500
356,55.12,55.1483,55.08,55.1483,10299
357,55.16,55.16,55.12,55.12,10285
358,55.15,55.16,55.15,55.16,900
359,55.15,55.15,55.12,55.14,3082
360,55.14,55.15,55.14,55.14,1100
361,55.13,55.145,55.115,55.14,5600
362,55.095,55.125,55.085,55.12,6945
363,55.12,55.125,55.095,55.1,4582
364,55.12,55.13,55.12,55.12,6556
365,55.15,55.15,55.12,55.13,4275
366,55.12,55.17,55.12,55.15,9143
367,55.14,55.14,55.13,55.13,938
368,55.065,55.13,55.06,55.13,6424
369,55.1,55.11,55.0674,55.0674,10354
370,55.12,55.12,55.095,55.095,10033
371,55.1078,55.15,55.1078,55.13,12540
372,55.07,55.115,55.07,55.11,5442
373,55.13,55.13,55.07,55.07,8643
374,55.11,55.13,55.1,55.12,7665
375,55.149,55.15,55.11,55.11,8926
376,55.13,55.155,55.09,55.155,16599
377,55.125,55.135,55.12,55.135,6170
378,55.12,55.13,55.12,55.12,2600
379,55.11,55.13,55.11,55.12,14160
380,55.15,55.16,55.12,55.12,14078
381,55.125,55.155,55.11,55.15,12802
382,55.12,55.13,55.11,55.125,15703
383,55.13,55.14,55.11,55.12,14850
384,55.17,55.18,55.12,55.125,18702
385,55.15,55.17,55.14,55.16,8443
386,55.11,55.165,55.105,55.15,22855
387,55.1,55.12,55.1,55.11,11823
388,55.12,55.14,55.105,55.11,21075
389,55.14,55.14,55.11,55.12,28754
390,55.1,55.18,55.1,55.135,85209
