GIS,General Mills,Consumer Staples,2,Packaged Foods & Meats,33601849998,3941455
a1497360660,57.14,57.23,57.14,57.23,43686
1,57,57.16,57,57.14,14586
2,56.94,57,56.92,57,6500
3,56.96,56.97,56.94,56.95,4195
4,56.92,56.98,56.91,56.94,8918
5,56.92,56.94,56.9,56.9,5438
6,56.9,56.91,56.9,56.91,8674
7,56.8741,56.91,56.8741,56.9,5280
8,56.83,56.89,56.83,56.8601,7290
9,56.78,56.83,56.76,56.82,4314
10,56.82,56.8216,56.77,56.7886,5413
11,56.8353,56.8353,56.8,56.83,5875
12,56.87,56.87,56.84,56.84,3724
13,56.866,56.9,56.86,56.86,3455
14,56.8632,56.88,56.83,56.87,5428
15,56.84,56.85,56.81,56.85,2018
16,56.81,56.8438,56.81,56.835,4549
17,56.78,56.81,56.77,56.81,9910
18,56.84,56.87,56.79,56.79,9371
19,56.85,56.87,56.84,56.8477,12712
20,56.82,56.85,56.8,56.85,5859
21,56.7897,56.82,56.78,56.82,4606
22,56.76,56.79,56.76,56.77,3760
23,56.76,56.76,56.71,56.76,9745
24,56.78,56.79,56.75,56.76,4750
25,56.77,56.78,56.76,56.78,2400
26,56.79,56.79,56.745,56.77,2825
27,56.76,56.775,56.76,56.77,3175
28,56.79,56.79,56.77,56.7712,5714
29,56.87,56.87,56.8,56.8,10970
30,56.97,56.97,56.88,56.88,6800
31,57.08,57.08,56.97,56.97,12044
32,57.1,57.12,57.07,57.07,23912
33,57.21,57.21,57.09,57.1,7213
34,57.2,57.23,57.18,57.195,7010
35,57.21,57.21,57.17,57.2,7254
36,57.25,57.27,57.2,57.22,5751
37,57.27,57.28,57.24,57.25,1976
38,57.28,57.305,57.26,57.28,4436
39,57.26,57.29,57.26,57.2659,7526
40,57.25,57.265,57.24,57.26,3600
41,57.2099,57.25,57.2,57.25,4325
42,57.18,57.215,57.18,57.2,5018
43,57.15,57.185,57.15,57.18,1900
44,57.13,57.145,57.105,57.14,4101
45,57.22,57.22,57.14,57.14,4800
46,57.22,57.23,57.21,57.22,1930
47,57.23,57.2465,57.19,57.22,6887
48,57.185,57.24,57.18,57.23,7783
49,57.23,57.23,57.2,57.2,1356
50,57.28,57.28,57.237,57.24,2839
51,57.295,57.3,57.27,57.27,3201
52,57.28,57.28,57.26,57.2681,4776
53,57.25,57.28,57.25,57.26,4278
54,57.3,57.3,57.25,57.25,2500
55,57.3,57.3,57.2708,57.2998,4755
56,57.37,57.39,57.3,57.3,15299
57,57.35,57.36,57.34,57.36,4223
58,57.3,57.35,57.3,57.34,3535
59,57.29,57.3,57.28,57.29,1232
60,57.29,57.2903,57.28,57.29,1981
61,57.285,57.31,57.28,57.28,5292
62,57.26,57.28,57.26,57.28,3189
63,57.22,57.24,57.22,57.24,400
64,57.24,57.24,57.2144,57.22,1582
65,57.26,57.26,57.24,57.245,1200
66,57.32,57.32,57.265,57.265,4100
67,57.285,57.33,57.285,57.33,4900
68,57.31,57.32,57.29,57.29,2300
69,57.2857,57.33,57.2857,57.32,3220
70,57.29,57.299,57.27,57.28,4576
71,57.32,57.32,57.27,57.29,9821
72,57.35,57.36,57.3267,57.33,4348
73,57.31,57.34,57.31,57.33,3700
74,57.3066,57.31,57.305,57.31,1085
75,57.32,57.32,57.29,57.31,7040
76,57.34,57.35,57.3175,57.32,6323
77,57.36,57.36,57.33,57.35,5319
78,57.35,57.35,57.34,57.35,2546
79,57.4,57.45,57.36,57.36,10550
80,57.4,57.405,57.3753,57.4001,2332
81,57.39,57.39,57.39,57.39,1000
82,57.44,57.44,57.4042,57.41,5373
83,57.47,57.47,57.43,57.43,4311
84,57.43,57.48,57.43,57.47,3922
85,57.44,57.44,57.43,57.44,1238
86,57.44,57.45,57.43,57.44,1453
87,57.4,57.45,57.3999,57.45,1700
88,57.38,57.4,57.38,57.4,718
89,57.39,57.39,57.39,57.39,800
90,57.38,57.38,57.37,57.38,725
91,57.4,57.4,57.37,57.38,7710
92,57.37,57.38,57.32,57.38,6516
93,57.3315,57.36,57.33,57.36,2805
94,57.37,57.38,57.33,57.33,3766
95,57.37,57.37,57.35,57.36,2100
96,57.39,57.39,57.36,57.3627,6005
97,57.43,57.45,57.387,57.387,15053
98,57.47,57.48,57.43,57.44,13796
99,57.47,57.5024,57.462,57.47,11750
100,57.44,57.4634,57.44,57.4634,1956
101,57.4,57.42,57.4,57.42,1940
102,57.38,57.38,57.38,57.38,300
103,57.37,57.37,57.37,57.37,1000
104,57.4224,57.4224,57.39,57.39,2675
105,57.3901,57.4201,57.3901,57.4201,1156
106,57.41,57.41,57.39,57.39,731
107,57.385,57.411,57.385,57.411,1022
108,57.4,57.4,57.3823,57.3823,1775
109,57.398,57.4,57.38,57.39,3588
110,57.38,57.4,57.38,57.4,2900
111,57.3727,57.3727,57.35,57.3646,1088
112,57.37,57.37,57.3696,57.3696,1300
113,57.37,57.37,57.36,57.37,500
114,57.38,57.38,57.35,57.36,1000
115,57.36,57.37,57.36,57.37,600
116,57.38,57.385,57.35,57.35,3700
117,57.37,57.371,57.35,57.36,2500
118,57.35,57.36,57.35,57.36,400
119,57.4,57.405,57.35,57.3501,5079
120,57.4,57.41,57.4,57.41,600
121,57.385,57.395,57.38,57.391,700
122,57.3499,57.37,57.3401,57.37,6157
123,57.3652,57.3755,57.3558,57.3558,3488
124,57.39,57.399,57.3601,57.3661,2949
125,57.42,57.43,57.4,57.4,5289
126,57.445,57.445,57.41,57.41,2622
127,57.46,57.46,57.44,57.44,3020
128,57.44,57.46,57.44,57.45,4603
129,57.435,57.435,57.42,57.43,1933
130,57.4344,57.435,57.4338,57.4338,625
131,57.43,57.43,57.4267,57.43,725
132,57.4665,57.485,57.43,57.44,5804
133,57.47,57.47,57.47,57.47,805
134,57.43,57.48,57.43,57.48,1600
135,57.45,57.47,57.43,57.43,3400
136,57.48,57.5,57.45,57.455,7709
137,57.4788,57.49,57.47,57.47,3997
138,57.49,57.49,57.48,57.48,600
139,57.51,57.51,57.46,57.485,17670
140,57.51,57.52,57.49,57.51,12763
141,57.49,57.4941,57.48,57.4941,884
142,57.5,57.5,57.48,57.48,3803
143,57.53,57.55,57.493,57.493,8908
144,57.515,57.52,57.51,57.52,2280
145,57.51,57.52,57.51,57.515,2000
146,57.5,57.51,57.49,57.51,4744
147,57.49,57.5,57.49,57.5,618
148,57.5,57.5,57.49,57.49,2750
149,57.535,57.535,57.5041,57.51,8500
150,57.51,57.53,57.5,57.53,3035
151,57.5,57.5099,57.5,57.5001,446
152,57.51,57.51,57.5,57.5,1822
153,57.49,57.5,57.49,57.5,2076
154,57.505,57.51,57.48,57.48,4846
155,57.53,57.53,57.51,57.51,5917
156,57.57,57.59,57.52,57.53,14083
157,57.56,57.5633,57.54,57.5633,10628
158,57.59,57.6068,57.57,57.57,7290
159,57.58,57.5955,57.58,57.59,984
160,57.56,57.57,57.56,57.57,1008
161,57.58,57.58,57.5561,57.5561,5282
162,57.59,57.6,57.5701,57.58,11923
163,57.57,57.59,57.57,57.58,1178
164,57.565,57.575,57.565,57.575,2957
165,57.56,57.565,57.555,57.565,4150
166,57.56,57.56,57.56,57.56,400
167,57.5585,57.5585,57.5585,57.5585,155
168,57.56,57.56,57.555,57.56,2200
169,57.57,57.58,57.5534,57.56,5000
170,57.6,57.6,57.57,57.57,8290
171,57.595,57.62,57.595,57.61,5702
172,57.62,57.63,57.6,57.6,10537
173,57.66,57.67,57.613,57.615,9429
174,57.65,57.67,57.64,57.67,2800
175,57.64,57.65,57.63,57.6468,1970
176,57.64,57.645,57.63,57.64,1697
177,57.623,57.635,57.62,57.63,2019
178,57.64,57.65,57.63,57.63,1835
179,57.64,57.645,57.64,57.64,1200
180,57.63,57.63,57.62,57.63,4452
181,57.6292,57.6292,57.625,57.6275,556
182,57.66,57.68,57.62,57.62,15504
183,57.65,57.66,57.65,57.66,2225
184,57.659,57.659,57.65,57.65,200
185,57.679,57.679,57.64,57.65,3348
186,57.68,57.68,57.68,57.68,865
187,57.6671,57.67,57.6633,57.67,1066
188,57.69,57.6949,57.6615,57.6634,7417
189,57.69,57.7,57.689,57.689,7521
190,57.66,57.69,57.66,57.69,1434
191,57.66,57.6654,57.66,57.6654,400
192,57.695,57.7,57.66,57.66,6688
193,57.68,57.69,57.68,57.69,1300
194,57.66,57.68,57.66,57.68,2300
195,57.675,57.69,57.67,57.67,6314
196,57.67,57.679,57.67,57.676,4400
197,57.67,57.68,57.6674,57.67,3387
198,57.6523,57.67,57.6523,57.67,1698
199,57.6599,57.66,57.655,57.655,2126
200,57.65,57.66,57.65,57.655,1096
201,57.6599,57.66,57.65,57.65,1450
202,57.72,57.73,57.66,57.66,16708
203,57.7199,57.72,57.71,57.71,500
204,57.73,57.74,57.71,57.715,5782
205,57.75,57.75,57.72,57.73,10368
206,57.77,57.78,57.7475,57.75,8435
207,57.762,57.77,57.75,57.76,2681
208,57.759,57.7665,57.759,57.7665,2578
209,57.74,57.7566,57.74,57.751,2354
210,57.77,57.77,57.74,57.749,5815
211,57.7789,57.78,57.77,57.77,1150
212,57.81,57.82,57.769,57.77,15401
213,57.81,57.83,57.79,57.81,10426
214,57.7999,57.81,57.7999,57.8,7340
215,57.84,57.84,57.8,57.8,12523
216,57.82,57.83,57.82,57.8268,975
217,57.89,57.9,57.83,57.83,14561
218,57.86,57.89,57.86,57.8833,4100
219,57.85,57.85,57.83,57.85,5359
220,57.86,57.86,57.85,57.85,2000
221,57.84,57.85,57.83,57.85,3825
222,57.828,57.83,57.82,57.83,1449
223,57.8099,57.8259,57.8099,57.82,2606
224,57.8,57.82,57.8,57.8,5807
225,57.78,57.801,57.78,57.8,2520
226,57.8,57.8,57.7806,57.7806,1226
227,57.8034,57.8034,57.8,57.8,555
228,57.775,57.8,57.775,57.8,2543
229,57.81,57.84,57.77,57.77,15767
230,57.8,57.81,57.8,57.81,500
231,57.7899,57.795,57.78,57.795,1323
232,57.82,57.85,57.765,57.78,36639
233,57.79,57.815,57.79,57.815,3076
234,57.78,57.7832,57.7739,57.7832,2501
235,57.7899,57.795,57.78,57.78,4270
236,57.74,57.785,57.74,57.78,3179
237,57.74,57.74,57.74,57.74,1189
238,57.72,57.735,57.72,57.73,4875
239,57.72,57.72,57.7107,57.7107,250
240,57.7,57.715,57.7,57.715,1217
241,57.75,57.75,57.69,57.705,9846
242,57.8,57.81,57.73,57.75,16888
243,57.79,57.8,57.77,57.8,3848
244,57.79,57.79,57.77,57.78,1100
245,57.78,57.78,57.78,57.78,455
246,57.775,57.785,57.77,57.785,2399
247,57.81,57.82,57.775,57.78,11223
248,57.825,57.84,57.81,57.81,11610
249,57.8,57.82,57.8,57.82,4802
250,57.77,57.79,57.77,57.79,3100
251,57.77,57.77,57.76,57.76,3000
252,57.77,57.78,57.77,57.7768,4576
253,57.805,57.805,57.7607,57.7699,7602
254,57.7915,57.8099,57.7915,57.8099,2514
255,57.86,57.86,57.79,57.79,11284
256,57.85,57.865,57.84,57.86,13514
257,57.85,57.85,57.8404,57.845,1300
258,57.86,57.86,57.84,57.85,3399
259,57.87,57.87,57.855,57.86,1045
260,57.865,57.865,57.85,57.86,4441
261,57.87,57.87,57.86,57.86,900
262,57.915,57.94,57.86,57.8641,52815
263,57.915,57.92,57.91,57.92,2175
264,57.915,57.93,57.91,57.92,8277
265,57.945,57.95,57.919,57.919,19315
266,57.96,57.98,57.939,57.95,18995
267,57.95,57.98,57.95,57.955,13140
268,57.94,57.96,57.94,57.959,3545
269,57.93,57.94,57.93,57.94,2133
270,57.915,57.93,57.91,57.93,4576
271,57.93,57.935,57.91,57.915,2950
272,57.95,57.96,57.93,57.93,7487
273,57.96,57.97,57.95,57.95,3760
274,57.95,57.96,57.95,57.95,1657
275,58.04,58.05,57.95,57.95,108907
276,58.0062,58.046,58.005,58.04,7001
277,58.0242,58.0266,58.01,58.01,4177
278,58.015,58.03,58.015,58.03,2622
279,57.995,58.025,57.985,58.02,8249
280,57.98,57.99,57.98,57.99,1400
281,58.03,58.0358,57.98,57.99,9758
282,58.0171,58.0271,58.01,58.0271,2540
283,58.01,58.035,58.01,58.01,13206
284,57.9986,58.01,57.9986,58.01,4276
285,57.9979,57.9979,57.98,57.99,4157
286,57.995,57.995,57.995,57.995,100
287,57.995,58,57.993,58,1052
288,58.02,58.02,57.99,57.9958,5504
289,58.06,58.07,58.0199,58.02,28518
290,58.035,58.06,58.035,58.06,5938
291,58.05,58.055,58.04,58.04,3400
292,58.04,58.045,58.03,58.045,6222
293,58.0537,58.055,58.0421,58.0421,1872
294,58.05,58.055,58.05,58.05,1400
295,58.065,58.065,58.045,58.05,6742
296,58.09,58.09,58.0501,58.06,10974
297,58.09,58.1,58.08,58.09,13416
298,58.095,58.1,58.08,58.09,6010
299,58.09,58.1,58.08,58.095,7546
300,58.09,58.1,58.07,58.0841,9500
301,58.14,58.14,58.09,58.1,21829
302,58.145,58.17,58.12,58.135,44798
303,58.11,58.15,58.11,58.14,5931
304,58.075,58.12,58.07,58.1177,5872
305,58.085,58.099,58.075,58.08,4938
306,58.09,58.095,58.075,58.08,8579
307,58.1,58.1,58.08,58.0837,2855
308,58.085,58.09,58.0745,58.09,4524
309,58.11,58.11,58.08,58.08,6499
310,58.095,58.11,58.095,58.11,3700
311,58.1135,58.13,58.09,58.095,16829
312,58.115,58.12,58.1,58.11,6300
313,58.12,58.14,58.11,58.1172,7964
314,58.14,58.15,58.12,58.12,10617
315,58.16,58.19,58.135,58.15,25855
316,58.15,58.17,58.15,58.16,4285
317,58.15,58.155,58.1435,58.1489,3796
318,58.14,58.15,58.14,58.14,700
319,58.16,58.18,58.1438,58.15,6827
320,58.17,58.18,58.16,58.16,5799
321,58.16,58.1769,58.16,58.17,1579
322,58.19,58.195,58.15,58.16,19968
323,58.24,58.245,58.18,58.18,31144
324,58.25,58.26,58.22,58.235,22894
325,58.24,58.27,58.235,58.24,27273
326,58.2437,58.26,58.2,58.24,52158
327,58.21,58.25,58.21,58.24,16545
328,58.19,58.23,58.19,58.21,29407
329,58.16,58.18,58.16,58.18,4494
330,58.15,58.17,58.15,58.1662,3472
331,58.13,58.16,58.13,58.15,7868
332,58.14,58.14,58.12,58.14,2570
333,58.1,58.13,58.1,58.12,6723
334,58.08,58.0969,58.08,58.0969,3600
335,58.08,58.089,58.08,58.08,2971
336,58.1237,58.13,58.08,58.08,10216
337,58.11,58.13,58.11,58.124,3028
338,58.1154,58.1162,58.1,58.1,10852
339,58.1,58.1177,58.1,58.1177,4242
340,58.11,58.11,58.1,58.1,3631
341,58.1,58.105,58.095,58.105,4507
342,58.07,58.09,58.07,58.09,3204
343,58.075,58.08,58.075,58.08,3400
344,58.09,58.095,58.075,58.085,6756
345,58.105,58.11,58.09,58.095,2234
346,58.1,58.105,58.095,58.105,11856
347,58.1041,58.1041,58.095,58.1,3490
348,58.125,58.129,58.11,58.11,7530
349,58.11,58.125,58.105,58.12,3442
350,58.09,58.1067,58.09,58.105,5649
351,58.115,58.115,58.09,58.09,12109
352,58.095,58.115,58.095,58.1101,5550
353,58.0972,58.1,58.09,58.095,2250
354,58.09,58.105,58.09,58.095,5773
355,58.1,58.1,58.09,58.095,14723
356,58.1,58.1,58.09,58.1,5100
357,58.1,58.1,58.09,58.095,5255
358,58.12,58.13,58.09,58.09,21304
359,58.105,58.12,58.105,58.12,5405
360,58.1,58.11,58.09,58.11,13292
361,58.12,58.125,58.09,58.1,26327
362,58.18,58.18,58.11,58.12,22115
363,58.25,58.26,58.19,58.19,40323
364,58.25,58.27,58.24,58.24,15332
365,58.23,58.27,58.23,58.26,15187
366,58.2225,58.24,58.2225,58.23,9838
367,58.25,58.28,58.22,58.225,31339
368,58.233,58.25,58.22,58.25,14609
369,58.2348,58.24,58.225,58.234,14594
370,58.235,58.26,58.23,58.23,23159
371,58.23,58.24,58.225,58.23,29952
372,58.23,58.24,58.23,58.23,11024
373,58.235,58.24,58.225,58.23,24174
374,58.25,58.25,58.23,58.23,46137
375,58.2,58.26,58.2,58.245,29138
376,58.21,58.21,58.1901,58.2062,9187
377,58.2,58.21,58.2,58.2,9774
378,58.205,58.23,58.2,58.2,22402
379,58.21,58.22,58.2,58.21,19933
380,58.2,58.21,58.2,58.2,25349
381,58.205,58.21,58.2,58.205,11936
382,58.21,58.21,58.2,58.2,24567
383,58.22,58.23,58.2,58.2,27119
384,58.2,58.21,58.195,58.21,28311
385,58.2,58.21,58.19,58.2,48357
386,58.18,58.21,58.18,58.21,29998
387,58.18,58.19,58.17,58.18,32242
388,58.17,58.18,58.16,58.18,35861
389,58.18,58.2,58.16,58.17,77305
