GRMN,Garmin Ltd.,Consumer Discretionary,1,Consumer Electronics,9710377333,1011921
a1497360600,51.94,51.94,51.94,51.94,12260
1,52.01,52.015,51.94,51.94,1396
2,51.97,52.03,51.97,52,2864
3,52.02,52.03,51.97,51.99,2714
4,52.05,52.05,52,52.04,1075
5,52.0499,52.0499,52.0499,52.0499,100
6,52.06,52.08,52,52.08,1201
7,52.035,52.07,52,52.04,1100
8,52.02,52.0382,52.02,52.035,300
9,52.03,52.03,51.99,52,300
10,52.01,52.05,52.005,52.05,700
11,52,52.015,52,52.015,2100
12,52,52.07,51.97,52.03,3338
13,52,52.0955,52,52.0955,662
14,52.06,52.06,52.06,52.06,100
16,52.0559,52.06,52.05,52.06,700
17,52.06,52.07,52.05,52.06,700
18,52.04,52.07,52.04,52.05,731
19,52.099,52.099,52.04,52.04,704
20,52.06,52.0932,52.06,52.09,2893
21,52.06,52.09,52.03,52.03,1000
22,52.01,52.03,52,52.03,1988
23,52.0468,52.0468,52.02,52.02,8700
24,52.01,52.01,52.01,52.01,100
26,52.04,52.04,52.03,52.04,500
27,52.01,52.03,52.01,52.03,400
28,51.98,52,51.98,52,1000
29,52.01,52.01,52,52,692
30,52,52,52,52,100
31,52.025,52.04,52.01,52.01,400
32,52.04,52.04,52.03,52.03,400
33,52.1,52.11,52.1,52.11,500
34,52.08,52.12,52.08,52.12,3201
35,52.08,52.08,52.08,52.08,100
36,52.08,52.08,52.07,52.07,2100
37,52.095,52.095,52.08,52.08,600
38,52.09,52.09,52.08,52.08,700
39,52.05,52.05,52.05,52.05,194
40,52.095,52.11,52.095,52.0999,450
41,52.08,52.08,52.08,52.08,100
42,52.08,52.08,52.08,52.08,300
43,52.1,52.1,52.08,52.08,1237
44,52.07,52.07,52.07,52.07,100
45,52.11,52.11,52.08,52.08,210
46,52.0701,52.08,52.0701,52.08,200
47,52.07,52.08,52.06,52.06,900
48,52.105,52.105,52.0813,52.0813,447
49,52.11,52.11,52.1,52.1,900
51,52.15,52.15,52.11,52.11,900
52,52.17,52.17,52.17,52.17,100
53,52.185,52.185,52.185,52.185,200
54,52.15,52.18,52.15,52.18,1661
55,52.12,52.15,52.12,52.15,1000
56,52.13,52.13,52.13,52.13,100
57,52.14,52.14,52.14,52.14,400
58,52.08,52.08,52.06,52.08,3067
59,52.1,52.12,52.1,52.11,900
60,52.08,52.09,52.06,52.09,2600
61,52.08,52.09,52.08,52.09,700
62,52.07,52.08,52.07,52.08,600
63,52.07,52.07,52.07,52.07,200
64,52.08,52.09,52.08,52.08,1200
65,52.04,52.07,52.04,52.07,1500
66,52.02,52.02,52.02,52.02,100
68,52,52.03,52,52.03,1553
69,51.98,52,51.95,52,1899
70,51.98,51.98,51.98,51.98,200
71,51.96,51.96,51.95,51.96,1145
72,51.92,51.95,51.92,51.95,4884
73,51.9,51.9,51.9,51.9,155
74,51.9,51.93,51.9,51.93,1649
75,51.87,51.87,51.87,51.87,100
76,51.83,51.86,51.82,51.86,1100
77,51.84,51.84,51.84,51.84,100
78,51.8087,51.82,51.801,51.82,2593
79,51.8172,51.82,51.81,51.81,1361
81,51.82,51.82,51.79,51.81,1400
82,51.84,51.84,51.83,51.83,300
83,51.85,51.85,51.84,51.84,500
85,51.81,51.81,51.81,51.81,200
86,51.76,51.76,51.76,51.76,100
87,51.76,51.8021,51.75,51.8021,842
89,51.7583,51.77,51.73,51.73,1575
90,51.75,51.75,51.74,51.74,900
91,51.67,51.72,51.67,51.72,2977
93,51.73,51.73,51.71,51.71,400
94,51.73,51.73,51.73,51.73,700
95,51.71,51.73,51.71,51.73,1100
96,51.7,51.7,51.69,51.69,500
98,51.74,51.74,51.73,51.73,200
99,51.73,51.73,51.73,51.73,100
102,51.74,51.76,51.73,51.76,900
104,51.75,51.75,51.75,51.75,700
105,51.74,51.768,51.74,51.75,900
106,51.73,51.73,51.73,51.73,300
108,51.74,51.74,51.74,51.74,802
109,51.765,51.765,51.76,51.76,200
110,51.74,51.76,51.74,51.76,1910
111,51.74,51.74,51.73,51.73,610
112,51.7458,51.7458,51.7458,51.7458,330
114,51.74,51.74,51.74,51.74,100
115,51.74,51.74,51.74,51.74,200
117,51.73,51.73,51.73,51.73,100
118,51.71,51.73,51.69,51.73,2400
119,51.735,51.735,51.7,51.7,1428
122,51.7699,51.77,51.7526,51.7526,925
123,51.78,51.78,51.78,51.78,100
124,51.76,51.76,51.75,51.76,1200
125,51.77,51.77,51.77,51.77,200
128,51.8,51.8,51.8,51.8,100
129,51.7864,51.8,51.7864,51.8,800
130,51.83,51.83,51.8,51.8,1184
132,51.88,51.89,51.84,51.84,1007
133,51.86,51.89,51.86,51.88,1000
135,51.89,51.89,51.89,51.89,500
136,51.9,51.9,51.89,51.89,1100
137,51.92,51.92,51.92,51.92,100
138,51.93,51.93,51.93,51.93,100
139,51.96,51.96,51.94,51.96,1000
140,51.91,51.93,51.91,51.93,927
141,51.8783,51.9,51.87,51.9,2100
142,51.88,51.88,51.87,51.87,200
143,51.85,51.87,51.85,51.87,221
144,51.85,51.85,51.85,51.85,787
145,51.847,51.847,51.81,51.83,1873
146,51.84,51.85,51.84,51.85,600
147,51.82,51.83,51.82,51.83,200
149,51.825,51.8263,51.825,51.8263,331
150,51.83,51.84,51.83,51.84,500
151,51.82,51.82,51.81,51.82,500
152,51.83,51.83,51.83,51.83,100
153,51.86,51.86,51.86,51.86,100
155,51.79,51.85,51.79,51.85,2900
156,51.782,51.782,51.782,51.782,200
157,51.76,51.79,51.76,51.78,500
158,51.79,51.79,51.75,51.75,400
159,51.81,51.81,51.81,51.81,100
160,51.7932,51.8077,51.7932,51.8,500
161,51.79,51.79,51.79,51.79,200
162,51.78,51.78,51.78,51.78,100
164,51.79,51.79,51.79,51.79,500
165,51.77,51.77,51.77,51.77,200
166,51.78,51.78,51.78,51.78,400
169,51.79,51.8077,51.79,51.8077,450
171,51.81,51.81,51.8,51.8,217
172,51.8,51.8,51.8,51.8,400
173,51.78,51.79,51.78,51.79,300
174,51.77,51.79,51.77,51.78,1200
175,51.777,51.777,51.777,51.777,111
176,51.7695,51.7695,51.7695,51.7695,100
178,51.78,51.78,51.78,51.78,270
180,51.797,51.797,51.785,51.786,1300
181,51.81,51.81,51.7999,51.8,1451
185,51.82,51.85,51.82,51.83,1400
186,51.82,51.83,51.82,51.83,200
188,51.84,51.84,51.84,51.84,900
189,51.87,51.87,51.84,51.85,2000
193,51.89,51.89,51.89,51.89,320
195,51.878,51.878,51.878,51.878,122
196,51.87,51.87,51.87,51.87,100
201,51.88,51.8834,51.87,51.87,2100
202,51.86,51.8867,51.86,51.8867,750
203,51.87,51.87,51.87,51.87,300
204,51.9,51.9,51.9,51.9,200
205,51.906,51.906,51.906,51.906,158
208,51.88,51.9,51.88,51.8999,800
210,51.88,51.88,51.87,51.87,1700
215,51.86,51.86,51.86,51.86,100
216,51.86,51.86,51.86,51.86,500
217,51.85,51.85,51.85,51.85,300
218,51.85,51.87,51.84,51.85,1201
219,51.8,51.83,51.8,51.83,800
220,51.8,51.8,51.8,51.8,100
221,51.82,51.82,51.8,51.8,1000
222,51.81,51.81,51.81,51.81,200
223,51.82,51.82,51.82,51.82,300
224,51.81,51.81,51.81,51.81,100
225,51.82,51.82,51.82,51.82,100
226,51.82,51.82,51.82,51.82,200
228,51.82,51.82,51.82,51.82,400
229,51.85,51.91,51.81,51.81,16182
230,51.78,51.81,51.77,51.81,4150
231,51.74,51.78,51.74,51.78,8900
232,51.77,51.77,51.75,51.77,640
233,51.77,51.77,51.77,51.77,155
236,51.75,51.78,51.75,51.78,1150
237,51.76,51.76,51.76,51.76,300
238,51.74,51.74,51.74,51.74,100
239,51.77,51.77,51.75,51.75,714
241,51.87,51.87,51.79,51.79,11100
242,51.83,51.869,51.83,51.869,2300
244,51.83,51.83,51.83,51.83,100
245,51.849,51.85,51.84,51.85,400
246,51.849,51.849,51.849,51.849,100
247,51.845,51.8488,51.845,51.8488,1100
248,51.84,51.84,51.84,51.84,400
249,51.78,51.83,51.78,51.83,3790
250,51.755,51.755,51.74,51.74,1900
251,51.75,51.76,51.75,51.75,2700
252,51.71,51.73,51.71,51.73,2227
253,51.74,51.74,51.7234,51.7234,400
254,51.71,51.74,51.71,51.74,500
255,51.69,51.73,51.69,51.73,1550
256,51.63,51.67,51.62,51.67,1332
257,51.67,51.67,51.6,51.6,1533
258,51.66,51.685,51.66,51.68,1200
259,51.66,51.68,51.66,51.67,701
260,51.6895,51.6895,51.6895,51.6895,500
261,51.69,51.69,51.67,51.67,200
263,51.69,51.69,51.66,51.66,1200
264,51.66,51.66,51.66,51.66,100
265,51.69,51.69,51.69,51.69,200
267,51.705,51.72,51.7,51.7,1000
268,51.65,51.6901,51.65,51.69,3313
269,51.61,51.64,51.6,51.64,1912
270,51.64,51.64,51.64,51.64,400
273,51.68,51.68,51.6664,51.6664,410
275,51.68,51.68,51.68,51.68,100
276,51.69,51.69,51.69,51.69,100
277,51.68,51.71,51.68,51.71,900
278,51.69,51.69,51.69,51.69,400
279,51.66,51.7,51.66,51.7,2799
281,51.67,51.68,51.67,51.68,780
282,51.67,51.67,51.66,51.67,1000
283,51.62,51.6696,51.62,51.6696,2281
284,51.6131,51.63,51.6131,51.63,700
285,51.57,51.6,51.55,51.6,3599
286,51.58,51.58,51.55,51.55,1100
288,51.58,51.58,51.55,51.57,1600
289,51.56,51.57,51.56,51.57,500
290,51.57,51.57,51.55,51.5608,900
293,51.56,51.57,51.56,51.57,700
295,51.55,51.56,51.55,51.56,727
297,51.58,51.58,51.57,51.57,1000
298,51.57,51.6,51.57,51.59,2400
300,51.5717,51.5717,51.5717,51.5717,530
301,51.574,51.61,51.57,51.57,800
302,51.61,51.62,51.6,51.6,900
303,51.57,51.6,51.57,51.6,1200
304,51.6,51.6,51.57,51.57,700
306,51.6161,51.6161,51.6161,51.6161,100
309,51.64,51.655,51.63,51.63,900
311,51.66,51.66,51.66,51.66,100
312,51.63,51.66,51.63,51.6599,1380
313,51.65,51.65,51.65,51.65,200
314,51.64,51.64,51.64,51.64,400
315,51.625,51.64,51.625,51.64,200
316,51.6104,51.62,51.6104,51.62,500
317,51.62,51.62,51.61,51.61,800
318,51.62,51.62,51.62,51.62,300
319,51.59,51.59,51.59,51.59,100
321,51.61,51.63,51.6,51.61,2086
323,51.61,51.61,51.61,51.61,200
325,51.65,51.65,51.625,51.625,600
326,51.62,51.63,51.62,51.63,1183
327,51.58,51.61,51.58,51.61,400
328,51.61,51.61,51.6,51.6,400
331,51.62,51.62,51.62,51.62,200
332,51.61,51.64,51.61,51.62,1800
334,51.6,51.61,51.6,51.61,400
335,51.5997,51.6,51.59,51.59,2279
336,51.58,51.59,51.58,51.59,500
337,51.57,51.58,51.57,51.58,3500
338,51.59,51.59,51.58,51.58,900
339,51.58,51.59,51.58,51.59,1499
340,51.595,51.6,51.58,51.58,1401
341,51.59,51.59,51.58,51.59,500
342,51.57,51.58,51.57,51.58,800
343,51.56,51.56,51.55,51.56,1400
344,51.55,51.5617,51.55,51.5617,200
345,51.55,51.56,51.545,51.56,1600
346,51.565,51.565,51.55,51.55,683
347,51.55,51.57,51.55,51.56,1400
349,51.54,51.54,51.54,51.54,300
350,51.54,51.5407,51.54,51.54,500
351,51.53,51.54,51.5,51.54,3197
352,51.53,51.53,51.53,51.53,100
353,51.515,51.52,51.51,51.52,600
354,51.55,51.55,51.53,51.53,1318
355,51.53,51.54,51.53,51.54,1000
357,51.56,51.56,51.535,51.535,1750
358,51.55,51.56,51.55,51.56,2346
359,51.58,51.58,51.545,51.545,2503
360,51.61,51.61,51.59,51.59,700
361,51.6,51.61,51.6,51.61,1600
362,51.58,51.6,51.58,51.6,1900
363,51.6,51.6,51.57,51.57,1571
364,51.6,51.6,51.58,51.59,1500
365,51.59,51.61,51.59,51.61,200
366,51.59,51.6,51.59,51.6,400
367,51.58,51.595,51.57,51.59,4747
368,51.56,51.58,51.56,51.58,2635
369,51.57,51.57,51.57,51.57,200
370,51.62,51.63,51.58,51.58,2553
371,51.61,51.63,51.6,51.62,2500
372,51.59,51.61,51.58,51.61,1728
373,51.61,51.61,51.6,51.6,1000
374,51.575,51.61,51.56,51.61,1100
375,51.57,51.6,51.57,51.59,1700
376,51.57,51.58,51.57,51.58,600
377,51.58,51.59,51.57,51.58,3464
378,51.58,51.59,51.5741,51.59,400
379,51.6059,51.61,51.59,51.59,4587
380,51.62,51.64,51.6001,51.61,3657
381,51.61,51.64,51.61,51.64,4105
382,51.61,51.62,51.605,51.62,2101
383,51.585,51.61,51.585,51.61,3856
384,51.61,51.61,51.57,51.59,4200
385,51.61,51.61,51.58,51.61,2200
386,51.58,51.6,51.58,51.6,4600
387,51.59,51.59,51.56,51.58,4000
388,51.605,51.61,51.59,51.6,3390
389,51.55,51.6,51.55,51.6,6122
390,51.61,51.61,51.555,51.56,43210
