JWN,Nordstrom,Consumer Discretionary,1,Department Stores,7588813580,4388524
a1497360660,46.23,46.47,46.17,46.43,39846
1,46.46,46.46,46.18,46.31,5571
2,46.525,46.55,46.42,46.42,4355
3,46.41,46.53,46.32,46.47,6298
4,46.25,46.3993,46.25,46.3993,3357
5,46.41,46.41,46.2323,46.29,4109
6,46.4,46.42,46.3117,46.36,1661
7,46.46,46.46,46.36,46.37,3138
8,46.52,46.52,46.45,46.45,1601
9,46.55,46.59,46.52,46.53,6476
10,46.57,46.62,46.46,46.62,4695
11,46.68,46.68,46.5,46.553,3702
12,46.73,46.82,46.68,46.72,6825
13,46.69,46.85,46.69,46.73,4894
14,46.64,46.65,46.6,46.61,1200
15,46.64,46.68,46.6,46.68,1200
16,46.34,46.64,46.34,46.64,13312
17,46.17,46.38,46.11,46.336,16810
18,46.21,46.2601,46.21,46.245,9330
19,46.34,46.35,46.17,46.23,11204
20,46.29,46.34,46.24,46.34,1822
21,46.27,46.29,46.22,46.25,7394
22,46.3,46.33,46.23,46.28,8675
23,46.395,46.4,46.32,46.32,23053
24,46.27,46.39,46.27,46.39,16841
25,46.28,46.28,46.26,46.26,300
26,46.27,46.3415,46.25,46.2572,5047
27,46.29,46.3,46.25,46.26,3040
28,46.26,46.2932,46.23,46.2932,4121
29,46.3,46.32,46.22,46.22,3119
30,46.29,46.38,46.27,46.3,12451
31,46.38,46.44,46.28,46.28,7866
32,46.47,46.52,46.36,46.36,5660
33,46.61,46.63,46.475,46.475,8176
34,46.63,46.63,46.54,46.57,3710
35,46.75,46.8,46.69,46.69,1500
36,46.8,46.85,46.78,46.79,5100
37,46.8,46.84,46.76,46.83,4043
38,46.85,46.85,46.8,46.81,9190
39,46.89,46.89,46.84,46.84,12087
40,46.76,46.93,46.71,46.89,6760
41,46.83,46.83,46.77,46.77,2016
42,46.9,46.93,46.9,46.91,2200
43,46.94,46.96,46.92,46.92,3194
44,47.01,47.01,46.9499,46.9499,6147
45,46.94,47.02,46.93,47.02,3700
46,47,47,46.96,46.98,10600
47,47.04,47.06,46.97,46.97,3042
48,47.045,47.07,47.026,47.026,2425
49,47.06,47.09,47.02,47.07,8812
50,47.0799,47.08,47.001,47.06,13968
51,46.99,47.08,46.99,47.08,1621
52,47,47.02,46.9258,46.9848,15503
53,47.0675,47.0675,46.99,47.01,2498
54,47.0805,47.13,47.07,47.07,6600
55,47.11,47.11,47.09,47.09,821
56,47.08,47.14,47.07,47.07,1300
57,47.13,47.13,47.08,47.08,2100
58,47.061,47.15,47.061,47.15,3600
59,47.015,47.0919,47.01,47.06,4982
60,46.98,47.04,46.96,47.03,6278
61,47.01,47.02,46.96,46.96,1700
62,46.97,47.05,46.96,47.04,1827
63,46.94,46.98,46.91,46.9668,3302
64,46.96,46.96,46.95,46.95,600
65,47.03,47.03,46.99,46.99,1100
66,46.97,47.05,46.96,47.05,3453
67,46.97,47,46.9486,46.95,2318
68,46.91,46.9749,46.9,46.9749,2400
69,46.92,46.95,46.9,46.94,3216
70,46.85,46.9202,46.85,46.907,3550
71,46.9,46.94,46.84,46.84,2875
72,46.886,46.886,46.886,46.886,500
73,46.97,47,46.94,46.94,2868
74,46.95,46.96,46.93,46.96,2310
75,46.895,46.93,46.86,46.93,8780
76,46.97,46.98,46.91,46.91,1850
77,46.87,46.94,46.8,46.94,37508
78,46.915,46.94,46.84,46.88,7104
79,46.97,46.97,46.9,46.94,4100
80,46.99,47.02,46.96,46.96,7877
81,47.065,47.065,46.99,46.99,5621
82,47,47.0548,47,47.0428,1845
83,46.94,47.0225,46.93,47.01,6895
84,46.9259,46.9752,46.91,46.95,1900
85,46.98,47.03,46.95,46.99,3749
86,47.01,47.04,47,47,2200
87,46.95,46.98,46.95,46.98,2400
88,46.96,46.96,46.93,46.94,1385
89,46.84,46.95,46.84,46.94,4926
90,46.83,46.89,46.805,46.84,5165
91,46.85,46.88,46.8,46.82,5219
92,46.85,46.85,46.85,46.85,100
93,46.77,46.86,46.77,46.86,5000
94,46.77,46.8,46.76,46.79,17694
95,46.8,46.81,46.76,46.78,6500
96,46.81,46.81,46.75,46.775,18648
97,46.68,46.81,46.68,46.79,9800
98,46.75,46.75,46.68,46.7,3328
99,46.7523,46.7523,46.72,46.73,1256
100,46.65,46.75,46.65,46.74,4020
101,46.64,46.73,46.64,46.64,5470
102,46.69,46.72,46.65,46.65,6291
103,46.69,46.7,46.63,46.7,8043
104,46.62,46.7,46.62,46.7,4444
105,46.64,46.665,46.62,46.62,10088
106,46.62,46.65,46.61,46.65,2346
107,46.62,46.62,46.575,46.61,3957
108,46.58,46.6301,46.58,46.63,3005
109,46.46,46.57,46.46,46.57,3309
110,46.46,46.5,46.46,46.46,12860
111,46.45,46.51,46.4,46.465,12242
112,46.41,46.445,46.4,46.445,2650
113,46.5,46.5,46.39,46.4,8813
114,46.47,46.54,46.45,46.5232,9190
115,46.445,46.48,46.42,46.42,4600
116,46.5,46.5,46.4497,46.4497,3432
117,46.5,46.54,46.49,46.51,6001
118,46.505,46.52,46.505,46.51,700
119,46.57,46.59,46.505,46.505,4200
120,46.51,46.55,46.51,46.54,1605
121,46.5,46.5,46.5,46.5,100
122,46.5,46.5,46.42,46.49,7709
123,46.54,46.5543,46.51,46.51,1017
124,46.64,46.64,46.56,46.56,3433
125,46.67,46.69,46.62,46.62,2300
126,46.63,46.6715,46.61,46.66,3100
127,46.64,46.65,46.601,46.63,3200
128,46.69,46.69,46.64,46.64,1600
129,46.7,46.7,46.66,46.685,5480
130,46.6713,46.71,46.67,46.71,2300
131,46.65,46.69,46.64,46.65,5890
132,46.62,46.64,46.6,46.64,5599
133,46.6552,46.69,46.63,46.63,3673
134,46.72,46.779,46.68,46.68,7923
135,46.76,46.76,46.72,46.72,5100
136,46.67,46.76,46.67,46.76,2310
137,46.65,46.69,46.63,46.63,2426
138,46.62,46.63,46.6,46.63,1917
139,46.63,46.63,46.61,46.61,900
140,46.6,46.64,46.57,46.625,4700
141,46.61,46.61,46.55,46.59,4553
142,46.583,46.61,46.57,46.61,3311
143,46.6806,46.6925,46.6,46.6,5874
144,46.64,46.69,46.62,46.68,4714
145,46.58,46.6475,46.58,46.64,4795
146,46.54,46.59,46.53,46.59,3473
147,46.58,46.59,46.535,46.56,2200
148,46.62,46.65,46.6,46.6,5209
149,46.64,46.65,46.62,46.62,1923
150,46.6403,46.65,46.6159,46.6392,1237
151,46.59,46.669,46.59,46.669,2785
152,46.6199,46.6199,46.58,46.59,2200
153,46.52,46.59,46.52,46.59,2329
154,46.58,46.59,46.51,46.51,2400
155,46.57,46.61,46.56,46.59,1975
156,46.59,46.59,46.57,46.57,1200
157,46.55,46.61,46.54,46.61,2165
158,46.55,46.55,46.535,46.55,900
160,46.56,46.56,46.52,46.54,4300
161,46.57,46.63,46.57,46.57,4555
162,46.53,46.66,46.53,46.59,9576
163,46.595,46.6,46.51,46.53,5412
164,46.63,46.63,46.59,46.59,1112
166,46.61,46.64,46.59,46.623,10437
167,46.6409,46.6409,46.6409,46.6409,200
168,46.69,46.69,46.63,46.63,4252
169,46.64,46.68,46.62,46.66,3030
171,46.63,46.66,46.62,46.65,3000
172,46.66,46.66,46.58,46.61,4246
173,46.5983,46.65,46.59,46.65,5822
174,46.61,46.62,46.6085,46.6085,7777
175,46.6,46.61,46.59,46.61,1290
176,46.61,46.62,46.6,46.61,1900
177,46.6,46.62,46.59,46.62,1800
178,46.58,46.6001,46.58,46.6001,400
179,46.67,46.69,46.6,46.62,6046
180,46.67,46.67,46.67,46.67,200
181,46.64,46.67,46.64,46.66,1901
183,46.7,46.7,46.6509,46.66,3036
184,46.72,46.745,46.7,46.7,2500
185,46.72,46.73,46.72,46.73,600
186,46.7436,46.7436,46.74,46.74,900
187,46.7,46.73,46.7,46.73,1400
188,46.7,46.7,46.67,46.6968,3083
189,46.76,46.76,46.695,46.695,2300
190,46.7266,46.74,46.72,46.74,3200
191,46.75,46.77,46.72,46.72,2200
192,46.7533,46.7533,46.7484,46.7484,375
194,46.7,46.7432,46.685,46.7432,5880
195,46.69,46.71,46.69,46.7,2000
196,46.71,46.71,46.68,46.695,3000
197,46.69,46.71,46.68,46.7017,734
198,46.73,46.73,46.68,46.68,800
199,46.79,46.79,46.73,46.73,1500
200,46.8,46.8,46.79,46.79,700
201,46.85,46.85,46.77,46.8,8012
202,46.87,46.87,46.8599,46.8599,3900
203,46.855,46.8725,46.84,46.87,2400
204,46.825,46.83,46.81,46.82,1619
205,46.8266,46.8266,46.8,46.81,1000
206,46.835,46.84,46.825,46.83,2300
207,46.8,46.82,46.8,46.82,1500
208,46.83,46.83,46.8,46.8,3104
209,46.8,46.82,46.8,46.82,1100
210,46.77,46.79,46.74,46.79,3600
211,46.76,46.76,46.76,46.76,200
212,46.74,46.745,46.74,46.74,700
213,46.76,46.77,46.73,46.73,2501
214,46.77,46.77,46.76,46.76,200
215,46.76,46.77,46.74,46.75,2700
216,46.7483,46.75,46.74,46.75,668
217,46.72,46.75,46.72,46.75,2700
218,46.71,46.73,46.7,46.71,2500
219,46.74,46.74,46.7,46.73,1498
220,46.75,46.77,46.74,46.77,2100
222,46.82,46.82,46.7691,46.7691,4757
223,46.75,46.81,46.75,46.81,1000
224,46.74,46.7665,46.74,46.7665,995
225,46.77,46.8,46.74,46.76,2549
226,46.73,46.73,46.71,46.73,1400
227,46.69,46.71,46.69,46.71,820
228,46.675,46.691,46.66,46.691,3216
229,46.63,46.6716,46.61,46.6642,3877
230,46.63,46.68,46.63,46.65,4934
231,46.6426,46.6477,46.6334,46.6477,486
232,46.61,46.631,46.58,46.631,2310
233,46.585,46.59,46.5614,46.58,1409
234,46.581,46.59,46.55,46.59,4478
235,46.55,46.59,46.55,46.59,300
236,46.54,46.565,46.54,46.55,632
237,46.56,46.56,46.53,46.53,1441
238,46.5741,46.5741,46.57,46.57,434
239,46.56,46.56,46.55,46.56,900
240,46.5001,46.55,46.5001,46.55,2140
241,46.51,46.53,46.49,46.5,2600
242,46.51,46.51,46.4942,46.5066,950
243,46.54,46.58,46.52,46.53,4733
244,46.5,46.54,46.5,46.53,1200
245,46.485,46.49,46.45,46.48,4238
246,46.4576,46.485,46.42,46.485,8228
247,46.41,46.46,46.41,46.46,2775
248,46.42,46.44,46.41,46.44,4887
249,46.45,46.45,46.42,46.43,1210
250,46.43,46.45,46.4262,46.45,1846
251,46.435,46.447,46.421,46.44,2168
252,46.46,46.461,46.44,46.45,1245
253,46.495,46.495,46.47,46.48,500
254,46.49,46.49,46.47,46.48,1767
255,46.4968,46.52,46.4968,46.5,2554
256,46.49,46.495,46.49,46.495,200
257,46.505,46.51,46.49,46.49,2800
258,46.51,46.51,46.5,46.5,1690
259,46.515,46.515,46.515,46.515,400
260,46.55,46.55,46.515,46.5299,4041
261,46.55,46.5699,46.545,46.5505,915
262,46.54,46.55,46.53,46.55,500
263,46.525,46.55,46.52,46.55,4100
264,46.54,46.55,46.525,46.53,1300
265,46.53,46.55,46.52,46.55,12626
266,46.54,46.55,46.54,46.54,5035
267,46.53,46.53,46.53,46.53,505
268,46.5296,46.5296,46.51,46.5139,2679
269,46.4982,46.52,46.495,46.51,7526
270,46.5,46.52,46.47,46.52,14945
271,46.53,46.53,46.501,46.51,3158
272,46.55,46.55,46.51,46.51,6220
273,46.53,46.55,46.53,46.55,4100
274,46.548,46.548,46.53,46.53,1570
275,46.53,46.54,46.52,46.54,2963
276,46.512,46.512,46.512,46.512,672
277,46.53,46.53,46.485,46.511,5000
278,46.51,46.52,46.51,46.52,1900
279,46.5025,46.51,46.5025,46.51,202
280,46.48,46.49,46.47,46.49,1461
281,46.46,46.48,46.45,46.47,5600
282,46.41,46.45,46.4,46.45,3835
283,46.395,46.42,46.395,46.41,5490
284,46.43,46.44,46.4,46.4,5100
285,46.355,46.42,46.355,46.42,3836
286,46.36,46.39,46.35,46.3599,6930
287,46.38,46.38,46.309,46.315,6544
288,46.3802,46.3802,46.3635,46.38,925
289,46.36,46.39,46.36,46.39,1765
290,46.33,46.35,46.325,46.35,2280
291,46.34,46.35,46.33,46.33,2040
292,46.38,46.4,46.33,46.34,4200
293,46.37,46.38,46.35,46.38,1483
294,46.34,46.341,46.34,46.341,1700
295,46.365,46.37,46.34,46.34,2320
296,46.37,46.37,46.34,46.36,5339
297,46.38,46.39,46.365,46.37,8398
298,46.375,46.39,46.345,46.37,7576
299,46.4,46.42,46.37,46.37,4609
300,46.38,46.42,46.38,46.4,5566
301,46.3811,46.3811,46.38,46.38,315
302,46.33,46.38,46.32,46.37,7064
303,46.32,46.33,46.31,46.31,1295
304,46.33,46.33,46.325,46.325,500
305,46.351,46.36,46.325,46.33,4250
306,46.31,46.35,46.29,46.35,9228
307,46.32,46.32,46.32,46.32,100
308,46.291,46.31,46.29,46.31,4437
309,46.31,46.31,46.295,46.295,2500
310,46.3,46.315,46.28,46.315,7500
311,46.24,46.28,46.24,46.28,3821
312,46.26,46.2748,46.26,46.2632,915
313,46.24,46.27,46.23,46.26,2505
314,46.2604,46.28,46.23,46.24,2801
315,46.2743,46.2758,46.2599,46.2758,1200
316,46.3,46.3092,46.28,46.28,3950
317,46.3,46.3,46.265,46.3,4467
318,46.27,46.28,46.265,46.28,1400
319,46.29,46.3,46.275,46.28,1300
320,46.315,46.32,46.29,46.29,2901
321,46.3,46.32,46.28,46.31,3904
322,46.28,46.3,46.28,46.3,922
323,46.295,46.295,46.265,46.27,3200
324,46.26,46.305,46.26,46.295,3462
325,46.28,46.28,46.2472,46.25,3823
326,46.235,46.2604,46.235,46.2604,4450
327,46.25,46.25,46.22,46.23,3475
328,46.25,46.25,46.25,46.25,300
329,46.24,46.26,46.22,46.26,7757
330,46.3,46.3,46.24,46.24,6200
331,46.33,46.33,46.31,46.31,3106
332,46.32,46.33,46.32,46.32,3200
333,46.34,46.345,46.32,46.32,7090
334,46.37,46.37,46.35,46.35,2265
335,46.36,46.38,46.35,46.37,7672
336,46.36,46.38,46.355,46.36,2014
337,46.35,46.36,46.33,46.36,6205
338,46.4,46.4,46.3601,46.37,2166
339,46.39,46.39,46.37,46.38,2500
340,46.3901,46.3901,46.3901,46.3901,200
341,46.35,46.38,46.35,46.37,6510
342,46.315,46.35,46.31,46.35,8201
343,46.33,46.33,46.3,46.315,12189
344,46.375,46.38,46.3333,46.335,3599
345,46.34,46.375,46.34,46.375,4160
346,46.39,46.39,46.32,46.335,7003
347,46.38,46.39,46.37,46.39,6814
348,46.4,46.41,46.395,46.395,1200
349,46.41,46.41,46.365,46.41,6921
350,46.45,46.45,46.42,46.42,1920
351,46.44,46.45,46.44,46.45,630
352,46.4799,46.48,46.445,46.45,2646
353,46.4794,46.4794,46.46,46.47,5022
354,46.47,46.47,46.45,46.47,3300
355,46.41,46.46,46.4,46.46,7021
356,46.485,46.49,46.42,46.4208,4992
357,46.49,46.5,46.48,46.49,5250
358,46.5,46.5,46.48,46.48,2500
359,46.485,46.505,46.485,46.5,5995
360,46.48,46.49,46.475,46.49,3803
361,46.43,46.48,46.4,46.48,9066
362,46.42,46.45,46.42,46.45,400
363,46.47,46.47,46.43,46.43,3090
364,46.46,46.47,46.46,46.4656,2856
365,46.43,46.475,46.43,46.47,6915
366,46.48,46.48,46.4375,46.44,6138
367,46.405,46.465,46.4,46.46,7030
368,46.41,46.44,46.41,46.41,5865
369,46.39,46.42,46.39,46.41,5336
370,46.39,46.41,46.385,46.39,2569
371,46.33,46.4,46.33,46.4,7784
372,46.37,46.37,46.325,46.33,6373
373,46.35,46.37,46.35,46.36,6690
374,46.34,46.38,46.34,46.345,12807
375,46.32,46.34,46.3,46.34,6635
376,46.32,46.33,46.28,46.3114,11114
377,46.34,46.35,46.32,46.32,5373
378,46.32,46.345,46.31,46.34,9150
379,46.37,46.38,46.33,46.33,8404
380,46.39,46.4,46.36,46.36,8725
381,46.38,46.4,46.38,46.39,10759
382,46.31,46.37,46.31,46.37,9352
383,46.345,46.35,46.31,46.31,9633
384,46.32,46.36,46.32,46.34,8005
385,46.34,46.35,46.325,46.33,7833
386,46.32,46.3495,46.32,46.3495,10566
387,46.35,46.36,46.32,46.32,8715
388,46.35,46.355,46.32,46.35,16470
389,46.37,46.4,46.34,46.35,25204
