LB,L Brands Inc.,Consumer Discretionary,1,Apparel Retail,15821643764,3978406
a1497360600,54.07,54.07,53.85,53.85,23578
1,53.84,54.06,53.82,54.03,1294
2,53.76,53.84,53.63,53.79,6300
3,53.59,53.73,53.59,53.715,1950
4,53.44,53.48,53.41,53.48,2098
5,53.44,53.52,53.44,53.45,1722
6,53.57,53.59,53.5042,53.5042,1100
7,53.58,53.67,53.56,53.6,4153
8,53.62,53.62,53.54,53.54,400
9,53.6,53.632,53.6,53.632,400
10,53.66,53.71,53.63,53.68,5008
11,53.52,53.69,53.51,53.66,6400
12,53.595,53.62,53.51,53.51,2973
13,53.72,53.72,53.5937,53.5937,4053
14,53.66,53.745,53.63,53.745,3560
15,53.67,53.67,53.61,53.61,997
16,53.7,53.7,53.655,53.655,400
17,53.45,53.63,53.39,53.63,7761
18,53.26,53.48,53.25,53.444,12618
19,53.28,53.3599,53.25,53.33,2900
20,53.2,53.28,53.13,53.2765,3200
21,53.17,53.23,53.16,53.17,4100
22,53.05,53.19,52.97,53.19,5950
23,53.05,53.09,53,53.09,2971
24,53.105,53.15,53.04,53.04,8208
25,53.015,53.15,53,53.11,8283
26,53,53.03,52.92,53.03,3500
27,53.08,53.15,53.03,53.03,6918
28,53.12,53.13,53.04,53.07,3800
29,53.1,53.1,53.06,53.1,2806
30,53.14,53.16,53.06,53.09,4000
31,53.13,53.19,53.11,53.16,5274
32,53.13,53.18,53.1,53.12,6143
33,53.2,53.24,53.1092,53.1092,4914
34,53.25,53.285,53.21,53.21,5541
35,53.22,53.332,53.22,53.332,2600
36,53.332,53.332,53.23,53.24,3100
37,53.36,53.4,53.34,53.35,3274
38,53.38,53.44,53.38,53.4,2548
40,53.46,53.48,53.4,53.42,2700
41,53.33,53.44,53.32,53.44,3681
42,53.44,53.44,53.33,53.33,2001
43,53.48,53.54,53.445,53.445,1900
44,53.49,53.54,53.47,53.47,1800
45,53.52,53.54,53.495,53.51,2600
46,53.56,53.56,53.5075,53.52,3903
47,53.5198,53.55,53.5198,53.55,1200
48,53.56,53.56,53.52,53.52,1200
49,53.5821,53.59,53.54,53.5464,5373
50,53.62,53.65,53.6,53.61,3300
51,53.65,53.65,53.61,53.64,1510
52,53.665,53.68,53.64,53.66,2218
53,53.66,53.67,53.63,53.67,2179
54,53.685,53.72,53.68,53.68,3700
55,53.7099,53.7099,53.6923,53.6923,700
56,53.78,53.8,53.71,53.73,4826
57,53.78,53.79,53.78,53.79,200
58,53.86,53.869,53.7803,53.7803,7035
59,53.81,53.83,53.79,53.82,3300
60,53.75,53.79,53.74,53.79,4561
61,53.7,53.79,53.66,53.74,6135
62,53.73,53.73,53.69,53.71,1105
63,53.73,53.73,53.73,53.73,300
64,53.71,53.73,53.68,53.71,5405
65,53.69,53.72,53.66,53.72,1306
66,53.7,53.71,53.66,53.69,3575
67,53.63,53.74,53.62,53.71,6303
68,53.69,53.69,53.63,53.63,2200
69,53.6,53.67,53.59,53.67,2700
70,53.59,53.67,53.59,53.61,7267
71,53.62,53.64,53.61,53.61,1000
72,53.64,53.68,53.59,53.6,12713
73,53.65,53.65,53.65,53.65,200
74,53.655,53.69,53.64,53.645,3700
75,53.64,53.67,53.6,53.64,3521
76,53.67,53.68,53.66,53.67,2155
77,53.76,53.78,53.69,53.69,7700
78,53.79,53.79,53.71,53.76,5100
79,53.85,53.89,53.74,53.79,6954
80,53.81,53.85,53.79,53.85,1719
81,53.84,53.85,53.81,53.81,3186
82,53.88,53.93,53.83,53.83,3665
83,53.885,53.93,53.87,53.92,7120
84,53.88,53.92,53.87,53.89,4302
85,53.93,53.93,53.88,53.88,4179
86,53.93,53.98,53.91,53.94,12308
87,53.99,53.99,53.95,53.97,2910
88,53.96,54,53.96,53.989,4200
89,53.99,53.99,53.91,53.94,7710
90,53.9,54,53.9,53.99,7732
91,53.83,53.93,53.83,53.88,4777
92,53.89,53.89,53.815,53.815,1859
93,53.83,53.88,53.83,53.865,2947
94,53.8,53.83,53.79,53.83,2172
95,53.72,53.81,53.72,53.81,5943
96,53.71,53.72,53.71,53.72,500
97,53.715,53.72,53.69,53.715,2800
98,53.69,53.76,53.69,53.73,1400
99,53.725,53.77,53.685,53.685,4942
100,53.7,53.71,53.6705,53.71,2911
101,53.675,53.68,53.65,53.68,3100
102,53.6753,53.71,53.63,53.68,4482
103,53.64,53.69,53.64,53.68,1100
104,53.63,53.65,53.61,53.62,700
105,53.64,53.66,53.61,53.66,2195
106,53.62,53.65,53.6,53.62,2510
107,53.51,53.6,53.49,53.6,7893
108,53.57,53.58,53.5,53.515,4200
109,53.52,53.56,53.51,53.56,2200
110,53.41,53.51,53.41,53.51,800
111,53.42,53.42,53.41,53.41,400
112,53.46,53.46,53.38,53.41,4344
113,53.44,53.47,53.44,53.47,2100
114,53.46,53.46,53.38,53.41,3232
115,53.35,53.45,53.35,53.45,1109
116,53.41,53.42,53.3501,53.3501,1405
117,53.45,53.46,53.41,53.43,7300
118,53.46,53.51,53.42,53.47,11048
119,53.46,53.47,53.45,53.45,1700
120,53.48,53.51,53.48,53.48,2557
121,53.557,53.57,53.51,53.51,2200
122,53.53,53.55,53.53,53.55,1157
123,53.57,53.57,53.46,53.51,5339
124,53.61,53.61,53.57,53.58,600
125,53.66,53.66,53.61,53.61,2103
126,53.7,53.72,53.68,53.68,1400
127,53.72,53.74,53.67,53.72,6300
128,53.73,53.74,53.71,53.723,1465
129,53.76,53.79,53.73,53.75,2700
130,53.71,53.78,53.71,53.78,3011
131,53.72,53.74,53.72,53.74,400
132,53.69,53.71,53.69,53.71,1738
133,53.62,53.69,53.615,53.67,3567
134,53.64,53.68,53.63,53.65,3550
135,53.68,53.73,53.66,53.69,4357
137,53.63,53.69,53.63,53.68,1900
138,53.59,53.619,53.59,53.619,400
139,53.55,53.615,53.55,53.59,4400
140,53.55,53.59,53.52,53.585,9400
142,53.56,53.56,53.53,53.54,800
143,53.5,53.53,53.49,53.51,1400
144,53.61,53.61,53.52,53.53,7126
145,53.55,53.63,53.55,53.63,5608
146,53.5,53.53,53.5,53.53,507
147,53.44,53.51,53.44,53.51,2900
148,53.48,53.5,53.46,53.48,1900
149,53.41,53.51,53.41,53.5,5980
150,53.42,53.44,53.42,53.44,900
151,53.4275,53.455,53.41,53.43,3541
152,53.3501,53.41,53.3501,53.41,3838
153,53.371,53.405,53.371,53.38,2700
154,53.33,53.37,53.33,53.37,3330
155,53.34,53.38,53.34,53.35,3100
156,53.33,53.39,53.33,53.38,1200
157,53.37,53.37,53.37,53.37,100
158,53.36,53.41,53.36,53.4,3387
159,53.36,53.38,53.36,53.38,400
160,53.39,53.43,53.38,53.42,2100
161,53.38,53.38,53.375,53.38,1000
162,53.37,53.41,53.34,53.39,4300
163,53.39,53.4,53.3775,53.3775,3436
164,53.47,53.47,53.41,53.41,2704
165,53.49,53.51,53.4735,53.5,2812
166,53.49,53.49,53.49,53.49,100
167,53.515,53.515,53.47,53.4884,2500
168,53.5098,53.5098,53.5098,53.5098,236
169,53.55,53.58,53.51,53.51,2400
170,53.55,53.56,53.55,53.56,1400
172,53.57,53.58,53.57,53.58,485
173,53.54,53.56,53.51,53.56,3952
174,53.54,53.54,53.54,53.54,300
175,53.55,53.57,53.55,53.55,1900
176,53.57,53.57,53.54,53.54,1500
177,53.59,53.6,53.57,53.57,1300
178,53.59,53.59,53.57,53.58,1800
179,53.58,53.59,53.57,53.59,2016
180,53.64,53.64,53.59,53.59,1700
181,53.654,53.67,53.62,53.62,2842
182,53.625,53.64,53.615,53.64,1638
183,53.64,53.64,53.63,53.63,200
185,53.74,53.74,53.67,53.67,4836
186,53.75,53.75,53.74,53.74,1200
187,53.77,53.77,53.77,53.77,300
188,53.7565,53.7725,53.735,53.77,3492
189,53.74,53.75,53.74,53.75,1100
190,53.781,53.785,53.725,53.74,5055
191,53.765,53.7999,53.75,53.79,2625
192,53.81,53.81,53.8,53.8,1470
193,53.825,53.84,53.81,53.83,5452
194,53.84,53.85,53.83,53.83,2200
195,53.84,53.85,53.81,53.84,3100
196,53.85,53.86,53.84,53.85,2900
197,53.91,53.91,53.85,53.85,5737
198,53.87,53.9216,53.87,53.92,2200
199,53.9068,53.9068,53.86,53.87,3926
200,53.88,53.88,53.88,53.88,200
201,53.86,53.9,53.86,53.87,2057
202,53.85,53.88,53.85,53.86,700
203,53.86,53.87,53.84,53.85,2425
204,53.82,53.85,53.82,53.85,800
205,53.8399,53.8399,53.79,53.79,1589
206,53.7973,53.81,53.78,53.81,1179
207,53.79,53.81,53.79,53.8,2800
208,53.82,53.82,53.8,53.8,3702
209,53.82,53.85,53.8,53.8233,4286
210,53.81,53.84,53.81,53.83,5857
211,53.83,53.83,53.775,53.8,12680
212,53.81,53.82,53.81,53.82,1000
213,53.78,53.8,53.78,53.8,500
214,53.7675,53.77,53.7543,53.77,1600
215,53.77,53.77,53.77,53.77,100
216,53.77,53.77,53.75,53.75,400
217,53.73,53.75,53.73,53.75,800
218,53.69,53.72,53.69,53.72,1100
219,53.71,53.71,53.68,53.69,1800
220,53.73,53.74,53.7,53.71,2000
221,53.75,53.75,53.73,53.73,800
222,53.765,53.765,53.75,53.76,1493
223,53.82,53.82,53.78,53.78,1789
224,53.7912,53.8,53.79,53.8,521
225,53.7979,53.7979,53.7903,53.7903,1185
226,53.77,53.82,53.77,53.8,1654
227,53.74,53.75,53.74,53.75,504
228,53.72,53.72,53.72,53.72,300
229,53.65,53.68,53.64,53.67,2382
230,53.58,53.64,53.57,53.64,3744
231,53.61,53.61,53.57,53.57,900
233,53.56,53.61,53.56,53.61,1300
234,53.61,53.61,53.56,53.56,1500
235,53.5831,53.59,53.58,53.59,500
236,53.597,53.597,53.597,53.597,200
237,53.57,53.5907,53.57,53.5907,1500
238,53.55,53.55,53.55,53.55,100
239,53.55,53.55,53.535,53.54,400
240,53.53,53.55,53.51,53.55,3054
241,53.525,53.525,53.525,53.525,100
242,53.58,53.58,53.54,53.54,4085
243,53.58,53.58,53.5799,53.5799,650
245,53.49,53.56,53.48,53.56,5785
246,53.4869,53.51,53.44,53.48,2800
247,53.45,53.48,53.4,53.48,7791
248,53.4432,53.45,53.44,53.45,995
249,53.43,53.45,53.43,53.44,900
250,53.44,53.44,53.43,53.43,1100
251,53.41,53.45,53.41,53.42,1200
252,53.41,53.43,53.38,53.4,3054
253,53.46,53.46,53.4268,53.43,1300
254,53.4946,53.4946,53.4683,53.47,1764
255,53.51,53.51,53.51,53.51,100
256,53.51,53.51,53.4997,53.4997,593
257,53.48,53.515,53.47,53.515,2700
258,53.4898,53.4898,53.48,53.48,208
259,53.5,53.51,53.48,53.49,2600
260,53.51,53.51,53.51,53.51,300
261,53.54,53.54,53.52,53.52,800
262,53.57,53.57,53.535,53.54,1800
263,53.5515,53.5515,53.5515,53.5515,100
264,53.59,53.59,53.54,53.57,2840
265,53.57,53.59,53.57,53.59,600
266,53.61,53.66,53.57,53.58,3550
267,53.59,53.59,53.59,53.59,600
268,53.62,53.62,53.5877,53.5877,900
270,53.53,53.5808,53.53,53.58,2870
271,53.56,53.58,53.53,53.53,1423
272,53.55,53.56,53.54,53.56,1200
273,53.58,53.58,53.545,53.555,2620
274,53.56,53.56,53.55,53.55,900
275,53.57,53.59,53.54,53.555,2383
276,53.59,53.59,53.59,53.59,100
277,53.6232,53.64,53.59,53.59,4607
278,53.6,53.63,53.59,53.63,2300
279,53.6,53.6242,53.58,53.6242,3560
280,53.56,53.6035,53.55,53.6,2074
281,53.58,53.59,53.58,53.58,2571
282,53.59,53.6,53.57,53.6,2200
283,53.56,53.58,53.56,53.58,600
284,53.53,53.5717,53.53,53.5717,1025
285,53.53,53.56,53.52,53.52,3537
286,53.47,53.54,53.47,53.54,2300
287,53.47,53.51,53.43,53.47,5531
288,53.52,53.52,53.52,53.52,332
289,53.4962,53.53,53.46,53.53,4608
290,53.4694,53.51,53.45,53.51,12908
291,53.48,53.48,53.48,53.48,100
292,53.4808,53.4808,53.4808,53.4808,350
293,53.52,53.52,53.475,53.475,4150
294,53.48,53.51,53.48,53.5,2100
295,53.435,53.47,53.435,53.47,1200
296,53.43,53.48,53.43,53.47,1300
297,53.46,53.46,53.42,53.42,1400
298,53.5,53.5,53.47,53.48,1921
299,53.43,53.49,53.42,53.48,4686
300,53.41,53.46,53.41,53.43,5583
301,53.43,53.45,53.42,53.44,2200
303,53.39,53.4358,53.39,53.43,1685
304,53.39,53.41,53.38,53.39,800
305,53.42,53.43,53.39,53.39,3717
306,53.45,53.45,53.43,53.43,500
307,53.4,53.46,53.39,53.46,5645
308,53.4242,53.4242,53.4242,53.4242,110
309,53.4,53.4253,53.395,53.42,2985
310,53.43,53.44,53.41,53.42,3200
311,53.45,53.45,53.435,53.435,300
312,53.38,53.45,53.38,53.45,3339
313,53.39,53.39,53.38,53.38,200
314,53.38,53.39,53.38,53.39,500
315,53.36,53.4,53.36,53.39,2200
316,53.38,53.39,53.36,53.36,2700
317,53.41,53.41,53.3864,53.3864,2600
318,53.37,53.41,53.37,53.405,3200
319,53.36,53.36,53.34,53.3557,375
320,53.38,53.4,53.36,53.36,2047
321,53.4,53.41,53.39,53.4,2017
322,53.38,53.39,53.38,53.39,950
323,53.4,53.4,53.39,53.39,1000
324,53.4,53.4,53.39,53.39,1000
325,53.38,53.38,53.37,53.38,1300
326,53.4,53.41,53.36,53.36,2659
327,53.36,53.39,53.36,53.39,2248
328,53.3562,53.3562,53.3562,53.3562,417
329,53.37,53.38,53.37,53.37,1810
330,53.38,53.38,53.38,53.38,300
331,53.3835,53.3835,53.36,53.37,2538
332,53.39,53.395,53.39,53.39,800
333,53.39,53.39,53.39,53.39,500
334,53.4,53.4,53.39,53.39,3222
335,53.42,53.4225,53.4,53.4,3987
336,53.41,53.42,53.41,53.42,500
337,53.42,53.43,53.41,53.41,1203
338,53.43,53.43,53.43,53.43,100
339,53.52,53.53,53.4292,53.43,9160
340,53.5238,53.5399,53.5,53.51,2846
341,53.52,53.52,53.52,53.52,100
342,53.56,53.56,53.53,53.53,1432
343,53.54,53.55,53.53,53.54,3534
344,53.56,53.57,53.54,53.54,1972
345,53.61,53.61,53.58,53.58,1775
346,53.6,53.6,53.59,53.6,2000
347,53.67,53.67,53.6,53.6,3166
348,53.66,53.71,53.66,53.68,4332
349,53.66,53.67,53.65,53.66,900
350,53.6799,53.6799,53.63,53.66,3107
351,53.68,53.68,53.66,53.67,1300
352,53.72,53.72,53.67,53.67,1600
353,53.7,53.72,53.7,53.71,2332
354,53.705,53.71,53.7,53.7,1400
356,53.68,53.7,53.62,53.7,5645
357,53.69,53.69,53.6577,53.6608,2650
358,53.65,53.67,53.65,53.67,1000
359,53.66,53.68,53.655,53.66,2700
360,53.68,53.68,53.6634,53.669,6827
361,53.68,53.69,53.68,53.6817,2216
362,53.63,53.68,53.6,53.67,6485
363,53.62,53.64,53.62,53.63,1501
364,53.67,53.67,53.63,53.63,3657
365,53.66,53.68,53.6538,53.67,2400
366,53.64,53.69,53.64,53.67,3914
367,53.6603,53.6603,53.649,53.649,1349
368,53.59,53.675,53.59,53.67,3808
369,53.5899,53.61,53.58,53.585,6097
370,53.59,53.61,53.58,53.59,7184
371,53.58,53.6,53.58,53.59,2874
372,53.54,53.59,53.54,53.58,7329
373,53.57,53.57,53.53,53.53,4048
374,53.54,53.57,53.535,53.57,3928
375,53.58,53.6,53.55,53.55,12096
376,53.57,53.5894,53.56,53.5894,3150
377,53.52,53.56,53.52,53.56,5746
378,53.54,53.57,53.53,53.53,2762
379,53.55,53.56,53.53,53.55,5338
380,53.58,53.61,53.56,53.56,8166
381,53.56,53.5899,53.55,53.5899,7933
382,53.56,53.5656,53.555,53.56,2406
383,53.55,53.57,53.53,53.55,10235
384,53.57,53.57,53.53,53.55,6396
385,53.56,53.57,53.55,53.56,2063
386,53.57,53.58,53.55,53.57,7478
387,53.55,53.56,53.54,53.56,5970
388,53.57,53.57,53.555,53.56,5839
389,53.55,53.57,53.52,53.57,14378
390,53.66,53.66,53.55,53.55,31281
