MJN,Mead Johnson,Consumer Staples,2,Packaged Foods & Meats,16527602783,1899086
a1497360600,89.97,89.97,89.97,89.97,11791
1,89.97,89.98,89.97,89.97,29371
2,89.975,89.975,89.97,89.97,8153
3,89.97,89.98,89.97,89.97,16600
4,89.97,89.975,89.97,89.97,1800
5,89.98,89.98,89.97,89.97,33484
6,89.97,89.98,89.97,89.97,20045
7,89.975,89.98,89.97,89.975,3000
8,89.975,89.98,89.9725,89.975,22209
9,89.975,89.98,89.9725,89.9725,4740
10,89.975,89.98,89.9725,89.9725,700
11,89.975,89.98,89.975,89.98,2531
12,89.975,89.98,89.975,89.975,700
13,89.98,89.98,89.9725,89.975,47048
14,89.98,89.98,89.975,89.98,47819
15,89.98,89.98,89.9725,89.975,25763
16,89.98,89.98,89.98,89.98,23044
17,89.98,89.98,89.975,89.98,61802
18,89.98,89.98,89.98,89.98,18500
19,89.98,89.98,89.975,89.98,77241
20,89.975,89.98,89.975,89.98,27686
21,89.975,89.975,89.975,89.975,3000
22,89.975,89.98,89.97,89.97,2200
23,89.975,89.98,89.975,89.975,800
24,89.975,89.98,89.975,89.975,1553
25,89.97,89.98,89.97,89.975,1000
26,89.975,89.98,89.975,89.975,1507
27,89.98,89.98,89.975,89.98,400
28,89.98,89.98,89.975,89.98,26851
29,89.98,89.98,89.975,89.98,71581
30,89.975,89.98,89.975,89.98,4024
31,89.98,89.98,89.975,89.975,76701
32,89.98,89.98,89.975,89.98,4210
33,89.975,89.98,89.975,89.98,6081
34,89.975,89.98,89.975,89.98,1800
35,89.975,89.98,89.975,89.98,12600
36,89.98,89.98,89.97,89.98,43970
37,89.98,89.98,89.975,89.98,4000
38,89.98,89.98,89.9799,89.98,16840
39,89.98,89.98,89.98,89.98,441589
40,89.975,89.98,89.975,89.98,401
41,89.98,89.99,89.975,89.975,41653
42,89.99,89.99,89.98,89.98,5100
43,89.98,89.99,89.98,89.98,636354
44,89.98,89.985,89.98,89.98,13171
45,89.98,89.99,89.98,89.985,34458
46,89.99,89.99,89.985,89.985,1800
47,89.99,89.99,89.985,89.99,4500
48,89.985,89.99,89.98,89.99,1000
49,89.98,89.99,89.98,89.98,1100
50,89.98,89.99,89.98,89.98,1900
51,89.98,89.99,89.98,89.98,4200
52,89.98,89.99,89.98,89.98,3100
53,89.985,89.985,89.98,89.98,1900
54,89.98,89.99,89.98,89.98,3842
55,89.985,89.99,89.98,89.98,2100
56,89.98,89.99,89.98,89.98,27400
57,89.98,89.99,89.98,89.98,1900
58,89.98,89.99,89.98,89.98,5100
59,89.99,89.99,89.98,89.98,8599
60,89.99,89.99,89.98,89.985,4493
61,89.99,89.99,89.98,89.98,4624
62,89.985,89.99,89.98,89.98,2100
63,89.98,89.99,89.98,89.99,4589
64,89.98,89.99,89.98,89.98,2200
65,89.99,89.99,89.98,89.98,1400
66,89.99,89.99,89.985,89.99,7900
67,89.99,89.99,89.98,89.99,127601
68,89.985,89.99,89.98,89.99,2700
69,89.99,89.99,89.985,89.985,1200
70,89.99,89.99,89.99,89.99,900
71,89.99,89.99,89.98,89.98,500
72,89.98,89.99,89.98,89.99,870
73,89.98,89.99,89.98,89.99,30671
74,89.985,89.99,89.98,89.985,196706
75,89.98,89.99,89.98,89.98,10999
76,89.99,89.99,89.98,89.98,2707
77,89.99,89.99,89.985,89.99,2754
78,89.99,89.99,89.985,89.985,1400
79,89.99,89.99,89.99,89.99,2631
80,89.98,89.99,89.98,89.99,200
81,89.99,89.99,89.99,89.99,2900
82,89.99,89.99,89.98,89.985,1875
83,89.99,89.99,89.99,89.99,4700
84,89.99,89.99,89.985,89.985,846
85,89.985,89.99,89.985,89.99,1100
86,89.985,89.99,89.985,89.99,300
87,89.99,89.99,89.98,89.985,2900
88,89.99,89.99,89.98,89.985,1922
89,89.985,89.99,89.9801,89.985,3200
90,89.985,89.985,89.985,89.985,5455
91,89.985,89.99,89.98,89.98,2500
92,89.985,89.99,89.985,89.985,1500
93,89.985,89.99,89.98,89.99,500
94,89.985,89.99,89.985,89.99,600
95,89.985,89.99,89.985,89.985,1500
96,89.985,89.99,89.985,89.985,1000
97,89.99,89.99,89.985,89.985,1200
98,89.985,89.99,89.98,89.985,700
99,89.985,89.99,89.985,89.985,1800
100,89.99,89.99,89.985,89.985,1071
101,89.985,89.99,89.985,89.985,1400
102,89.985,89.985,89.98,89.985,1200
103,89.985,89.99,89.98,89.985,2075
104,89.99,89.99,89.985,89.985,12644
105,89.99,89.99,89.985,89.985,1300
106,89.985,89.985,89.98,89.985,6640
107,89.985,89.99,89.98,89.985,5411
108,89.99,89.99,89.985,89.985,600
109,89.985,89.99,89.985,89.985,1700
110,89.99,89.99,89.985,89.985,700
111,89.985,89.99,89.985,89.985,1300
112,89.99,89.99,89.985,89.985,2600
113,89.985,89.985,89.984,89.985,720
114,89.985,89.99,89.985,89.99,900
115,89.99,89.99,89.98,89.985,1300
116,89.99,89.99,89.985,89.99,400
117,89.985,89.985,89.98,89.985,1500
118,89.99,89.99,89.985,89.985,4300
119,89.985,89.99,89.985,89.985,300
120,89.99,89.99,89.985,89.99,1100
121,89.99,89.99,89.985,89.985,200
122,89.99,89.99,89.985,89.985,1300
123,89.99,89.99,89.985,89.99,1210
124,89.99,89.99,89.985,89.985,400
125,89.99,89.99,89.98,89.985,1700
126,89.99,89.99,89.98,89.985,1155
127,89.985,89.99,89.985,89.985,1500
128,89.99,89.99,89.985,89.985,23420
129,89.99,89.99,89.985,89.99,1100
130,89.985,89.985,89.985,89.985,200
131,89.99,89.99,89.985,89.99,7739
132,89.985,89.99,89.985,89.99,3686
133,89.98,89.99,89.98,89.985,32784
134,89.985,89.99,89.985,89.985,1204
135,89.99,89.99,89.985,89.99,600
136,89.99,89.99,89.985,89.985,700
137,89.99,89.99,89.99,89.99,600
138,89.98,89.99,89.98,89.985,2300
139,89.985,89.99,89.98,89.98,1300
140,89.985,89.99,89.985,89.985,600
141,89.99,89.99,89.98,89.98,5779
142,89.99,89.99,89.985,89.985,200
143,89.99,89.99,89.985,89.99,3100
144,89.99,89.99,89.985,89.985,200
145,89.985,89.99,89.985,89.985,900
146,89.985,89.985,89.985,89.985,100
147,89.985,89.985,89.985,89.985,400
148,89.985,89.985,89.98,89.98,1600
149,89.99,89.99,89.99,89.99,1900
150,89.99,89.99,89.985,89.985,824
151,89.985,89.985,89.985,89.985,200
152,89.985,89.99,89.985,89.985,1100
153,89.99,89.99,89.985,89.985,700
154,89.985,89.985,89.985,89.985,600
155,89.985,89.985,89.985,89.985,500
156,89.985,89.99,89.985,89.985,900
157,89.985,89.99,89.985,89.985,1400
158,89.99,89.99,89.985,89.985,2531
159,89.985,89.985,89.985,89.985,800
160,89.9837,89.99,89.98,89.985,243224
161,89.985,89.99,89.9835,89.985,701
162,89.99,89.99,89.985,89.985,700
163,89.99,89.99,89.985,89.99,1724
164,89.985,89.985,89.985,89.985,200
165,89.99,89.99,89.985,89.985,1200
166,89.985,89.99,89.985,89.985,400
167,89.99,89.99,89.985,89.985,16100
168,89.985,89.99,89.985,89.985,900
169,89.985,89.985,89.985,89.985,200
170,89.985,89.985,89.985,89.985,100
171,89.99,89.99,89.985,89.985,1300
172,89.985,89.99,89.985,89.99,1300
173,89.99,89.99,89.985,89.985,500
174,89.99,89.99,89.98,89.99,600
175,89.985,89.99,89.985,89.985,42413
176,89.99,89.99,89.985,89.985,1100
177,89.985,89.99,89.98,89.985,462490
178,89.985,89.99,89.985,89.985,1084
179,89.99,89.99,89.98,89.985,900
180,89.98,89.99,89.98,89.985,900
181,89.985,89.99,89.98,89.985,941
182,89.99,89.99,89.985,89.985,600
183,89.99,89.99,89.98,89.985,3000
184,89.99,89.99,89.98,89.985,6400
185,89.98,89.99,89.98,89.98,14610
186,89.985,89.99,89.98,89.985,2100
187,89.985,89.99,89.98,89.99,6088
188,89.985,89.985,89.98,89.985,3597
189,89.98,89.985,89.98,89.985,600
190,89.98,89.985,89.98,89.98,47900
191,89.99,89.99,89.985,89.985,61519
192,89.98,89.9853,89.98,89.985,3810
193,89.985,89.99,89.98,89.985,5784
194,89.98,89.985,89.98,89.985,300
195,89.985,89.99,89.98,89.99,2712
196,89.98,89.985,89.98,89.98,2612
197,89.98,89.985,89.98,89.985,700
198,89.98,89.99,89.98,89.98,1200
199,89.98,89.98,89.98,89.98,200
200,89.985,89.99,89.98,89.98,1400
201,89.985,89.99,89.98,89.98,2400
202,89.985,89.99,89.98,89.98,1200
203,89.985,89.99,89.98,89.98,1426
204,89.98,89.985,89.98,89.985,1800
205,89.99,89.99,89.98,89.98,300
206,89.98,89.98,89.98,89.98,200
207,89.98,89.99,89.98,89.98,13600
208,89.98,89.985,89.98,89.98,1488
209,89.98,89.985,89.98,89.98,900
210,89.99,89.99,89.98,89.98,1300
211,89.99,89.99,89.98,89.98,2300
212,89.98,89.99,89.98,89.99,200
213,89.98,89.99,89.98,89.98,1500
214,89.99,89.99,89.98,89.98,700
215,89.985,89.99,89.98,89.99,2788
216,89.98,89.985,89.98,89.98,2216
217,89.985,89.99,89.98,89.98,600
218,89.98,89.985,89.98,89.98,1600
219,89.985,89.985,89.98,89.98,500
220,89.985,89.985,89.98,89.98,1065
221,89.98,89.985,89.98,89.98,700
222,89.98,89.98,89.98,89.98,200
223,89.985,89.99,89.98,89.985,2000
224,89.99,89.99,89.98,89.98,500
225,89.985,89.99,89.98,89.98,1200
226,89.985,89.985,89.98,89.98,600
227,89.985,89.985,89.98,89.98,1000
228,89.985,89.99,89.98,89.98,2800
229,89.98,89.99,89.98,89.98,2212
230,89.98,89.99,89.98,89.98,1100
231,89.985,89.99,89.98,89.98,2022
232,89.98,89.99,89.98,89.985,1449
233,89.98,89.99,89.98,89.98,800
234,89.98,89.99,89.98,89.98,1000
235,89.985,89.985,89.98,89.98,1900
236,89.98,89.985,89.98,89.98,1915
237,89.9875,89.99,89.98,89.98,500
238,89.985,89.985,89.98,89.98,1200
239,89.99,89.99,89.98,89.98,300
240,89.98,89.985,89.98,89.98,1200
241,89.98,89.99,89.98,89.98,1300
242,89.985,89.99,89.98,89.98,1100
243,89.99,89.99,89.98,89.98,600
244,89.98,89.985,89.98,89.98,600
245,89.985,89.99,89.98,89.98,9327
246,89.98,89.985,89.98,89.98,21100
247,89.98,89.99,89.98,89.98,3900
248,89.98,89.985,89.98,89.985,600
249,89.985,89.99,89.98,89.98,2100
250,89.98,89.985,89.98,89.98,800
251,89.99,89.99,89.99,89.99,100
252,89.98,89.985,89.98,89.98,900
253,89.985,89.985,89.98,89.98,500
254,89.98,89.98,89.98,89.98,700
255,89.99,89.99,89.98,89.98,1100
256,89.985,89.99,89.98,89.985,1800
257,89.985,89.99,89.98,89.98,4100
258,89.99,89.99,89.98,89.98,800
259,89.985,89.99,89.98,89.98,700
260,89.98,89.99,89.98,89.98,2512
261,89.99,89.99,89.98,89.98,300
262,89.985,89.99,89.98,89.98,1300
263,89.985,89.985,89.98,89.98,967
264,89.98,89.985,89.98,89.98,800
265,89.99,89.99,89.98,89.98,1300
266,89.985,89.985,89.98,89.98,500
267,89.98,89.99,89.98,89.98,1619
268,89.99,89.99,89.98,89.98,1000
269,89.985,89.99,89.98,89.98,1216
270,89.98,89.985,89.98,89.98,600
271,89.985,89.99,89.98,89.99,1180
272,89.98,89.985,89.98,89.985,800
273,89.985,89.99,89.98,89.985,1000
274,89.985,89.99,89.98,89.98,800
275,89.985,89.985,89.985,89.985,2600
276,89.985,89.99,89.98,89.99,2400
277,89.985,89.985,89.98,89.985,900
278,89.98,89.99,89.98,89.985,8877
279,89.98,89.99,89.98,89.99,900
280,89.985,89.985,89.98,89.98,900
281,89.985,89.99,89.985,89.99,300
282,89.985,89.985,89.98,89.985,3600
283,89.985,89.985,89.98,89.985,77432
284,89.985,89.985,89.98,89.98,26300
285,89.985,89.985,89.98,89.985,80700
286,89.985,89.99,89.98,89.985,1500
287,89.98,89.99,89.98,89.985,4142
288,89.99,89.99,89.98,89.985,1115
289,89.985,89.985,89.98,89.98,400
290,89.98,89.99,89.98,89.985,1000
291,89.985,89.985,89.985,89.985,100
292,89.985,89.99,89.98,89.98,2205
293,89.985,89.985,89.98,89.985,9136
294,89.98,89.99,89.98,89.985,52200
295,89.985,89.99,89.985,89.985,203743
296,89.99,89.99,89.98,89.985,227100
297,89.98,89.99,89.98,89.99,1300
298,89.99,89.99,89.98,89.98,10400
299,89.985,89.99,89.98,89.99,1200
300,89.99,89.99,89.98,89.98,1000
301,89.98,89.98,89.98,89.98,600
302,89.985,89.99,89.98,89.985,4105
303,89.99,89.99,89.98,89.98,1600
304,89.98,89.985,89.98,89.98,2100
305,89.985,89.985,89.98,89.985,1816
306,89.985,89.99,89.98,89.98,1300
307,89.985,89.99,89.98,89.985,2694
308,89.985,89.99,89.98,89.985,1000
309,89.99,89.99,89.98,89.985,1200
310,89.98,89.98,89.98,89.98,100
311,89.99,89.99,89.98,89.985,2800
312,89.99,89.99,89.985,89.99,1900
313,89.985,89.985,89.98,89.985,8258
314,89.985,89.99,89.98,89.985,2773
315,89.985,89.99,89.985,89.985,700
316,89.985,89.99,89.98,89.985,2292
317,89.99,89.99,89.98,89.98,300
318,89.985,89.99,89.98,89.985,1200
319,89.985,89.99,89.985,89.99,600
320,89.98,89.99,89.98,89.985,2900
321,89.98,89.985,89.98,89.985,700
322,89.985,89.99,89.98,89.98,1400
323,89.985,89.99,89.985,89.985,500
324,89.98,89.99,89.98,89.98,1400
325,89.985,89.99,89.98,89.98,2900
326,89.99,89.99,89.98,89.98,1100
327,89.98,89.99,89.98,89.985,2347
328,89.985,89.99,89.98,89.985,1300
329,89.985,89.985,89.98,89.985,400
330,89.985,89.985,89.98,89.985,1200
331,89.99,89.99,89.98,89.98,16500
332,89.985,89.985,89.98,89.98,900
333,89.985,89.985,89.98,89.985,900
334,89.98,89.985,89.98,89.98,1574
335,89.98,89.985,89.98,89.985,840
336,89.985,89.985,89.98,89.98,1000
337,89.98,89.985,89.98,89.985,753
338,89.99,89.99,89.98,89.99,500
339,89.985,89.99,89.98,89.985,14558
340,89.98,89.99,89.98,89.985,7000
341,89.98,89.985,89.98,89.98,1000
342,89.985,89.99,89.98,89.99,1800
343,89.985,89.9875,89.985,89.985,400
344,89.985,89.985,89.98,89.98,1400
345,89.98,89.99,89.98,89.99,2220
346,89.98,89.985,89.98,89.985,1200
347,89.985,89.985,89.98,89.98,500
348,89.985,89.99,89.98,89.985,1500
349,89.985,89.985,89.98,89.985,600
350,89.985,89.99,89.98,89.98,849
351,89.985,89.985,89.98,89.985,1900
352,89.98,89.985,89.98,89.985,6400
353,89.98,89.99,89.98,89.98,2400
354,89.985,89.99,89.98,89.985,2500
355,89.985,89.985,89.98,89.985,1300
356,89.985,89.99,89.98,89.985,3600
357,89.985,89.985,89.98,89.98,1300
358,89.985,89.99,89.98,89.985,2066
359,89.985,89.99,89.98,89.98,30685
360,89.985,89.99,89.98,89.98,2887
361,89.98,89.99,89.98,89.98,3200
362,89.98,89.99,89.98,89.985,20960
363,89.99,89.99,89.98,89.99,3200
364,89.99,89.99,89.98,89.99,14521
365,89.99,89.99,89.985,89.985,900
366,89.99,89.99,89.985,89.99,4100
367,89.99,89.99,89.98,89.99,4903
368,89.99,89.99,89.98,89.99,3726
369,89.99,89.99,89.98,89.985,4000
370,89.985,89.99,89.98,89.99,2722
371,89.98,89.99,89.98,89.99,4700
372,89.98,89.99,89.98,89.99,9803
373,89.99,89.99,89.98,89.99,3000
374,89.99,89.99,89.98,89.99,3856
375,89.99,89.99,89.98,89.99,10081
376,89.985,89.99,89.98,89.985,4372
377,89.99,89.99,89.98,89.99,2000
378,89.985,89.99,89.98,89.99,5000
379,89.99,89.99,89.98,89.99,39300
380,89.985,89.99,89.98,89.985,3872
381,89.99,89.99,89.98,89.985,3507
382,89.99,89.99,89.98,89.99,3397
383,89.99,89.99,89.98,89.99,5146
384,89.99,89.99,89.98,89.99,6341
385,89.99,89.99,89.98,89.99,18477
386,89.99,89.99,89.98,89.98,3900
387,89.99,89.99,89.98,89.99,6600
388,89.99,89.99,89.98,89.99,6900
389,89.99,89.99,89.98,89.99,33698
390,89.99,89.99,89.98,89.985,58471
