NFX,Newfield Exploration Co,Energy,3,Oil & Gas Exploration & Production,6260850353,3078872
a1497360600,30.36,30.36,30.36,30.36,23254
1,30.36,30.36,30.36,30.36,100
2,30.27,30.41,30.21,30.34,4800
3,30.215,30.34,30.215,30.29,2000
4,30.13,30.21,30.13,30.21,870
5,30.26,30.26,30.18,30.18,1036
6,30.31,30.31,30.22,30.26,6854
7,30.34,30.38,30.27,30.35,4200
8,30.39,30.41,30.32,30.32,4500
9,30.36,30.41,30.34,30.39,12200
10,30.425,30.44,30.35,30.35,2800
11,30.5,30.5,30.45,30.45,8300
12,30.55,30.55,30.49,30.49,8013
13,30.5,30.57,30.5,30.56,3800
14,30.44,30.49,30.43,30.49,4000
15,30.39,30.445,30.36,30.445,1800
16,30.455,30.455,30.4,30.4,5300
17,30.35,30.43,30.35,30.43,3705
18,30.35,30.36,30.28,30.345,2649
19,30.305,30.34,30.3,30.34,9254
20,30.335,30.37,30.3,30.31,10699
21,30.33,30.34,30.3,30.34,3500
22,30.32,30.337,30.295,30.32,11409
23,30.375,30.375,30.34,30.34,2900
24,30.46,30.47,30.37,30.39,6103
25,30.52,30.52,30.47,30.47,2403
26,30.58,30.58,30.48,30.52,8950
27,30.63,30.63,30.58,30.6,4021
28,30.68,30.68,30.6,30.61,2700
29,30.62,30.67,30.62,30.67,2123
30,30.64,30.64,30.6,30.61,3000
31,30.51,30.62,30.505,30.61,4989
32,30.5,30.54,30.5,30.51,3110
33,30.54,30.55,30.48,30.49,2600
34,30.61,30.61,30.55,30.55,1572
35,30.57,30.59,30.57,30.59,1100
36,30.54,30.57,30.51,30.57,5437
37,30.48,30.53,30.47,30.53,2500
38,30.545,30.55,30.48,30.48,2900
39,30.54,30.54,30.51,30.53,1934
40,30.52,30.53,30.52,30.53,1300
41,30.55,30.57,30.52,30.52,2123
42,30.56,30.56,30.56,30.56,500
43,30.58,30.6,30.57,30.57,3040
44,30.54,30.57,30.54,30.57,1822
45,30.6,30.6,30.56,30.56,800
46,30.61,30.61,30.585,30.585,1700
47,30.61,30.61,30.57,30.6,7248
48,30.63,30.65,30.6007,30.61,3200
49,30.66,30.66,30.64,30.64,2584
50,30.595,30.67,30.59,30.67,3754
51,30.64,30.64,30.61,30.61,4477
52,30.62,30.66,30.59,30.66,2356
53,30.67,30.67,30.63,30.65,1395
54,30.66,30.69,30.65,30.69,2476
55,30.65,30.65,30.65,30.65,700
56,30.64,30.64,30.63,30.64,2654
57,30.61,30.64,30.61,30.62,3007
58,30.65,30.65,30.6,30.6,2950
59,30.65,30.69,30.65,30.66,2169
60,30.65,30.67,30.64,30.64,2400
61,30.62,30.67,30.61,30.66,4747
62,30.59,30.6156,30.59,30.6156,3398
63,30.62,30.63,30.585,30.59,5981
64,30.66,30.675,30.63,30.64,4199
65,30.63,30.66,30.62,30.66,1913
66,30.64,30.66,30.64,30.64,1800
67,30.63,30.67,30.63,30.65,6363
68,30.64,30.66,30.62,30.62,7294
69,30.65,30.655,30.63,30.65,5232
70,30.62,30.66,30.62,30.65,7373
71,30.61,30.63,30.59,30.62,3471
72,30.57,30.6,30.57,30.6,1437
73,30.63,30.63,30.58,30.59,5200
74,30.65,30.65,30.61,30.61,5200
75,30.66,30.67,30.65,30.66,2600
76,30.72,30.72,30.6697,30.67,6593
77,30.74,30.74,30.73,30.73,3500
78,30.7,30.74,30.7,30.72,4296
79,30.72,30.74,30.705,30.705,12071
80,30.755,30.755,30.715,30.715,2663
81,30.83,30.83,30.76,30.76,2850
82,30.84,30.84,30.81,30.84,4501
83,30.81,30.86,30.81,30.85,7159
84,30.82,30.82,30.79,30.82,2772
85,30.84,30.86,30.84,30.85,2763
86,30.84,30.87,30.84,30.84,4861
87,30.87,30.89,30.85,30.87,7989
88,30.81,30.87,30.8,30.87,2500
89,30.8,30.85,30.8,30.81,4366
90,30.77,30.81,30.77,30.805,3620
91,30.79,30.81,30.78,30.78,2961
92,30.74,30.775,30.74,30.76,5150
93,30.755,30.755,30.74,30.74,6786
94,30.76,30.78,30.75,30.76,5088
95,30.78,30.78,30.72,30.73,24338
96,30.71,30.76,30.71,30.76,4400
97,30.75,30.75,30.7,30.73,4300
98,30.75,30.78,30.75,30.76,3050
99,30.78,30.79,30.75,30.75,3112
100,30.8,30.805,30.78,30.78,3445
101,30.78,30.8,30.77,30.79,4899
102,30.78,30.81,30.77,30.78,4775
103,30.74,30.78,30.74,30.78,3100
104,30.74,30.75,30.71,30.74,3400
105,30.74,30.75,30.68,30.75,4687
106,30.7,30.74,30.7,30.74,3900
107,30.71,30.73,30.7,30.7,2510
108,30.73,30.73,30.7,30.71,3622
109,30.71,30.74,30.71,30.73,2768
110,30.7,30.722,30.7,30.71,1759
111,30.68,30.69,30.65,30.69,3700
112,30.74,30.74,30.69,30.69,2450
113,30.71,30.74,30.695,30.74,5850
114,30.69,30.715,30.685,30.715,2740
115,30.65,30.69,30.65,30.69,3500
116,30.68,30.68,30.65,30.65,4698
117,30.73,30.73,30.68,30.685,4082
118,30.74,30.77,30.74,30.74,22714
119,30.73,30.74,30.7,30.74,20994
120,30.81,30.82,30.75,30.75,7760
121,30.87,30.87,30.79,30.8,4829
122,30.87,30.89,30.87,30.87,4905
123,30.87,30.87,30.84,30.86,3042
124,30.84,30.85,30.83,30.85,1200
125,30.87,30.87,30.84,30.84,1695
126,30.93,30.93,30.87,30.87,8880
127,30.96,31,30.94,30.94,16660
128,31,31.06,30.95,30.96,8104
129,30.965,31,30.9075,31,16884
130,31,31,30.975,30.98,9482
131,31.015,31.02,30.96,31,5817
132,31.02,31.03,30.96,31.03,6425
133,30.97,31,30.97,31,5900
134,31,31,30.91,30.95,13685
135,30.96,31.01,30.96,31.01,1500
136,31.01,31.02,30.96,30.97,4200
137,30.97,31.03,30.96,31.01,5636
138,30.96,30.98,30.96,30.96,2100
139,30.94,30.975,30.94,30.97,2757
140,30.93,30.95,30.93,30.93,2175
141,30.89,30.93,30.89,30.93,1397
142,30.89,30.9,30.87,30.88,2882
143,30.88,30.9,30.88,30.89,1902
144,30.88,30.89,30.86,30.87,4000
145,30.8,30.88,30.79,30.87,7400
146,30.77,30.83,30.77,30.8,10181
147,30.75,30.8,30.73,30.78,5600
148,30.73,30.75,30.72,30.75,3600
149,30.7,30.72,30.69,30.72,9900
150,30.68,30.73,30.68,30.71,4000
151,30.69,30.69,30.65,30.67,4276
152,30.595,30.7,30.58,30.7,8351
153,30.63,30.64,30.58,30.59,5900
154,30.61,30.62,30.6,30.62,820
155,30.66,30.66,30.6,30.6,3620
156,30.61,30.67,30.61,30.67,5200
157,30.63,30.64,30.61,30.62,5480
158,30.6,30.64,30.6,30.64,3282
159,30.645,30.645,30.63,30.63,1667
160,30.67,30.69,30.65,30.65,5018
161,30.68,30.68,30.6599,30.67,2000
162,30.67,30.67,30.64,30.67,2500
164,30.695,30.695,30.68,30.68,2500
165,30.695,30.695,30.69,30.69,2100
166,30.72,30.73,30.7,30.7,4078
167,30.73,30.73,30.68,30.72,3300
168,30.76,30.76,30.73,30.73,2400
169,30.75,30.76,30.75,30.75,1200
170,30.77,30.77,30.75,30.75,1690
171,30.79,30.79,30.77,30.77,2049
172,30.81,30.81,30.78,30.78,1200
173,30.82,30.828,30.82,30.828,2600
174,30.82,30.83,30.81,30.815,1851
175,30.815,30.82,30.8,30.82,3900
176,30.85,30.87,30.81,30.81,10547
177,30.86,30.87,30.86,30.86,1400
178,30.89,30.89,30.87,30.87,980
179,30.91,30.91,30.89,30.89,1284
180,30.9,30.94,30.9,30.91,8444
181,30.86,30.89,30.845,30.89,3800
182,30.85,30.86,30.85,30.86,542
183,30.81,30.84,30.805,30.84,2344
184,30.83,30.83,30.81,30.82,2000
185,30.84,30.86,30.82,30.85,5441
186,30.85,30.85,30.845,30.845,300
187,30.85,30.86,30.845,30.86,2708
188,30.84,30.845,30.83,30.845,1600
189,30.85,30.85,30.8,30.83,2900
190,30.825,30.84,30.82,30.84,1846
191,30.82,30.83,30.8037,30.83,2400
192,30.81,30.86,30.81,30.83,11493
193,30.845,30.86,30.83,30.83,5059
194,30.86,30.89,30.825,30.84,18081
195,30.85,30.88,30.84,30.87,1700
196,30.82,30.84,30.82,30.84,1000
197,30.82,30.82,30.82,30.82,500
198,30.78,30.815,30.78,30.81,3474
199,30.78,30.8,30.78,30.78,1900
200,30.79,30.79,30.78,30.78,500
201,30.79,30.8,30.78,30.78,2300
202,30.79,30.79,30.775,30.775,1800
203,30.775,30.78,30.775,30.78,400
204,30.74,30.775,30.74,30.77,1750
205,30.7601,30.7601,30.74,30.74,1300
206,30.79,30.8,30.76,30.76,3214
207,30.79,30.8,30.78,30.78,1300
208,30.78,30.79,30.76,30.79,2252
209,30.78,30.78,30.7792,30.7792,520
210,30.785,30.785,30.78,30.78,200
211,30.78,30.78,30.76,30.78,4017
212,30.79,30.79,30.78,30.78,709
213,30.77,30.78,30.77,30.78,1414
214,30.75,30.8,30.75,30.78,8389
215,30.73,30.755,30.725,30.74,5444
216,30.755,30.77,30.74,30.74,7811
217,30.76,30.765,30.76,30.76,1100
218,30.79,30.8,30.77,30.77,2200
219,30.8,30.82,30.78,30.78,2100
220,30.84,30.85,30.79,30.79,2439
221,30.84,30.86,30.84,30.85,2363
222,30.86,30.86,30.845,30.845,700
223,30.89,30.89,30.857,30.858,1520
224,30.89,30.89,30.87,30.89,2367
225,30.87,30.9,30.87,30.885,2677
226,30.9,30.9,30.88,30.88,900
227,30.86,30.89,30.86,30.89,2484
228,30.855,30.86,30.85,30.8588,550
229,30.81,30.85,30.81,30.85,4654
230,30.83,30.83,30.81,30.82,2000
231,30.84,30.84,30.82,30.83,3502
232,30.825,30.84,30.825,30.84,1245
233,30.8,30.82,30.795,30.82,3500
234,30.79,30.805,30.775,30.805,6400
235,30.8,30.8,30.79,30.79,1300
236,30.8,30.8,30.795,30.8,3152
237,30.8,30.8,30.8,30.8,100
238,30.79,30.8,30.79,30.8,200
239,30.8399,30.8399,30.81,30.81,2338
240,30.84,30.84,30.83,30.83,1200
241,30.82,30.84,30.82,30.84,3102
242,30.83,30.83,30.81,30.81,4100
244,30.8,30.82,30.795,30.82,3340
245,30.8,30.805,30.8,30.8,600
246,30.83,30.83,30.805,30.805,1300
247,30.83,30.835,30.83,30.835,2673
248,30.83,30.84,30.83,30.84,600
249,30.825,30.83,30.825,30.83,1350
250,30.84,30.84,30.83,30.83,800
251,30.815,30.835,30.815,30.83,3457
252,30.825,30.83,30.82,30.82,2519
253,30.81,30.82,30.81,30.82,500
254,30.79,30.82,30.79,30.81,2298
255,30.8,30.81,30.785,30.785,4049
256,30.81,30.81,30.79,30.8,2200
257,30.82,30.83,30.81,30.81,1600
258,30.8,30.82,30.8,30.82,900
259,30.805,30.805,30.79,30.79,800
260,30.81,30.81,30.8,30.81,1200
261,30.825,30.825,30.8,30.81,1025
262,30.81,30.8316,30.805,30.83,5908
263,30.82,30.82,30.81,30.81,912
264,30.81,30.82,30.8,30.82,3200
265,30.82,30.82,30.81,30.81,1300
266,30.815,30.83,30.81,30.825,3378
267,30.84,30.84,30.815,30.815,2564
268,30.84,30.84,30.81,30.83,5057
269,30.83,30.835,30.83,30.8341,1446
270,30.85,30.85,30.82,30.82,2000
271,30.86,30.8652,30.85,30.85,3176
272,30.855,30.86,30.85,30.86,2506
273,30.86,30.86,30.84,30.84,1300
274,30.865,30.87,30.86,30.86,800
275,30.86,30.865,30.85,30.865,4113
276,30.85,30.85,30.85,30.85,100
277,30.85,30.855,30.85,30.855,400
278,30.89,30.9,30.8562,30.86,4969
279,30.9,30.91,30.89,30.89,5978
280,30.91,30.91,30.91,30.91,400
281,30.93,30.94,30.91,30.91,5259
282,30.92,30.935,30.92,30.925,3351
283,30.88,30.91,30.87,30.9,3000
284,30.91,30.91,30.875,30.88,3000
285,30.91,30.93,30.91,30.91,2301
286,30.92,30.92,30.905,30.91,1500
287,30.92,30.93,30.92,30.93,2300
288,30.95,30.95,30.92,30.92,3979
289,30.96,30.97,30.95,30.96,4230
290,30.98,30.98,30.96,30.96,1515
291,30.98,30.985,30.98,30.985,1799
292,30.96,30.97,30.96,30.97,3380
293,31.025,31.03,30.965,30.9699,9163
294,31.01,31.02,30.995,31.02,1800
295,31.025,31.03,31.005,31.005,4063
296,31.03,31.03,31.02,31.02,8418
297,31.015,31.03,31.01,31.02,1400
298,31.03,31.03,31,31.01,4720
299,31.0116,31.02,31,31.02,3980
300,30.99,31.02,30.99,31.02,4322
301,30.985,31,30.98,30.985,6200
302,30.99,30.995,30.99,30.99,5960
303,30.97,30.99,30.96,30.99,4983
304,30.96,30.96,30.95,30.96,1300
305,30.98,30.99,30.965,30.965,3800
306,30.99,30.99,30.975,30.985,1900
307,31,31.01,30.975,30.99,7496
308,31.03,31.03,31,31,1800
309,31.045,31.05,31.035,31.04,3650
310,31.03,31.04,31.03,31.04,3021
311,31,31.03,31,31.03,4609
312,30.98,31,30.98,31,2000
313,30.95,30.985,30.95,30.98,4627
314,30.95,30.96,30.9428,30.95,2557
315,30.965,30.965,30.945,30.945,2316
316,30.96,30.97,30.955,30.965,4100
317,30.94,30.96,30.94,30.96,2724
318,30.93,30.95,30.93,30.94,4000
319,30.925,30.93,30.91,30.925,4877
320,30.94,30.945,30.925,30.93,8300
321,30.94,30.95,30.935,30.95,2195
322,30.92,30.94,30.92,30.94,1400
323,30.91,30.925,30.91,30.925,2121
324,30.96,30.96,30.9,30.91,9988
325,30.925,30.95,30.925,30.95,2000
326,30.925,30.925,30.905,30.925,5062
327,30.91,30.92,30.91,30.92,3700
328,31.01,31.02,30.91,30.91,28200
329,30.955,31,30.955,31,4400
330,30.95,30.97,30.945,30.96,3675
331,30.94,30.97,30.94,30.96,3900
332,30.915,30.93,30.91,30.93,1700
333,30.93,30.94,30.92,30.92,7483
334,30.93,30.94,30.92,30.92,6900
335,30.94,30.94,30.93,30.9356,2020
336,30.945,30.95,30.94,30.95,4565
337,30.975,30.99,30.95,30.95,4743
338,30.97,30.98,30.97,30.98,1900
339,30.985,30.995,30.965,30.97,8155
340,30.97,30.98,30.97,30.98,2641
341,31.025,31.025,30.975,30.975,5385
342,31.04,31.04,31.02,31.025,8451
343,31.02,31.03,31.02,31.03,3073
344,31,31.015,30.99,31.015,5815
345,30.99,30.99,30.99,30.99,1350
346,30.97,31,30.97,31,5454
347,30.96,30.99,30.96,30.97,7548
348,30.98,30.98,30.97,30.97,1903
349,30.98,30.98,30.98,30.98,200
350,30.95,30.98,30.95,30.98,5899
351,31,31,30.955,30.96,8596
352,30.98,31,30.97,31,5600
353,30.935,30.97,30.925,30.97,6793
354,30.93,30.94,30.93,30.94,3162
355,30.91,30.92,30.9,30.92,8362
356,30.91,30.91,30.89,30.905,7150
357,30.93,30.94,30.91,30.91,3645
358,30.925,30.9266,30.92,30.9266,3963
359,30.92,30.95,30.91,30.93,11883
360,30.935,30.94,30.91,30.92,6700
361,30.965,30.97,30.935,30.94,7370
362,30.95,30.9658,30.95,30.9658,6800
363,30.965,30.97,30.95,30.95,4527
364,30.92,30.965,30.9,30.965,18888
365,30.9,30.92,30.89,30.92,8622
366,30.88,30.9088,30.88,30.89,5883
367,30.84,30.885,30.835,30.88,12785
368,30.82,30.84,30.8,30.84,15303
369,30.82,30.835,30.82,30.82,6206
370,30.82,30.835,30.81,30.81,14378
371,30.87,30.87,30.82,30.82,8061
372,30.86,30.87,30.85,30.87,6157
373,30.86,30.89,30.855,30.86,17920
374,30.87,30.89,30.85,30.865,17457
375,30.87,30.89,30.865,30.875,17293
376,30.905,30.91,30.87,30.88,10985
377,30.96,30.96,30.9,30.905,15802
378,30.985,30.985,30.945,30.955,16782
379,30.99,30.99,30.98,30.99,4300
380,31.01,31.01,30.97,30.99,30720
381,31.06,31.07,31.01,31.01,44343
382,31.07,31.08,31.06,31.06,20805
383,31.07,31.08,31.06,31.07,20507
384,31.075,31.08,31.045,31.07,18962
385,31.05,31.08,31.045,31.08,36670
386,31.08,31.08,31.05,31.06,21776
387,31.08,31.085,31.05,31.08,40757
388,31.08,31.085,31.055,31.08,30492
389,31.085,31.09,31.07,31.08,47143
390,31.1,31.12,31.08,31.09,82018
