O,Realty Income Corporation,Real Estate,9,Retail REITs,15598391907,2021770
a1497360600,56.08,56.08,56.02,56.02,500
1,55.9197,56.01,55.9197,56,15685
2,55.94,55.99,55.94,55.955,1300
3,55.83,55.99,55.83,55.98,1600
4,55.88,55.88,55.87,55.87,200
5,55.83,55.915,55.83,55.901,4025
6,55.805,55.8499,55.8,55.825,3253
7,55.8564,55.89,55.83,55.83,1371
8,55.89,55.89,55.8445,55.8445,900
9,55.88,55.92,55.8791,55.89,1756
10,55.8193,55.855,55.8,55.84,2900
11,56.01,56.03,55.85,55.86,4050
12,56.005,56.02,55.95,56.02,2128
13,56.08,56.08,56.01,56.01,2000
14,56.07,56.12,56.07,56.1,1300
15,56.13,56.13,56.114,56.114,1000
16,56.06,56.09,56.04,56.06,1216
17,56.03,56.03,56.03,56.03,200
18,56.01,56.01,56.01,56.01,500
19,56.06,56.06,55.993,56.02,2920
20,56.001,56.04,55.99,56.03,1289
21,56.0026,56.0026,56.0026,56.0026,183
22,55.9553,56.01,55.9553,55.98,1200
23,55.98,55.98,55.95,55.955,1500
24,55.96,55.97,55.9087,55.9583,1317
25,55.95,55.97,55.92,55.93,2284
26,55.95,55.95,55.95,55.95,300
27,55.99,56.02,55.96,55.98,1900
28,55.9501,55.99,55.94,55.96,1600
29,56,56,55.955,55.955,3700
30,55.99,55.99,55.95,55.98,1200
31,55.96,55.9862,55.96,55.9862,563
32,55.99,56.02,55.93,55.95,3117
33,55.955,55.99,55.95,55.99,800
34,56,56,55.95,55.95,2155
35,55.9982,56.02,55.99,56,1378
36,56.03,56.03,56.03,56.03,180
37,55.98,55.98,55.98,55.98,100
38,56.09,56.1,56.01,56.01,2247
39,56.045,56.1,56.045,56.1,800
40,56.05,56.05,56.03,56.03,200
41,56.0027,56.03,56.0027,56.03,1100
42,56.04,56.04,55.98,55.98,1479
43,56.0725,56.09,56.035,56.0532,5525
44,56.08,56.09,56.06,56.065,1625
45,56.06,56.13,56.05,56.1,10370
46,56.09,56.1,56.08,56.08,1200
47,56.09,56.1007,56.09,56.1007,500
48,56.0918,56.0918,56.0918,56.0918,195
49,56.11,56.14,56.09,56.12,1520
50,56.14,56.16,56.14,56.16,1876
51,56.16,56.16,56.14,56.15,1115
52,56.18,56.2,56.15,56.17,1400
53,56.19,56.21,56.17,56.1826,2177
54,56.18,56.23,56.18,56.23,400
55,56.24,56.24,56.18,56.18,1369
56,56.25,56.25,56.22,56.25,500
57,56.2,56.25,56.2,56.25,3614
58,56.1424,56.18,56.11,56.18,14833
59,56.2,56.23,56.135,56.16,5070
60,56.19,56.19,56.19,56.19,100
61,56.165,56.21,56.14,56.21,4727
62,56.19,56.21,56.1779,56.19,1300
63,56.1783,56.1881,56.16,56.1881,1825
64,56.18,56.18,56.18,56.18,100
65,56.15,56.17,56.15,56.1652,6200
66,56.1976,56.1976,56.16,56.17,1400
67,56.2,56.21,56.19,56.21,1765
68,56.22,56.22,56.2,56.2,880
70,56.2709,56.29,56.22,56.24,2393
71,56.299,56.3,56.2621,56.27,3701
72,56.23,56.3,56.23,56.3,3800
73,56.22,56.255,56.22,56.221,1900
74,56.26,56.26,56.2374,56.24,2690
75,56.235,56.255,56.23,56.255,2150
76,56.21,56.22,56.21,56.22,1400
77,56.28,56.29,56.215,56.23,1404
78,56.3318,56.3318,56.284,56.284,1350
79,56.2357,56.32,56.2357,56.32,3432
80,56.27,56.27,56.25,56.25,600
81,56.3183,56.32,56.241,56.248,2540
82,56.351,56.351,56.32,56.32,2200
83,56.41,56.42,56.37,56.38,3384
84,56.405,56.43,56.4,56.43,3323
85,56.4,56.43,56.4,56.42,1591
86,56.35,56.402,56.34,56.402,4614
87,56.38,56.38,56.34,56.34,2268
88,56.3499,56.37,56.34,56.3676,2000
89,56.345,56.345,56.345,56.345,800
90,56.3318,56.3747,56.33,56.33,2910
91,56.32,56.32,56.32,56.32,768
92,56.32,56.34,56.31,56.31,1000
93,56.29,56.31,56.27,56.31,2700
94,56.25,56.2899,56.25,56.2864,1925
95,56.23,56.24,56.23,56.23,1200
96,56.22,56.2411,56.22,56.2411,1684
97,56.23,56.23,56.19,56.23,3000
98,56.2374,56.25,56.2374,56.24,1850
99,56.2296,56.24,56.2199,56.24,3459
100,56.223,56.27,56.223,56.25,1996
101,56.22,56.22,56.22,56.22,330
102,56.24,56.24,56.22,56.24,1671
103,56.2,56.22,56.19,56.22,2027
104,56.19,56.19,56.18,56.18,896
105,56.24,56.24,56.2,56.2,800
106,56.245,56.245,56.245,56.245,157
107,56.2513,56.27,56.25,56.27,2705
108,56.25,56.26,56.25,56.26,1000
109,56.26,56.27,56.26,56.27,700
110,56.21,56.266,56.21,56.266,1180
111,56.24,56.24,56.2,56.2,1105
112,56.28,56.28,56.2455,56.28,1400
113,56.27,56.32,56.26,56.29,1200
114,56.23,56.2644,56.23,56.25,1290
115,56.3,56.3,56.235,56.25,2875
116,56.25,56.3,56.25,56.3,500
117,56.24,56.24,56.24,56.24,500
118,56.23,56.2585,56.22,56.25,4900
119,56.24,56.25,56.22,56.2201,2003
120,56.245,56.245,56.245,56.245,500
121,56.21,56.26,56.2,56.26,2950
122,56.19,56.21,56.19,56.21,300
123,56.18,56.2033,56.18,56.19,1010
124,56.22,56.22,56.185,56.185,6211
125,56.255,56.255,56.23,56.23,605
126,56.235,56.2484,56.22,56.2484,1800
127,56.2799,56.2799,56.24,56.25,909
128,56.305,56.31,56.27,56.27,1483
129,56.35,56.36,56.32,56.32,1900
130,56.3218,56.34,56.3101,56.34,1377
131,56.3218,56.3218,56.3218,56.3218,106
132,56.34,56.36,56.33,56.35,900
133,56.295,56.34,56.28,56.34,1700
134,56.3,56.3,56.2874,56.2874,1100
135,56.28,56.3168,56.2799,56.3168,1400
136,56.3148,56.3148,56.29,56.29,1493
137,56.275,56.32,56.27,56.32,2377
138,56.2766,56.2766,56.2675,56.27,2172
140,56.245,56.26,56.245,56.26,1519
141,56.23,56.23,56.23,56.23,1200
142,56.269,56.27,56.24,56.24,1700
143,56.25,56.27,56.25,56.27,1000
144,56.25,56.25,56.24,56.24,700
145,56.24,56.24,56.23,56.24,800
146,56.24,56.24,56.24,56.24,100
147,56.1583,56.22,56.15,56.21,3202
148,56.17,56.17,56.162,56.17,1100
149,56.16,56.1667,56.15,56.1667,907
150,56.1656,56.1656,56.16,56.16,986
151,56.18,56.18,56.16,56.18,1420
152,56.1673,56.17,56.1663,56.1663,1156
154,56.1827,56.21,56.1827,56.19,518
155,56.21,56.21,56.16,56.16,900
157,56.22,56.22,56.179,56.19,2404
158,56.19,56.21,56.19,56.2087,1542
159,56.22,56.23,56.2,56.2,734
160,56.23,56.23,56.2188,56.23,760
161,56.2125,56.2125,56.19,56.21,2288
162,56.195,56.1988,56.195,56.1988,400
163,56.2037,56.22,56.2,56.2146,2304
164,56.1832,56.2099,56.1832,56.19,566
165,56.17,56.1898,56.17,56.1885,300
166,56.1989,56.2,56.18,56.19,1513
167,56.2,56.2,56.182,56.182,726
168,56.17,56.1863,56.17,56.1837,420
169,56.22,56.22,56.1791,56.1791,1300
170,56.2062,56.2062,56.2062,56.2062,195
171,56.22,56.22,56.22,56.22,300
172,56.24,56.24,56.22,56.2273,629
173,56.24,56.26,56.2141,56.2141,4704
174,56.2,56.2237,56.19,56.2237,3625
175,56.21,56.21,56.205,56.205,200
176,56.19,56.19,56.18,56.19,1447
177,56.22,56.22,56.2,56.2,500
178,56.2157,56.22,56.2,56.215,1200
179,56.2217,56.2217,56.22,56.22,456
180,56.18,56.2138,56.18,56.2138,924
181,56.19,56.2,56.17,56.188,900
182,56.2,56.2,56.2,56.2,100
183,56.21,56.21,56.195,56.2,800
184,56.13,56.2,56.13,56.2,8227
185,56.15,56.15,56.13,56.15,1504
186,56.15,56.18,56.15,56.18,600
188,56.2,56.2,56.19,56.19,500
189,56.205,56.2063,56.1901,56.2,6453
190,56.22,56.22,56.22,56.22,100
191,56.18,56.2,56.18,56.2,1720
192,56.16,56.16,56.16,56.16,300
193,56.19,56.19,56.16,56.16,387
194,56.18,56.19,56.18,56.19,600
195,56.1676,56.17,56.1676,56.17,612
196,56.14,56.1773,56.14,56.1636,1899
197,56.12,56.135,56.12,56.135,600
198,56.1248,56.13,56.115,56.12,1300
199,56.09,56.11,56.09,56.11,2224
200,56.04,56.08,56.04,56.08,3960
201,56.04,56.04,56.02,56.04,2800
202,56.06,56.08,56.05,56.05,900
203,56.069,56.07,56.055,56.07,1900
204,56.084,56.084,56.07,56.07,2460
205,56.08,56.082,56.08,56.08,800
206,56.075,56.08,56.075,56.08,674
207,56.1,56.11,56.09,56.09,2125
208,56.12,56.12,56.12,56.12,100
209,56.12,56.12,56.12,56.12,100
210,56.105,56.11,56.1,56.11,1653
211,56.115,56.12,56.105,56.1161,2525
212,56.1,56.12,56.1,56.12,2675
213,56.09,56.1098,56.09,56.105,708
214,56.12,56.12,56.095,56.1,1100
215,56.1191,56.13,56.11,56.13,1418
216,56.11,56.12,56.11,56.11,400
217,56.11,56.1158,56.11,56.1158,1049
218,56.1043,56.12,56.1043,56.12,736
219,56.1,56.1,56.1,56.1,350
220,56.15,56.15,56.11,56.11,1962
221,56.14,56.1626,56.14,56.15,1025
222,56.13,56.14,56.13,56.1357,435
223,56.14,56.14,56.12,56.1399,2161
224,56.159,56.16,56.145,56.15,500
225,56.11,56.1443,56.11,56.1443,632
226,56.1164,56.1164,56.1164,56.1164,131
227,56.1209,56.1209,56.11,56.12,1050
228,56.1399,56.1399,56.12,56.12,1838
229,56.12,56.14,56.12,56.14,700
230,56.13,56.1432,56.13,56.13,761
231,56.1462,56.15,56.13,56.14,3107
232,56.12,56.14,56.12,56.14,200
233,56.12,56.12,56.12,56.12,100
234,56.12,56.12,56.1,56.1,560
235,56.07,56.1067,56.07,56.1067,2119
236,56.08,56.08,56.05,56.08,3511
237,56.12,56.12,56.09,56.09,1205
238,56.1232,56.1232,56.1182,56.12,1218
239,56.12,56.13,56.12,56.1275,1771
240,56.14,56.14,56.13,56.13,624
241,56.1,56.12,56.1,56.12,463
242,56.1,56.13,56.09,56.12,1400
243,56.11,56.11,56.1,56.1,2651
244,56.12,56.13,56.12,56.12,2551
245,56.08,56.11,56.08,56.11,3020
246,56.05,56.08,56.05,56.08,1600
247,56.04,56.06,56.04,56.05,1235
248,56.05,56.05,56.04,56.05,700
249,56.04,56.0431,56.04,56.0431,460
251,56.05,56.05,56.03,56.03,512
252,56.06,56.06,56.03,56.03,1300
253,56.07,56.07,56.069,56.07,1300
254,56.07,56.07,56.05,56.05,822
255,56.05,56.0799,56.05,56.0799,758
256,56.04,56.05,56.02,56.05,3469
257,56.0301,56.04,56.03,56.04,300
258,56.0478,56.0478,56.04,56.04,750
259,56.05,56.06,56.04,56.04,1725
260,56.04,56.059,56.0291,56.05,6097
261,56.05,56.05,56.02,56.0288,1217
262,56.05,56.05,56.05,56.05,100
263,56.07,56.07,56.05,56.05,500
264,56.06,56.08,56.04,56.04,1200
265,56.0899,56.0899,56.07,56.0702,637
266,56.07,56.07,56.07,56.07,100
267,56.08,56.08,56.08,56.08,100
268,56.06,56.0726,56.06,56.07,2983
269,56.1,56.1,56.08,56.0815,1616
270,56.08,56.1199,56.08,56.1199,1904
271,56.07,56.09,56.07,56.08,1511
272,56.11,56.11,56.0785,56.0785,1100
273,56.123,56.14,56.115,56.115,1500
274,56.17,56.17,56.12,56.12,2035
275,56.1766,56.1766,56.1766,56.1766,200
276,56.19,56.19,56.16,56.1612,1455
277,56.17,56.2,56.17,56.181,3790
278,56.2,56.21,56.16,56.16,1815
279,56.2,56.21,56.2,56.2089,408
280,56.18,56.2,56.18,56.2,750
281,56.185,56.19,56.185,56.19,300
282,56.2,56.2,56.18,56.18,1733
283,56.1992,56.2,56.18,56.2,1630
284,56.2,56.2,56.2,56.2,100
285,56.18,56.19,56.18,56.19,230
286,56.1551,56.18,56.15,56.18,2417
287,56.18,56.196,56.16,56.16,2850
288,56.2,56.2,56.18,56.18,1844
289,56.237,56.237,56.2015,56.2015,1470
290,56.26,56.26,56.2254,56.24,700
291,56.245,56.25,56.23,56.2494,967
292,56.27,56.27,56.25,56.25,1353
293,56.28,56.28,56.25,56.27,2391
294,56.27,56.27,56.27,56.27,696
295,56.29,56.29,56.2885,56.2885,200
296,56.23,56.2799,56.23,56.2799,2000
297,56.24,56.24,56.24,56.24,100
298,56.24,56.24,56.23,56.23,1055
299,56.24,56.24,56.23,56.2396,1640
300,56.2357,56.247,56.2347,56.2347,2051
301,56.225,56.235,56.22,56.23,825
302,56.26,56.26,56.22,56.229,3896
303,56.2518,56.26,56.23,56.25,5204
304,56.25,56.25,56.25,56.25,100
305,56.23,56.23,56.2222,56.2222,500
306,56.2109,56.2317,56.2,56.2317,1425
307,56.205,56.21,56.205,56.21,817
308,56.24,56.24,56.21,56.21,1100
309,56.2,56.2355,56.2,56.23,1458
310,56.18,56.18,56.18,56.18,400
311,56.16,56.16,56.16,56.16,200
312,56.14,56.1572,56.14,56.14,615
313,56.14,56.17,56.14,56.1602,645
314,56.1796,56.18,56.14,56.14,3236
315,56.1666,56.19,56.1642,56.1787,2291
316,56.175,56.18,56.165,56.1654,2717
317,56.1683,56.19,56.16,56.185,2289
318,56.16,56.16,56.14,56.1566,1270
319,56.177,56.177,56.15,56.17,2495
320,56.18,56.18,56.1758,56.1758,300
321,56.17,56.1794,56.15,56.17,1648
322,56.17,56.1715,56.15,56.1715,1894
323,56.17,56.1841,56.17,56.18,460
324,56.19,56.19,56.17,56.17,1845
325,56.245,56.25,56.19,56.2,992
326,56.23,56.245,56.23,56.24,1000
327,56.19,56.2271,56.19,56.225,1729
328,56.21,56.21,56.21,56.21,600
329,56.2,56.2117,56.2,56.2117,1476
330,56.2088,56.21,56.18,56.21,2893
331,56.18,56.2,56.18,56.2,900
332,56.16,56.17,56.16,56.17,853
333,56.17,56.18,56.17,56.17,906
334,56.1676,56.18,56.16,56.16,3123
335,56.2,56.2,56.18,56.18,1123
336,56.21,56.21,56.18,56.18,2705
337,56.21,56.222,56.21,56.22,2177
338,56.19,56.2,56.18,56.2,1550
339,56.225,56.25,56.19,56.19,7937
340,56.1834,56.21,56.18,56.21,3791
341,56.17,56.185,56.17,56.185,1831
342,56.171,56.19,56.17,56.17,1821
343,56.18,56.19,56.17,56.17,1141
344,56.1803,56.19,56.1787,56.1787,2047
345,56.21,56.21,56.18,56.185,1644
346,56.22,56.23,56.212,56.23,1433
347,56.23,56.23,56.21,56.2114,2197
348,56.18,56.25,56.18,56.25,4777
349,56.2,56.2,56.17,56.18,2224
350,56.185,56.195,56.18,56.195,1300
352,56.2,56.2,56.18,56.1909,2399
353,56.18,56.205,56.18,56.205,3989
354,56.19,56.19,56.175,56.175,2465
355,56.17,56.1872,56.165,56.185,1598
356,56.19,56.19,56.18,56.19,1257
357,56.195,56.199,56.195,56.199,300
358,56.205,56.205,56.195,56.2,1490
359,56.21,56.215,56.21,56.21,1576
360,56.19,56.21,56.19,56.21,2062
361,56.2001,56.21,56.18,56.18,2071
362,56.22,56.22,56.2,56.2,2325
363,56.21,56.22,56.205,56.22,1800
364,56.22,56.22,56.21,56.21,600
365,56.225,56.24,56.2199,56.22,3030
366,56.19,56.23,56.16,56.2209,11391
367,56.18,56.19,56.18,56.1814,4549
368,56.18,56.19,56.18,56.19,953
369,56.1599,56.18,56.15,56.17,1500
370,56.1492,56.1515,56.14,56.15,1732
371,56.16,56.18,56.14,56.14,4574
372,56.16,56.18,56.16,56.18,1200
373,56.17,56.18,56.16,56.16,2124
374,56.18,56.2,56.16,56.17,5077
375,56.2,56.2,56.17,56.18,1708
376,56.17,56.2,56.17,56.19,3774
377,56.18,56.185,56.17,56.17,1800
378,56.18,56.18,56.17,56.1745,1675
379,56.205,56.21,56.17,56.18,6589
380,56.21,56.22,56.2,56.21,3819
381,56.2,56.23,56.2,56.22,7610
382,56.19,56.1912,56.18,56.19,5962
383,56.18,56.195,56.18,56.19,4600
384,56.18,56.18,56.15,56.18,13490
385,56.2,56.2,56.17,56.17,1441
386,56.2,56.21,56.19,56.19,6008
387,56.21,56.225,56.19,56.19,9585
388,56.245,56.25,56.2,56.21,11392
389,56.28,56.28,56.22,56.24,15687
390,56.28,56.28,56.26,56.275,21989
