OMC,Omnicom Group,Consumer Discretionary,1,Advertising,19019801551,1798375
a1497360600,81.55,81.55,81.55,81.55,14592
1,81.51,81.67,81.32,81.63,669
2,81.62,81.62,81.6,81.61,300
3,81.59,81.59,81.59,81.59,610
4,81.547,81.561,81.547,81.561,2548
5,81.465,81.465,81.455,81.455,200
6,81.32,81.49,81.32,81.49,2400
7,81.46,81.49,81.31,81.33,1611
8,81.41,81.47,81.38,81.41,1000
9,81.43,81.43,81.3512,81.38,2125
10,81.45,81.54,81.43,81.43,1642
11,81.49,81.51,81.475,81.475,500
12,81.52,81.56,81.49,81.49,1959
13,81.51,81.54,81.51,81.54,400
14,81.52,81.55,81.5,81.51,2024
15,81.48,81.49,81.46,81.49,700
16,81.44,81.475,81.44,81.475,700
17,81.39,81.44,81.37,81.41,1000
18,81.38,81.39,81.35,81.39,900
19,81.31,81.36,81.31,81.36,800
20,81.26,81.33,81.26,81.33,2200
21,81.27,81.3,81.22,81.27,2100
22,81.23,81.27,81.23,81.27,400
23,81.2525,81.27,81.21,81.21,500
24,81.3,81.3,81.27,81.29,601
25,81.25,81.32,81.23,81.28,1804
26,81.25,81.27,81.25,81.27,400
27,81.25,81.25,81.25,81.25,300
28,81.24,81.2748,81.24,81.2748,451
29,81.25,81.25,81.23,81.23,200
30,81.3,81.31,81.25,81.25,2700
31,81.28,81.31,81.26,81.31,1400
32,81.33,81.33,81.25,81.25,16850
33,81.29,81.32,81.29,81.32,1200
34,81.3,81.31,81.28,81.3,1496
35,81.28,81.28,81.28,81.28,300
36,81.32,81.32,81.25,81.27,2200
37,81.31,81.325,81.31,81.31,700
38,81.27,81.33,81.27,81.31,700
39,81.24,81.27,81.24,81.27,1100
40,81.24,81.25,81.24,81.24,1200
41,81.2,81.24,81.2,81.24,6042
42,81.22,81.25,81.2,81.21,500
43,81.15,81.24,81.15,81.22,3003
44,81.15,81.2,81.15,81.17,2400
45,81.18,81.19,81.15,81.18,3360
46,81.17,81.17,81.17,81.17,200
47,81.1352,81.18,81.13,81.18,1009
48,81.14,81.15,81.11,81.12,7600
49,81.18,81.18,81.15,81.15,500
50,81.17,81.17,81.16,81.16,2600
51,81.25,81.26,81.18,81.18,6800
52,81.27,81.31,81.27,81.28,2700
53,81.26,81.27,81.26,81.27,800
54,81.24,81.265,81.24,81.265,500
55,81.25,81.25,81.23,81.24,1700
56,81.25,81.255,81.22,81.255,1405
57,81.295,81.295,81.25,81.25,2700
58,81.27,81.3,81.27,81.27,3101
59,81.27,81.29,81.27,81.28,1800
60,81.26,81.31,81.25,81.28,5468
61,81.34,81.34,81.25,81.27,13500
62,81.35,81.35,81.33,81.34,2200
63,81.37,81.37,81.35,81.36,1200
64,81.37,81.375,81.36,81.375,1100
65,81.38,81.38,81.345,81.38,14800
66,81.385,81.4,81.37,81.39,2800
67,81.39,81.39,81.36,81.39,7015
68,81.37,81.37,81.36,81.37,600
69,81.3775,81.38,81.36,81.37,1960
70,81.41,81.41,81.38,81.38,1200
71,81.415,81.42,81.4,81.41,2747
72,81.4525,81.5,81.415,81.4158,12836
73,81.475,81.49,81.44,81.445,2100
74,81.47,81.47,81.47,81.47,1102
75,81.45,81.46,81.45,81.46,900
76,81.48,81.5,81.45,81.45,2400
77,81.52,81.53,81.52,81.52,1300
78,81.55,81.55,81.51,81.51,4100
79,81.57,81.57,81.56,81.56,600
80,81.57,81.57,81.56,81.56,500
81,81.58,81.59,81.57,81.57,1405
82,81.56,81.59,81.55,81.59,4337
83,81.61,81.61,81.56,81.57,1700
84,81.67,81.67,81.62,81.62,1558
85,81.64,81.66,81.64,81.66,1900
86,81.66,81.7,81.655,81.655,5378
87,81.685,81.685,81.66,81.66,1700
88,81.66,81.695,81.66,81.68,4190
89,81.68,81.68,81.66,81.66,3202
90,81.66,81.68,81.66,81.68,3700
91,81.62,81.66,81.58,81.66,5531
92,81.63,81.64,81.6,81.62,3851
93,81.62,81.635,81.62,81.63,1800
94,81.62,81.63,81.62,81.63,1200
95,81.605,81.64,81.59,81.62,5242
96,81.61,81.61,81.59,81.605,1000
97,81.55,81.6099,81.55,81.6,2301
98,81.55,81.56,81.54,81.56,1158
99,81.54,81.54,81.515,81.54,3388
100,81.52,81.53,81.52,81.53,1100
101,81.5,81.52,81.5,81.52,1624
102,81.5,81.51,81.49,81.5,4825
103,81.5,81.51,81.49,81.5,2500
104,81.48,81.49,81.48,81.49,1500
105,81.45,81.48,81.45,81.48,851
106,81.4575,81.46,81.42,81.45,2600
107,81.445,81.46,81.44,81.46,4767
108,81.53,81.53,81.445,81.445,4380
109,81.49,81.53,81.49,81.53,3800
110,81.46,81.49,81.45,81.49,1473
111,81.47,81.47,81.45,81.45,1400
112,81.47,81.47,81.46,81.47,3055
113,81.46,81.46,81.45,81.46,1000
114,81.47,81.49,81.45,81.45,4614
115,81.5,81.5,81.46,81.4775,5817
116,81.51,81.52,81.5,81.51,1100
117,81.49,81.51,81.49,81.51,1999
118,81.49,81.5264,81.49,81.5,7214
119,81.51,81.54,81.5,81.5,6296
120,81.51,81.52,81.5,81.52,7000
121,81.51,81.51,81.5,81.5,1762
122,81.54,81.5458,81.515,81.52,3862
123,81.52,81.54,81.52,81.53,2271
124,81.52,81.52,81.52,81.52,300
125,81.52,81.52,81.52,81.52,350
126,81.535,81.535,81.5257,81.5257,2515
127,81.51,81.53,81.5,81.53,3000
128,81.59,81.59,81.5,81.5019,4450
129,81.5809,81.5809,81.5737,81.58,2126
130,81.625,81.625,81.6,81.6,1650
131,81.625,81.625,81.625,81.625,200
132,81.6,81.65,81.6,81.63,8430
133,81.635,81.65,81.6,81.6,4450
135,81.61,81.65,81.61,81.64,3800
136,81.65,81.66,81.6,81.6,3700
137,81.63,81.65,81.63,81.65,1800
138,81.6,81.63,81.6,81.62,2000
139,81.62,81.62,81.6,81.6,3131
140,81.61,81.62,81.6,81.6,400
141,81.53,81.6,81.53,81.6,4510
142,81.49,81.53,81.49,81.53,1600
143,81.51,81.51,81.48,81.5,4200
144,81.53,81.53,81.5,81.51,385
145,81.49,81.51,81.49,81.51,1900
146,81.485,81.56,81.48,81.49,6650
147,81.49,81.52,81.48,81.52,2900
148,81.49,81.49,81.48,81.49,700
149,81.49,81.5,81.49,81.49,1700
150,81.48,81.49,81.48,81.49,1200
151,81.47,81.49,81.465,81.49,8220
152,81.49,81.49,81.47,81.47,600
153,81.47,81.49,81.46,81.49,2400
154,81.48,81.48,81.47,81.475,2100
155,81.475,81.48,81.47,81.48,900
156,81.49,81.5,81.47,81.47,4060
157,81.495,81.495,81.49,81.49,400
158,81.5,81.5,81.5,81.5,1028
159,81.5,81.52,81.5,81.51,7646
160,81.5,81.5099,81.46,81.49,8423
161,81.5,81.5,81.48,81.5,1300
162,81.52,81.52,81.5,81.5,1850
163,81.5575,81.5575,81.53,81.5318,1569
164,81.555,81.555,81.55,81.55,400
165,81.54,81.555,81.54,81.555,1700
166,81.55,81.575,81.55,81.55,3704
167,81.54,81.55,81.54,81.55,1450
168,81.53,81.5354,81.53,81.5354,1000
169,81.53,81.54,81.52,81.53,2100
170,81.54,81.54,81.51,81.51,1500
171,81.55,81.55,81.535,81.54,1150
172,81.55,81.55,81.54,81.54,1612
173,81.56,81.56,81.54,81.55,2122
174,81.56,81.56,81.56,81.56,700
175,81.5695,81.57,81.56,81.56,615
176,81.57,81.57,81.56,81.57,500
177,81.57,81.57,81.5659,81.5659,325
178,81.56,81.57,81.555,81.56,4459
179,81.56,81.56,81.56,81.56,600
180,81.565,81.565,81.56,81.56,2200
181,81.56,81.57,81.56,81.56,1400
182,81.5659,81.5659,81.5659,81.5659,1386
183,81.59,81.59,81.57,81.57,3381
184,81.59,81.59,81.58,81.58,200
185,81.58,81.585,81.58,81.58,1800
186,81.58,81.58,81.57,81.58,4112
187,81.589,81.59,81.57,81.59,1836
188,81.56,81.57,81.56,81.57,1890
189,81.56,81.56,81.55,81.56,2200
190,81.57,81.57,81.56,81.56,2510
191,81.57,81.57,81.56,81.57,4201
192,81.56,81.57,81.56,81.57,323
193,81.56,81.58,81.56,81.58,6800
194,81.59,81.59,81.57,81.57,2650
195,81.575,81.58,81.57,81.58,600
196,81.56,81.57,81.56,81.57,700
197,81.53,81.56,81.53,81.56,3100
198,81.51,81.53,81.5,81.53,2090
199,81.56,81.56,81.51,81.51,6850
200,81.52,81.5525,81.52,81.54,1800
201,81.53,81.53,81.53,81.53,300
202,81.52,81.52,81.52,81.52,700
203,81.52,81.52,81.52,81.52,500
204,81.55,81.55,81.52,81.525,3735
205,81.58,81.58,81.56,81.56,1500
206,81.575,81.58,81.57,81.575,4467
207,81.655,81.66,81.58,81.58,6500
208,81.67,81.67,81.67,81.67,300
209,81.67,81.67,81.66,81.66,1000
210,81.67,81.67,81.67,81.67,300
211,81.665,81.665,81.64,81.66,2000
212,81.67,81.68,81.665,81.665,1300
213,81.68,81.68,81.68,81.68,400
214,81.78,81.78,81.69,81.69,5608
215,81.82,81.82,81.79,81.79,975
216,81.83,81.83,81.805,81.805,1700
217,81.84,81.84,81.81,81.82,3900
218,81.85,81.86,81.85,81.85,1700
219,81.83,81.83,81.82,81.83,2400
220,81.83,81.84,81.82,81.84,1600
221,81.78,81.83,81.78,81.83,1400
222,81.83,81.83,81.795,81.81,2975
223,81.815,81.815,81.815,81.815,300
224,81.81,81.815,81.7925,81.815,1700
225,81.79,81.8,81.78,81.8,3300
226,81.78,81.79,81.77,81.78,1400
227,81.79,81.79,81.77,81.78,1880
228,81.77,81.79,81.77,81.79,2600
229,81.795,81.8,81.755,81.76,4741
230,81.8399,81.8399,81.795,81.795,1943
231,81.84,81.84,81.82,81.82,2700
232,81.85,81.85,81.84,81.85,2600
233,81.85,81.86,81.84,81.86,500
234,81.9,81.915,81.84,81.85,9510
235,81.8853,81.91,81.8853,81.9,1426
236,81.88,81.88,81.87,81.87,300
237,81.87,81.89,81.86,81.88,3126
238,81.81,81.865,81.81,81.865,1400
239,81.85,81.86,81.8,81.81,3567
240,81.85,81.85,81.84,81.85,1200
241,81.81,81.86,81.81,81.85,3930
242,81.785,81.82,81.78,81.8,5480
243,81.78,81.785,81.775,81.785,1500
244,81.8,81.8,81.78,81.785,2139
245,81.8,81.809,81.78,81.809,1539
246,81.8,81.8081,81.8,81.8,1215
247,81.8,81.81,81.8,81.81,525
248,81.8,81.81,81.8,81.8,800
249,81.81,81.81,81.8,81.8,3180
250,81.82,81.82,81.81,81.81,2550
251,81.775,81.81,81.775,81.81,4503
252,81.79,81.81,81.78,81.78,2150
253,81.79,81.79,81.79,81.79,200
254,81.8,81.8,81.79,81.79,900
255,81.815,81.82,81.8,81.81,1500
256,81.8,81.815,81.78,81.815,2400
257,81.81,81.81,81.78,81.795,3100
258,81.87,81.89,81.79,81.79,6034
259,81.855,81.86,81.85,81.86,500
260,81.855,81.86,81.84,81.84,1400
261,81.87,81.87,81.85,81.85,1666
262,81.88,81.88,81.87,81.875,1819
263,81.85,81.86,81.84,81.86,2200
264,81.89,81.89,81.86,81.86,3669
265,81.89,81.89,81.89,81.89,700
266,81.9,81.95,81.89,81.89,11827
267,81.918,81.918,81.918,81.918,140
268,81.91,81.91,81.9,81.9,4181
269,81.91,81.91,81.9,81.9,2858
270,81.9,81.9,81.9,81.9,200
271,81.9,81.915,81.89,81.9,7302
272,81.89,81.9,81.89,81.9,1400
273,81.88,81.89,81.88,81.89,1100
274,81.87,81.87,81.87,81.87,300
275,81.86,81.889,81.86,81.87,3067
276,81.85,81.85,81.85,81.85,300
277,81.85,81.85,81.85,81.85,100
278,81.815,81.84,81.815,81.83,3050
279,81.86,81.86,81.815,81.815,7576
280,81.85,81.87,81.84,81.87,5358
281,81.85,81.85,81.85,81.85,1042
282,81.832,81.84,81.832,81.84,1128
283,81.79,81.83,81.79,81.83,1800
284,81.79,81.79,81.78,81.785,1075
285,81.785,81.8,81.78,81.8,500
286,81.78,81.78,81.77,81.77,700
287,81.75,81.77,81.74,81.76,2300
288,81.76,81.76,81.745,81.75,1760
289,81.75,81.75,81.745,81.75,800
290,81.74,81.745,81.74,81.745,950
291,81.77,81.77,81.75,81.75,2750
292,81.77,81.77,81.77,81.77,200
293,81.79,81.79,81.77,81.77,1875
294,81.82,81.82,81.785,81.79,4228
295,81.82,81.82,81.8,81.82,4618
296,81.825,81.83,81.82,81.82,400
297,81.795,81.8499,81.79,81.83,6103
298,81.81,81.81,81.8,81.8,2955
299,81.82,81.82,81.795,81.81,3675
301,81.85,81.85,81.83,81.83,2753
302,81.855,81.855,81.85,81.85,800
303,81.83,81.85,81.79,81.85,7947
304,81.85,81.86,81.84,81.84,1000
305,81.82,81.84,81.82,81.84,900
306,81.82,81.84,81.82,81.84,800
307,81.8,81.82,81.8,81.82,2400
308,81.8144,81.8409,81.8144,81.82,4606
309,81.84,81.84,81.82,81.82,2899
310,81.83,81.84,81.82,81.84,4347
311,81.86,81.86,81.84,81.84,1200
312,81.835,81.84,81.835,81.84,1510
313,81.84,81.84,81.84,81.84,1382
314,81.83,81.84,81.82,81.84,1026
315,81.83,81.83,81.83,81.83,100
316,81.77,81.82,81.765,81.82,4895
317,81.75,81.77,81.75,81.77,800
318,81.73,81.749,81.73,81.74,1312
319,81.73,81.735,81.725,81.73,1700
320,81.73,81.75,81.73,81.74,2963
321,81.75,81.75,81.73,81.73,2400
322,81.76,81.77,81.75,81.75,4048
323,81.75,81.77,81.75,81.77,1233
324,81.75,81.76,81.75,81.75,600
325,81.76,81.77,81.75,81.75,61215
326,81.75,81.7593,81.75,81.7593,226
327,81.75,81.75,81.69,81.74,7884
328,81.76,81.76,81.73,81.73,200
329,81.76,81.77,81.75,81.75,2150
330,81.77,81.77,81.76,81.76,300
331,81.75,81.76,81.75,81.76,1144
332,81.75,81.7599,81.745,81.745,3111
334,81.66,81.74,81.66,81.74,4000
335,81.67,81.67,81.66,81.66,200
336,81.67,81.67,81.66,81.66,700
337,81.67,81.7,81.66,81.66,7187
338,81.65,81.66,81.65,81.65,1000
339,81.71,81.71,81.66,81.66,2253
340,81.71,81.73,81.71,81.71,1661
341,81.7296,81.7296,81.71,81.71,2151
342,81.7,81.72,81.7,81.72,2501
343,81.66,81.69,81.66,81.69,1850
344,81.665,81.665,81.65,81.65,300
345,81.7,81.7,81.65,81.6632,3017
346,81.73,81.735,81.71,81.71,2700
347,81.72,81.73,81.72,81.73,2713
348,81.73,81.73,81.725,81.725,930
349,81.73,81.74,81.725,81.725,1678
350,81.75,81.75,81.73,81.73,3239
351,81.77,81.77,81.75,81.75,2206
352,81.77,81.78,81.76,81.78,3576
353,81.78,81.78,81.77,81.77,500
354,81.76,81.7754,81.75,81.7754,4526
355,81.76,81.765,81.76,81.765,1200
356,81.755,81.76,81.75,81.75,1816
357,81.745,81.75,81.74,81.75,1200
358,81.75,81.76,81.74,81.74,2497
359,81.74,81.76,81.73,81.76,7026
360,81.77,81.77,81.74,81.74,2800
361,81.765,81.765,81.75,81.76,4801
362,81.75,81.77,81.75,81.765,6176
363,81.76,81.77,81.755,81.76,2600
364,81.755,81.76,81.755,81.755,1300
365,81.76,81.76,81.755,81.76,2411
366,81.745,81.77,81.74,81.765,7856
367,81.77,81.77,81.75,81.75,2298
368,81.69,81.7576,81.68,81.75,5858
369,81.72,81.73,81.695,81.695,5677
370,81.715,81.72,81.71,81.71,2150
371,81.725,81.725,81.715,81.72,1750
372,81.705,81.725,81.7,81.725,5800
373,81.71,81.71,81.7,81.7,300
374,81.695,81.71,81.69,81.7,10478
375,81.7,81.71,81.695,81.695,4251
376,81.7,81.71,81.7,81.705,1100
377,81.69,81.7,81.69,81.7,1982
378,81.7,81.705,81.69,81.69,5435
379,81.715,81.715,81.7001,81.71,2229
380,81.75,81.75,81.715,81.72,7750
381,81.74,81.75,81.74,81.74,4305
382,81.68,81.75,81.66,81.745,12989
383,81.7,81.72,81.67,81.67,7600
384,81.705,81.72,81.69,81.7,5465
385,81.68,81.705,81.67,81.7,7360
386,81.7,81.7,81.68,81.68,3700
387,81.705,81.71,81.69,81.7,8393
388,81.69,81.71,81.69,81.7,10272
389,81.69,81.69,81.66,81.69,11926
390,81.74,81.74,81.68,81.69,26339
