PSA,Public Storage,Real Estate,9,Specialized REITs,36138713589,1151763
a1497360600,206.86,206.86,206.86,206.86,3956
3,206.23,206.23,206.23,206.23,100
5,206.89,206.96,206.39,206.96,600
6,206.72,206.72,206.34,206.38,300
7,207.1,207.1,206.42,206.57,1100
8,207.06,207.08,207.06,207.08,200
9,206.6675,206.91,206.64,206.91,23200
10,206.5913,206.5913,206.38,206.38,200
11,206.86,206.98,206.625,206.68,2710
12,206.71,206.83,206.71,206.83,2000
13,206.8275,206.92,206.775,206.85,1400
14,207.28,207.32,207.21,207.21,700
15,207.75,207.75,207.075,207.075,300
16,207.03,207.37,207.03,207.33,3600
17,206.98,207.1725,206.98,207.11,1140
18,206.97,207.15,206.81,207.02,18800
19,206.87,207.01,206.79,206.85,3300
20,206.8675,206.9,206.86,206.86,1966
21,206.86,206.99,206.78,206.89,2700
22,206.99,207.15,206.9,206.9,2281
23,207.08,207.33,207.08,207.185,400
24,207.095,207.33,206.99,207.33,3525
25,206.86,207.11,206.86,207.0625,1360
26,206.84,206.93,206.835,206.835,1900
27,206.93,206.97,206.79,206.83,2621
28,206.4,206.81,206.4,206.81,3513
29,206.54,206.54,206.48,206.52,800
30,206.58,206.72,206.58,206.72,400
31,206.58,206.815,206.58,206.67,1917
32,206.93,206.93,206.67,206.6966,1800
33,206.795,206.92,206.725,206.91,2400
34,206.74,206.75,206.74,206.75,300
35,206.6175,206.73,206.59,206.73,2500
36,206.56,206.655,206.44,206.53,2500
37,206.54,206.66,206.54,206.66,442
38,206.93,206.93,206.61,206.61,1300
39,206.91,206.97,206.91,206.97,300
40,206.9,206.9,206.9,206.9,100
41,206.67,206.81,206.55,206.81,4000
42,206.67,206.71,206.6,206.65,2200
43,206.695,206.81,206.61,206.63,4000
44,206.66,206.73,206.58,206.64,2500
45,206.74,206.8399,206.73,206.73,4042
46,206.8,206.9,206.7,206.7,500
47,206.78,206.9299,206.72,206.9299,1900
48,206.6,206.74,206.6,206.74,2300
49,206.55,206.71,206.55,206.635,1100
50,206.72,206.72,206.72,206.72,100
51,206.67,206.67,206.52,206.56,4455
52,206.72,206.72,206.65,206.71,1600
53,206.99,206.99,206.7,206.7,2600
54,206.8,206.91,206.77,206.91,4400
55,206.86,206.905,206.8,206.81,2100
56,206.885,206.96,206.84,206.9,4500
57,207.04,207.1,206.885,206.885,5517
58,207.1,207.1,206.96,206.96,1300
59,207.08,207.15,207.065,207.1,1100
60,207.16,207.16,207.08,207.14,882
61,207.03,207.16,207.03,207.16,2515
62,207.035,207.07,206.975,207.03,1600
63,206.87,207.055,206.85,207.04,3400
64,206.95,206.99,206.93,206.95,4410
65,206.84,206.97,206.84,206.97,1100
66,206.98,206.98,206.9,206.91,1050
67,206.94,207.05,206.94,206.98,2603
68,206.97,207,206.93,206.94,800
69,206.91,206.985,206.91,206.985,1200
70,207.225,207.2592,206.905,206.905,3204
71,207.135,207.245,207.05,207.245,18700
72,207.07,207.21,206.94,207.14,5144
73,207.13,207.13,207.035,207.1,1868
74,207.16,207.16,207.03,207.03,2619
75,207.23,207.3,207.12,207.21,6772
76,207.1,207.25,207.1,207.25,4845
77,207.15,207.24,207.04,207.18,5059
78,207.24,207.24,207.24,207.24,100
79,207.01,207.175,207.01,207.11,712
80,207.05,207.11,207.05,207.07,1673
81,207.185,207.185,207.04,207.11,900
82,207.37,207.37,207.13,207.13,2700
83,207.59,207.59,207.22,207.22,1517
84,207.37,207.47,207.35,207.45,1982
85,207.35,207.59,207.35,207.37,5719
86,207.47,207.5,207.31,207.5,4108
87,207.425,207.425,207.39,207.425,1100
88,207.4,207.48,207.3501,207.3501,1600
89,207.32,207.45,207.3,207.44,2000
90,207.21,207.37,207.21,207.33,700
91,207.2,207.29,207.17,207.29,800
92,207.21,207.25,207.165,207.165,1104
93,207.25,207.26,207.25,207.25,400
94,207.3299,207.3299,207.2,207.21,800
96,207.27,207.41,207.27,207.32,4057
97,207.42,207.43,207.26,207.26,3000
98,207.72,207.72,207.4,207.45,2100
99,207.48,207.62,207.44,207.62,1200
100,207.365,207.49,207.3,207.46,3000
101,207.5,207.5,207.393,207.393,900
102,207.51,207.61,207.51,207.57,1570
103,207.425,207.47,207.36,207.44,2500
105,207.68,207.68,207.45,207.51,2400
106,207.51,207.6125,207.47,207.6125,1030
107,207.57,207.57,207.57,207.57,100
108,207.51,207.63,207.51,207.54,1400
109,207.5,207.58,207.5,207.51,1700
110,207.76,207.76,207.66,207.66,2325
111,207.67,207.73,207.67,207.73,1480
112,207.62,207.62,207.59,207.6,600
113,207.82,207.89,207.75,207.75,1300
114,207.69,207.74,207.57,207.72,3100
115,207.72,207.72,207.72,207.72,100
117,207.55,207.69,207.55,207.68,700
118,207.585,207.64,207.585,207.61,1000
120,207.66,207.66,207.66,207.66,100
121,207.47,207.6,207.47,207.6,642
122,207.49,207.55,207.48,207.5,1900
123,207.35,207.51,207.32,207.51,1800
124,207.375,207.47,207.375,207.46,300
125,207.49,207.5,207.405,207.405,600
127,207.53,207.53,207.475,207.49,1300
128,207.37,207.52,207.355,207.52,1670
129,207.575,207.575,207.37,207.37,3738
130,207.5,207.5978,207.5,207.58,1470
131,207.54,207.54,207.54,207.54,100
132,207.485,207.57,207.43,207.51,1600
133,207.33,207.5,207.32,207.5,644
134,207.38,207.38,207.38,207.38,300
135,207.35,207.35,207.35,207.35,100
136,207.37,207.38,207.37,207.38,300
137,207.34,207.43,207.34,207.43,778
138,207.41,207.45,207.29,207.34,2172
141,207.415,207.415,207.415,207.415,100
142,207.61,207.61,207.44,207.47,800
143,207.5,207.5,207.5,207.5,100
144,207.665,207.71,207.585,207.585,3195
145,207.65,207.66,207.43,207.64,7100
146,207.79,207.79,207.52,207.57,4600
147,207.62,207.76,207.62,207.675,2100
148,207.68,207.69,207.6175,207.69,900
149,207.635,207.71,207.55,207.66,1575
150,207.61,207.7,207.61,207.68,400
151,207.7,207.73,207.62,207.62,1200
152,207.87,207.87,207.74,207.74,600
154,207.875,207.97,207.74,207.84,2281
155,207.82,207.96,207.82,207.89,2000
156,208.01,208.01,207.8493,207.91,3000
157,207.9,207.98,207.8875,207.96,1400
158,207.885,207.94,207.83,207.905,2604
159,207.99,207.99,207.939,207.939,716
160,207.9203,207.9203,207.9203,207.9203,100
161,207.88,207.91,207.84,207.85,1668
163,207.93,207.93,207.93,207.93,100
165,207.88,207.98,207.84,207.925,3707
167,207.88,207.88,207.88,207.88,209
169,207.97,207.97,207.84,207.84,988
170,208.09,208.09,208,208,1800
171,208.06,208.06,208.02,208.02,400
173,208.21,208.21,207.91,207.97,3722
174,208.16,208.23,208.145,208.18,1890
175,208.17,208.17,208.17,208.17,100
176,208.231,208.35,208.134,208.134,3031
177,208.25,208.3,208.2,208.25,1000
178,208.27,208.3,208.17,208.215,1800
179,208.01,208.18,208.0052,208.18,5052
180,207.98,208.06,207.93,208.05,1900
181,208.01,208.01,208,208.01,449
182,208.02,208.03,207.96,207.97,1300
183,207.99,208.05,207.95,208.03,2700
184,207.88,208.01,207.82,207.96,5549
185,207.84,207.91,207.79,207.875,1902
186,207.7001,207.85,207.7001,207.8,2000
187,207.63,207.72,207.62,207.72,3284
188,207.4801,207.63,207.4801,207.57,2800
189,207.57,207.6,207.55,207.55,1100
190,207.49,207.57,207.49,207.54,2800
191,207.42,207.58,207.42,207.53,2790
192,207.42,207.5,207.39,207.43,6031
193,207.42,207.51,207.4,207.44,3500
194,207.3,207.39,207.3,207.39,1600
195,207.25,207.3,207.25,207.3,1052
196,207.18,207.24,207.18,207.24,900
197,207.21,207.26,207.18,207.205,3018
198,207.24,207.24,207.18,207.2,300
199,207.23,207.24,207.1901,207.24,900
200,207.21,207.28,207.1,207.19,5005
201,207.21,207.21,207.18,207.18,330
202,207.19,207.22,207.1301,207.17,1200
203,207.1,207.13,207.09,207.13,1200
204,207.2101,207.255,207.1001,207.1001,1900
205,207.1301,207.32,207.11,207.3,4260
206,207.25,207.25,207.13,207.165,2100
207,207.25,207.255,207.19,207.2,600
208,207.2001,207.2001,207.1801,207.1801,710
209,207.26,207.28,207.1601,207.2,2007
210,207.2,207.25,207.1801,207.19,1700
211,207.24,207.26,207.16,207.25,6026
212,207.29,207.29,207.16,207.19,5200
213,207.23,207.28,207.2,207.28,1300
214,207.32,207.38,207.215,207.23,5000
215,207.44,207.44,207.335,207.38,2983
216,207.42,207.45,207.31,207.335,1200
217,207.28,207.5,207.2,207.39,10478
218,207.24,207.2601,207.21,207.2101,2100
219,207.225,207.3,207.2,207.28,1370
220,207.27,207.27,207.15,207.17,4145
221,207.23,207.33,207.23,207.29,900
222,207.2,207.27,207.16,207.26,3548
223,207.16,207.25,207.16,207.24,644
224,207.21,207.27,207.21,207.27,800
225,207.16,207.24,207.16,207.2,1223
226,207.17,207.22,207.17,207.22,1100
227,207.17,207.26,207.16,207.24,2641
228,207.28,207.28,207.1,207.18,4800
229,207.12,207.225,207.12,207.16,2200
230,207.3,207.3,207.22,207.22,200
231,207.22,207.22,207.12,207.18,1600
232,207.14,207.22,207.09,207.18,4400
233,206.91,207.08,206.91,207.08,5546
234,206.98,207,206.91,206.91,1800
235,206.88,206.96,206.88,206.96,1300
236,206.88,206.88,206.83,206.83,900
237,206.69,206.87,206.69,206.87,2550
238,206.66,206.75,206.65,206.75,2700
239,206.65,206.7,206.65,206.69,1100
240,206.645,206.68,206.59,206.66,1800
241,206.565,206.64,206.49,206.59,3294
242,206.64,206.64,206.565,206.565,2098
243,206.94,206.94,206.67,206.67,3095
244,207.01,207.03,206.91,206.94,1532
245,206.92,207.03,206.92,207.01,2979
246,206.89,206.95,206.89,206.9,500
247,206.83,206.9,206.74,206.89,3052
248,206.79,206.82,206.79,206.82,1004
249,206.7,206.79,206.68,206.79,2300
250,206.65,206.8,206.61,206.7,2100
251,206.66,206.73,206.66,206.66,1000
252,206.76,206.76,206.66,206.725,1100
253,206.885,206.92,206.8,206.92,700
254,206.91,206.92,206.83,206.83,600
255,206.83,206.94,206.81,206.94,4500
256,206.85,207.02,206.79,206.79,9500
257,206.91,206.96,206.88,206.88,500
258,207.03,207.03,206.91,206.91,2100
259,207.03,207.03,206.93,206.93,6442
260,206.94,206.99,206.88,206.96,3797
261,206.98,206.98,206.86,206.89,6219
262,206.96,207.05,206.93,206.93,5900
263,207.03,207.07,206.93,206.97,6045
264,207.05,207.09,206.97,206.985,5231
265,207.07,207.13,206.93,207,14700
266,207.17,207.25,206.99,207.12,4075
267,207.12,207.205,207.11,207.175,3799
268,207.15,207.16,207.1,207.1,3200
269,207.34,207.43,207.18,207.18,3659
270,207.22,207.35,207.22,207.3201,2900
271,207.35,207.36,207.265,207.265,1000
272,207.37,207.4,207.37,207.37,800
273,207.385,207.41,207.38,207.4,1400
274,207.41,207.45,207.405,207.405,500
275,207.51,207.51,207.43,207.47,3000
276,207.52,207.58,207.44,207.48,17927
277,207.54,207.57,207.52,207.55,4410
278,207.56,207.58,207.535,207.56,5256
279,207.58,207.58,207.51,207.53,1600
280,207.58,207.64,207.54,207.59,7516
281,207.565,207.565,207.54,207.56,2447
282,207.59,207.6175,207.59,207.59,4117
283,207.54,207.605,207.505,207.605,1975
284,207.5483,207.59,207.5483,207.572,3550
285,207.58,207.61,207.53,207.53,2900
286,207.49,207.59,207.47,207.59,2500
287,207.5,207.52,207.49,207.52,800
288,207.44,207.5,207.44,207.5,842
289,207.47,207.48,207.4,207.44,2706
290,207.46,207.53,207.3835,207.435,6402
291,207.39,207.45,207.31,207.44,2800
292,207.29,207.365,207.29,207.35,4695
293,207.295,207.31,207.25,207.28,4810
294,207.29,207.38,207.29,207.375,6679
295,207.32,207.35,207.25,207.35,1800
296,207.21,207.34,207.21,207.32,5800
297,207.26,207.28,207.22,207.23,5700
298,207.24,207.29,207.2199,207.255,10131
299,207.27,207.33,207.22,207.245,11554
300,207.19,207.3,207.11,207.27,10155
301,207.18,207.24,207.14,207.165,5943
302,207.105,207.24,207.08,207.165,11382
303,207.1,207.13,207.035,207.05,1635
304,207.12,207.14,207.09,207.12,1250
305,207.05,207.05,207.01,207.0422,571
306,207.125,207.125,207.07,207.07,2800
307,207.2,207.2,207.11,207.125,3600
308,207.265,207.265,207.215,207.215,1900
309,207.18,207.265,207.07,207.23,7093
310,207.18,207.18,207.16,207.16,400
311,207.095,207.165,207.07,207.15,4300
312,207.145,207.145,207.1,207.1,2500
313,207.1201,207.165,207.1201,207.15,3224
314,207.1,207.13,207.08,207.12,2456
315,207.12,207.21,207.1,207.12,5374
316,207.155,207.19,207.11,207.19,15050
317,207.12,207.195,207.11,207.17,4134
318,207.13,207.13,207.11,207.115,700
319,207.13,207.14,207.115,207.12,1300
320,207.12,207.15,207.1028,207.125,2720
321,207.115,207.115,207.11,207.11,1015
322,207.04,207.09,207.01,207.09,2094
323,207.08,207.08,207.04,207.04,3100
324,207.15,207.15,207.12,207.12,2004
325,207.24,207.2862,207.15,207.15,5557
326,207.13,207.2399,207.13,207.21,3579
327,207.13,207.23,207.09,207.11,10987
328,207.145,207.16,207.09,207.15,1319
329,207.2,207.2,207.115,207.19,1500
330,207.21,207.21,207.16,207.195,2301
331,207.2,207.21,207.16,207.185,3900
332,207.15,207.24,207.15,207.2,2400
333,207.17,207.17,207.09,207.13,3400
334,207.345,207.4,207.18,207.18,4832
335,207.41,207.41,207.33,207.33,3374
336,207.57,207.57,207.37,207.4,5019
337,207.42,207.545,207.42,207.545,2729
338,207.43,207.49,207.39,207.42,1500
339,207.45,207.475,207.45,207.475,200
340,207.45,207.5299,207.45,207.46,900
341,207.5,207.5,207.46,207.46,300
342,207.545,207.55,207.49,207.5,700
343,207.5,207.57,207.48,207.57,1226
344,207.48,207.576,207.48,207.5,2900
345,207.51,207.55,207.47,207.47,5200
346,207.56,207.56,207.49,207.53,5001
347,207.43,207.56,207.43,207.56,4150
348,207.4,207.45,207.39,207.43,5064
349,207.425,207.45,207.37,207.38,4374
350,207.32,207.365,207.32,207.365,300
351,207.39,207.43,207.33,207.34,12012
352,207.44,207.44,207.38,207.38,1500
353,207.43,207.43,207.41,207.42,500
354,207.38,207.39,207.37,207.38,1504
355,207.45,207.45,207.34,207.34,11350
356,207.46,207.48,207.42,207.43,2084
357,207.42,207.49,207.41,207.47,2100
358,207.425,207.425,207.425,207.425,300
359,207.43,207.43,207.425,207.425,200
360,207.44,207.47,207.41,207.46,3469
361,207.56,207.57,207.43,207.44,10500
362,207.64,207.64,207.51,207.56,3504
363,207.7,207.7,207.67,207.67,500
364,207.8,207.8,207.72,207.72,1595
365,207.95,207.95,207.83,207.83,1900
366,207.9,207.98,207.85,207.98,3300
367,207.93,207.94,207.93,207.9399,2135
368,207.91,207.98,207.9,207.94,3893
369,207.81,207.9,207.79,207.89,5150
370,207.87,207.87,207.79,207.79,4365
371,207.89,207.92,207.87,207.89,2300
372,207.88,207.92,207.86,207.92,1221
373,207.94,207.94,207.9,207.9,600
374,207.99,208,207.94,207.95,4433
375,208.04,208.08,207.98,207.98,11943
376,208.01,208.11,208.01,208.08,3000
377,208,208.06,208,208.01,3491
378,208.03,208.069,208.01,208.01,4038
379,208.03,208.06,208.02,208.04,7510
380,208.06,208.07,208.03,208.04,4157
381,208.04,208.07,208.03,208.06,3028
382,207.98,208.03,207.98,208.02,4500
383,208.02,208.02,208,208,3000
384,208.045,208.06,208.03,208.04,2217
385,208.08,208.08,208.04,208.05,3817
386,208.15,208.17,208.06,208.075,8241
387,208.18,208.18,208.12,208.13,10002
388,208.24,208.28,208.17,208.18,16550
389,208.34,208.4,208.23,208.24,16912
390,208.4,208.43,208.26,208.36,29761
