QCOM,QUALCOMM Inc.,Information Technology,7,Semiconductors,85667358738,11413336
a1497360600,57.71,57.95,57.68,57.95,116698
1,57.82,57.96,57.72,57.85,20272
2,57.83,57.88,57.81,57.84,11628
3,57.88,57.91,57.84,57.85,15377
4,57.78,57.89,57.76,57.87,17613
5,57.84,57.85,57.76,57.77,17433
6,57.94,57.94,57.86,57.86,12140
7,57.95,57.95,57.8502,57.9412,26152
8,57.95,57.9892,57.92,57.95,18154
9,57.9,57.96,57.88,57.96,25055
10,57.89,57.915,57.86,57.9,46130
11,57.9,57.915,57.83,57.883,43941
12,57.92,57.93,57.88,57.89,20973
13,57.94,57.95,57.91,57.91,22699
14,57.98,57.99,57.93,57.9334,14533
15,58.01,58.035,57.94,57.98,42120
16,57.95,58.01,57.92,58.01,18201
17,57.91,57.97,57.9,57.95,22724
18,57.92,57.92,57.86,57.9,15343
19,57.925,57.94,57.9,57.93,20073
20,57.93,57.955,57.88,57.92,25663
21,57.9,57.97,57.89,57.92,27619
22,57.91,57.91,57.85,57.89,25569
23,57.92,57.93,57.89,57.91,51328
24,57.93,57.94,57.91,57.91,14732
25,57.985,57.99,57.93,57.94,23771
26,58.015,58.02,57.9756,57.99,17752
27,58.035,58.035,57.99,58.0234,32620
28,58.005,58.035,58,58.03,19139
29,58.02,58.065,58.01,58.01,23644
30,58,58.035,58,58.03,10790
31,57.975,58.0072,57.97,58,32267
32,57.905,57.97,57.905,57.97,16657
33,57.9,57.93,57.9,57.905,18107
34,57.875,57.9,57.86,57.895,25699
35,57.865,57.8838,57.85,57.88,15496
36,57.9,57.905,57.865,57.865,8235
37,57.88,57.925,57.87,57.905,19309
38,57.885,57.89,57.86,57.88,19300
39,57.88,57.9054,57.87,57.89,23436
40,57.875,57.89,57.86,57.875,18580
41,57.88,57.89,57.85,57.875,40993
42,57.875,57.9,57.865,57.88,48239
43,57.9,57.92,57.87,57.875,50771
44,57.85,57.93,57.85,57.91,50419
45,57.83,57.87,57.82,57.85,19449
46,57.82,57.86,57.82,57.825,22938
47,57.77,57.83,57.76,57.825,23601
48,57.725,57.775,57.7221,57.77,12050
49,57.66,57.73,57.66,57.73,26085
50,57.62,57.66,57.62,57.66,5671
51,57.635,57.6493,57.63,57.63,21266
52,57.64,57.65,57.6143,57.64,34520
53,57.68,57.6821,57.63,57.64,10503
54,57.73,57.745,57.685,57.6867,12498
55,57.65,57.72,57.65,57.72,10306
56,57.7,57.7,57.655,57.655,7499
57,57.75,57.75,57.7,57.7,8513
58,57.72,57.75,57.72,57.75,10521
59,57.695,57.715,57.675,57.71,12116
60,57.74,57.74,57.69,57.69,7363
61,57.76,57.79,57.75,57.75,18510
62,57.7914,57.8,57.76,57.7769,18446
63,57.8,57.83,57.8,57.8,12486
64,57.77,57.8069,57.77,57.8069,35380
65,57.73,57.7754,57.73,57.77,10055
66,57.71,57.74,57.71,57.74,7809
67,57.7359,57.75,57.71,57.72,19774
68,57.73,57.745,57.725,57.7363,12332
69,57.73,57.74,57.725,57.73,5072
70,57.77,57.77,57.72,57.73,13729
71,57.75,57.7867,57.75,57.78,9194
72,57.7327,57.76,57.7314,57.75,12978
73,57.745,57.766,57.7362,57.7362,8817
74,57.72,57.76,57.71,57.75,14343
75,57.715,57.72,57.69,57.71,20974
76,57.71,57.72,57.685,57.71,13826
77,57.67,57.71,57.655,57.7,17639
78,57.71,57.715,57.67,57.67,14849
79,57.75,57.77,57.71,57.72,16577
80,57.74,57.74,57.725,57.74,7400
81,57.74,57.75,57.72,57.73,19023
82,57.72,57.76,57.72,57.75,16197
83,57.74,57.7401,57.71,57.725,15872
84,57.75,57.78,57.74,57.74,11356
85,57.71,57.75,57.68,57.75,16105
86,57.695,57.73,57.69,57.7,32449
87,57.68,57.6965,57.655,57.6965,12115
88,57.67,57.7,57.66,57.69,22477
89,57.67,57.68,57.6501,57.67,15798
90,57.66,57.675,57.645,57.675,17569
91,57.63,57.66,57.63,57.65,17113
92,57.59,57.65,57.58,57.64,15346
93,57.57,57.6166,57.57,57.59,13240
94,57.57,57.5868,57.565,57.57,8422
95,57.575,57.61,57.565,57.57,15707
96,57.63,57.64,57.57,57.57,10296
97,57.615,57.63,57.6,57.625,9406
98,57.59,57.629,57.58,57.615,22215
99,57.61,57.61,57.58,57.59,9627
100,57.65,57.66,57.6,57.6,52846
101,57.67,57.685,57.64,57.65,11868
102,57.675,57.68,57.6499,57.67,14320
103,57.68,57.705,57.675,57.675,11645
104,57.65,57.69,57.65,57.69,11911
105,57.685,57.6858,57.65,57.65,13351
106,57.68,57.695,57.67,57.68,7262
107,57.69,57.7,57.675,57.675,10732
108,57.7241,57.735,57.69,57.69,39602
109,57.72,57.75,57.711,57.73,20754
110,57.715,57.74,57.71,57.71,16119
111,57.695,57.71,57.69,57.71,14446
112,57.69,57.699,57.67,57.69,9788
113,57.71,57.71,57.6769,57.69,11464
114,57.75,57.7799,57.72,57.72,31313
115,57.7454,57.76,57.73,57.74,17499
116,57.8,57.8,57.74,57.75,26838
117,57.77,57.8,57.76,57.7944,18430
118,57.79,57.805,57.75,57.76,23199
119,57.805,57.815,57.79,57.79,5552
120,57.85,57.855,57.805,57.805,10030
121,57.83,57.8662,57.83,57.85,9926
122,57.83,57.8402,57.83,57.83,4625
123,57.85,57.87,57.83,57.83,13339
124,57.825,57.8453,57.82,57.8453,4076
125,57.83,57.8399,57.8,57.82,17144
126,57.84,57.84,57.82,57.83,5623
127,57.85,57.87,57.84,57.84,11520
128,57.84,57.87,57.84,57.86,5133
129,57.855,57.86,57.82,57.8409,11035
130,57.86,57.88,57.86,57.87,13618
131,57.88,57.88,57.86,57.86,13338
132,57.855,57.8866,57.85,57.8866,17346
133,57.9,57.94,57.85,57.8662,15251
134,57.9,57.92,57.9,57.9,4008
135,57.92,57.93,57.9,57.9,5600
136,57.9312,57.95,57.93,57.93,8898
137,57.95,57.96,57.93,57.93,10592
138,57.92,57.95,57.92,57.95,5146
139,57.91,57.92,57.905,57.9199,9642
140,57.86,57.91,57.86,57.91,11384
141,57.8483,57.86,57.83,57.8534,10027
142,57.87,57.87,57.84,57.85,6156
143,57.89,57.9,57.86,57.88,7487
144,57.925,57.93,57.9,57.9,8698
145,57.906,57.93,57.9,57.925,5457
146,57.875,57.91,57.87,57.9044,10096
147,57.87,57.9,57.85,57.88,19267
148,57.8809,57.8809,57.86,57.87,7383
149,57.9,57.905,57.87,57.87,7878
150,57.91,57.92,57.9,57.9,5165
151,57.88,57.91,57.87,57.91,7886
152,57.84,57.89,57.84,57.885,15982
153,57.859,57.86,57.83,57.84,9815
154,57.85,57.8644,57.84,57.85,9715
155,57.82,57.85,57.82,57.85,5678
156,57.785,57.82,57.785,57.82,4871
157,57.805,57.81,57.785,57.79,10232
158,57.805,57.82,57.8,57.81,11126
159,57.84,57.86,57.8033,57.805,15319
160,57.84,57.84,57.82,57.835,7496
161,57.85,57.85,57.84,57.84,3931
162,57.85,57.86,57.85,57.85,5139
163,57.8771,57.88,57.85,57.85,7425
164,57.885,57.89,57.8754,57.88,8639
165,57.88,57.89,57.88,57.88,2736
166,57.8844,57.89,57.88,57.8854,3836
167,57.85,57.8866,57.85,57.8866,9381
168,57.81,57.84,57.8,57.84,8142
169,57.77,57.81,57.77,57.8,3566
170,57.8,57.8,57.765,57.77,13377
171,57.81,57.82,57.81,57.81,4519
172,57.78,57.81,57.78,57.8,3315
173,57.7754,57.78,57.75,57.78,13820
174,57.765,57.77,57.755,57.77,3000
175,57.76,57.7789,57.76,57.765,6520
176,57.785,57.79,57.76,57.76,3642
177,57.76,57.79,57.76,57.79,4860
178,57.78,57.78,57.75,57.76,4314
179,57.755,57.795,57.755,57.79,9895
180,57.77,57.78,57.75,57.76,6500
181,57.78,57.78,57.75,57.77,10878
182,57.77,57.79,57.77,57.78,6312
183,57.765,57.785,57.76,57.76,5766
184,57.76,57.77,57.76,57.7641,6841
185,57.74,57.77,57.73,57.76,6761
186,57.79,57.8,57.73,57.73,23800
187,57.79,57.805,57.785,57.79,9210
188,57.81,57.81,57.785,57.795,13557
189,57.82,57.82,57.795,57.81,7249
190,57.8453,57.85,57.82,57.8277,6091
191,57.85,57.865,57.85,57.85,8599
192,57.8735,57.88,57.84,57.84,6110
193,57.87,57.9,57.8654,57.8654,12317
194,57.855,57.875,57.855,57.87,5625
195,57.825,57.85,57.82,57.85,5990
196,57.83,57.83,57.8241,57.83,11437
197,57.8269,57.8344,57.82,57.8344,4680
198,57.85,57.85,57.825,57.83,4858
199,57.85,57.86,57.84,57.84,5670
200,57.82,57.85,57.82,57.85,5850
201,57.79,57.82,57.79,57.82,2027
202,57.805,57.81,57.78,57.8,11612
203,57.82,57.82,57.8,57.81,11191
204,57.8238,57.83,57.81,57.82,9392
205,57.84,57.845,57.83,57.83,10126
206,57.81,57.84,57.81,57.84,5730
207,57.835,57.84,57.82,57.82,5810
208,57.8469,57.8469,57.82,57.83,6204
209,57.84,57.84,57.83,57.84,2743
210,57.84,57.84,57.83,57.84,5124
211,57.81,57.837,57.81,57.835,10774
212,57.79,57.815,57.78,57.815,10570
213,57.76,57.785,57.758,57.785,5411
214,57.77,57.78,57.7629,57.77,5585
215,57.78,57.78,57.765,57.765,4967
216,57.76,57.77,57.74,57.77,14620
217,57.75,57.76,57.74,57.755,8627
218,57.78,57.78,57.75,57.75,4500
219,57.785,57.8,57.78,57.78,13601
220,57.75,57.785,57.74,57.785,8401
221,57.76,57.7665,57.75,57.75,14389
222,57.785,57.79,57.76,57.7699,4596
223,57.79,57.8,57.78,57.79,8044
224,57.81,57.81,57.79,57.79,9060
225,57.82,57.82,57.805,57.81,4880
226,57.83,57.83,57.82,57.83,1789
227,57.84,57.84,57.82,57.82,7351
228,57.815,57.85,57.815,57.845,8910
229,57.81,57.82,57.8,57.81,14470
230,57.815,57.82,57.81,57.81,2766
231,57.7934,57.81,57.78,57.81,13463
232,57.79,57.795,57.78,57.79,3617
233,57.8159,57.82,57.785,57.785,3618
234,57.83,57.835,57.82,57.82,5061
235,57.815,57.835,57.8042,57.835,10113
236,57.78,57.8186,57.78,57.815,5985
237,57.76,57.775,57.76,57.775,15074
238,57.75,57.78,57.73,57.77,51112
239,57.765,57.77,57.745,57.75,7112
240,57.79,57.79,57.7634,57.7634,3995
241,57.78,57.8,57.78,57.79,11810
242,57.765,57.7758,57.76,57.7758,4317
243,57.775,57.7754,57.76,57.765,7787
244,57.77,57.775,57.77,57.775,2518
245,57.77,57.78,57.77,57.77,5044
246,57.7566,57.779,57.75,57.775,13664
247,57.73,57.76,57.73,57.755,13833
248,57.74,57.74,57.73,57.73,4800
249,57.76,57.76,57.74,57.74,9693
250,57.7486,57.76,57.735,57.76,12766
251,57.735,57.76,57.71,57.74,33565
252,57.73,57.745,57.72,57.7369,12875
253,57.73,57.75,57.73,57.75,5845
254,57.73,57.74,57.72,57.735,12649
255,57.75,57.76,57.73,57.73,7276
256,57.735,57.76,57.735,57.76,6630
257,57.6966,57.73,57.685,57.73,22462
258,57.67,57.71,57.6502,57.6959,9012
259,57.66,57.6728,57.642,57.67,3922
260,57.67,57.679,57.66,57.66,5367
261,57.67,57.68,57.65,57.665,14291
262,57.65,57.675,57.64,57.67,19178
263,57.66,57.6601,57.65,57.65,5104
264,57.617,57.6501,57.615,57.65,9600
265,57.63,57.64,57.61,57.6152,13168
266,57.64,57.64,57.61,57.64,7899
267,57.65,57.65,57.639,57.64,2400
268,57.67,57.69,57.65,57.66,10969
269,57.67,57.68,57.67,57.67,2580
270,57.68,57.68,57.66,57.67,6009
271,57.68,57.69,57.665,57.68,6134
272,57.65,57.679,57.645,57.679,13197
273,57.66,57.67,57.64,57.65,5611
274,57.63,57.665,57.63,57.665,7828
275,57.65,57.67,57.63,57.63,10000
276,57.655,57.6699,57.65,57.66,7934
277,57.6659,57.67,57.66,57.665,2409
278,57.67,57.69,57.66,57.67,25494
279,57.71,57.71,57.67,57.675,12486
280,57.705,57.735,57.7,57.71,8470
281,57.715,57.72,57.705,57.7069,8955
282,57.67,57.72,57.665,57.71,13333
283,57.65,57.6833,57.641,57.68,10663
284,57.66,57.66,57.64,57.6459,14009
285,57.62,57.66,57.61,57.66,22434
286,57.65,57.65,57.615,57.62,7220
287,57.6599,57.665,57.64,57.64,6833
288,57.65,57.67,57.64,57.66,10731
289,57.67,57.68,57.65,57.65,9609
290,57.6899,57.6899,57.67,57.675,5560
291,57.7,57.705,57.689,57.689,9407
292,57.67,57.71,57.67,57.71,15099
293,57.65,57.6735,57.65,57.6701,24563
294,57.65,57.65,57.64,57.64,7408
295,57.665,57.675,57.655,57.655,5965
296,57.69,57.69,57.66,57.66,5892
297,57.66,57.6869,57.6587,57.6869,13834
298,57.635,57.66,57.635,57.66,7700
299,57.62,57.6365,57.62,57.635,5300
300,57.615,57.6299,57.61,57.6277,5638
301,57.65,57.65,57.61,57.61,20497
302,57.67,57.67,57.645,57.645,3296
303,57.59,57.675,57.59,57.67,15746
304,57.6266,57.6266,57.595,57.595,10779
305,57.6,57.63,57.6,57.63,9647
306,57.6,57.6054,57.59,57.6,4551
307,57.6299,57.65,57.6,57.6,23201
308,57.6152,57.636,57.61,57.63,7259
309,57.64,57.64,57.6101,57.62,5561
310,57.65,57.65,57.64,57.645,6088
311,57.645,57.655,57.63,57.655,9098
312,57.63,57.64,57.63,57.64,4805
313,57.62,57.645,57.62,57.63,21535
314,57.615,57.625,57.6,57.62,6800
315,57.63,57.63,57.62,57.62,5870
316,57.63,57.6499,57.63,57.635,6674
317,57.6537,57.6537,57.635,57.64,5384
318,57.66,57.66,57.65,57.65,6151
319,57.6385,57.66,57.63,57.6566,10152
320,57.645,57.66,57.635,57.64,8746
321,57.659,57.66,57.64,57.64,10681
322,57.67,57.67,57.6538,57.6538,8060
323,57.67,57.68,57.66,57.67,7662
324,57.635,57.675,57.63,57.67,16623
325,57.6,57.64,57.6,57.635,7150
326,57.59,57.61,57.59,57.6,8973
327,57.57,57.59,57.57,57.59,14758
328,57.5931,57.5967,57.5632,57.57,12476
329,57.62,57.6254,57.5869,57.59,6490
330,57.64,57.645,57.62,57.62,6676
331,57.63,57.64,57.62,57.63,7615
332,57.595,57.63,57.595,57.62,13639
333,57.617,57.63,57.6031,57.6031,10745
334,57.59,57.6155,57.58,57.61,13501
335,57.58,57.6,57.58,57.59,12129
336,57.565,57.58,57.56,57.58,5476
337,57.58,57.585,57.565,57.565,9193
338,57.57,57.59,57.57,57.58,4405
339,57.59,57.59,57.57,57.57,4829
340,57.58,57.5965,57.57,57.59,10852
341,57.59,57.59,57.57,57.58,10422
342,57.58,57.615,57.57,57.5899,123258
343,57.585,57.5885,57.58,57.5855,3999
344,57.5846,57.6,57.58,57.5869,8855
345,57.56,57.585,57.56,57.585,6781
346,57.569,57.575,57.565,57.565,15212
347,57.565,57.57,57.56,57.56,3709
348,57.575,57.575,57.56,57.5699,14427
349,57.58,57.586,57.57,57.5746,7641
350,57.575,57.58,57.575,57.5754,2521
351,57.58,57.58,57.57,57.575,18480
352,57.585,57.59,57.57,57.58,9909
353,57.5732,57.585,57.57,57.58,15568
354,57.575,57.5854,57.56,57.58,23904
355,57.58,57.58,57.57,57.575,5224
356,57.565,57.58,57.56,57.57,13509
357,57.56,57.57,57.56,57.56,16098
358,57.545,57.565,57.54,57.56,6497
359,57.5662,57.58,57.545,57.55,19414
360,57.59,57.595,57.57,57.57,23017
361,57.58,57.59,57.58,57.59,11069
362,57.595,57.6,57.56,57.575,21053
363,57.585,57.6,57.58,57.595,21868
364,57.58,57.6,57.58,57.59,22198
365,57.595,57.6,57.58,57.59,16065
366,57.59,57.6,57.585,57.595,31124
367,57.575,57.59,57.55,57.59,42319
368,57.585,57.585,57.56,57.58,19799
369,57.58,57.59,57.57,57.5801,19187
370,57.6275,57.635,57.58,57.585,28417
371,57.62,57.64,57.61,57.63,28740
372,57.59,57.615,57.57,57.615,33007
373,57.5901,57.6,57.59,57.59,6991
374,57.5869,57.6,57.57,57.59,27832
375,57.59,57.615,57.58,57.58,13479
376,57.5831,57.6,57.5623,57.595,24233
377,57.61,57.61,57.585,57.59,10703
378,57.595,57.62,57.595,57.605,24528
379,57.615,57.62,57.595,57.6,14612
380,57.6,57.62,57.59,57.615,26721
381,57.58,57.6054,57.575,57.6,43468
382,57.57,57.59,57.57,57.58,19753
383,57.52,57.57,57.52,57.57,42480
384,57.53,57.55,57.5,57.53,76120
385,57.51,57.525,57.51,57.52,25870
386,57.54,57.55,57.51,57.515,53137
387,57.53,57.55,57.53,57.55,22399
388,57.5565,57.56,57.53,57.535,36342
389,57.53,57.5599,57.53,57.55,58300
390,57.54,57.56,57.51,57.535,793837
