SHW,Sherwin-Williams,Materials,8,Specialty Chemicals,32434277535,568714
a1497360600,348.88,349.28,348.88,349.17,9449
1,349.8,349.97,348.61,348.7,796
3,349.86,349.86,349.86,349.86,100
5,349.52,349.52,349.51,349.51,200
6,349.49,350.15,349.49,349.62,1600
7,350.05,350.07,349,349.76,10665
8,350.05,350.08,350.03,350.03,400
9,349.98,350.22,349.835,350.01,3478
10,350.19,350.24,349.65,350.11,2675
11,350.21,350.21,350.18,350.18,400
12,350.3969,350.3969,350.21,350.21,825
13,350.78,350.78,350.55,350.55,400
14,350.545,350.83,350.385,350.81,800
15,350.67,350.72,350.36,350.545,12000
16,350.555,350.6,350.39,350.43,1507
17,351,351,350.7,350.72,2200
18,351.05,351.05,351.05,351.05,100
19,351.49,351.49,351.03,351.215,2725
20,351.53,351.62,351.36,351.62,400
21,351.75,351.75,351.75,351.75,110
22,351.55,351.55,351.465,351.465,200
23,351.55,351.55,351.55,351.55,600
24,351.36,351.45,351.36,351.45,200
25,351.38,351.38,351.38,351.38,100
26,351.59,351.65,351.25,351.48,3984
27,351.595,351.84,351.5,351.77,7400
28,351.78,351.79,351.27,351.545,2700
29,352.06,352.07,351.595,351.595,2300
30,352.78,352.78,352.02,352.02,600
31,352.175,352.51,352.175,352.425,1300
32,352.325,352.39,352.325,352.325,300
33,352.18,352.43,352.16,352.42,2437
34,352.46,352.46,352.16,352.16,1600
35,352.52,352.789,352.385,352.385,2250
36,352.36,352.58,352,352.44,5250
37,352.39,352.57,352.125,352.47,5265
38,352,352.5,351.82,352.405,3735
39,351.98,352.0086,351.975,352.0086,1500
40,352.16,352.245,351.98,351.98,5989
41,352.47,352.47,352.26,352.26,3120
42,352.8,352.8,352.55,352.55,500
43,352.68,352.74,352.67,352.74,600
44,352.73,352.73,352.31,352.68,5153
45,352.46,352.66,352.42,352.66,3846
46,352.7,352.7,352.498,352.5,2063
47,352.71,352.71,352.71,352.71,100
48,352.79,352.79,352.79,352.79,200
49,352.84,352.84,352.84,352.84,100
51,352.62,352.66,352.62,352.66,200
52,352.84,352.84,352.79,352.79,600
53,352.7301,352.9,352.7301,352.88,2209
54,352.7251,352.73,352.72,352.73,601
55,352.7367,352.84,352.7367,352.835,941
57,352.5425,352.5425,352.51,352.53,2551
58,352.6373,352.81,352.5,352.52,5960
59,352.64,352.64,352.6099,352.63,512
60,352.7,352.71,352.7,352.7,300
61,352.81,352.81,352.81,352.81,100
63,352.64,352.64,352.64,352.64,100
64,352.5,352.63,352.5,352.61,1200
65,352.3884,352.47,352.3884,352.47,1030
66,352.35,352.35,352.35,352.35,100
67,352.5,352.55,352.45,352.499,3100
68,352.2,352.41,351.9,352.4,5200
69,351.885,351.96,351.88,351.9,1200
70,352.09,352.09,351.885,351.885,700
72,352.21,352.21,352.1297,352.1297,401
73,352,352.152,352,352.152,206
74,352,352.074,352,352.074,600
75,351.9,351.91,351.86,351.91,300
76,351.39,351.39,351.39,351.39,100
77,351.51,351.54,351.49,351.49,700
79,351.66,351.66,351.66,351.66,100
80,351.33,351.64,351.33,351.64,1200
81,351.1397,351.17,351.1397,351.17,250
82,351.19,351.28,351.18,351.24,1566
83,351.13,351.16,351.13,351.16,500
84,351.06,351.06,351.06,351.06,100
85,350.42,351.06,350.42,351.06,2995
86,350.91,350.98,350.8,350.81,1732
87,350.89,350.89,350.89,350.89,100
88,350.5508,350.74,350.5508,350.65,1150
89,350.515,350.58,350.51,350.56,1191
90,350.5,350.6559,350.5,350.6559,400
92,350.94,350.94,350.66,350.66,500
93,350.945,350.945,350.945,350.945,300
95,350.95,350.95,350.95,350.95,200
96,350.98,350.98,350.98,350.98,200
98,351.05,351.08,350.94,350.94,500
99,351.31,351.31,351.23,351.23,200
100,351.39,351.4,351.34,351.34,1535
104,351.46,351.46,351.46,351.46,100
105,351.27,351.45,351.27,351.45,400
106,351.61,351.61,351.32,351.38,6200
107,351.5,351.61,351.5,351.56,800
108,351.26,351.5,351.26,351.46,700
110,351.55,351.55,351.26,351.26,889
112,351.83,351.83,351.82,351.83,300
115,351.37,351.775,351.37,351.65,2800
116,351.43,351.49,351.25,351.31,1500
117,351.38,351.45,351.38,351.38,600
121,351.45,351.81,351.45,351.63,700
122,351.64,351.64,351.64,351.64,1000
123,351.555,351.555,351.555,351.555,100
124,351.38,351.74,351.27,351.74,1300
125,351.66,351.66,351.645,351.645,200
127,351.65,351.65,351.43,351.43,600
128,351.42,351.42,351.42,351.42,100
129,351.4992,351.4992,351.4992,351.4992,500
131,351,351.2,351,351.12,600
132,351.07,351.07,351.07,351.07,100
133,351.17,351.17,350.95,350.95,1200
135,351.45,351.45,351.27,351.27,800
136,351.5,351.5,351.44,351.44,2100
139,351.415,351.415,351.415,351.415,230
140,351.62,351.62,351.56,351.5699,440
141,351.3494,351.3494,351.3494,351.3494,188
144,351.425,351.425,351.425,351.425,134
145,351.425,351.53,351.425,351.485,847
146,351.3,351.35,351.06,351.35,2300
147,351.48,351.48,351.02,351.16,1840
150,351.18,351.38,351.18,351.33,400
153,351.415,351.415,351.415,351.415,100
154,351.6,351.61,351.46,351.46,1100
156,351.72,351.75,351.66,351.67,500
157,351.71,351.9,351.71,351.86,1200
159,351.69,351.78,351.69,351.75,500
160,351.6059,351.78,351.6059,351.78,402
161,351.65,351.65,351.65,351.65,100
166,351.56,351.56,351.46,351.51,1400
167,351.495,351.495,351.495,351.495,100
169,351.375,351.515,351.375,351.45,900
170,351.22,351.22,351.22,351.22,100
171,351.429,351.429,351.33,351.33,200
173,351.56,351.56,351.22,351.25,3200
174,351.39,351.39,351.31,351.31,342
175,351.37,351.48,351.37,351.42,726
176,351.475,351.475,351.475,351.475,300
177,351.46,351.46,351.46,351.46,386
178,351.41,351.44,351.41,351.44,676
179,351.44,351.54,351.36,351.36,1938
182,351.465,351.52,351.36,351.515,3135
183,351.37,351.435,351.36,351.36,721
184,351.385,351.43,351.32,351.36,1502
186,351.425,351.425,351.425,351.425,183
189,351.41,351.41,351.41,351.41,100
190,351.4562,351.4562,351.4562,351.4562,182
191,351.37,351.405,351.34,351.405,1000
192,351.42,351.42,351.355,351.39,700
193,351.44,351.47,351.42,351.42,400
196,351.575,351.64,351.49,351.62,2209
198,351.65,351.65,351.65,351.65,100
199,351.57,351.57,351.57,351.57,100
200,351.67,351.67,351.6,351.6,600
201,351.7,351.7,351.64,351.64,200
202,351.82,351.82,351.77,351.77,400
203,351.88,351.88,351.83,351.83,300
205,351.92,351.92,351.88,351.88,200
206,351.93,351.97,351.93,351.97,500
207,351.97,352.02,351.97,352,800
210,351.91,351.91,351.91,351.91,100
211,351.81,351.92,351.81,351.91,2400
212,351.88,351.88,351.82,351.82,1000
213,351.71,351.845,351.71,351.845,600
214,351.81,351.81,351.585,351.74,3300
215,351.96,351.96,351.78,351.85,2100
216,351.66,351.9,351.66,351.9,3970
217,351.7,351.76,351.62,351.66,1900
218,351.51,351.51,351.51,351.51,400
219,351.52,351.55,351.51,351.55,600
221,351.621,351.64,351.621,351.64,1194
223,351.78,351.88,351.6,351.65,1000
224,351.99,351.99,351.99,351.99,191
226,352.07,352.07,351.926,351.926,200
228,352.01,352.04,351.93,352.04,2000
230,352.095,352.095,352.07,352.07,200
232,352.08,352.08,352.06,352.06,323
233,352.38,352.38,352.13,352.13,3813
235,352.42,352.42,352.42,352.42,100
236,352.47,352.5,352.41,352.47,2406
237,352.4,352.54,352.33,352.53,2651
238,352.49,352.51,352.49,352.5,600
241,352.425,352.49,352.425,352.49,200
242,352.35,352.36,352.35,352.36,500
243,352.22,352.285,352.22,352.22,700
244,352.04,352.04,352.04,352.04,200
245,352.42,352.43,352.15,352.15,3130
246,352.49,352.49,352.43,352.43,800
248,352.445,352.445,352.445,352.445,100
249,352.58,352.58,352.46,352.52,936
250,352.6,352.6,352.6,352.6,200
251,352.56,352.64,352.49,352.64,1200
253,352.5,352.5,352.42,352.44,500
254,352.65,352.7,352.565,352.565,1000
256,352.56,352.7,352.56,352.7,2446
257,352.6,352.78,352.58,352.76,2292
258,352.57,352.8,352.555,352.57,2400
259,352.82,352.87,352.78,352.78,500
260,352.84,352.84,352.591,352.83,960
261,353.035,353.12,352.8156,352.8156,2584
262,353.33,353.33,353.12,353.12,1840
263,352.99,353.12,352.99,353.08,1900
264,353.03,353.03,352.76,352.98,1100
265,352.92,352.92,352.92,352.92,100
266,352.985,352.99,352.94,352.97,1341
270,352.89,352.89,352.89,352.89,100
271,352.83,352.885,352.82,352.82,400
272,352.82,352.88,352.82,352.88,695
273,353.12,353.12,352.92,352.92,700
275,353,353,353,353,500
276,352.97,352.97,352.97,352.97,100
277,353,353,353,353,500
278,353.31,353.31,353,353,3100
279,353.39,353.39,353.38,353.38,200
280,353.35,353.5,353.35,353.5,1300
281,353.41,353.42,353.36,353.37,1333
282,353.48,353.48,353.48,353.48,200
283,353.47,353.52,353.39,353.43,1200
284,353.69,353.69,353.48,353.48,1356
285,353.71,353.71,353.7,353.7,800
286,353.59,353.71,353.57,353.61,2800
287,353.585,353.59,353.54,353.59,900
288,353.55,353.6,353.46,353.49,2700
289,353.46,353.5,353.46,353.5,500
290,353.52,353.52,353.52,353.52,100
291,353.45,353.52,353.45,353.52,900
292,353.4625,353.54,353.39,353.54,2423
293,353.59,353.59,353.42,353.42,1500
294,353.62,353.67,353.55,353.67,450
295,353.6357,353.6357,353.6357,353.6357,200
296,353.78,353.78,353.78,353.78,100
297,353.65,353.65,353.625,353.625,500
298,353.78,353.78,353.58,353.65,2300
299,353.78,353.78,353.78,353.78,100
300,353.7778,353.7778,353.7778,353.7778,680
301,353.77,353.86,353.76,353.76,1557
302,353.795,353.795,353.74,353.74,700
303,353.74,353.775,353.65,353.775,3717
304,353.7,353.75,353.7,353.75,200
306,353.87,353.87,353.715,353.715,800
307,353.95,353.95,353.8581,353.86,1642
308,353.835,353.84,353.79,353.81,1600
309,353.92,353.92,353.86,353.8799,700
310,353.96,354,353.96,353.96,589
312,353.97,353.975,353.9,353.93,2197
313,353.91,353.91,353.83,353.86,600
314,353.84,353.84,353.84,353.84,100
315,353.71,353.84,353.7,353.7,800
316,353.7,353.745,353.69,353.69,651
317,353.775,353.8599,353.765,353.82,1132
318,353.85,353.85,353.7639,353.7639,355
319,353.78,353.83,353.78,353.83,1300
320,353.78,353.78,353.71,353.72,1600
321,353.68,353.71,353.68,353.71,300
322,353.71,353.71,353.61,353.7,3309
323,353.36,353.67,353.33,353.62,4340
324,353.31,353.31,353.19,353.29,500
325,353.175,353.175,353.175,353.175,100
326,353.1,353.1,353.05,353.09,400
327,352.7901,353.105,352.7901,353.05,2300
328,352.81,352.81,352.81,352.81,100
329,352.81,352.81,352.81,352.81,100
330,352.869,352.87,352.74,352.815,2500
332,352.899,352.9,352.899,352.9,383
333,352.96,353.04,352.9,352.9,1800
334,353.09,353.09,353.07,353.07,700
335,353.18,353.18,353.09,353.09,1073
336,353.19,353.19,353.19,353.19,100
337,353.3,353.34,353.3,353.34,800
338,353.42,353.42,353.295,353.295,305
339,353.37,353.4,353.35,353.4,1700
340,353.44,353.44,353.43,353.43,300
341,353.425,353.435,353.37,353.435,1280
342,353.36,353.43,353.35,353.37,925
343,353.31,353.35,353.27,353.35,2200
344,353.345,353.35,353.33,353.33,400
345,353.34,353.43,353.34,353.35,1700
346,353.43,353.43,353.4,353.4,300
347,353.47,353.47,353.47,353.47,100
348,353.385,353.47,353.36,353.47,1770
349,353.44,353.44,353.385,353.385,800
350,353.45,353.5,353.445,353.46,3285
351,353.54,353.54,353.44,353.44,1100
352,353.48,353.545,353.46,353.51,2472
353,353.44,353.5,353.44,353.5,200
354,353.57,353.57,353.485,353.54,600
355,353.67,353.67,353.6,353.6,800
356,353.74,353.79,353.59,353.62,1700
357,353.88,353.905,353.74,353.74,2200
358,353.85,353.93,353.84,353.92,600
359,353.88,353.88,353.83,353.85,1600
360,354.04,354.04,353.93,353.93,1428
361,354.01,354.07,353.95,354,6927
362,353.91,354.01,353.91,354.01,2200
363,353.955,353.98,353.92,353.92,800
364,354.09,354.09,353.99,353.99,1843
365,354.14,354.14,354.0999,354.0999,602
366,354.14,354.14,354.07,354.07,200
367,354.09,354.16,354.06,354.095,11000
368,353.915,354.13,353.89,354.13,4143
369,353.87,354.03,353.815,353.95,6537
370,353.85,353.85,353.84,353.84,300
371,353.81,353.82,353.72,353.815,6208
372,353.65,353.735,353.61,353.67,1600
373,353.635,353.635,353.61,353.61,400
374,353.66,353.68,353.59,353.59,1500
375,353.505,353.7,353.505,353.66,7883
376,353.45,353.51,353.45,353.47,1000
377,353.39,353.49,353.38,353.48,1781
378,353.4,353.4,353.4,353.4,100
379,353.38,353.425,353.38,353.4,500
380,353.4749,353.48,353.42,353.46,1500
381,353.35,353.45,353.35,353.45,1200
382,353.33,353.42,353.29,353.41,1600
383,353.24,353.33,353.24,353.29,1585
384,353.23,353.24,353.16,353.24,800
385,353.2175,353.25,353.17,353.2,2701
386,353.205,353.23,353.17,353.2175,5545
387,353.0971,353.21,353.08,353.2,2633
388,353.055,353.11,353.04,353.11,3937
389,353.095,353.11,352.96,353.04,4905
390,353.24,353.24,353.0001,353.06,15355
