UHS,Universal Health Services Inc.,Health Care,5,Health Care Facilities,11413778204,681880
a1497360600,116.2,116.2,116.2,116.2,4775
1,116.03,116.2,116.03,116.2,200
3,116.1,116.1,116.1,116.1,100
4,116.095,116.15,116.055,116.1,1000
5,116.1,116.17,116.045,116.045,1100
6,116.1,116.1,116.04,116.1,1300
7,116.21,116.21,116.12,116.12,700
8,116.15,116.17,116.15,116.17,400
11,116.21,116.24,116.07,116.11,3601
12,116.24,116.24,116.24,116.24,100
13,116.08,116.19,116.08,116.135,700
14,116.02,116.095,115.995,116.095,33800
15,116.15,116.17,116.05,116.07,1700
16,116.36,116.36,116.1994,116.22,2652
17,116.3,116.3,116.28,116.29,800
18,116.23,116.31,116.2,116.31,3700
19,116.3,116.35,116.19,116.34,1223
21,116.21,116.24,116.135,116.18,3300
22,116.2,116.2,116.055,116.19,3000
23,116.19,116.21,116.19,116.2,700
24,116.12,116.17,116.12,116.17,700
25,116,116,116,116,100
26,116.16,116.16,115.96,116.06,1500
31,116.11,116.19,116.1,116.19,1085
32,116.0734,116.0734,116.0734,116.0734,248
33,116.11,116.11,116.07,116.07,696
34,115.94,116.07,115.94,116.07,1100
35,115.97,115.97,115.97,115.97,100
36,116.08,116.08,115.95,115.97,992
37,116.14,116.14,116.14,116.14,100
38,116.02,116.105,116.02,116.105,600
39,115.94,115.94,115.94,115.94,200
40,115.89,115.89,115.89,115.89,100
41,115.78,115.86,115.78,115.86,500
42,115.86,115.86,115.7,115.7,1400
43,115.81,115.81,115.77,115.78,600
44,115.71,115.77,115.71,115.77,400
46,115.57,115.57,115.57,115.57,100
47,115.52,115.58,115.52,115.58,600
48,115.5,115.5,115.47,115.47,200
49,115.5,115.54,115.5,115.5,900
50,115.6,115.6,115.55,115.55,800
52,116.04,116.04,115.755,115.755,2601
53,116.03,116.08,116.03,116.08,400
54,116.07,116.07,116.07,116.07,100
59,115.99,116,115.95,116,2510
60,116.02,116.02,116.01,116.01,901
61,115.92,116.06,115.92,116.06,3200
62,116.08,116.08,116.08,116.08,100
63,115.99,116.04,115.99,116.04,900
64,115.955,115.98,115.94,115.95,595
65,115.955,115.955,115.955,115.955,100
66,115.87,115.96,115.87,115.96,700
67,116.03,116.03,115.9,115.9,1399
70,115.985,116.015,115.95,116.015,1300
71,116.04,116.04,115.94,115.95,2653
72,116.045,116.045,116.045,116.045,100
73,116.045,116.045,116.045,116.045,700
75,115.99,116.02,115.92,116.02,3700
76,115.96,115.96,115.94,115.96,800
77,116.07,116.07,116.02,116.02,900
78,116.05,116.12,116.05,116.12,900
79,116.05,116.05,116.05,116.05,100
80,116.06,116.07,116.06,116.06,600
82,116.16,116.18,116.08,116.095,2074
83,116.12,116.17,116.08,116.17,1500
85,116.03,116.09,116.03,116.08,1402
86,116.16,116.16,116.065,116.09,650
87,116.28,116.28,116.2,116.2,1200
89,116.255,116.3,116.25,116.25,900
90,116.28,116.28,116.28,116.28,100
91,116.3,116.3,116.18,116.25,2450
92,116.29,116.29,116.29,116.29,300
93,116.34,116.34,116.28,116.28,600
94,116.5,116.5,116.38,116.38,1500
95,116.49,116.49,116.44,116.44,500
96,116.3716,116.45,116.36,116.45,1484
97,116.435,116.435,116.4,116.4,1100
98,116.55,116.69,116.46,116.47,11189
99,116.605,116.62,116.55,116.58,3272
100,116.59,116.6,116.55,116.57,1923
101,116.58,116.58,116.55,116.58,1750
102,116.595,116.61,116.595,116.6,900
103,116.57,116.57,116.48,116.56,7014
104,116.54,116.57,116.53,116.57,1100
105,116.62,116.63,116.535,116.535,1595
107,116.53,116.61,116.49,116.61,1100
109,116.62,116.62,116.57,116.57,600
110,116.52,116.57,116.52,116.57,600
112,116.54,116.57,116.5,116.53,2000
113,116.545,116.545,116.51,116.51,300
114,116.35,116.5,116.34,116.5,1151
115,116.37,116.37,116.29,116.29,592
116,116.45,116.45,116.42,116.42,800
117,116.4897,116.5,116.43,116.44,1820
118,116.525,116.53,116.45,116.45,4600
119,116.5325,116.56,116.515,116.515,1400
122,116.54,116.54,116.5175,116.52,2304
123,116.62,116.62,116.56,116.56,400
124,116.7,116.7,116.685,116.685,600
125,116.81,116.81,116.65,116.67,1600
126,116.72,116.78,116.63,116.77,1300
129,116.68,116.705,116.68,116.705,200
130,116.7,116.7228,116.7,116.7228,774
131,116.6689,116.7,116.63,116.7,1700
132,116.74,116.74,116.63,116.66,1500
134,116.7575,116.77,116.71,116.73,1600
135,116.62,116.72,116.62,116.72,1000
136,116.72,116.72,116.65,116.65,900
137,116.67,116.67,116.67,116.67,200
138,116.51,116.61,116.51,116.59,500
139,116.57,116.57,116.52,116.53,800
140,116.44,116.605,116.44,116.58,600
141,116.55,116.55,116.43,116.44,3227
143,116.46,116.49,116.41,116.49,400
144,116.4,116.4,116.4,116.4,100
145,116.3,116.39,116.3,116.39,1700
146,116.38,116.41,116.38,116.39,1705
147,116.32,116.36,116.32,116.36,200
148,116.32,116.32,116.32,116.32,100
149,116.33,116.33,116.3,116.31,300
150,116.33,116.36,116.25,116.27,2350
151,116.295,116.295,116.295,116.295,100
155,116.18,116.18,116.18,116.18,300
156,116.1,116.14,116.1,116.14,300
158,116.24,116.25,116.1525,116.18,2928
159,116.28,116.31,116.28,116.3,500
160,116.25,116.25,116.25,116.25,200
161,116.165,116.255,116.13,116.23,700
165,116.11,116.11,116.11,116.11,200
167,116.08,116.08,116.05,116.06,1100
168,116.09,116.12,116.09,116.11,1200
170,115.98,116.0208,115.98,116.0208,1050
171,116.11,116.12,116,116.01,1833
172,116.11,116.19,116.11,116.13,1637
173,115.95,116.12,115.95,116.12,1900
174,116.01,116.03,115.985,115.9999,1200
175,115.99,116.06,115.99,116.06,1506
176,115.99,116.03,115.99,115.99,500
177,116.11,116.11,116.01,116.01,1700
178,116.19,116.19,116.12,116.12,1098
179,116.14,116.19,116.12,116.19,2858
180,115.99,116.07,115.94,116.07,2162
181,116.0176,116.0176,115.95,115.95,940
182,116.15,116.15,116.03,116.04,3578
183,116.15,116.16,116.11,116.15,2007
184,116.09,116.09,116,116.09,1900
185,116.07,116.07,116.03,116.04,1000
186,116.12,116.12,116.05,116.05,3000
187,116.17,116.21,116.15,116.15,2999
188,116.1,116.22,116.1,116.2,2400
189,116.13,116.15,116.1,116.1,2500
190,116.08,116.14,116.08,116.135,2900
191,116.1,116.1,115.98,116.08,3700
192,116.2,116.2,116.12,116.12,700
193,116.2,116.2,116.155,116.155,2652
194,116.12,116.25,116.1,116.25,2126
195,116.09,116.1,116.05,116.06,1500
196,116.14,116.14,116.095,116.1199,1100
197,116.11,116.13,116.06,116.12,2085
198,116.17,116.17,116.13,116.13,600
199,116.13,116.14,116.1,116.14,3100
200,116.1,116.125,116.1,116.125,1400
201,116.09,116.1,116.06,116.09,2600
202,116.03,116.07,116.02,116.07,500
203,116.005,116.005,115.96,115.99,400
204,115.955,116,115.93,116,1842
205,116.015,116.015,115.98,115.98,900
206,115.985,115.9999,115.985,115.9999,300
207,116.07,116.07,116,116,600
208,116.0875,116.1,116.0401,116.08,1448
209,116.1,116.1,116.09,116.09,700
210,116.09,116.09,116.08,116.08,200
211,116.01,116.02,115.98,116.02,900
212,115.985,116,115.98,116,700
213,116.01,116.01,115.975,115.975,1000
214,116.17,116.17,116.05,116.05,800
215,116.15,116.15,116.15,116.15,100
216,116.1,116.1,116.1,116.1,100
217,116.105,116.105,116.105,116.105,100
218,116.03,116.105,116.03,116.105,700
219,116.13,116.13,116.03,116.045,2200
220,116.05,116.05,116.05,116.05,1800
221,116.15,116.15,116.025,116.03,4175
222,116.11,116.14,116.11,116.14,700
223,116.03,116.0934,116.03,116.0934,2349
224,116.15,116.15,116.02,116.02,2800
225,116.06,116.13,116.04,116.12,2000
226,116.09,116.09,116.01,116.05,6430
227,116.03,116.05,116.02,116.05,2450
228,116.08,116.08,116.01,116.03,1400
229,116.05,116.09,116.01,116.07,5233
230,116.01,116.077,116.01,116.01,3220
231,116.02,116.02,116.01,116.01,700
232,116.05,116.05,116.04,116.04,300
234,116.02,116.02,116.02,116.02,100
235,116.045,116.045,116.02,116.02,760
236,115.97,116.03,115.97,116.03,600
237,115.99,115.99,115.99,115.99,200
240,116.0273,116.0273,116,116,722
241,116.05,116.1,116.05,116.05,1199
242,116.03,116.03,116.03,116.03,100
243,116,116,116,116,200
244,116.02,116.02,116,116.01,600
245,116.04,116.0733,116.04,116.0733,301
246,115.975,116.02,115.975,116.01,1400
247,116.085,116.085,115.98,115.98,2655
248,116.06,116.06,116.03,116.03,2000
249,116.0195,116.08,116.01,116.055,600
250,116.04,116.04,116.03,116.03,300
251,116,116.01,115.98,116.01,2100
252,116.02,116.065,116.02,116.03,1300
253,116.05,116.05,116.04,116.04,700
254,116.03,116.03,116.03,116.03,100
256,116.01,116.03,116.01,116.03,200
257,115.995,115.995,115.995,115.995,100
258,116.09,116.09,116.03,116.03,1000
260,116.11,116.11,116.11,116.11,100
262,116.11,116.11,116.11,116.11,100
263,116.07,116.08,116.07,116.08,400
266,116.04,116.04,116.04,116.04,100
267,116.08,116.08,116.08,116.08,100
268,116.0775,116.08,116.04,116.04,300
269,116.08,116.09,116.0401,116.0401,1249
270,115.98,116.05,115.95,116.05,1000
271,115.965,115.98,115.96,115.96,800
272,115.95,116,115.95,115.98,1200
273,115.91,115.92,115.91,115.92,300
274,115.97,115.97,115.88,115.92,2501
275,115.96,116.02,115.96,116.02,1100
276,116.0375,116.0375,115.92,115.94,1114
277,116,116.04,116,116.04,1150
278,116.09,116.13,115.98,116,4397
279,116.22,116.28,116.11,116.11,2100
280,116.15,116.2017,116.15,116.2017,339
281,116.11,116.16,116.11,116.15,500
282,116.2,116.2,116.15,116.15,200
283,116.2,116.2,116.15,116.19,1100
285,116.1679,116.1679,116.1679,116.1679,156
287,116.16,116.16,116.16,116.16,100
288,116.18,116.22,116.18,116.21,600
289,116.145,116.15,116.14,116.15,500
290,116.125,116.14,116.1,116.13,900
291,116.105,116.11,116.105,116.11,200
292,116.16,116.2,116.1325,116.16,800
293,116.11,116.16,116.11,116.16,200
295,116.19,116.19,116.16,116.16,900
296,116.15,116.15,116.15,116.15,100
297,116.2,116.2,116.2,116.2,200
298,116.16,116.16,116.15,116.15,300
299,116.12,116.12,116.12,116.12,200
301,116.21,116.21,116.1575,116.17,1100
302,116.18,116.19,116.18,116.19,300
303,116.11,116.17,116.11,116.17,400
304,116.09,116.09,116.09,116.09,200
305,116.04,116.04,116.04,116.04,100
306,116.14,116.18,116.1,116.1,1200
307,116.21,116.21,116.21,116.21,100
308,116.14,116.19,116.14,116.19,800
309,116.06,116.11,116.06,116.11,800
311,116.09,116.1,116.04,116.04,1332
312,116.11,116.11,116.11,116.11,100
313,116.08,116.09,116.08,116.09,200
314,116.06,116.06,116.06,116.06,100
316,116.055,116.055,116.055,116.055,100
317,116.04,116.04,116.02,116.02,200
318,116.01,116.01,116.01,116.01,100
319,116,116,116,116,238
320,116.01,116.01,115.9875,116,2802
321,115.965,116,115.93,115.97,700
322,116.015,116.02,115.9775,116,1800
324,116.02,116.02,116.02,116.02,498
325,116.08,116.11,116.02,116.02,5100
326,116.06,116.06,116.06,116.06,100
327,116,116.04,116,116.04,700
328,115.96,115.96,115.96,115.96,100
330,115.94,115.97,115.94,115.97,1050
331,116.02,116.02,115.975,115.975,1500
332,116,116.02,115.99,116.02,953
333,115.985,115.985,115.97,115.97,700
334,115.94,115.95,115.94,115.95,433
336,115.98,116.01,115.96,115.96,2126
337,116.015,116.02,115.94,115.94,900
338,116,116,115.99,115.99,700
339,116,116.02,115.98,116.01,30349
340,116,116.03,115.98,115.98,2862
341,116.03,116.04,116.01,116.01,1200
342,116.01,116.04,116,116.025,3092
343,116.02,116.02,116.02,116.02,100
345,116.01,116.03,116,116,400
346,116.04,116.05,116.01,116.04,3523
347,116.04,116.04,116.03,116.03,300
348,116.03,116.035,116.03,116.035,300
349,116.02,116.02,116.02,116.02,354
350,115.98,116,115.98,116,1326
351,116.0475,116.05,115.97,115.98,3229
352,116.06,116.08,116.05,116.06,700
353,116.03,116.04,116.03,116.04,400
354,116,116,116,116,200
356,115.96,116.01,115.96,116.01,696
357,116,116,115.96,115.96,850
358,116.01,116.01,115.99,116.01,2449
359,115.95,115.99,115.94,115.99,2001
360,115.96,115.96,115.95,115.95,200
361,115.935,115.94,115.93,115.94,652
362,115.94,115.94,115.89,115.91,3653
363,115.91,115.92,115.91,115.92,200
364,115.9,115.94,115.9,115.93,1379
365,115.9275,115.93,115.91,115.91,600
366,115.92,115.92,115.9,115.91,4717
367,115.92,115.92,115.89,115.91,3343
368,115.89,115.92,115.89,115.915,2253
369,115.89,115.89,115.88,115.885,300
370,115.83,115.89,115.78,115.89,3000
371,115.74,115.76,115.72,115.76,500
372,115.69,115.72,115.68,115.72,4704
373,115.795,115.8,115.705,115.705,4100
374,115.775,115.81,115.775,115.8,3287
375,115.75,115.8,115.73,115.79,1000
376,115.7,115.77,115.7,115.77,2046
377,115.71,115.71,115.68,115.7,1300
378,115.71,115.72,115.695,115.695,500
379,115.67,115.73,115.67,115.71,1949
380,115.74,115.74,115.7,115.71,1100
381,115.69,115.73,115.69,115.73,2107
382,115.67,115.69,115.67,115.69,4795
383,115.625,115.68,115.62,115.66,4800
384,115.665,115.665,115.59,115.6,6261
385,115.605,115.65,115.6,115.65,1018
386,115.645,115.67,115.59,115.59,4483
387,115.67,115.69,115.65,115.66,4038
388,115.66,115.67,115.62,115.67,4652
389,115.71,115.71,115.64,115.66,3287
390,115.84,115.84,115.67,115.69,7445
