WMB,Williams Cos.,Energy,3,Oil & Gas Storage & Transportation,24482883213,6071121
a1497360600,29.44,29.44,29.44,29.44,36772
1,29.45,29.46,29.44,29.44,7650
2,29.4,29.45,29.4,29.43,4397
3,29.395,29.44,29.395,29.4,5800
4,29.4,29.4,29.385,29.39,3800
5,29.405,29.42,29.4,29.4,6873
6,29.47,29.47,29.39,29.4,15527
7,29.47,29.49,29.44,29.46,17706
8,29.515,29.515,29.47,29.47,6200
9,29.49,29.5,29.48,29.5,6717
10,29.485,29.5,29.46,29.485,18435
11,29.52,29.52,29.49,29.5,6649
12,29.53,29.53,29.51,29.52,7359
13,29.535,29.56,29.535,29.54,12853
14,29.545,29.545,29.53,29.535,7500
15,29.5,29.55,29.49,29.545,49615
16,29.5,29.5,29.48,29.5,15400
17,29.48,29.52,29.48,29.51,4700
18,29.46,29.46,29.45,29.46,22125
19,29.435,29.46,29.42,29.46,11417
20,29.4544,29.47,29.425,29.43,12005
21,29.42,29.45,29.41,29.45,8859
22,29.4,29.42,29.39,29.42,16916
23,29.42,29.425,29.405,29.405,6039
24,29.45,29.455,29.42,29.42,11314
25,29.47,29.48,29.45,29.45,6300
26,29.5,29.5,29.47,29.47,2894
27,29.495,29.52,29.495,29.5023,6730
28,29.51,29.515,29.495,29.495,5215
29,29.49,29.51,29.49,29.51,3240
30,29.43,29.49,29.43,29.49,10549
31,29.39,29.44,29.39,29.44,14642
32,29.41,29.425,29.39,29.395,112737
33,29.415,29.42,29.385,29.395,4075
34,29.425,29.43,29.41,29.41,3200
35,29.445,29.45,29.43,29.43,13022
36,29.41,29.445,29.41,29.445,10232
37,29.425,29.43,29.41,29.41,20961
38,29.46,29.46,29.43,29.43,9200
39,29.47,29.47,29.45,29.46,7130
40,29.465,29.485,29.4637,29.48,11800
41,29.51,29.51,29.465,29.465,10625
42,29.5,29.51,29.5,29.51,6073
43,29.5,29.51,29.5,29.5,11800
44,29.47,29.51,29.47,29.51,25849
45,29.49,29.49,29.47,29.475,15140
46,29.51,29.52,29.49,29.49,9597
47,29.52,29.52,29.505,29.51,8254
48,29.52,29.535,29.52,29.525,2700
49,29.515,29.535,29.515,29.52,37183
50,29.49,29.52,29.485,29.51,58055
51,29.525,29.53,29.49,29.49,36989
52,29.53,29.54,29.52,29.52,109853
53,29.55,29.56,29.52,29.5338,187553
54,29.56,29.575,29.54,29.555,34307
55,29.55,29.56,29.54,29.56,18944
56,29.56,29.56,29.54,29.55,15415
57,29.58,29.59,29.55,29.565,156295
58,29.61,29.615,29.57,29.58,40916
59,29.6,29.62,29.5999,29.61,10716
60,29.645,29.65,29.595,29.6,11950
61,29.655,29.655,29.63,29.65,13970
62,29.65,29.66,29.645,29.655,10846
63,29.68,29.68,29.645,29.655,20855
64,29.655,29.685,29.65,29.675,12409
65,29.645,29.66,29.64,29.66,29606
66,29.65,29.665,29.64,29.65,24428
67,29.64,29.66,29.64,29.65,21129
68,29.61,29.65,29.6,29.645,29194
69,29.61,29.62,29.61,29.61,17687
70,29.645,29.65,29.61,29.61,19407
71,29.645,29.65,29.64,29.645,13432
72,29.6,29.6456,29.6,29.6456,12018
73,29.59,29.61,29.58,29.6,43086
74,29.615,29.615,29.59,29.59,17224
75,29.585,29.61,29.57,29.61,12513
76,29.605,29.605,29.565,29.58,21754
77,29.6,29.615,29.595,29.61,9102
78,29.61,29.62,29.595,29.6,21345
79,29.6,29.62,29.6,29.601,9906
80,29.605,29.61,29.6,29.601,4356
81,29.62,29.62,29.595,29.61,66848
82,29.61,29.63,29.6,29.63,8204
83,29.61,29.62,29.61,29.615,15191
84,29.64,29.64,29.615,29.62,16753
85,29.64,29.655,29.6325,29.635,39220
86,29.66,29.66,29.64,29.65,22976
87,29.67,29.68,29.655,29.655,13637
88,29.6078,29.67,29.6,29.67,12202
89,29.62,29.62,29.6,29.601,13591
90,29.6,29.62,29.595,29.62,28200
91,29.6,29.61,29.59,29.6,24418
92,29.6,29.605,29.595,29.6,16037
93,29.6,29.61,29.595,29.6,26385
94,29.58,29.6059,29.575,29.6,30753
95,29.6,29.61,29.58,29.58,65244
96,29.59,29.605,29.585,29.6,22882
97,29.6,29.61,29.585,29.6,33350
98,29.58,29.6,29.58,29.6,138203
99,29.6,29.6,29.585,29.585,22954
100,29.6,29.61,29.6,29.6,10100
101,29.585,29.6,29.58,29.6,27169
102,29.56,29.61,29.56,29.59,22027
103,29.54,29.57,29.53,29.57,8195
104,29.51,29.54,29.51,29.54,22707
105,29.5,29.52,29.48,29.51,12930
106,29.5,29.51,29.495,29.5095,16155
107,29.5,29.51,29.5,29.5099,7295
108,29.5,29.51,29.495,29.5,12438
109,29.52,29.55,29.5,29.5,43312
110,29.5,29.52,29.5,29.51,3459
111,29.5,29.51,29.5,29.5,9283
112,29.555,29.555,29.5,29.5,32452
113,29.57,29.575,29.55,29.55,28680
114,29.58,29.58,29.57,29.57,15896
115,29.58,29.585,29.575,29.58,14631
116,29.58,29.585,29.58,29.58,1500
117,29.59,29.59,29.58,29.58,20532
118,29.59,29.6,29.59,29.6,2364
119,29.59,29.59,29.58,29.59,17641
120,29.58,29.605,29.58,29.59,24471
121,29.575,29.59,29.555,29.58,42071
122,29.56,29.58,29.56,29.575,4239
123,29.58,29.58,29.56,29.565,9955
124,29.57,29.575,29.565,29.575,3037
125,29.585,29.59,29.57,29.575,3802
126,29.58,29.6,29.575,29.59,22779
127,29.6,29.63,29.58,29.58,40824
128,29.62,29.625,29.6,29.61,30138
129,29.61,29.645,29.6,29.61,14716
130,29.63,29.65,29.6166,29.62,10039
131,29.64,29.64,29.61,29.63,6024
132,29.63,29.6313,29.62,29.63,6581
133,29.63,29.635,29.62,29.63,5122
134,29.66,29.66,29.62,29.63,6888
135,29.655,29.68,29.65,29.66,4832
136,29.681,29.681,29.65,29.6531,6984
137,29.67,29.69,29.67,29.68,4031
138,29.67,29.67,29.66,29.67,8960
139,29.65,29.68,29.65,29.68,3230
140,29.68,29.69,29.655,29.655,7756
141,29.66,29.675,29.66,29.67,4100
142,29.655,29.67,29.655,29.66,7615
143,29.65,29.66,29.65,29.655,5211
144,29.64,29.65,29.635,29.65,9609
145,29.62,29.64,29.615,29.64,11968
146,29.61,29.64,29.61,29.62,11284
147,29.595,29.61,29.58,29.6,6572
148,29.59,29.6,29.59,29.6,2751
149,29.56,29.5967,29.56,29.59,2183
150,29.53,29.575,29.53,29.57,11686
151,29.53,29.535,29.51,29.535,4700
152,29.53,29.54,29.505,29.54,15369
153,29.52,29.545,29.52,29.53,5674
154,29.51,29.51,29.51,29.51,100
155,29.52,29.52,29.51,29.52,12500
156,29.5,29.51,29.495,29.51,12315
157,29.51,29.515,29.51,29.51,3157
158,29.5,29.515,29.495,29.51,10035
159,29.515,29.52,29.5,29.51,62039
160,29.515,29.53,29.5141,29.5141,8831
161,29.54,29.54,29.52,29.52,3699
162,29.54,29.54,29.52,29.53,8480
163,29.545,29.545,29.53,29.53,10434
164,29.535,29.555,29.535,29.55,14029
165,29.54,29.549,29.54,29.54,3754
166,29.54,29.555,29.54,29.55,5169
167,29.555,29.555,29.53,29.54,9656
168,29.56,29.56,29.545,29.55,5100
169,29.56,29.565,29.55,29.55,17752
170,29.5533,29.56,29.55,29.56,1300
171,29.555,29.56,29.555,29.56,700
172,29.555,29.555,29.55,29.55,1200
173,29.54,29.55,29.535,29.55,7601
174,29.551,29.56,29.545,29.55,3102
175,29.55,29.55,29.535,29.55,7513
176,29.55,29.55,29.55,29.55,2419
177,29.56,29.56,29.545,29.545,4600
178,29.555,29.555,29.555,29.555,100
179,29.565,29.565,29.55,29.56,4001
180,29.57,29.58,29.57,29.57,8946
181,29.575,29.575,29.56,29.56,16554
182,29.58,29.585,29.58,29.58,2200
183,29.575,29.58,29.57,29.58,13900
184,29.61,29.61,29.57,29.57,6652
185,29.585,29.605,29.585,29.6,4245
186,29.585,29.59,29.58,29.59,1400
187,29.58,29.585,29.58,29.585,900
188,29.585,29.59,29.58,29.58,800
189,29.6,29.6,29.58,29.58,8100
190,29.585,29.61,29.585,29.61,6000
191,29.585,29.59,29.585,29.59,7094
192,29.57,29.59,29.57,29.585,5100
193,29.57,29.58,29.57,29.57,1675
194,29.585,29.59,29.56,29.5701,14145
195,29.605,29.605,29.59,29.59,3935
196,29.6,29.61,29.6,29.61,500
197,29.605,29.61,29.605,29.605,400
198,29.6,29.605,29.6,29.6,3300
199,29.599,29.599,29.59,29.59,550
200,29.58,29.5959,29.575,29.595,5437
201,29.59,29.59,29.58,29.58,3200
202,29.6,29.605,29.5941,29.5941,3465
204,29.57,29.59,29.57,29.59,3213
205,29.57,29.57,29.57,29.57,200
206,29.58,29.58,29.57,29.575,5353
207,29.58,29.59,29.57,29.58,3300
208,29.58,29.58,29.57,29.571,1317
209,29.57,29.58,29.57,29.58,600
210,29.58,29.58,29.5746,29.58,315
211,29.57,29.58,29.56,29.57,9928
212,29.565,29.5799,29.565,29.57,4014
213,29.57,29.57,29.56,29.565,15288
214,29.58,29.58,29.57,29.57,2243
215,29.5825,29.5825,29.575,29.5799,5059
216,29.595,29.6,29.59,29.59,5706
217,29.6,29.6,29.58,29.58,3582
218,29.61,29.61,29.6,29.6,4000
219,29.61,29.61,29.605,29.605,6697
220,29.63,29.63,29.61,29.61,7711
221,29.63,29.64,29.625,29.63,2900
222,29.64,29.64,29.625,29.625,1100
223,29.635,29.64,29.635,29.6399,9967
224,29.64,29.64,29.6259,29.63,5413
225,29.645,29.645,29.635,29.635,3612
226,29.64,29.64,29.639,29.639,700
227,29.63,29.64,29.63,29.64,2700
228,29.61,29.635,29.61,29.635,8950
229,29.56,29.6,29.55,29.6,25663
230,29.575,29.575,29.555,29.56,3102
231,29.57,29.58,29.57,29.57,8992
232,29.53,29.575,29.53,29.575,16935
233,29.59,29.59,29.525,29.53,28466
234,29.6,29.605,29.59,29.59,6457
235,29.595,29.605,29.59,29.5941,1908
236,29.6,29.601,29.59,29.595,2924
237,29.6066,29.6066,29.6,29.6,2000
238,29.6,29.61,29.6,29.61,800
239,29.59,29.6,29.59,29.6,2200
240,29.6,29.6,29.58,29.59,5071
241,29.58,29.605,29.58,29.6,3076
242,29.595,29.595,29.58,29.58,3100
243,29.605,29.605,29.6,29.6,1100
244,29.605,29.61,29.6025,29.61,500
245,29.6042,29.605,29.589,29.605,5969
246,29.6,29.605,29.6,29.605,900
247,29.6,29.61,29.6,29.61,1400
248,29.6,29.6,29.6,29.6,700
249,29.61,29.61,29.6,29.6,1400
250,29.6,29.61,29.6,29.6,2518
251,29.57,29.6,29.57,29.6,7500
252,29.57,29.57,29.57,29.57,5080
253,29.575,29.575,29.561,29.561,4258
254,29.565,29.575,29.56,29.57,6906
255,29.57,29.5738,29.565,29.565,12241
256,29.565,29.57,29.56,29.57,2300
257,29.55,29.57,29.55,29.565,6100
258,29.52,29.5533,29.51,29.5533,8876
259,29.53,29.535,29.525,29.525,4000
260,29.525,29.54,29.525,29.53,3600
261,29.5279,29.5279,29.52,29.525,1057
262,29.525,29.525,29.52,29.52,1500
263,29.53,29.54,29.525,29.525,10711
264,29.51,29.525,29.51,29.52,5031
265,29.51,29.52,29.505,29.505,10936
266,29.505,29.51,29.49,29.51,44028
267,29.505,29.51,29.5,29.505,1500
268,29.505,29.51,29.495,29.5,21961
269,29.5,29.51,29.5,29.51,2600
270,29.5,29.505,29.485,29.505,123327
271,29.52,29.53,29.51,29.51,7100
272,29.53,29.53,29.525,29.53,2769
273,29.58,29.58,29.54,29.54,16506
274,29.6,29.6,29.575,29.575,3921
275,29.5966,29.61,29.595,29.61,6905
276,29.6,29.6,29.595,29.595,600
277,29.595,29.6,29.59,29.6,1000
278,29.61,29.615,29.59,29.6,13272
279,29.62,29.625,29.605,29.61,8200
280,29.62,29.629,29.62,29.62,4873
281,29.655,29.655,29.615,29.62,6629
282,29.62,29.66,29.62,29.66,5048
283,29.6,29.62,29.58,29.62,9200
284,29.615,29.62,29.59,29.6,6891
285,29.61,29.63,29.61,29.62,4741
286,29.601,29.61,29.6,29.61,1418
287,29.59,29.6062,29.59,29.6,3574
288,29.61,29.61,29.595,29.6,6171
289,29.61,29.62,29.6,29.601,4396
290,29.62,29.62,29.61,29.61,2855
291,29.62,29.625,29.6149,29.6171,4776
292,29.62,29.62,29.6,29.61,11523
293,29.63,29.64,29.615,29.62,22646
294,29.6329,29.645,29.6329,29.64,3860
295,29.645,29.645,29.63,29.63,5889
296,29.65,29.66,29.645,29.6456,8610
297,29.66,29.66,29.655,29.655,1120
298,29.66,29.665,29.64,29.665,4900
299,29.66,29.66,29.655,29.66,4191
300,29.66,29.67,29.66,29.67,4291
301,29.655,29.6599,29.65,29.65,696
302,29.645,29.66,29.64,29.65,5077
303,29.62,29.655,29.61,29.65,11636
304,29.65,29.65,29.63,29.63,3880
305,29.63,29.651,29.62,29.645,17162
306,29.635,29.635,29.62,29.63,2401
307,29.63,29.64,29.63,29.6342,900
308,29.6341,29.6373,29.63,29.6373,793
309,29.65,29.65,29.63,29.63,7324
310,29.63,29.655,29.63,29.645,13583
311,29.64,29.64,29.63,29.63,14725
312,29.65,29.65,29.64,29.64,3800
313,29.64,29.65,29.63,29.65,6795
314,29.615,29.64,29.615,29.64,8404
315,29.61,29.62,29.61,29.615,10048
316,29.615,29.615,29.61,29.615,1000
317,29.62,29.62,29.61,29.61,877
318,29.61,29.625,29.61,29.62,6739
319,29.6,29.6,29.595,29.6,1455
320,29.595,29.6,29.595,29.6,4700
321,29.59,29.61,29.59,29.6,8200
322,29.595,29.6,29.59,29.6,2200
323,29.585,29.595,29.58,29.595,3800
324,29.6,29.6,29.58,29.59,5870
325,29.6005,29.61,29.6,29.6,6429
326,29.64,29.645,29.6,29.605,25870
327,29.635,29.64,29.63,29.635,3704
328,29.635,29.635,29.635,29.635,100
329,29.625,29.64,29.62,29.64,4200
330,29.61,29.63,29.6,29.63,8419
331,29.61,29.625,29.61,29.62,7091
332,29.58,29.6,29.58,29.6,5605
333,29.58,29.61,29.58,29.58,8689
334,29.57,29.58,29.57,29.58,4028
335,29.58,29.585,29.57,29.57,8049
336,29.56,29.585,29.56,29.58,18043
337,29.58,29.58,29.56,29.56,7602
338,29.57,29.58,29.57,29.58,4036
339,29.57,29.57,29.57,29.57,1300
340,29.56,29.57,29.555,29.57,7689
341,29.57,29.575,29.56,29.57,6400
342,29.59,29.59,29.57,29.575,67377
343,29.59,29.59,29.585,29.59,2306
344,29.57,29.585,29.565,29.58,7313
345,29.55,29.58,29.55,29.575,10270
346,29.56,29.57,29.55,29.55,11811
347,29.55,29.56,29.55,29.56,1816
348,29.54,29.555,29.535,29.55,12985
349,29.52,29.53,29.52,29.53,4241
350,29.52,29.53,29.52,29.52,2045
351,29.525,29.53,29.52,29.525,2700
352,29.51,29.53,29.51,29.525,8086
353,29.49,29.515,29.49,29.51,14352
354,29.49,29.5,29.49,29.5,3928
355,29.48,29.49,29.475,29.49,11937
356,29.5,29.5,29.48,29.48,15580
357,29.51,29.52,29.5,29.5,9224
358,29.5,29.51,29.5,29.51,1300
359,29.5,29.51,29.495,29.5,28366
360,29.51,29.515,29.495,29.5,17068
361,29.5201,29.535,29.51,29.51,13780
362,29.53,29.54,29.525,29.53,6977
363,29.53,29.54,29.5249,29.5249,6625
364,29.505,29.53,29.5,29.53,6031
365,29.51,29.51,29.5,29.51,35826
366,29.5,29.51,29.5,29.5,8543
367,29.505,29.51,29.49,29.5,79961
368,29.49,29.505,29.485,29.5,19041
369,29.49,29.51,29.49,29.49,181374
370,29.48,29.5,29.48,29.49,7969
371,29.515,29.52,29.48,29.485,48112
372,29.54,29.55,29.515,29.515,42759
373,29.5346,29.54,29.53,29.5398,4676
374,29.54,29.54,29.53,29.535,7648
375,29.54,29.545,29.53,29.535,30389
376,29.56,29.56,29.54,29.55,12890
377,29.5753,29.58,29.555,29.56,37120
378,29.571,29.58,29.57,29.575,4431
379,29.561,29.58,29.56,29.58,13909
380,29.55,29.57,29.55,29.565,10391
381,29.57,29.58,29.55,29.555,29627
382,29.57,29.59,29.57,29.575,18464
383,29.56,29.575,29.56,29.57,10015
384,29.56,29.565,29.55,29.565,10778
385,29.55,29.56,29.55,29.555,9703
386,29.545,29.56,29.53,29.555,57986
387,29.545,29.55,29.54,29.55,12348
388,29.54,29.55,29.54,29.55,15888
389,29.54,29.55,29.54,29.54,19891
390,29.57,29.57,29.54,29.54,71143
