BMY,Bristol-Myers Squibb,Health Care,5,Health Care Distributors,91079589586,8236320
a1497274200,53.75,53.75,53.75,53.75,68966
1,53.78,53.79,53.71,53.75,20500
2,53.74,53.84,53.71,53.79,18802
3,53.7,53.79,53.7,53.772,7404
4,53.75,53.76,53.67,53.695,11325
5,53.7,53.74,53.7,53.735,7242
6,53.67,53.72,53.66,53.72,14715
7,53.62,53.67,53.58,53.669,18128
8,53.64,53.64,53.57,53.62,17259
9,53.65,53.7,53.64,53.65,14125
10,53.54,53.65,53.515,53.65,16838
11,53.522,53.59,53.51,53.54,26328
12,53.5101,53.53,53.49,53.53,13548
13,53.66,53.66,53.52,53.52,14982
14,53.71,53.71,53.62,53.65,21428
15,53.76,53.78,53.71,53.71,20725
16,53.89,53.91,53.78,53.78,21505
17,53.91,53.91,53.875,53.89,17705
18,53.93,53.97,53.9,53.9,32139
19,53.89,53.93,53.88,53.92,20249
20,53.88,53.901,53.88,53.897,20572
21,53.92,53.94,53.89,53.89,15070
22,53.93,53.94,53.91,53.915,17322
23,53.9388,53.94,53.89,53.92,10355
24,53.88,53.9332,53.87,53.9332,17498
25,53.89,53.9016,53.875,53.88,28557
26,53.89,53.92,53.88,53.88,14680
27,53.9,53.935,53.88,53.8958,60559
28,53.895,53.9,53.85,53.89,26717
29,53.95,53.95,53.89,53.9,30004
30,53.96,53.9706,53.935,53.95,26961
31,53.93,53.9686,53.915,53.96,64459
32,53.95,53.96,53.895,53.93,32089
33,54,54.01,53.95,53.95,41464
34,53.98,53.995,53.94,53.995,16423
35,53.99,53.99,53.965,53.975,26509
36,53.98,53.995,53.97,53.985,18640
37,54,54,53.96,53.985,21825
38,53.98,54.02,53.95,53.9901,14480
39,53.97,54.01,53.96,53.98,16396
40,54.05,54.05,53.975,53.975,14899
41,53.99,54.045,53.98,54.04,16597
42,53.92,54,53.915,54,20789
43,53.86,53.92,53.85,53.92,18276
44,53.86,53.9,53.83,53.85,27382
45,53.8501,53.8768,53.82,53.87,15721
46,53.81,53.87,53.8,53.86,11812
47,53.82,53.89,53.82,53.82,18609
48,53.84,53.88,53.803,53.82,17455
49,53.855,53.8789,53.82,53.84,10815
50,53.79,53.86,53.79,53.85,20983
51,53.8261,53.83,53.78,53.79,13630
52,53.88,53.88,53.83,53.83,20950
53,53.92,53.925,53.87,53.885,13110
54,53.93,53.94,53.91,53.92,43696
55,53.96,53.96,53.91,53.94,14634
56,54.0401,54.0401,53.96,53.96,16755
57,54.07,54.07,54.02,54.045,17314
58,54.14,54.14,54.06,54.075,20386
59,54.11,54.14,54.1,54.14,17399
60,54.21,54.22,54.11,54.115,28796
61,54.2,54.225,54.195,54.21,15764
62,54.14,54.21,54.14,54.2,12179
63,54.12,54.145,54.11,54.14,7910
64,54.11,54.12,54.05,54.11,16821
65,54.05,54.09,54.05,54.09,11990
66,54.1,54.115,54.035,54.05,23648
67,54.0971,54.11,54.075,54.1,7848
68,54.065,54.095,54.06,54.09,11040
69,54.12,54.125,54.06,54.065,12911
70,54.0862,54.11,54.05,54.11,13063
71,54.06,54.08,54.05,54.08,6620
72,54.025,54.07,54.02,54.06,11566
73,54,54.03,54,54.0201,7532
74,53.98,54.01,53.98,54,20114
75,54.01,54.02,53.989,53.989,20704
76,53.9901,54.015,53.99,54.01,9119
77,53.9929,54,53.98,53.99,15507
78,53.99,54.01,53.98,54,30432
79,53.975,54.005,53.97,53.995,20019
80,53.94,53.97,53.94,53.96,10200
81,53.99,54,53.94,53.9438,22145
82,53.98,54.005,53.98,53.99,26530
83,53.97,53.985,53.96,53.9836,20670
84,54.02,54.025,53.99,53.99,15527
85,53.99,54.03,53.99,54.03,19039
86,54,54.01,53.98,53.99,27915
87,54.0448,54.05,54,54,21718
88,54.0199,54.04,54.01,54.04,14326
89,53.96,54.02,53.96,54.02,15300
90,53.965,53.97,53.95,53.97,16070
91,54,54,53.96,53.965,15110
92,53.97,53.995,53.97,53.99,11493
93,53.96,53.97,53.95,53.97,10940
94,53.87,53.95,53.87,53.95,13315
95,53.895,53.905,53.87,53.87,15231
96,53.87,53.9,53.864,53.895,7483
97,53.81,53.865,53.81,53.865,19859
98,53.8,53.82,53.8,53.81,14065
99,53.795,53.815,53.78,53.8,26388
100,53.79,53.8,53.78,53.8,9201
101,53.79,53.795,53.77,53.79,16786
102,53.8,53.81,53.77,53.785,15664
103,53.835,53.84,53.8,53.81,19381
104,53.815,53.84,53.8,53.83,16302
105,53.785,53.815,53.7699,53.81,18398
106,53.84,53.84,53.78,53.785,24792
107,53.8,53.84,53.79,53.8301,16270
108,53.835,53.86,53.8,53.8029,24786
109,53.845,53.855,53.83,53.83,26302
110,53.9,53.91,53.84,53.845,27350
111,53.845,53.9,53.8433,53.89,16127
112,53.885,53.889,53.84,53.84,35939
113,53.87,53.8878,53.85,53.875,76511
114,53.875,53.895,53.86,53.865,24248
115,53.9,53.92,53.875,53.875,26509
116,53.905,53.92,53.89,53.9,23591
117,53.93,53.93,53.9,53.9,10250
118,53.97,53.98,53.92,53.92,19991
119,53.96,53.9656,53.935,53.9656,12611
120,53.945,53.97,53.94,53.97,6548
121,53.94,53.94,53.92,53.94,14250
122,53.96,53.97,53.94,53.94,15258
123,53.975,53.975,53.95,53.97,15564
124,53.9952,54,53.97,53.97,9604
125,54.02,54.02,53.9999,54,14018
126,54,54.01,53.985,54.01,8622
127,53.98,54,53.975,54,13776
128,53.98,54.01,53.97,53.98,21720
129,53.965,53.98,53.95,53.98,7923
130,53.99,53.99,53.96,53.96,14560
131,53.98,53.99,53.975,53.99,5500
132,53.99,53.99,53.96,53.97,11804
133,54.0147,54.02,53.98,53.99,15069
134,54.01,54.02,53.99,54.01,14083
135,54,54.01,54,54.01,4524
136,54.05,54.05,54,54.005,14225
137,54.085,54.09,54.05,54.05,21136
138,54.09,54.09,54.08,54.085,1949
139,54.06,54.08,54.05,54.08,16006
140,54.075,54.085,54.05,54.05,10696
141,54.06,54.08,54.05,54.075,13682
142,54.045,54.0862,54.04,54.07,18381
143,54.04,54.05,54.03,54.0401,14505
144,54.07,54.07,54.03,54.03,6554
145,54.055,54.08,54.055,54.07,6900
146,54.05,54.07,54.05,54.055,12630
147,54.03,54.05,54.03,54.05,8335
148,54.035,54.05,54.02,54.03,13685
149,54,54.035,53.99,54.035,12145
150,53.975,53.99,53.97,53.99,3108
151,54,54.02,53.98,53.98,22524
152,53.9752,54.01,53.96,54,19558
153,54,54,53.96,53.98,15114
154,53.975,54.007,53.97,54.005,7492
155,53.98,53.98,53.96,53.97,11237
156,53.965,53.99,53.96,53.98,8302
157,53.9712,53.98,53.96,53.96,16455
158,53.99,53.99,53.96,53.975,66407
159,53.97,53.985,53.96,53.985,28922
160,53.93,53.97,53.93,53.97,9731
161,53.94,53.955,53.93,53.935,11660
162,53.93,53.95,53.925,53.945,12969
163,53.92,53.93,53.92,53.93,7014
164,53.91,53.93,53.91,53.92,4982
165,53.89,53.911,53.89,53.9101,5174
166,53.9,53.91,53.875,53.88,10690
167,53.92,53.92,53.89,53.9,12506
168,53.96,53.96,53.92,53.92,7000
169,53.95,53.96,53.9375,53.96,11689
170,53.975,53.975,53.9531,53.955,6807
171,53.98,53.98,53.97,53.97,1600
172,53.995,54,53.97,53.98,11861
173,53.98,54,53.98,53.995,6202
174,53.96,53.99,53.95,53.98,8483
175,53.945,53.96,53.93,53.96,11620
176,53.95,53.95,53.91,53.94,12590
177,53.96,53.96,53.945,53.95,6200
178,53.99,54,53.94,53.955,20886
179,54,54,53.98,53.99,4498
180,53.995,54,53.97,53.995,18682
181,53.98,54,53.98,54,8533
182,54.03,54.04,53.985,53.99,34683
183,54.025,54.04,54.025,54.0331,4720
184,54.03,54.04,54.02,54.02,6134
185,54.06,54.07,54.03,54.03,14232
186,54.06,54.065,54.06,54.0649,6221
187,54.12,54.13,54.05,54.06,17889
188,54.12,54.13,54.11,54.1299,10101
189,54.0863,54.115,54.08,54.1144,4546
190,54.085,54.09,54.07,54.08,17505
191,54.07,54.09,54.07,54.085,5907
192,54.11,54.115,54.07,54.07,11353
193,54.105,54.12,54.1,54.1166,6827
194,54.12,54.125,54.0944,54.1,11816
195,54.135,54.14,54.125,54.13,3600
196,54.12,54.14,54.12,54.13,14778
197,54.11,54.13,54.11,54.13,7070
198,54.113,54.12,54.11,54.12,5895
199,54.095,54.12,54.085,54.12,26467
200,54.07,54.1,54.07,54.09,6506
201,54.07,54.08,54.07,54.07,4400
202,54.1225,54.125,54.07,54.08,24400
203,54.13,54.14,54.1,54.125,12741
204,54.12,54.155,54.1,54.14,31970
205,54.14,54.14,54.1,54.125,19992
206,54.13,54.18,54.13,54.14,48746
207,54.125,54.135,54.12,54.135,7937
208,54.17,54.185,54.12,54.13,39315
209,54.165,54.19,54.16,54.17,62479
210,54.165,54.17,54.15,54.165,17301
211,54.18,54.18,54.16,54.165,26870
212,54.15,54.18,54.15,54.1768,20442
213,54.13,54.15,54.12,54.15,30532
214,54.13,54.14,54.125,54.13,9564
215,54.15,54.16,54.135,54.14,9601
216,54.1459,54.15,54.14,54.14,2195
217,54.14,54.15,54.14,54.14,5000
218,54.15,54.16,54.14,54.15,7528
219,54.18,54.18,54.14,54.15,11220
220,54.2,54.21,54.18,54.18,49058
221,54.165,54.195,54.16,54.19,8330
222,54.165,54.17,54.16,54.1644,2592
223,54.19,54.2,54.16,54.17,13719
224,54.185,54.185,54.18,54.185,1900
225,54.195,54.195,54.17,54.19,16190
226,54.215,54.215,54.2,54.2,11789
227,54.18,54.21,54.17,54.21,9635
228,54.19,54.205,54.185,54.19,6777
229,54.2,54.22,54.2,54.2,12559
230,54.19,54.205,54.18,54.2,6734
231,54.205,54.215,54.19,54.19,6762
232,54.2,54.21,54.2,54.21,2000
233,54.21,54.21,54.19,54.21,9102
234,54.21,54.2175,54.19,54.21,12823
235,54.215,54.22,54.205,54.2101,7418
236,54.22,54.23,54.2,54.21,18756
237,54.24,54.24,54.21,54.22,11229
238,54.235,54.24,54.22,54.235,9798
239,54.25,54.25,54.22,54.24,13358
240,54.24,54.27,54.239,54.25,28097
241,54.2156,54.26,54.21,54.24,29415
242,54.21,54.22,54.2,54.22,14468
243,54.195,54.21,54.19,54.2066,6330
244,54.19,54.2,54.19,54.2,4000
245,54.19,54.2,54.19,54.1934,2533
246,54.195,54.2,54.1847,54.2,14193
247,54.239,54.24,54.195,54.2,14760
248,54.23,54.24,54.22,54.237,6766
249,54.23,54.25,54.23,54.23,9485
250,54.245,54.245,54.22,54.225,10790
251,54.23,54.25,54.23,54.24,7142
252,54.22,54.225,54.21,54.225,4935
253,54.22,54.22,54.2,54.21,9004
254,54.1901,54.2162,54.1901,54.2162,8592
255,54.175,54.195,54.17,54.19,18116
256,54.205,54.21,54.175,54.175,22675
257,54.23,54.24,54.2,54.205,43648
258,54.18,54.25,54.18,54.235,34783
259,54.22,54.22,54.185,54.185,6425
260,54.255,54.285,54.22,54.22,35545
261,54.245,54.2515,54.21,54.25,12858
262,54.2648,54.275,54.24,54.24,22031
263,54.285,54.285,54.27,54.27,8413
264,54.3056,54.31,54.2801,54.29,15069
265,54.26,54.31,54.26,54.3,10888
266,54.27,54.28,54.27,54.27,12344
267,54.285,54.29,54.27,54.27,10218
268,54.281,54.29,54.275,54.2867,16679
269,54.29,54.29,54.28,54.2822,10234
270,54.34,54.345,54.28,54.29,42535
271,54.3247,54.34,54.29,54.33,15821
272,54.345,54.395,54.33,54.33,51682
273,54.375,54.38,54.33,54.34,12324
274,54.355,54.375,54.355,54.375,7209
275,54.35,54.385,54.35,54.36,20301
276,54.39,54.39,54.36,54.36,9777
277,54.385,54.39,54.38,54.38,33123
278,54.38,54.39,54.375,54.38,18040
279,54.395,54.42,54.385,54.39,19577
280,54.4,54.4,54.39,54.4,8060
281,54.4,54.41,54.39,54.3953,13276
282,54.395,54.4,54.39,54.395,8400
283,54.41,54.41,54.39,54.395,10509
284,54.415,54.42,54.4,54.415,14831
285,54.47,54.47,54.42,54.42,61252
286,54.52,54.55,54.455,54.47,83361
287,54.4819,54.525,54.48,54.52,16876
288,54.4968,54.5,54.4801,54.4807,8870
289,54.503,54.5199,54.495,54.5,31795
290,54.47,54.505,54.47,54.5001,6350
291,54.49,54.49,54.45,54.47,14367
292,54.48,54.51,54.47,54.49,13020
293,54.455,54.49,54.455,54.4754,9097
294,54.48,54.49,54.45,54.4529,17322
295,54.48,54.49,54.4797,54.4797,8766
296,54.48,54.48,54.47,54.48,8338
297,54.46,54.48,54.44,54.47,18858
298,54.43,54.465,54.42,54.465,10767
299,54.405,54.43,54.4,54.425,13433
300,54.42,54.435,54.4,54.405,14643
301,54.44,54.44,54.42,54.425,14153
302,54.455,54.48,54.44,54.44,19933
303,54.46,54.46,54.425,54.455,13842
304,54.45,54.47,54.44,54.4569,14846
305,54.45,54.45,54.44,54.445,8062
306,54.4856,54.49,54.44,54.44,16853
307,54.46,54.49,54.46,54.49,12500
308,54.46,54.46,54.43,54.46,12476
309,54.46,54.47,54.46,54.47,4200
310,54.475,54.49,54.46,54.46,16119
311,54.47,54.48,54.465,54.475,9114
312,54.455,54.49,54.455,54.475,11838
313,54.44,54.46,54.43,54.45,10607
314,54.425,54.44,54.425,54.44,10550
315,54.425,54.43,54.42,54.42,6634
316,54.4301,54.445,54.42,54.43,16004
317,54.425,54.44,54.42,54.435,8768
318,54.44,54.445,54.425,54.43,17092
319,54.43,54.435,54.42,54.43,7069
320,54.42,54.425,54.41,54.42,12425
321,54.445,54.45,54.411,54.411,32583
322,54.43,54.445,54.41,54.445,17110
323,54.43,54.445,54.42,54.435,12030
324,54.425,54.435,54.42,54.43,14379
325,54.425,54.43,54.42,54.42,6940
326,54.4,54.42,54.38,54.42,21376
327,54.37,54.405,54.35,54.4,17095
328,54.4025,54.4025,54.37,54.37,17558
329,54.385,54.405,54.38,54.405,7907
330,54.38,54.39,54.37,54.381,11717
331,54.36,54.38,54.36,54.38,9574
332,54.36,54.36,54.3401,54.36,6250
333,54.325,54.36,54.31,54.36,11480
334,54.3,54.33,54.3,54.32,11429
335,54.29,54.31,54.285,54.303,11159
336,54.32,54.328,54.285,54.29,18411
337,54.32,54.32,54.3,54.31,13676
338,54.32,54.33,54.3,54.32,25485
339,54.293,54.33,54.29,54.32,5730
340,54.28,54.3,54.27,54.29,30840
341,54.28,54.3,54.28,54.29,12902
342,54.285,54.29,54.28,54.28,8508
343,54.32,54.32,54.28,54.29,14011
344,54.31,54.32,54.29,54.315,15559
345,54.36,54.36,54.315,54.32,17116
346,54.36,54.37,54.35,54.36,24272
347,54.355,54.36,54.35,54.35,9065
348,54.37,54.37,54.35,54.355,12493
349,54.4399,54.44,54.37,54.37,48760
350,54.415,54.45,54.41,54.44,19703
351,54.43,54.45,54.41,54.41,20985
352,54.42,54.44,54.405,54.43,14900
353,54.395,54.415,54.3932,54.41,9384
354,54.395,54.41,54.39,54.39,14450
355,54.385,54.41,54.36,54.4,26418
356,54.355,54.39,54.35,54.38,24681
357,54.34,54.355,54.33,54.35,14984
358,54.32,54.36,54.31,54.34,18468
359,54.31,54.32,54.3,54.31,30673
360,54.3269,54.33,54.3,54.31,18133
361,54.34,54.34,54.32,54.32,12255
362,54.325,54.34,54.32,54.335,10558
363,54.34,54.35,54.325,54.33,11219
364,54.34,54.35,54.34,54.35,13500
365,54.34,54.35,54.33,54.35,13665
366,54.39,54.4,54.335,54.34,38101
367,54.39,54.4,54.37,54.38,18245
368,54.38,54.395,54.36,54.39,13060
369,54.43,54.45,54.37,54.38,33912
370,54.405,54.43,54.4,54.43,14111
371,54.39,54.41,54.38,54.4,23351
372,54.4066,54.4066,54.37,54.39,20982
373,54.38,54.41,54.38,54.405,19131
374,54.4,54.41,54.38,54.385,22753
375,54.38,54.405,54.365,54.4,27955
376,54.36,54.3853,54.35,54.385,33423
377,54.37,54.37,54.3501,54.355,16307
378,54.37,54.4,54.36,54.365,52827
379,54.33,54.375,54.33,54.37,20044
380,54.34,54.35,54.32,54.33,37479
381,54.34,54.35,54.33,54.34,49098
382,54.38,54.385,54.33,54.33,54055
383,54.375,54.38,54.37,54.375,25745
384,54.405,54.41,54.37,54.38,66621
385,54.43,54.43,54.4,54.405,62822
386,54.405,54.43,54.37,54.43,75195
387,54.405,54.43,54.4,54.4,64014
388,54.42,54.42,54.385,54.405,52345
389,54.385,54.43,54.38,54.42,66870
390,54.37,54.39,54.34,54.38,101260
