CPB,Campbell Soup,Consumer Staples,2,Packaged Foods & Meats,17279458762,1723778
a1497274200,56.49,56.49,56.49,56.49,11249
1,56.53,56.53,56.39,56.39,300
2,56.54,56.55,56.54,56.55,200
3,56.53,56.59,56.53,56.54,1300
4,56.55,56.55,56.54,56.54,400
6,56.57,56.59,56.53,56.54,3200
7,56.55,56.55,56.545,56.545,200
8,56.67,56.7,56.55,56.56,4662
9,56.7,56.72,56.69,56.71,2207
10,56.74,56.76,56.74,56.74,600
11,56.69,56.75,56.69,56.75,800
12,56.695,56.71,56.68,56.7,1502
13,56.75,56.75,56.71,56.72,2300
14,56.8,56.8,56.72,56.75,1400
15,56.83,56.83,56.82,56.82,400
16,56.88,56.88,56.81,56.81,1550
17,56.945,56.945,56.89,56.89,1787
18,56.97,56.97,56.92,56.92,600
19,56.96,56.96,56.96,56.96,200
20,57,57,56.97,56.97,300
21,56.92,56.95,56.9,56.95,1900
22,56.95,56.96,56.89,56.89,23400
23,56.965,57.06,56.945,56.945,5940
24,56.86,56.93,56.86,56.93,1230
25,56.9,56.9,56.85,56.88,811
26,56.93,56.93,56.905,56.91,512
27,56.97,56.99,56.95,56.97,6300
28,56.89,56.95,56.89,56.95,1906
29,56.91,56.91,56.91,56.91,100
30,56.91,56.94,56.91,56.93,1200
31,56.88,56.925,56.88,56.925,1500
32,56.75,56.875,56.73,56.875,6455
33,56.67,56.745,56.67,56.74,1450
34,56.66,56.7,56.66,56.68,2992
35,56.66,56.67,56.63,56.67,3700
36,56.73,56.73,56.68,56.68,1600
37,56.74,56.755,56.71,56.71,1811
38,56.78,56.78,56.78,56.78,100
39,56.79,56.8,56.77,56.77,1800
40,56.77,56.78,56.77,56.78,300
41,56.71,56.77,56.68,56.77,4673
42,56.74,56.76,56.68,56.7,2236
43,56.71,56.73,56.71,56.73,700
44,56.71,56.72,56.7,56.72,1190
45,56.695,56.75,56.695,56.75,600
46,56.71,56.71,56.67,56.6853,851
47,56.69,56.69,56.69,56.69,100
48,56.62,56.68,56.62,56.68,3130
49,56.59,56.62,56.59,56.62,2122
50,56.59,56.64,56.59,56.64,800
51,56.55,56.6,56.55,56.59,1160
52,56.57,56.575,56.53,56.54,2000
53,56.455,56.56,56.455,56.56,5436
54,56.4115,56.46,56.41,56.46,2420
55,56.41,56.42,56.4,56.415,1414
56,56.5,56.52,56.43,56.43,2400
57,56.46,56.48,56.46,56.48,800
59,56.43,56.46,56.43,56.46,1705
60,56.46,56.47,56.45,56.45,1700
61,56.55,56.56,56.48,56.48,9919
62,56.545,56.57,56.545,56.55,1900
63,56.56,56.58,56.56,56.56,1000
64,56.6,56.6,56.53,56.565,2000
65,56.56,56.61,56.55,56.61,30700
66,56.6,56.6,56.54,56.58,6000
67,56.62,56.63,56.6,56.61,2100
68,56.67,56.67,56.645,56.645,1100
69,56.66,56.66,56.66,56.66,300
70,56.67,56.7,56.65,56.66,2900
71,56.67,56.68,56.665,56.665,3401
72,56.68,56.68,56.66,56.67,2000
73,56.7,56.72,56.685,56.685,2500
74,56.7,56.71,56.69,56.7,2500
75,56.72,56.72,56.7,56.7,300
76,56.75,56.75,56.73,56.73,3002
77,56.72,56.75,56.7,56.75,4200
78,56.71,56.71,56.71,56.71,700
79,56.73,56.74,56.71,56.71,2497
80,56.71,56.72,56.7,56.72,6000
81,56.75,56.76,56.72,56.72,5280
82,56.745,56.75,56.73,56.745,2535
83,56.75,56.76,56.73,56.74,8846
84,56.75,56.75,56.72,56.75,3800
85,56.75,56.76,56.7401,56.75,1500
86,56.77,56.775,56.75,56.75,4280
87,56.75,56.78,56.745,56.77,5849
88,56.75,56.755,56.75,56.75,900
89,56.71,56.76,56.7,56.75,2300
90,56.73,56.73,56.715,56.72,800
91,56.725,56.725,56.725,56.725,100
92,56.74,56.74,56.72,56.72,1300
93,56.73,56.75,56.73,56.75,255
94,56.71,56.75,56.71,56.75,3850
95,56.71,56.715,56.71,56.715,600
96,56.72,56.72,56.71,56.72,700
97,56.73,56.73,56.7,56.73,2101
98,56.71,56.72,56.7,56.72,2170
99,56.69,56.7,56.69,56.7,1100
100,56.69,56.7,56.69,56.69,400
101,56.67,56.685,56.66,56.685,816
102,56.69,56.7,56.67,56.67,1402
103,56.67,56.7,56.67,56.7,1800
104,56.69,56.69,56.66,56.66,1000
105,56.66,56.7,56.66,56.7,1800
106,56.66,56.68,56.64,56.67,4000
107,56.65,56.66,56.64,56.655,4897
108,56.66,56.66,56.65,56.65,440
109,56.66,56.66,56.65,56.66,1610
110,56.64,56.65,56.6399,56.65,1261
111,56.67,56.67,56.645,56.645,2793
112,56.675,56.685,56.66,56.675,8981
113,56.71,56.71,56.67,56.68,5481
114,56.72,56.72,56.7,56.7,1021
115,56.73,56.73,56.72,56.725,300
116,56.73,56.74,56.73,56.73,1181
117,56.73,56.73,56.73,56.73,426
118,56.74,56.75,56.72,56.74,1650
119,56.75,56.76,56.73,56.73,1353
120,56.79,56.79,56.745,56.75,2871
121,56.75,56.79,56.75,56.79,1200
122,56.775,56.78,56.76,56.76,1653
123,56.79,56.81,56.78,56.78,3352
124,56.8,56.8,56.8,56.8,600
125,56.805,56.81,56.805,56.81,1321
126,56.79,56.8,56.78,56.8,3500
127,56.79,56.8,56.79,56.8,200
128,56.79,56.81,56.79,56.8,2918
129,56.81,56.81,56.8,56.8,1300
130,56.8,56.8,56.79,56.8,2204
131,56.81,56.81,56.79,56.79,1400
132,56.825,56.83,56.81,56.81,1300
133,56.85,56.85,56.83,56.83,1600
134,56.87,56.87,56.845,56.845,4563
135,56.9,56.9,56.87,56.87,11726
136,56.94,56.94,56.91,56.91,3128
137,56.91,56.93,56.9,56.93,2531
138,56.925,56.925,56.9,56.91,1853
139,56.92,56.92,56.92,56.92,500
140,56.94,56.95,56.92,56.92,2272
141,56.93,56.935,56.92,56.935,1312
142,56.925,56.93,56.92,56.92,1100
143,56.92,56.925,56.92,56.92,600
144,56.93,56.93,56.925,56.925,800
145,56.975,56.975,56.94,56.94,3106
146,56.985,56.985,56.96,56.965,1962
147,57.02,57.03,56.99,56.99,8274
148,57.019,57.025,57.01,57.02,4744
149,57.045,57.05,57.015,57.02,5273
150,57.03,57.06,57.03,57.05,7288
151,57.04,57.06,57.02,57.02,3450
152,57.02,57.04,57.02,57.035,1800
153,56.99,57.01,56.98,57.01,2710
154,56.97,57,56.97,56.99,900
155,56.99,56.99,56.99,56.99,100
156,56.97,56.97,56.97,56.97,100
157,56.9365,56.97,56.9365,56.97,2687
158,56.94,56.97,56.94,56.95,3150
159,56.97,56.97,56.96,56.96,500
160,56.96,56.965,56.95,56.965,2221
161,56.97,56.99,56.97,56.97,1600
162,56.95,56.965,56.945,56.965,3032
163,56.98,56.98,56.96,56.96,700
164,56.98,56.98,56.96,56.96,2400
165,56.96,56.97,56.96,56.96,300
166,56.96,56.97,56.955,56.96,1100
167,56.95,56.97,56.945,56.96,2253
168,56.985,56.985,56.94,56.945,1353
169,56.97,56.97,56.97,56.97,100
170,56.98,56.98,56.97,56.97,1200
171,56.97,56.98,56.97,56.98,200
172,56.98,56.98,56.98,56.98,400
173,56.98,56.99,56.97,56.98,2400
174,57.02,57.02,56.985,56.99,2205
175,57,57.02,57,57.02,3900
176,56.99,57,56.99,57,1300
177,56.961,56.98,56.961,56.98,600
178,56.97,56.97,56.95,56.95,1210
179,56.98,56.98,56.965,56.965,1500
180,57,57,56.97,56.98,3813
181,57,57,56.99,57,1900
182,57,57,56.99,56.99,1600
183,57.03,57.04,57,57,4304
184,57.04,57.04,57.02,57.03,1274
185,57.04,57.04,57.03,57.03,800
186,57.01,57.04,57.01,57.04,1500
187,57.04,57.04,57.005,57.01,3700
188,57.03,57.04,57.03,57.04,1300
189,57.02,57.03,57.02,57.03,2600
190,57.02,57.02,57.0134,57.0156,1440
191,57.04,57.05,57.03,57.03,3699
192,57.05,57.05,57.04,57.04,1155
193,57.045,57.06,57.045,57.05,1609
194,57.08,57.08,57.05,57.05,2396
195,57.07,57.1,57.07,57.07,4045
196,57.07,57.08,57.07,57.08,1600
197,57.08,57.08,57.065,57.07,3393
198,57.07,57.08,57.07,57.08,1300
199,57.06,57.08,57.06,57.075,2700
200,57.06,57.06,57.05,57.06,700
201,57.04,57.055,57.04,57.055,1652
202,57.04,57.04,57.04,57.04,1200
203,57.04,57.04,57.015,57.03,5611
205,57.04,57.04,57.025,57.03,2700
206,57.03,57.04,57.02,57.04,900
207,57.03,57.04,57.02,57.02,2800
208,57.04,57.04,57.03,57.04,600
209,57.05,57.05,57.03,57.03,3600
210,57.015,57.04,57.015,57.03,2650
211,57.06,57.06,57.02,57.02,2653
212,57.04,57.05,57.04,57.05,1500
213,57.015,57.04,57.015,57.04,3410
214,57.02,57.02,57.02,57.02,200
215,57.05,57.05,57.005,57.01,4300
216,57.03,57.03,57.03,57.03,700
217,57.04,57.05,57.0256,57.0256,1491
218,57.05,57.05,57.04,57.05,1300
219,57.06,57.06,57.06,57.06,790
220,57.06,57.08,57.06,57.06,3524
221,57.055,57.06,57.055,57.06,500
222,57.065,57.07,57.05,57.05,4200
223,57.07,57.07,57.063,57.0634,685
224,57.06,57.07,57.06,57.06,900
225,57.05,57.07,57.05,57.065,1633
226,57.07,57.07,57.05,57.055,3628
227,57.06,57.07,57.06,57.06,2027
228,57.1,57.1,57.06,57.07,11343
229,57.09,57.1,57.09,57.1,1600
230,57.08,57.1,57.08,57.1,800
231,57.08,57.08,57.08,57.08,200
232,57.07,57.07,57.07,57.07,700
233,57.05,57.06,57.05,57.06,2621
234,57.03,57.05,57.03,57.05,2401
235,57.03,57.03,57.01,57.03,1600
236,57.03,57.03,57.02,57.02,900
237,57.02,57.03,57.02,57.03,500
238,57.01,57.01,57,57.01,2105
239,57.02,57.02,57.0053,57.01,1000
240,57.02,57.02,57.015,57.02,900
241,57.015,57.02,57.015,57.02,200
242,57.01,57.02,57.005,57.01,2438
243,57.02,57.02,57.02,57.02,500
244,57.04,57.04,57.02,57.02,1000
245,57.03,57.035,57.03,57.03,590
246,57.03,57.03,57.02,57.03,1461
247,57.03,57.03,57.02,57.02,2100
248,57.02,57.02,57.02,57.02,100
249,57.02,57.02,57.015,57.02,400
250,57.03,57.03,57.02,57.02,2613
251,57.05,57.06,57.03,57.03,4152
252,57.06,57.06,57.06,57.06,600
253,57.04,57.06,57.04,57.06,3600
255,57.045,57.045,57.045,57.045,100
256,57.03,57.05,57.03,57.05,4150
257,57.01,57.02,57.005,57.02,1400
258,57.02,57.02,57.01,57.01,907
259,57.03,57.03,57.02,57.02,2987
261,57.03,57.03,57.02,57.03,300
262,57.025,57.03,57.025,57.03,300
263,57.04,57.04,57.02,57.02,3063
264,57.025,57.05,57.025,57.035,1700
265,57.03,57.03,57.02,57.02,1800
266,57.01,57.04,57.01,57.03,5381
267,57,57,57,57,800
268,57.005,57.005,56.99,57,2500
269,57.02,57.02,57,57,3500
270,57.01,57.01,57.01,57.01,400
271,57.01,57.01,57.01,57.01,100
272,57,57,57,57,400
273,57,57.005,56.995,57.005,2300
274,57,57,56.99,56.99,200
275,57,57,56.99,57,1177
277,57.015,57.02,56.99,56.99,6665
279,57.02,57.02,57.015,57.015,1593
280,57.01,57.015,57.01,57.01,1900
281,57.01,57.01,57,57.01,2222
282,57.005,57.01,57,57,1720
283,56.99,57,56.99,57,3034
284,56.965,56.98,56.96,56.98,2825
285,56.99,56.99,56.96,56.96,4104
286,56.985,56.99,56.97,56.97,1500
287,57.01,57.01,56.985,56.985,4000
288,57,57.005,57,57,1000
289,56.98,56.99,56.98,56.99,1900
290,56.98,56.98,56.98,56.98,750
291,56.9708,56.975,56.9701,56.975,600
292,56.98,56.99,56.97,56.975,4700
293,56.95,56.975,56.95,56.97,1800
294,56.94,56.94,56.92,56.94,2297
295,56.945,56.95,56.94,56.94,300
296,56.95,56.96,56.95,56.95,1469
297,56.96,56.96,56.95,56.95,3000
298,56.94,56.945,56.94,56.94,300
299,56.95,56.95,56.94,56.94,400
300,56.97,56.97,56.945,56.945,2003
301,56.97,56.97,56.96,56.97,400
302,56.965,56.97,56.96,56.96,2303
303,56.97,56.98,56.965,56.965,3508
304,56.96,56.975,56.96,56.975,4200
305,56.97,56.97,56.95,56.95,1095
306,56.98,56.99,56.97,56.97,1178
307,56.99,56.99,56.98,56.98,2106
308,56.975,56.98,56.96,56.98,2527
309,56.975,56.98,56.97,56.975,1000
310,56.97,56.98,56.97,56.97,1400
311,56.97,56.97,56.97,56.97,1100
312,57,57,56.97,56.97,2600
313,56.99,56.99,56.98,56.99,5412
314,56.95,56.98,56.94,56.98,3602
315,56.95,56.96,56.95,56.95,1389
316,56.925,56.93,56.915,56.93,2494
317,56.925,56.925,56.925,56.925,400
318,56.94,56.94,56.92,56.925,1400
319,56.9299,56.94,56.92,56.9338,2200
320,56.92,56.93,56.92,56.93,986
321,56.93,56.94,56.93,56.93,1200
322,56.94,56.94,56.92,56.92,2000
324,56.9,56.92,56.9,56.92,1900
325,56.92,56.93,56.91,56.91,1600
326,56.93,56.94,56.91,56.91,1673
327,56.94,56.94,56.91,56.92,1163
328,56.93,56.93,56.93,56.93,100
329,56.94,56.94,56.92,56.925,1417
330,56.945,56.95,56.94,56.94,800
331,56.94,56.95,56.935,56.94,5557
332,56.935,56.94,56.935,56.94,432
333,56.95,56.95,56.93,56.93,4452
334,56.93,56.94,56.925,56.94,1504
335,56.92,56.925,56.91,56.92,1335
336,56.93,56.94,56.915,56.92,2925
337,56.95,56.95,56.93,56.93,3155
338,56.95,56.96,56.95,56.95,300
339,56.95,56.95,56.94,56.95,2940
340,56.97,56.98,56.945,56.945,3809
341,56.97,56.97,56.97,56.97,300
342,56.96,56.96,56.955,56.96,1500
343,56.94,56.95,56.94,56.95,1700
344,56.94,56.945,56.94,56.945,400
345,56.94,56.945,56.94,56.94,300
346,56.96,56.96,56.95,56.95,1500
347,56.955,56.96,56.955,56.96,200
348,56.94,56.97,56.935,56.95,8931
349,56.945,56.95,56.94,56.95,500
350,56.95,56.95,56.94,56.95,3900
351,56.95,56.95,56.935,56.94,4204
352,56.97,56.97,56.96,56.96,900
353,56.97,56.97,56.97,56.97,200
354,56.97,56.97,56.96,56.965,600
355,56.96,56.97,56.96,56.96,600
356,56.98,56.98,56.965,56.97,1331
357,56.98,56.98,56.975,56.98,1700
358,56.98,56.98,56.97,56.98,30416
359,56.98,56.985,56.97,56.98,10414
360,56.99,56.99,56.98,56.98,6099
361,56.99,56.99,56.98,56.99,3413
362,56.995,57,56.99,56.99,7704
363,56.99,57,56.99,57,4300
364,56.99,57,56.99,56.99,6096
365,57,57.01,56.99,56.99,10430
366,57.01,57.01,56.995,57,14895
367,56.98,57.01,56.98,57.01,6398
368,56.97,56.99,56.96,56.99,2798
369,56.96,56.97,56.96,56.96,1591
370,56.96,56.97,56.96,56.96,1600
371,56.94,56.96,56.94,56.96,3971
372,56.925,56.95,56.92,56.94,4494
373,56.915,56.92,56.91,56.92,3100
374,56.91,56.92,56.91,56.91,2300
375,56.9,56.92,56.9,56.91,5197
376,56.88,56.9,56.88,56.9,8221
377,56.88,56.89,56.88,56.88,2555
378,56.86,56.8825,56.855,56.87,13298
379,56.85,56.86,56.85,56.86,1100
380,56.825,56.855,56.82,56.855,5781
381,56.84,56.85,56.825,56.83,9524
382,56.84,56.8407,56.84,56.84,1652
383,56.85,56.85,56.84,56.84,4915
384,56.87,56.87,56.84,56.84,12634
385,56.88,56.89,56.86,56.86,13963
386,56.895,56.9,56.88,56.88,8255
387,56.9,56.9,56.89,56.9,15174
388,56.91,56.91,56.89,56.9,6793
389,56.92,56.92,56.905,56.91,9290
390,56.9,56.92,56.89,56.92,27365
