GE,General Electric,Industrials,6,Industrial Conglomerates,254501973023,34528543
a1497274200,29.235,29.24,29.22,29.24,6850
1,29.2,29.24,29.18,29.23,3642577
2,29.095,29.21,29.055,29.2,1704468
3,29.1655,29.1873,29.11,29.115,624131
4,29.225,29.24,29.161,29.165,849262
5,29.253,29.27,29.22,29.225,878281
6,29.255,29.31,29.25,29.25,2688857
7,29.2,29.28,29.18,29.26,966219
8,29.23,29.25,29.19,29.195,1249781
9,29.36,29.36,29.23,29.2301,1159786
10,29.37,29.47,29.34,29.37,1366971
11,29.205,29.38,29.205,29.37,832834
12,29.2271,29.26,29.12,29.2053,941282
13,29.29,29.31,29.22,29.2245,764103
14,29.3,29.33,29.275,29.285,602079
15,29.24,29.31,29.24,29.3,532346
16,29.255,29.28,29.24,29.24,828090
17,29.27,29.29,29.24,29.25,619656
18,29.19,29.28,29.18,29.273,570611
19,29.16,29.19,29.09,29.19,1236826
20,29.06,29.16,29.06,29.15,853589
21,29,29.07,29,29.07,1052697
22,29,29.02,28.97,29.01,966079
23,29,29.04,28.99,29,836406
24,28.99,29.03,28.99,29.01,603674
25,29,29.01,28.96,29,553424
26,28.9399,29.01,28.93,29,528093
27,28.87,28.935,28.84,28.935,566479
28,28.89,28.89,28.73,28.865,1457454
29,28.96,28.96,28.89,28.895,496932
30,28.99,29,28.95,28.96,533688
31,28.87,29.0255,28.86,28.99,770572
32,28.84,28.88,28.79,28.87,503723
33,28.885,28.905,28.8307,28.84,710524
34,28.955,28.96,28.875,28.8844,599340
35,29.005,29.01,28.95,28.9599,572753
36,29.025,29.03,28.99,29.0099,574563
37,29.02,29.04,28.9601,29.025,1277177
38,29.0053,29.03,29,29.015,227287
39,29,29.02,28.99,29.005,464282
40,28.975,29.01,28.96,29,482001
41,28.9848,29,28.96,28.979,350176
42,28.93,28.99,28.93,28.9848,278734
43,28.9,28.935,28.89,28.9348,317703
44,28.915,28.92,28.84,28.9,449495
45,28.99,29,28.91,28.92,345159
46,28.89,28.99,28.88,28.99,424651
47,28.9,28.92,28.88,28.895,351293
48,28.89,28.9,28.85,28.89,339476
49,28.9,28.9,28.88,28.89,242452
50,28.8963,28.93,28.89,28.895,285027
51,28.93,28.94,28.88,28.89,243284
52,28.9509,28.96,28.93,28.94,277080
53,28.9572,28.96,28.94,28.96,204280
54,28.955,28.97,28.945,28.96,196223
55,28.985,28.985,28.95,28.95,184749
56,28.9427,28.99,28.94,28.98,290303
57,28.95,28.95,28.92,28.95,198871
58,28.93,28.95,28.93,28.95,201112
59,28.935,28.94,28.92,28.93,136104
60,28.955,28.975,28.935,28.94,269353
61,28.94,28.96,28.94,28.96,226917
62,28.945,28.95,28.92,28.945,754774
63,28.91,28.95,28.91,28.945,234759
64,28.895,28.92,28.875,28.91,325454
65,28.865,28.8975,28.85,28.8975,120194
66,28.865,28.875,28.85,28.86,311072
67,28.86,28.88,28.85,28.87,203679
68,28.87,28.87,28.85,28.8544,415532
69,28.86,28.87,28.85,28.865,493931
70,28.87,28.87,28.85,28.86,434001
71,28.8099,28.87,28.8,28.87,612872
72,28.87,28.88,28.8,28.81,428208
73,28.875,28.88,28.84,28.87,266800
74,28.845,28.875,28.84,28.8701,260462
75,28.84,28.845,28.82,28.845,767713
76,28.83,28.87,28.82,28.8301,501678
77,28.845,28.86,28.823,28.84,318881
78,28.835,28.8454,28.82,28.84,326512
79,28.82,28.84,28.815,28.84,465314
80,28.835,28.84,28.82,28.8299,380300
81,28.875,28.88,28.82,28.83,597927
82,28.88,28.88,28.865,28.88,177925
83,28.8799,28.89,28.87,28.87,206811
84,28.89,28.91,28.871,28.88,288284
85,28.95,28.95,28.88,28.89,162653
86,28.95,28.95,28.94,28.95,246848
87,28.9592,28.96,28.93,28.9448,959253
88,28.94,28.96,28.93,28.95,287522
89,28.9324,28.94,28.93,28.94,101175
90,28.94,28.94,28.93,28.9301,88888
91,28.93,28.94,28.92,28.94,224174
92,28.96,28.98,28.92,28.925,969099
93,28.925,28.965,28.92,28.965,274324
94,28.92,28.93,28.91,28.9244,198644
95,28.8839,28.9294,28.88,28.9163,186848
96,28.88,28.89,28.88,28.885,156446
97,28.935,28.94,28.88,28.88,712744
98,28.965,29,28.93,28.94,776316
99,28.975,28.99,28.935,28.96,341222
100,28.9901,29,28.96,28.971,517694
101,29.0001,29.01,28.99,28.995,867560
102,29.02,29.03,29,29.01,871025
103,28.99,29.0266,28.985,29.0231,158553
104,28.9684,28.9903,28.95,28.9801,234104
105,28.97,28.98,28.9501,28.9638,158264
106,28.96,28.97,28.95,28.965,176183
107,28.985,28.99,28.945,28.9518,239050
108,28.9951,29.01,28.98,28.98,465202
109,28.95,29,28.95,28.995,190937
110,28.995,29,28.945,28.95,239960
111,28.99,29.01,28.98,28.995,285270
112,29.015,29.02,28.99,28.995,218103
113,28.995,29.02,28.98,29.01,277890
114,28.995,29.01,28.99,28.99,146202
115,28.965,29,28.96,28.995,264900
116,28.98,28.99,28.94,28.97,246465
117,28.975,29,28.97,28.9873,294318
118,28.935,28.98,28.93,28.98,215648
119,28.915,28.94,28.9,28.94,171163
120,28.9,28.92,28.89,28.92,431812
121,28.925,28.93,28.89,28.8927,171286
122,28.915,28.95,28.91,28.925,183073
123,28.86,28.92,28.85,28.915,298903
124,28.86,28.88,28.84,28.86,315599
125,28.831,28.87,28.82,28.855,333723
126,28.8533,28.88,28.8199,28.835,699514
127,28.84,28.87,28.83,28.8598,682513
128,28.8483,28.85,28.83,28.8444,306631
129,28.89,28.89,28.84,28.8453,174852
130,28.885,28.89,28.88,28.8801,94923
131,28.885,28.9,28.88,28.89,96976
132,28.875,28.89,28.87,28.88,236849
133,28.85,28.8899,28.85,28.879,133674
134,28.88,28.89,28.85,28.85,80034
135,28.915,28.92,28.88,28.885,122327
136,28.92,28.92,28.91,28.91,145234
137,28.8888,28.925,28.88,28.915,496032
138,28.875,28.89,28.87,28.885,83269
139,28.85,28.88,28.85,28.8748,128522
140,28.855,28.86,28.85,28.8545,76742
141,28.89,28.89,28.85,28.86,217737
142,28.93,28.94,28.885,28.89,207828
143,28.92,28.94,28.915,28.935,265926
144,28.905,28.9254,28.9,28.925,192212
145,28.915,28.92,28.9,28.905,62512
146,28.935,28.94,28.901,28.915,208028
147,28.945,28.96,28.9331,28.935,222258
148,28.9601,28.97,28.94,28.9459,134069
149,28.965,28.97,28.95,28.96,130138
150,28.975,28.98,28.95,28.965,215141
151,29,29,28.9737,28.98,336546
152,29,29.02,28.99,29,577142
153,29,29.02,29,29,411096
154,29.015,29.02,29,29.0053,162712
155,29.02,29.04,29,29.02,273395
156,29.0597,29.08,29.02,29.026,298591
157,29.0452,29.075,29.04,29.075,779806
158,29.03,29.05,29.02,29.04,192643
159,29.025,29.05,29.02,29.03,271179
160,28.995,29.03,28.99,29.03,279178
161,28.9957,29,28.99,28.995,115841
162,28.9977,29.005,28.99,29,218524
163,29,29.01,28.99,28.995,110022
164,29,29.01,29,29,29625
165,29.005,29.02,29,29,112275
166,29.006,29.01,29,29.005,79648
167,29,29.03,29,29,212446
168,29,29.01,28.995,29,340796
169,28.995,29.01,28.99,29.005,339617
170,29.005,29.01,28.99,29,97873
171,29.001,29.0165,29,29.01,99240
172,28.9901,29.0099,28.99,29,171214
173,28.9656,28.995,28.96,28.99,104103
174,29,29,28.9601,28.9601,85014
175,28.985,29,28.975,29,114683
176,29.01,29.01,28.985,28.985,122837
177,29.005,29.01,28.99,29.01,245737
178,29.005,29.01,28.995,29.01,145623
179,29,29.01,28.985,29.007,269109
180,29,29.01,29,29.001,36387
181,29.005,29.01,29,29.005,47876
182,28.995,29.02,28.99,29,280722
183,28.995,29.01,28.99,28.995,171470
184,28.995,29,28.99,29,189956
185,28.985,29,28.98,29,133986
186,28.9956,29,28.98,28.9869,51306
187,28.967,28.995,28.94,28.995,142592
188,28.965,28.97,28.96,28.97,31895
189,28.945,28.9699,28.94,28.9647,136676
190,28.96,28.96,28.94,28.95,132023
191,28.9823,28.99,28.9545,28.9545,110261
192,29,29,28.985,28.99,94520
193,28.995,29,28.9905,29,23279
194,29,29,28.99,28.995,403601
195,28.9966,29,28.99,28.999,39810
196,28.9958,29,28.99,29,75353
197,28.995,29,28.99,28.9931,70290
198,29,29,28.985,28.995,287847
199,28.995,29,28.99,29,173886
200,28.995,29,28.99,28.995,74251
201,28.96,29,28.96,28.9966,94034
202,28.975,28.98,28.95,28.965,73812
203,28.9744,28.98,28.97,28.9778,53594
204,28.955,28.9799,28.95,28.9799,61398
205,28.97,28.97,28.95,28.957,57888
206,28.98,28.99,28.96,28.97,71782
207,29,29,28.98,28.985,50732
208,28.985,29,28.985,29,84161
209,28.995,29,28.98,28.99,31987
210,28.95,29,28.95,28.995,530647
211,28.9647,28.98,28.95,28.955,101141
212,28.965,28.97,28.96,28.965,85347
213,28.9299,28.97,28.925,28.965,165453
214,28.945,28.95,28.92,28.92,107862
215,28.98,28.98,28.9466,28.95,146503
216,28.98,28.98,28.96,28.975,135041
217,28.98,28.98,28.971,28.98,25988
218,28.975,29,28.974,28.975,113784
219,28.985,28.99,28.97,28.98,118685
220,28.975,28.99,28.97,28.985,95883
221,28.965,28.975,28.96,28.9747,78505
222,28.975,28.98,28.96,28.965,84417
223,28.99,29,28.9735,28.98,129520
224,29,29,28.9847,28.99,101564
225,29,29,28.99,29,102716
226,29,29,28.9928,28.995,254098
227,29.02,29.02,28.9901,29,215378
228,29.035,29.04,29.01,29.02,244860
229,29.05,29.05,29.03,29.035,98175
230,29.035,29.05,29.03,29.045,140503
231,29.005,29.04,29,29.035,162765
232,29.005,29.01,29,29.0056,49273
233,29.005,29.02,29,29.005,269476
234,29.005,29.01,29,29.005,194602
235,29.017,29.02,29,29.01,218827
236,29.0299,29.03,29,29.011,208968
237,29.0147,29.03,29.01,29.025,416071
238,29.015,29.02,29.01,29.015,327397
239,29.02,29.02,29,29.0177,206851
240,29.03,29.03,29.01,29.02,77477
241,29.025,29.03,29.02,29.025,114616
242,29.01,29.03,29.0016,29.03,144767
243,29.0069,29.02,29,29.0098,146913
244,29.0152,29.02,28.99,29.005,262353
245,29.015,29.02,29.01,29.0166,64994
246,29.03,29.03,29.01,29.0156,91466
247,29.03,29.03,29.02,29.025,67284
248,29.025,29.03,29.02,29.0256,32808
249,29.025,29.03,29.02,29.021,42675
250,29.0256,29.03,29.02,29.02,22239
251,29.0448,29.06,29.025,29.03,189490
252,29.05,29.06,29.04,29.045,249402
253,29.045,29.06,29.04,29.05,179744
254,29.06,29.06,29.04,29.0456,137616
255,29.055,29.06,29.04,29.055,151592
256,29.05,29.06,29.05,29.051,109531
257,29.02,29.055,29.02,29.055,215634
258,29.05,29.05,29.02,29.025,141494
259,29.045,29.05,29.04,29.05,28383
260,29.0453,29.05,29.04,29.045,38981
261,29.045,29.05,29.04,29.05,26704
262,29.04,29.05,29.04,29.045,46497
263,29.045,29.05,29.04,29.05,40017
264,29.045,29.05,29.04,29.049,25921
265,29.05,29.05,29.04,29.0437,62813
266,29.04,29.05,29.04,29.05,47229
267,29.05,29.05,29.04,29.045,47158
268,29.0693,29.07,29.045,29.05,126840
269,29.065,29.07,29.06,29.07,60530
270,29.075,29.08,29.06,29.0667,94981
271,29.1,29.1,29.0734,29.075,225201
272,29.095,29.1,29.09,29.1,96470
273,29.09,29.1,29.09,29.1,390248
274,29.115,29.13,29.09,29.095,519040
275,29.119,29.12,29.11,29.115,345388
276,29.115,29.12,29.11,29.12,47887
277,29.115,29.12,29.11,29.12,47879
278,29.065,29.115,29.06,29.115,262836
279,29.06,29.07,29.06,29.0637,75179
280,29.07,29.07,29.06,29.065,97746
281,29.07,29.07,29.06,29.065,52315
282,29.07,29.07,29.06,29.06,39925
283,29.075,29.08,29.06,29.07,199824
284,29.08,29.08,29.07,29.075,86359
285,29.075,29.08,29.07,29.075,41654
286,29.09,29.09,29.07,29.08,144746
287,29.09,29.09,29.081,29.085,71507
288,29.09,29.09,29.08,29.085,48577
289,29.115,29.12,29.08,29.09,267487
290,29.11,29.12,29.1,29.115,308250
291,29.1,29.105,29.09,29.105,162240
292,29.09,29.11,29.09,29.0934,150523
293,29.075,29.1,29.07,29.1,126020
294,29.08,29.08,29.07,29.075,72504
295,29.078,29.09,29.07,29.075,388292
296,29.075,29.08,29.07,29.07,238627
297,29.085,29.09,29.07,29.0754,199481
298,29.085,29.09,29.07,29.09,336766
299,29.09,29.09,29.07,29.0867,183760
300,29.09,29.09,29.08,29.08,46125
301,29.1,29.1,29.08,29.09,105453
302,29.095,29.1,29.08,29.0968,192351
303,29.09,29.1,29.08,29.1,157296
304,29.05,29.09,29.05,29.083,207041
305,29.06,29.06,29.05,29.055,106818
306,29.08,29.08,29.055,29.0568,119951
307,29.06,29.08,29.06,29.075,106859
308,29.06,29.07,29.06,29.07,74231
309,29.075,29.08,29.065,29.065,78242
310,29.08,29.08,29.07,29.08,151323
311,29.09,29.09,29.07,29.075,77235
312,29.1,29.1,29.08,29.09,96311
313,29.07,29.1,29.07,29.1,360429
314,29.085,29.09,29.07,29.075,146646
315,29.0766,29.09,29.07,29.0872,486789
316,29.075,29.08,29.07,29.075,93726
317,29.065,29.08,29.06,29.0797,211600
318,29.07,29.07,29.06,29.0666,65723
319,29.065,29.07,29.06,29.07,234420
320,29.05,29.07,29.05,29.065,92251
321,29.0276,29.06,29.02,29.055,144405
322,29.01,29.03,29.01,29.02,142456
323,29.025,29.03,29,29.02,268988
324,29.03,29.03,29.021,29.0221,54832
325,29.04,29.04,29.025,29.025,86274
326,29.015,29.04,29.01,29.0331,365621
327,29.015,29.02,29.01,29.015,106595
328,29.035,29.04,29.01,29.02,143029
329,29.045,29.05,29.035,29.04,100766
330,29.05,29.05,29.04,29.05,70424
331,29.05,29.05,29.04,29.05,61877
332,29.01,29.05,29.01,29.045,234995
333,29,29.02,29,29.01,447348
334,28.975,29.01,28.97,29.005,178321
335,28.999,29,28.975,28.975,257024
336,29.005,29.0093,28.99,29,358983
337,29.01,29.01,29,29.005,101085
338,29.01,29.01,29,29.005,68525
339,29.005,29.01,28.99,29.005,601413
340,29.005,29.01,29,29.005,71686
341,29.005,29.01,29,29,95937
342,29,29.01,29,29.0064,57679
343,29,29.01,29,29.005,121918
344,29.015,29.03,29,29.0032,329471
345,29.025,29.03,29.01,29.015,157168
346,29.005,29.03,29,29.02,131785
347,29.005,29.01,28.99,29.0056,514662
348,29.005,29.02,29,29.01,149343
349,29.009,29.01,29,29.01,43712
350,28.99,29.01,28.99,29.005,1066065
351,28.99,29,28.99,28.99,134720
352,28.99,29,28.98,28.995,450252
353,28.989,28.99,28.98,28.985,62665
354,28.9942,29.005,28.98,28.985,323990
355,28.995,29,28.99,29,588895
356,28.98,29,28.98,28.9938,405321
357,28.985,28.99,28.98,28.9847,203220
358,28.99,28.99,28.98,28.99,83224
359,28.985,28.99,28.98,28.985,89087
360,28.975,28.99,28.97,28.99,301329
361,28.96,28.98,28.95,28.975,301852
362,28.97,28.975,28.96,28.96,348659
363,28.995,29,28.96,28.965,473073
364,28.99,29,28.96,28.995,276073
365,28.985,28.99,28.9808,28.99,91006
366,29,29.005,28.98,28.985,543644
367,29,29,28.99,29,65382
368,29,29,28.98,29,397991
369,28.995,29,28.99,28.9945,82653
370,28.995,29,28.99,29,94245
371,28.99,29,28.99,28.995,124997
372,29,29,28.99,28.995,889147
373,28.995,29,28.99,28.9901,70543
374,29,29,28.99,28.9953,138282
375,29.03,29.03,28.995,28.999,361999
376,29.035,29.06,29.02,29.03,690608
377,29.015,29.04,29.01,29.04,481859
378,29.005,29.015,28.985,29,878055
379,29.01,29.01,29,29.006,148729
380,29.005,29.01,29,29.005,173625
381,28.99,29.01,28.99,29.01,422132
382,28.98,29,28.98,28.99,192315
383,28.985,28.99,28.98,28.98,232675
384,28.9953,29.005,28.98,28.985,583011
385,28.995,29,28.99,28.995,222252
386,28.99,29,28.97,28.99,493399
387,29,29,28.98,28.985,482470
388,29.005,29.01,28.9934,29,329169
389,29,29.01,29,29.005,381447
390,28.95,29.01,28.94,29.005,1884675
