MAC,Macerich,Real Estate,9,Retail REITs,8592348319,1416374
a1497274200,58.5,58.5,58.5,58.5,10281
1,58.16,58.16,58.16,58.16,100
2,58.865,58.98,58.44,58.66,4000
3,58.74,58.96,58.74,58.87,905
4,59.22,59.22,58.87,58.975,550
5,59.11,59.11,59.11,59.11,100
6,58.92,59.14,58.825,59.14,1237
7,58.75,58.99,58.67,58.83,4565
8,58.9,58.95,58.83,58.83,500
9,59.03,59.24,58.87,59.07,7100
10,59.41,59.42,59.14,59.26,6263
11,59.04,59.42,59.04,59.41,5857
12,59.36,59.36,59.06,59.06,5900
13,59.69,59.74,59.39,59.39,1800
14,59.79,59.79,59.635,59.73,3623
15,59.59,59.8,59.59,59.8,800
16,59.71,59.73,59.54,59.62,5289
17,59.73,59.73,59.55,59.6,1655
18,59.78,59.82,59.63,59.675,3000
19,60.07,60.16,59.85,59.85,10870
20,60.035,60.12,60,60.12,1500
21,60.01,60.08,59.96,60.07,6400
22,59.84,60.05,59.84,60.03,3510
23,59.83,59.83,59.83,59.83,100
24,59.97,60.05,59.86,59.87,1878
25,59.8,59.95,59.75,59.94,4100
26,59.86,59.86,59.74,59.774,1760
27,59.42,59.79,59.42,59.79,2868
28,59.49,59.5,59.36,59.43,1600
29,59.58,59.58,59.5,59.5,2200
30,59.605,59.7298,59.57,59.58,3200
31,59.59,59.61,59.59,59.61,300
32,59.35,59.57,59.35,59.57,3204
33,59.24,59.43,59.24,59.38,1400
34,59.38,59.38,59.16,59.22,4113
35,59.22,59.26,59.16,59.24,1400
36,59.56,59.56,59.29,59.29,1000
37,59.53,59.65,59.48,59.57,3100
38,59.64,59.64,59.545,59.55,5200
39,59.61,59.71,59.6,59.63,8300
40,59.56,59.61,59.56,59.6,1000
41,59.61,59.65,59.6,59.61,13100
42,59.76,59.76,59.65,59.65,3285
43,59.53,59.72,59.53,59.72,6900
44,59.44,59.53,59.42,59.52,4600
45,59.67,59.67,59.44,59.44,4900
46,59.67,59.72,59.67,59.71,400
47,59.69,59.75,59.68,59.72,1400
48,59.455,59.65,59.41,59.65,2759
49,59.47,59.54,59.43,59.43,2700
50,59.41,59.54,59.38,59.54,1500
51,59.65,59.65,59.41,59.41,2200
52,59.73,59.73,59.6499,59.6499,1700
53,59.525,59.73,59.5,59.72,3634
54,59.44,59.52,59.44,59.52,700
55,59.42,59.46,59.37,59.41,1500
56,59.77,59.77,59.43,59.43,4395
57,59.77,59.79,59.65,59.68,4202
58,59.79,59.88,59.75,59.77,4502
59,59.91,59.91,59.71,59.795,8250
60,59.885,59.97,59.73,59.92,13350
61,59.82,59.96,59.82,59.92,1445
62,59.92,59.92,59.795,59.795,1106
63,59.92,59.92,59.87,59.87,800
64,59.9,59.925,59.86,59.89,1694
65,59.84,59.91,59.84,59.91,1170
66,59.9,59.9,59.81,59.84,1200
67,59.895,59.895,59.79,59.84,5500
68,59.84,59.9,59.84,59.895,1900
69,59.88,59.94,59.85,59.85,1900
70,59.88,59.97,59.87,59.885,24000
71,59.91,59.94,59.89,59.9,21100
72,59.93,59.955,59.93,59.94,1148
73,60,60,59.96,59.96,1000
74,60.08,60.12,59.97,59.97,12543
75,60.14,60.14,60.1,60.1,1516
76,60.18,60.18,60.12,60.15,2331
77,60.2,60.21,60.165,60.185,2800
78,60.18,60.21,60.15,60.17,18071
79,60.03,60.1999,60.02,60.1999,5632
80,60.1,60.1,60,60,2100
81,60.09,60.13,60.02,60.1,3620
82,60.03,60.08,60.03,60.07,600
83,60.1,60.1,60.02,60.04,1313
85,60.16,60.16,60.02,60.07,2100
86,60.13,60.13,60.11,60.12,2500
87,60.08,60.12,60.08,60.0967,2400
88,60.055,60.09,60.055,60.09,700
89,60.02,60.06,59.99,60.04,1943
90,60.05,60.09,60.03,60.05,1565
91,60.06,60.1,60.01,60.01,900
92,60.01,60.07,60.01,60.06,666
93,59.99,60.025,59.97,60.025,800
94,59.96,59.96,59.87,59.95,4537
95,59.95,59.96,59.95,59.96,200
97,59.78,59.92,59.78,59.9,800
98,59.71,59.77,59.68,59.77,2286
99,59.65,59.705,59.65,59.705,1400
100,59.66,59.67,59.63,59.64,2836
101,59.57,59.61,59.57,59.6,600
102,59.48,59.57,59.48,59.57,200
103,59.35,59.48,59.35,59.48,1100
104,59.28,59.4,59.27,59.37,5537
105,59.25,59.3,59.24,59.3,1699
106,59.21,59.21,59.21,59.21,100
107,59.19,59.2,59.09,59.13,2954
109,59.13,59.16,59.05,59.16,2504
110,59.07,59.07,59.06,59.07,608
111,59.15,59.2,59.04,59.04,1801
112,59.1115,59.17,59.1115,59.17,800
114,59.19,59.19,59.13,59.13,1200
115,59.2,59.23,59.185,59.185,700
116,59.2,59.29,59.2,59.29,1070
117,59.17,59.26,59.17,59.26,500
118,59.18,59.26,59.18,59.21,2463
119,59.21,59.21,59.18,59.18,500
120,59.38,59.38,59.23,59.25,3400
121,59.39,59.4,59.32,59.4,2753
122,59.45,59.47,59.39,59.4,2150
123,59.45,59.45,59.39,59.43,800
124,59.48,59.5199,59.45,59.45,5948
125,59.39,59.43,59.36,59.43,1200
126,59.39,59.45,59.34,59.39,1500
127,59.39,59.45,59.325,59.325,1507
129,59.43,59.43,59.36,59.37,1900
130,59.43,59.43,59.43,59.43,700
131,59.36,59.38,59.34,59.37,900
132,59.4,59.42,59.335,59.36,2141
133,59.37,59.37,59.32,59.35,1840
134,59.52,59.52,59.37,59.37,3400
135,59.46,59.5,59.45,59.5,2550
136,59.5,59.51,59.47,59.47,4840
137,59.55,59.55,59.55,59.55,200
138,59.505,59.54,59.47,59.53,9687
139,59.54,59.57,59.5,59.54,4253
140,59.52,59.59,59.52,59.57,5611
141,59.53,59.53,59.53,59.53,200
142,59.5,59.53,59.45,59.53,6536
143,59.52,59.54,59.5,59.51,1107
144,59.485,59.51,59.48,59.5025,2700
145,59.5,59.51,59.5,59.5,1084
146,59.53,59.54,59.49,59.51,9814
147,59.52,59.57,59.5,59.5,3730
148,59.43,59.5,59.43,59.5,700
149,59.48,59.48,59.445,59.445,200
150,59.38,59.45,59.38,59.45,1560
151,59.44,59.44,59.39,59.39,1100
152,59.44,59.48,59.44,59.47,700
153,59.37,59.43,59.37,59.425,300
154,59.38,59.43,59.38,59.43,500
155,59.33,59.36,59.33,59.36,700
156,59.28,59.28,59.28,59.28,200
157,59.27,59.29,59.21,59.29,2800
158,59.32,59.32,59.27,59.27,1500
159,59.34,59.34,59.3,59.31,1500
160,59.27,59.31,59.25,59.31,1100
161,59.26,59.3,59.26,59.28,1200
162,59.26,59.27,59.26,59.27,500
163,59.21,59.21,59.2,59.21,700
164,59.15,59.175,59.15,59.175,400
165,59.19,59.19,59.12,59.12,1400
166,59.24,59.24,59.19,59.19,782
167,59.26,59.26,59.26,59.26,500
168,59.29,59.29,59.24,59.24,2200
169,59.23,59.27,59.23,59.26,500
170,59.22,59.22,59.22,59.22,100
171,59.3,59.3,59.25,59.25,1400
172,59.3,59.3,59.3,59.3,100
173,59.35,59.35,59.34,59.34,800
174,59.47,59.47,59.39,59.39,1200
175,59.5,59.51,59.49,59.51,987
176,59.55,59.55,59.47,59.47,3059
177,59.48,59.53,59.45,59.51,1788
178,59.5,59.5,59.5,59.5,300
179,59.53,59.53,59.46,59.5,9018
180,59.57,59.57,59.55,59.55,600
181,59.48,59.545,59.48,59.545,700
182,59.5,59.5,59.49,59.49,1300
183,59.44,59.5,59.44,59.47,1120
184,59.43,59.43,59.43,59.43,200
185,59.515,59.515,59.45,59.46,4465
186,59.46,59.52,59.46,59.515,2700
188,59.4,59.44,59.4,59.42,1200
189,59.37,59.38,59.35,59.38,1353
190,59.3938,59.3993,59.3938,59.3993,440
191,59.39,59.43,59.39,59.42,1000
192,59.42,59.42,59.38,59.38,600
193,59.31,59.4,59.31,59.4,2000
194,59.32,59.32,59.31,59.31,1200
195,59.32,59.32,59.31,59.32,700
196,59.32,59.32,59.32,59.32,173
197,59.37,59.37,59.33,59.36,500
198,59.37,59.37,59.37,59.37,300
201,59.38,59.38,59.38,59.38,100
202,59.32,59.34,59.32,59.34,500
203,59.3,59.3,59.3,59.3,874
204,59.29,59.29,59.25,59.26,1300
205,59.32,59.32,59.28,59.28,1706
206,59.31,59.31,59.31,59.31,200
207,59.365,59.39,59.32,59.32,1633
208,59.39,59.39,59.38,59.38,500
209,59.38,59.38,59.36,59.37,700
210,59.36,59.36,59.27,59.31,502
212,59.43,59.43,59.38,59.38,1100
213,59.4,59.4,59.4,59.4,500
214,59.42,59.42,59.42,59.42,100
215,59.46,59.46,59.42,59.42,600
219,59.48,59.5,59.47,59.47,2033
220,59.47,59.51,59.47,59.49,3103
221,59.45,59.48,59.45,59.48,1718
223,59.44,59.44,59.4,59.4,1100
224,59.44,59.44,59.4225,59.43,800
225,59.38,59.38,59.38,59.38,300
227,59.39,59.39,59.39,59.39,100
228,59.44,59.44,59.39,59.39,2600
229,59.4,59.43,59.38,59.43,1100
230,59.385,59.385,59.385,59.385,100
232,59.41,59.41,59.39,59.39,1500
234,59.42,59.45,59.42,59.44,1600
235,59.44,59.44,59.44,59.44,100
236,59.43,59.43,59.42,59.42,253
237,59.48,59.48,59.44,59.44,1200
238,59.5,59.52,59.5,59.52,300
239,59.53,59.53,59.49,59.49,4482
240,59.51,59.54,59.5,59.525,2800
241,59.52,59.52,59.52,59.52,1600
242,59.56,59.56,59.56,59.56,200
243,59.52,59.55,59.52,59.52,1000
244,59.56,59.56,59.51,59.51,1000
245,59.54,59.58,59.54,59.58,900
246,59.56,59.56,59.55,59.55,300
247,59.6,59.63,59.59,59.63,800
248,59.6,59.61,59.6,59.61,300
249,59.6,59.64,59.6,59.6,1339
250,59.58,59.6,59.58,59.6,600
251,59.54,59.59,59.54,59.59,1275
252,59.49,59.5201,59.49,59.52,3100
253,59.51,59.51,59.49,59.49,3785
254,59.52,59.52,59.52,59.52,100
255,59.5,59.55,59.5,59.535,4800
256,59.49,59.52,59.49,59.505,3895
257,59.46,59.48,59.45,59.48,1402
258,59.5,59.515,59.46,59.46,1900
259,59.5,59.51,59.5,59.51,600
261,59.55,59.57,59.52,59.52,4800
262,59.51,59.53,59.51,59.53,600
263,59.53,59.53,59.52,59.52,400
264,59.56,59.56,59.55,59.55,500
265,59.56,59.6,59.54,59.57,2300
266,59.55,59.55,59.55,59.55,100
267,59.53,59.55,59.53,59.55,800
268,59.55,59.56,59.54,59.54,1100
270,59.53,59.565,59.53,59.565,1100
271,59.575,59.58,59.55,59.55,8423
272,59.54,59.58,59.54,59.575,5087
273,59.55,59.58,59.55,59.55,1200
274,59.595,59.595,59.57,59.57,5000
275,59.64,59.65,59.6,59.6,3201
276,59.66,59.69,59.62,59.63,1100
277,59.68,59.69,59.68,59.68,600
278,59.65,59.68,59.64,59.68,3696
279,59.67,59.67,59.63,59.66,1906
280,59.665,59.6734,59.66,59.6734,1692
281,59.66,59.68,59.66,59.67,3000
282,59.66,59.66,59.655,59.66,1864
283,59.57,59.66,59.57,59.66,4000
284,59.62,59.62,59.57,59.57,1200
285,59.64,59.64,59.62,59.62,600
286,59.63,59.63,59.63,59.63,300
287,59.67,59.67,59.64,59.64,4109
288,59.68,59.71,59.68,59.68,2900
289,59.65,59.69,59.65,59.69,4300
290,59.71,59.71,59.61,59.64,2600
291,59.69,59.73,59.67,59.73,6329
292,59.67,59.67,59.67,59.67,536
293,59.59,59.63,59.58,59.63,1500
296,59.57,59.59,59.56,59.59,1127
297,59.532,59.54,59.532,59.54,377
298,59.46,59.51,59.46,59.51,1700
299,59.42,59.42,59.42,59.42,200
300,59.47,59.47,59.43,59.43,4400
301,59.46,59.47,59.42,59.45,1800
302,59.37,59.46,59.37,59.46,1323
303,59.35,59.36,59.31,59.36,1300
304,59.29,59.33,59.29,59.33,1000
305,59.36,59.36,59.32,59.32,1608
306,59.38,59.4,59.36,59.36,1900
307,59.41,59.41,59.39,59.39,1300
308,59.42,59.42,59.41,59.415,750
309,59.44,59.44,59.42,59.43,1012
310,59.47,59.47,59.44,59.44,600
311,59.45,59.48,59.44,59.47,4752
312,59.48,59.48,59.45,59.45,1167
313,59.36,59.48,59.36,59.48,4598
314,59.36,59.36,59.36,59.36,100
315,59.34,59.37,59.295,59.33,4911
316,59.35,59.35,59.33,59.33,800
317,59.33,59.4,59.33,59.39,1300
318,59.33,59.33,59.33,59.33,100
319,59.34,59.36,59.34,59.34,1750
320,59.33,59.36,59.33,59.35,2583
321,59.31,59.35,59.3,59.34,5700
322,59.34,59.36,59.3,59.3,3500
323,59.31,59.34,59.31,59.34,810
324,59.26,59.3,59.26,59.3,1307
325,59.26,59.26,59.26,59.26,300
326,59.22,59.26,59.22,59.255,3160
327,59.22,59.24,59.21,59.21,1000
328,59.25,59.26,59.23,59.25,2150
329,59.24,59.26,59.24,59.26,1200
331,59.28,59.28,59.25,59.25,1871
332,59.2,59.29,59.2,59.29,2396
333,59.16,59.2,59.16,59.2,3100
334,59.18,59.19,59.14,59.15,1301
335,59.19,59.21,59.17,59.17,900
336,59.13,59.21,59.13,59.21,4141
337,59.23,59.24,59.15,59.15,2199
338,59.25,59.25,59.235,59.25,900
339,59.27,59.28,59.265,59.28,1200
340,59.31,59.31,59.27,59.27,2122
341,59.36,59.36,59.32,59.32,1000
342,59.31,59.35,59.3,59.34,2700
343,59.38,59.39,59.34,59.34,2057
344,59.36,59.42,59.36,59.39,1732
345,59.43,59.43,59.39,59.39,600
346,59.43,59.45,59.4,59.43,3396
347,59.46,59.46,59.44,59.44,700
348,59.41,59.46,59.41,59.45,1437
349,59.4,59.4,59.4,59.4,100
350,59.41,59.41,59.395,59.4,700
351,59.38,59.42,59.38,59.41,4900
352,59.41,59.41,59.35,59.39,2100
353,59.42,59.45,59.4,59.4,2867
354,59.4,59.42,59.4,59.42,2597
355,59.46,59.47,59.41,59.41,2228
356,59.47,59.47,59.44,59.45,1400
357,59.42,59.47,59.42,59.47,1920
358,59.4,59.45,59.4,59.45,1197
359,59.44,59.44,59.41,59.41,1300
360,59.43,59.49,59.43,59.46,2600
361,59.43,59.45,59.4,59.42,2185
362,59.46,59.46,59.41,59.42,1338
363,59.41,59.47,59.41,59.47,3700
364,59.43,59.44,59.385,59.41,1504
365,59.42,59.44,59.4,59.44,2914
366,59.43,59.43,59.4,59.42,2584
367,59.47,59.47,59.42,59.43,3500
368,59.49,59.5,59.44,59.47,3764
369,59.5,59.5,59.49,59.49,1300
370,59.43,59.5,59.43,59.5,2600
371,59.44,59.44,59.37,59.41,4641
372,59.4,59.44,59.38,59.43,9266
373,59.3899,59.4,59.385,59.39,1042
374,59.41,59.415,59.38,59.39,6005
375,59.41,59.425,59.36,59.39,8050
376,59.38,59.415,59.37,59.41,4481
377,59.38,59.39,59.375,59.38,3714
378,59.415,59.45,59.38,59.39,5392
379,59.41,59.42,59.41,59.42,2996
380,59.36,59.42,59.35,59.415,8835
381,59.33,59.38,59.32,59.37,9178
382,59.34,59.36,59.33,59.34,2119
383,59.32,59.35,59.31,59.33,10816
384,59.3,59.335,59.29,59.31,6162
385,59.32,59.33,59.3,59.31,8467
386,59.33,59.33,59.31,59.32,9077
387,59.37,59.38,59.33,59.33,10662
388,59.39,59.4,59.36,59.36,14927
389,59.44,59.44,59.38,59.39,13581
390,59.42,59.45,59.4,59.45,14308
