MSFT,Microsoft Corp.,Information Technology,7,Systems Software,526532618280,25803981
a1497274200,69.3,69.3,69.25,69.25,727705
1,69.1,69.3,69.03,69.29,430407
2,68.96,69.0892,68.75,69.06,440134
3,68.89,69.24,68.85,68.95,288429
4,68.92,68.99,68.845,68.88,309049
5,69.23,69.25,68.89,68.925,320156
6,69.28,69.35,69.22,69.23,403515
7,69.19,69.28,69.14,69.28,280779
8,68.975,69.26,68.965,69.19,292076
9,68.96,69.18,68.95,68.97,180633
10,68.7632,68.98,68.74,68.96,415329
11,69.21,69.21,68.76,68.7601,433689
12,68.68,69.21,68.67,69.21,366403
13,68.67,68.77,68.6089,68.68,347394
14,68.6,68.69,68.55,68.67,292955
15,68.73,68.79,68.54,68.59,365669
16,68.91,68.96,68.64,68.72,373354
17,68.6301,68.97,68.62,68.91,346427
18,68.555,68.705,68.52,68.64,352499
19,68.48,68.61,68.35,68.5599,534127
20,68.44,68.49,68.36,68.48,194479
21,68.26,68.44,68.26,68.43,232894
22,68.23,68.37,68.15,68.25,402933
23,68.2,68.26,68.13,68.23,266351
24,68.29,68.33,68.17,68.2,377383
25,68.3345,68.48,68.2,68.29,337144
26,68.26,68.39,68.16,68.34,249653
27,68.4745,68.48,68.18,68.27,330075
28,68.542,68.62,68.45,68.475,323734
29,68.505,68.56,68.4,68.54,281848
30,68.54,68.61,68.45,68.4975,344287
31,68.5,68.5404,68.45,68.53,139734
32,68.72,68.74,68.47,68.505,197376
33,68.77,68.85,68.7,68.711,224631
34,68.81,68.85,68.76,68.77,230375
35,68.83,68.88,68.77,68.82,194566
36,68.54,68.8742,68.53,68.83,187457
37,68.6553,68.78,68.54,68.54,148749
38,68.6485,68.73,68.55,68.66,144180
39,68.7534,68.76,68.6,68.64,125169
40,68.65,68.77,68.61,68.76,116025
41,68.76,68.78,68.64,68.645,261560
42,68.775,68.78,68.66,68.76,291345
43,68.84,68.86,68.72,68.77,190738
44,68.82,68.8944,68.79,68.84,131411
45,68.62,68.84,68.55,68.83,229495
46,68.61,68.64,68.5,68.6125,163656
47,68.65,68.65,68.555,68.6158,96463
48,68.86,68.88,68.63,68.65,145196
49,68.9,68.97,68.83,68.86,118701
50,68.975,68.99,68.87,68.91,121954
51,69.003,69.03,68.875,68.95,151638
52,69.015,69.04,68.945,69,200554
53,69.19,69.19,69,69.005,192208
54,69.185,69.2,69.1,69.19,142321
55,69.1,69.26,69.09,69.185,193604
56,69.12,69.12,68.97,69.1,289756
57,69.1,69.165,69.09,69.12,184389
58,69.06,69.095,68.9949,69.095,190931
59,69.03,69.08,69,69.06,142431
60,68.96,69.05,68.96,69.03,190270
61,69.076,69.12,68.96,68.96,193428
62,69.04,69.13,69.02,69.08,99376
63,69.06,69.07,68.97,69.0499,145163
64,68.96,69.105,68.91,69.06,344268
65,69.03,69.04,68.92,68.965,108005
66,69.085,69.11,69.03,69.035,173589
67,69.13,69.16,69.04,69.08,199050
68,69.07,69.165,69.07,69.14,155191
69,69.1599,69.16,69.05,69.07,144849
70,69.1762,69.21,69.02,69.155,240666
71,69.12,69.184,69.1,69.17,103355
72,69.17,69.21,69.0999,69.1299,118344
73,69.22,69.26,69.15,69.185,156367
74,69.22,69.31,69.21,69.23,120035
75,69.215,69.28,69.19,69.21,206311
76,69.22,69.25,69.15,69.21,96863
77,69.28,69.28,69.18,69.225,110136
78,69.24,69.28,69.19,69.27,93591
79,69.1749,69.27,69.1749,69.24,150094
80,69.15,69.22,69.15,69.18,108176
81,69.09,69.16,69.09,69.15,69824
82,69.2363,69.2363,69.12,69.12,53385
83,69.24,69.2799,69.17,69.235,159062
84,69.27,69.27,69.19,69.23,72731
85,69.2261,69.3,69.205,69.27,63568
86,69.18,69.29,69.18,69.23,115047
87,69.0626,69.2,69.06,69.18,127996
88,69.075,69.08,69.02,69.07,116094
89,69.19,69.19,69.075,69.075,66231
90,69.205,69.24,69.18,69.18,88693
91,69.1,69.205,69.08,69.2,100258
92,69.08,69.14,69.08,69.105,54485
93,69.02,69.09,69.02,69.09,107580
94,69.1016,69.12,69.0238,69.0238,152391
95,69.1,69.11,69.04,69.105,99242
96,69.065,69.1,69.05,69.09,49093
97,69.06,69.1,69.02,69.065,130865
98,69.22,69.22,69.05,69.06,108593
99,69.25,69.3,69.21,69.2101,148551
100,69.27,69.325,69.25,69.25,91207
101,69.37,69.37,69.255,69.27,154397
102,69.405,69.41,69.36,69.37,84181
103,69.37,69.405,69.36,69.4,103131
104,69.365,69.39,69.345,69.37,267903
105,69.47,69.48,69.355,69.3649,160367
106,69.51,69.515,69.43,69.47,87564
107,69.4,69.53,69.38,69.5151,105795
108,69.3,69.39,69.2,69.39,117067
109,69.38,69.41,69.27,69.29,121055
110,69.43,69.43,69.34,69.38,105849
111,69.33,69.47,69.33,69.44,124658
112,69.325,69.35,69.295,69.33,56412
113,69.39,69.41,69.32,69.32,45563
114,69.375,69.4441,69.37,69.39,72545
115,69.32,69.43,69.31,69.38,63081
116,69.31,69.35,69.26,69.325,88331
117,69.32,69.37,69.3,69.31,45037
118,69.435,69.435,69.26,69.32,109718
119,69.42,69.46,69.3925,69.43,100498
120,69.31,69.465,69.26,69.42,102553
121,69.29,69.42,69.29,69.31,141523
122,69.405,69.415,69.29,69.29,85311
123,69.375,69.46,69.375,69.41,134830
124,69.3338,69.39,69.32,69.37,94372
125,69.52,69.535,69.33,69.34,158346
126,69.51,69.55,69.47,69.52,100098
127,69.475,69.53,69.46,69.51,105243
128,69.471,69.49,69.43,69.47,70475
129,69.49,69.5,69.41,69.49,81813
130,69.52,69.56,69.475,69.49,81207
131,69.51,69.56,69.46,69.5049,105299
132,69.46,69.53,69.44,69.52,86231
133,69.435,69.48,69.41,69.46,115429
134,69.35,69.4699,69.35,69.44,156449
135,69.435,69.465,69.365,69.37,69633
136,69.44,69.45,69.38,69.42,74897
137,69.49,69.52,69.42,69.45,88343
138,69.48,69.49,69.45,69.49,81409
139,69.44,69.51,69.41,69.48,77647
140,69.425,69.48,69.4,69.45,60413
141,69.41,69.44,69.4,69.42,80715
142,69.42,69.43,69.39,69.41,74094
143,69.43,69.48,69.41,69.42,119315
144,69.39,69.43,69.38,69.43,65631
145,69.43,69.44,69.38,69.385,70013
146,69.27,69.44,69.265,69.435,91360
147,69.36,69.37,69.26,69.27,85400
148,69.4145,69.42,69.34,69.37,46701
149,69.39,69.43,69.34,69.42,57451
150,69.36,69.4,69.34,69.395,112989
151,69.335,69.4,69.335,69.361,62396
152,69.295,69.36,69.275,69.34,95639
153,69.31,69.385,69.29,69.29,79200
154,69.277,69.3049,69.24,69.3049,79722
155,69.2,69.274,69.19,69.27,153883
156,69.1671,69.2,69.13,69.2,52988
157,69.17,69.21,69.16,69.16,38201
158,69.1575,69.18,69.13,69.175,145130
159,69.215,69.22,69.15,69.1701,65653
160,69.22,69.24,69.21,69.22,57282
161,69.218,69.23,69.2,69.2275,49368
162,69.2899,69.29,69.21,69.21,90237
163,69.32,69.35,69.27,69.2899,101599
164,69.315,69.33,69.2944,69.325,91326
165,69.32,69.35,69.32,69.32,64751
166,69.27,69.33,69.27,69.325,25996
167,69.23,69.28,69.22,69.27,31211
168,69.2634,69.27,69.15,69.23,84449
169,69.31,69.32,69.205,69.265,55629
170,69.31,69.32,69.26,69.31,44618
171,69.294,69.32,69.27,69.3065,43772
172,69.28,69.3201,69.28,69.29,55445
173,69.29,69.3,69.26,69.28,56782
174,69.24,69.29,69.23,69.29,86433
175,69.2299,69.24,69.17,69.23,95156
176,69.1872,69.24,69.17,69.22,146091
177,69.12,69.18,69.12,69.18,66352
178,69.075,69.1272,69.06,69.12,69665
179,69.035,69.075,69.03,69.07,57876
180,69.0839,69.12,69.03,69.0366,42556
181,69.09,69.13,69.07,69.08,76181
182,69.08,69.1,69.045,69.08,78881
183,69.1,69.11,69.05,69.08,96676
184,69.12,69.165,69.095,69.107,57101
185,69.11,69.14,69.1,69.13,31419
186,69.105,69.12,69.1,69.101,26218
187,69.09,69.12,69.09,69.105,69092
188,69.1,69.12,69.08,69.09,38858
189,69.1068,69.1161,69.1,69.11,63314
190,69.15,69.17,69.1,69.11,49586
191,69.1798,69.1798,69.14,69.145,22083
192,69.125,69.18,69.11,69.175,34527
193,69.09,69.137,69.09,69.1247,49170
194,69.199,69.2,69.08,69.09,90296
195,69.175,69.21,69.16,69.2,55359
196,69.1901,69.225,69.18,69.18,23213
197,69.12,69.19,69.12,69.19,37784
198,69.21,69.22,69.135,69.135,51583
199,69.185,69.21,69.17,69.21,38747
200,69.23,69.23,69.1847,69.19,28523
201,69.2,69.23,69.19,69.2253,24335
202,69.24,69.2649,69.21,69.21,37341
203,69.3,69.305,69.24,69.25,42607
204,69.3,69.3,69.285,69.3,20840
205,69.28,69.315,69.28,69.2935,40582
206,69.245,69.279,69.24,69.275,55164
207,69.17,69.2469,69.1601,69.24,122068
208,69.21,69.245,69.16,69.169,52540
209,69.205,69.22,69.18,69.21,75507
210,69.33,69.37,69.205,69.21,181582
211,69.26,69.34,69.23,69.33,45079
212,69.285,69.3,69.26,69.26,54571
213,69.35,69.39,69.28,69.29,54634
214,69.36,69.375,69.33,69.35,43052
215,69.3334,69.36,69.3334,69.355,41474
216,69.34,69.3556,69.33,69.3384,24451
217,69.29,69.34,69.28,69.34,28014
218,69.28,69.31,69.28,69.3,20973
219,69.19,69.29,69.19,69.285,67494
220,69.245,69.25,69.1999,69.2,25191
221,69.32,69.33,69.22,69.24,46064
222,69.39,69.42,69.32,69.32,100117
223,69.46,69.465,69.37,69.39,55350
224,69.45,69.475,69.41,69.46,42860
225,69.48,69.52,69.465,69.465,127772
226,69.45,69.48,69.43,69.47,42308
227,69.44,69.45,69.42,69.45,63869
228,69.4138,69.45,69.41,69.44,90141
229,69.41,69.42,69.4,69.415,78584
230,69.43,69.43,69.38,69.405,39020
231,69.45,69.47,69.4299,69.4299,18865
232,69.44,69.45,69.41,69.44,23557
233,69.49,69.5,69.43,69.44,27088
234,69.535,69.54,69.49,69.495,57699
235,69.5,69.55,69.5,69.53,50785
236,69.5,69.51,69.5,69.5,48618
237,69.505,69.5165,69.49,69.505,53649
238,69.54,69.54,69.5,69.5,42329
239,69.51,69.54,69.5,69.53,29880
240,69.52,69.54,69.5,69.515,24746
241,69.54,69.58,69.51,69.51,58198
242,69.59,69.59,69.52,69.5344,24802
243,69.56,69.59,69.56,69.59,28478
244,69.515,69.58,69.5,69.5653,36231
245,69.54,69.555,69.515,69.515,21634
246,69.5175,69.545,69.5,69.54,56064
247,69.55,69.55,69.51,69.51,18191
248,69.53,69.545,69.51,69.54,30765
249,69.5105,69.54,69.5,69.52,27410
250,69.525,69.53,69.51,69.5101,37358
251,69.565,69.58,69.52,69.53,57356
252,69.54,69.57,69.54,69.5689,29783
253,69.5,69.54,69.5,69.54,14263
254,69.55,69.56,69.5,69.5,88508
255,69.545,69.56,69.52,69.55,25966
256,69.56,69.56,69.51,69.545,27263
257,69.52,69.57,69.52,69.57,38375
258,69.54,69.59,69.53,69.531,40480
259,69.54,69.55,69.52,69.55,31852
260,69.55,69.5713,69.53,69.54,33691
261,69.56,69.5659,69.52,69.55,25439
262,69.55,69.57,69.55,69.57,9591
263,69.53,69.55,69.51,69.55,23923
264,69.53,69.54,69.51,69.53,20522
265,69.5,69.535,69.49,69.535,38405
266,69.575,69.58,69.49,69.505,98057
267,69.53,69.57,69.52,69.57,23123
268,69.5,69.53,69.5,69.53,29407
269,69.525,69.54,69.49,69.505,50332
270,69.5,69.535,69.5,69.53,53944
271,69.54,69.55,69.5,69.5,92795
272,69.567,69.58,69.53,69.5356,54729
273,69.53,69.56,69.51,69.56,23081
274,69.515,69.54,69.5,69.53,17232
275,69.5052,69.525,69.5,69.5199,27769
276,69.525,69.535,69.5,69.505,59372
277,69.521,69.54,69.51,69.53,22386
278,69.48,69.53,69.46,69.53,65092
279,69.52,69.56,69.46,69.47,60470
280,69.505,69.56,69.5,69.53,34109
281,69.555,69.56,69.5,69.51,48011
282,69.565,69.59,69.55,69.56,64843
283,69.635,69.67,69.56,69.57,72694
284,69.625,69.65,69.6,69.6492,31143
285,69.6,69.625,69.56,69.6247,54997
286,69.58,69.595,69.56,69.595,15983
287,69.6099,69.61,69.58,69.585,48873
288,69.61,69.63,69.58,69.601,31186
289,69.5799,69.615,69.55,69.61,44128
290,69.58,69.6,69.55,69.58,30577
291,69.5949,69.6,69.56,69.5766,27363
292,69.605,69.63,69.59,69.6,30261
293,69.59,69.62,69.565,69.601,46679
294,69.6,69.62,69.58,69.585,61807
295,69.56,69.61,69.55,69.605,49331
296,69.58,69.59,69.55,69.55,42460
297,69.5866,69.59,69.57,69.58,16918
298,69.635,69.64,69.57,69.58,33805
299,69.61,69.65,69.6,69.64,30594
300,69.6,69.61,69.58,69.6028,30819
301,69.607,69.6099,69.55,69.6,42725
302,69.65,69.67,69.61,69.61,39321
303,69.775,69.79,69.66,69.67,101397
304,69.83,69.85,69.77,69.78,65528
305,69.8,69.84,69.8,69.835,34919
306,69.785,69.8075,69.78,69.8044,28365
307,69.76,69.795,69.75,69.7856,47628
308,69.81,69.825,69.76,69.765,48689
309,69.81,69.825,69.8,69.81,74369
310,69.8,69.835,69.8,69.81,40845
311,69.79,69.81,69.78,69.8,40315
312,69.81,69.8156,69.785,69.8,44750
313,69.895,69.905,69.8,69.81,130937
314,69.8702,69.905,69.845,69.9,124089
315,69.9348,69.94,69.445,69.88,181105
316,69.915,69.94,69.9,69.93,71095
317,69.88,69.92,69.86,69.915,58503
318,69.825,69.89,69.82,69.885,50838
319,69.78,69.82,69.7499,69.815,76827
320,69.775,69.8,69.75,69.78,57977
321,69.78,69.81,69.76,69.78,36429
322,69.74,69.79,69.73,69.785,25106
323,69.73,69.75,69.69,69.74,41142
324,69.62,69.73,69.61,69.73,46980
325,69.63,69.66,69.615,69.615,37025
326,69.715,69.725,69.63,69.64,53840
327,69.725,69.74,69.7,69.72,53838
328,69.66,69.72,69.65,69.72,198980
329,69.69,69.71,69.66,69.66,54684
330,69.715,69.74,69.69,69.69,53283
331,69.67,69.72,69.67,69.72,86106
332,69.72,69.73,69.65,69.68,50763
333,69.77,69.805,69.72,69.72,62654
334,69.765,69.775,69.745,69.775,54462
335,69.77,69.77,69.74,69.7644,48270
336,69.8,69.8056,69.75,69.775,38065
337,69.785,69.805,69.75,69.8,32145
338,69.8,69.82,69.76,69.7844,50853
339,69.765,69.82,69.765,69.82,21213
340,69.78,69.78,69.745,69.76,70782
341,69.755,69.81,69.74,69.78,62171
342,69.75,69.77,69.75,69.76,31251
343,69.67,69.7594,69.67,69.7537,55941
344,69.69,69.72,69.66,69.67,49342
345,69.695,69.7,69.67,69.69,27972
346,69.685,69.705,69.67,69.69,67633
347,69.695,69.695,69.66,69.685,27305
348,69.71,69.73,69.68,69.69,64128
349,69.715,69.74,69.7,69.72,49731
350,69.7,69.7144,69.69,69.71,59439
351,69.765,69.77,69.69,69.705,80425
352,69.74,69.77,69.71,69.77,27287
353,69.735,69.74,69.7,69.72,34244
354,69.705,69.74,69.7,69.74,21783
355,69.685,69.7099,69.65,69.7,64135
356,69.655,69.69,69.64,69.6838,97847
357,69.68,69.685,69.62,69.6599,105899
358,69.62,69.6885,69.62,69.6847,127884
359,69.57,69.63,69.57,69.625,103156
360,69.505,69.5751,69.45,69.57,162231
361,69.51,69.52,69.48,69.5,75616
362,69.55,69.56,69.5,69.5,89202
363,69.56,69.57,69.54,69.56,75748
364,69.6,69.61,69.54,69.54,70858
365,69.58,69.61,69.57,69.6,69130
366,69.649,69.66,69.57,69.583,324639
367,69.615,69.6452,69.59,69.6452,77833
368,69.59,69.615,69.58,69.61,43395
369,69.62,69.62,69.5892,69.59,32973
370,69.62,69.65,69.61,69.62,63618
371,69.57,69.625,69.57,69.62,305788
372,69.565,69.58,69.51,69.57,98350
373,69.575,69.58,69.54,69.56,64098
374,69.59,69.59,69.56,69.57,84850
375,69.59,69.605,69.58,69.58,104927
376,69.5988,69.61,69.57,69.58,125044
377,69.61,69.62,69.57,69.595,84720
378,69.635,69.68,69.58,69.6132,149653
379,69.66,69.66,69.62,69.64,60973
380,69.64,69.67,69.605,69.65,95147
381,69.735,69.75,69.6,69.64,168028
382,69.745,69.77,69.73,69.7386,93365
383,69.735,69.76,69.72,69.74,89814
384,69.79,69.82,69.72,69.73,123321
385,69.83,69.83,69.77,69.795,105273
386,69.81,69.84,69.77,69.83,189580
387,69.83,69.845,69.79,69.8,115621
388,69.845,69.88,69.83,69.83,184562
389,69.83,69.88,69.83,69.845,219373
390,69.78,69.8363,69.74,69.8363,2916830
