PFG,Principal Financial Group,Financials,4,Life & Health Insurance,19102221828,1236918
a1497274200,64.72,64.72,64.72,64.72,16654
1,65.15,65.15,64.81,64.81,40322
2,65.25,65.25,65.12,65.15,2985
3,65.19,65.305,65.12,65.23,7480
4,65,65.3,65,65.15,8165
6,64.99,65.05,64.99,65.01,4200
8,65,65.03,65,65,900
9,64.96,65.03,64.96,65.03,2300
10,65.069,65.13,64.93,64.93,5124
11,65,65.07,65,65.06,1400
12,65.01,65.01,64.99,64.99,5200
13,64.83,65.04,64.83,65.01,4240
14,64.92,64.95,64.87,64.87,1701
16,64.98,65.02,64.94,64.94,1408
17,64.97,64.99,64.97,64.99,899
18,64.9999,64.9999,64.92,64.97,830
19,64.92,65,64.92,64.99,2600
20,64.99,65.01,64.98,65,4600
21,65.04,65.0515,65.01,65.02,2200
22,65.06,65.06,65.03,65.03,800
23,64.99,65.06,64.99,65.06,1400
24,65.01,65.01,64.93,64.99,3384
25,65,65,64.935,65,1800
26,65.01,65.04,64.98,65,2540
27,64.95,65,64.94,65,1520
28,64.95,64.96,64.88,64.95,2400
29,64.88,64.935,64.88,64.935,700
30,64.9,64.92,64.86,64.92,1600
31,64.94,64.94,64.9,64.9,508
32,64.86,64.94,64.86,64.94,1000
33,64.86,64.86,64.86,64.86,300
34,64.89,64.89,64.85,64.85,700
35,64.96,64.96,64.87,64.87,2753
36,65.11,65.11,64.98,64.98,2039
37,65.04,65.07,65.01,65.06,1800
38,64.965,65.09,64.96,65.07,5000
39,64.93,64.99,64.93,64.97,4510
40,64.9,64.99,64.9,64.96,10940
41,64.96,64.96,64.91,64.92,1200
42,64.9,64.99,64.9,64.99,18499
43,64.86,64.92,64.86,64.89,2100
44,64.86,64.93,64.83,64.86,2400
45,64.94,64.98,64.86,64.86,1700
46,64.96,64.96,64.92,64.92,500
47,64.97,64.975,64.97,64.975,200
48,64.96,64.99,64.93,64.97,12826
49,65.01,65.01,64.95,64.99,11804
50,65.02,65.05,65.01,65.01,2100
51,65.01,65.07,65,65.07,2000
52,65.01,65.02,64.98,65,5250
53,64.99,65,64.92,65,3920
54,65.01,65.04,64.95,64.95,1800
55,65.01,65.01,64.98,64.98,600
56,65.07,65.07,65.07,65.07,100
57,65.03,65.04,65,65.03,1000
58,65.02,65.02,65.02,65.02,200
60,65.11,65.11,65.04,65.04,1913
61,65.03,65.1,65.01,65.1,1100
62,65.05,65.07,65.04,65.04,1514
63,65.01,65.03,64.98,65.03,1951
64,64.97,65,64.97,65,2300
65,65.05,65.05,64.96,64.96,1100
66,65.07,65.09,65.04,65.041,3358
67,65.07,65.1,65.04,65.06,1623
68,65.02,65.09,65.02,65.09,2402
69,65.04,65.04,65.02,65.04,1800
70,65.065,65.065,65.02,65.05,800
71,65.11,65.12,65.0662,65.0662,1638
72,65.16,65.16,65.13,65.13,338
73,65.08,65.17,65,65.17,49128
74,65.04,65.075,65.03,65.075,900
75,65.09,65.09,65.07,65.07,4252
76,65.105,65.11,65.09,65.11,3678
77,65.22,65.22,65.12,65.12,1650
78,65.2,65.22,65.18,65.19,1900
79,65.15,65.18,65.15,65.18,660
80,65.21,65.21,65.13,65.13,500
81,65.23,65.23,65.18,65.19,1700
82,65.25,65.25,65.2,65.22,939
83,65.2,65.23,65.19,65.23,1554
84,65.24,65.24,65.21,65.22,1000
85,65.31,65.32,65.26,65.26,3798
86,65.28,65.305,65.28,65.305,700
87,65.3,65.3,65.255,65.265,2300
88,65.33,65.33,65.29,65.29,1022
89,65.35,65.35,65.33,65.33,417
90,65.41,65.41,65.35,65.38,2604
91,65.43,65.43,65.39,65.41,1700
92,65.43,65.435,65.43,65.435,300
93,65.4,65.44,65.4,65.43,1400
94,65.33,65.39,65.33,65.39,1998
95,65.35,65.37,65.35,65.36,800
96,65.36,65.37,65.34,65.35,3200
97,65.37,65.37,65.34,65.35,2197
98,65.33,65.37,65.33,65.37,2845
99,65.3,65.33,65.3,65.33,1800
100,65.29,65.3,65.29,65.3,2215
101,65.29,65.3,65.27,65.3,6106
102,65.28,65.28,65.28,65.28,600
103,65.25,65.28,65.25,65.27,1508
104,65.23,65.24,65.18,65.24,4984
105,65.27,65.27,65.23,65.2403,618
106,65.25,65.26,65.22,65.26,1313
107,65.28,65.28,65.23,65.24,801
108,65.2563,65.28,65.25,65.27,1409
109,65.19,65.25,65.17,65.25,3183
110,65.22,65.22,65.18,65.18,1001
111,65.18,65.23,65.18,65.23,1213
112,65.16,65.17,65.14,65.17,1129
113,65.1823,65.1823,65.17,65.17,900
114,65.11,65.185,65.09,65.185,4846
115,65.09,65.09,65.055,65.09,2609
116,65.095,65.1,65.08,65.09,2049
117,65.06,65.09,65.06,65.09,2300
118,65.0282,65.04,65.02,65.04,1385
119,64.97,65.02,64.95,65.02,3086
120,64.9425,64.97,64.94,64.97,4000
121,64.92,64.95,64.92,64.94,1715
122,64.98,65,64.92,64.92,3222
123,64.96,64.97,64.96,64.97,200
124,64.94,64.96,64.94,64.96,600
125,64.92,64.92,64.92,64.92,200
126,64.92,64.94,64.9,64.915,1401
127,64.92,64.94,64.92,64.93,800
128,64.91,64.91,64.88,64.91,1900
129,64.9,64.91,64.87,64.91,3500
130,64.86,64.94,64.86,64.91,2400
131,64.85,64.87,64.81,64.87,2500
132,64.86,64.86,64.825,64.85,600
133,64.795,64.84,64.795,64.84,1855
134,64.765,64.8,64.74,64.8,1852
135,64.78,64.8,64.75,64.765,1425
136,64.76,64.77,64.74,64.77,3290
137,64.79,64.8,64.75,64.76,791
138,64.8,64.82,64.79,64.81,1100
139,64.74,64.78,64.74,64.78,1400
140,64.74,64.77,64.74,64.77,900
141,64.77,64.78,64.75,64.75,2400
142,64.775,64.785,64.76,64.77,1300
143,64.8,64.83,64.79,64.79,1800
144,64.77,64.77,64.76,64.76,300
145,64.75,64.79,64.75,64.78,1947
146,64.73,64.74,64.72,64.72,400
147,64.79,64.805,64.73,64.74,2600
148,64.8,64.82,64.8,64.82,600
149,64.8,64.82,64.8,64.8,1600
150,64.81,64.82,64.8,64.8,700
151,64.8,64.86,64.8,64.86,5800
152,64.77,64.79,64.74,64.79,6000
153,64.81,64.81,64.74,64.76,3120
154,64.805,64.805,64.775,64.79,1714
155,64.82,64.82,64.79,64.79,6428
156,64.83,64.85,64.78,64.79,1393
157,64.82,64.83,64.82,64.83,630
158,64.82,64.82,64.82,64.82,100
159,64.82,64.83,64.82,64.82,800
160,64.84,64.84,64.82,64.82,982
161,64.83,64.84,64.83,64.84,500
162,64.8375,64.86,64.83,64.84,6130
163,64.86,64.86,64.855,64.86,500
164,64.89,64.89,64.85,64.86,1932
165,64.9,64.91,64.9,64.9,945
166,64.91,64.92,64.8901,64.92,2308
167,64.93,64.93,64.9,64.9,708
168,64.92,64.93,64.89,64.93,3000
169,64.95,64.95,64.91,64.92,1000
170,64.95,64.95,64.95,64.95,500
171,64.96,64.96,64.96,64.96,100
172,65,65,64.98,64.98,1345
173,64.98,65,64.98,65,487
174,64.95,64.97,64.93,64.97,2166
175,64.98,64.98,64.93,64.95,2100
176,64.99,64.99,64.99,64.99,300
177,64.98,65,64.98,64.99,1600
178,64.985,64.99,64.985,64.99,200
179,64.98,64.995,64.98,64.995,700
180,64.98,64.99,64.97,64.98,2000
181,64.98,64.98,64.98,64.98,200
182,65.05,65.07,64.99,64.99,1874
183,65.02,65.05,65.0025,65.05,1619
184,65.045,65.045,65.04,65.04,305
185,65.05,65.06,65.045,65.045,694
186,65.05,65.07,65.04,65.06,600
187,65.04,65.04,65.02,65.03,1405
188,65.03,65.03,65.03,65.03,100
189,65.02,65.04,65.02,65.02,449
190,65.02,65.02,65.01,65.0166,1701
191,65.03,65.0332,65.03,65.03,382
192,65.01,65.04,65.01,65.04,1000
193,65,65,65,65,1000
194,65.01,65.01,64.99,65.01,1100
195,65,65.03,65,65.02,950
196,65.01,65.02,65.01,65.02,229
197,65.02,65.02,65.02,65.02,500
198,65.03,65.04,65.01,65.04,1000
199,65.03,65.03,65.03,65.03,400
201,64.985,65.02,64.985,65.02,2203
202,65.01,65.01,64.985,64.99,800
203,65.0078,65.0078,65.0078,65.0078,350
204,65,65,65,65,1264
205,65.04,65.04,65.01,65.01,700
206,65.03,65.03,65.02,65.025,400
207,65.01,65.02,64.99,65.01,2460
208,65.01,65.02,65.01,65.02,300
209,64.99,65,64.99,65,1209
210,64.99,64.99,64.98,64.98,300
211,64.97,64.99,64.97,64.99,1197
212,64.98,64.98,64.975,64.98,408
213,64.98,64.99,64.98,64.98,1200
214,65,65,64.98,64.98,700
215,65,65.01,65,65.01,600
216,64.99,64.99,64.99,64.99,643
217,64.96,64.99,64.94,64.99,2727
218,64.96,64.97,64.95,64.96,1100
219,64.96,64.98,64.95,64.95,1300
220,64.95,64.97,64.95,64.95,1700
221,64.925,64.94,64.91,64.94,885
222,64.86,64.925,64.86,64.925,600
223,64.89,64.89,64.88,64.88,1201
224,64.9,64.9,64.9,64.9,300
225,64.89,64.895,64.87,64.895,3322
226,64.89,64.91,64.89,64.9,600
227,64.88,64.89,64.88,64.89,500
228,64.9,64.9,64.89,64.9,600
229,64.895,64.91,64.885,64.91,3214
230,64.9,64.91,64.89,64.89,2900
231,64.89,64.91,64.88,64.89,4325
232,64.9,64.91,64.87,64.87,2697
233,64.91,64.91,64.91,64.91,300
234,64.9,64.9,64.9,64.9,400
235,64.92,64.92,64.89,64.89,1100
236,64.93,64.94,64.93,64.94,800
237,64.91,64.93,64.9,64.93,2120
238,64.925,64.925,64.9,64.91,2700
239,64.9105,64.92,64.9,64.92,744
240,64.9,64.9,64.9,64.9,200
241,64.95,64.96,64.92,64.92,3000
242,64.98,65,64.94,64.95,8810
243,65,65,64.97,64.97,1500
244,64.97,64.99,64.97,64.99,200
245,64.95,64.98,64.95,64.98,1800
246,64.92,64.965,64.92,64.96,3256
247,64.92,64.935,64.92,64.935,410
248,64.89,64.93,64.89,64.92,1800
249,64.885,64.89,64.885,64.89,500
250,64.9,64.9,64.889,64.89,800
251,64.895,64.915,64.89,64.9,2100
253,64.94,64.94,64.88,64.88,1800
254,64.94,64.94,64.92,64.92,342
256,64.93,64.93,64.93,64.93,300
257,64.9,64.92,64.89,64.92,2200
258,64.93,64.94,64.91,64.91,1500
260,64.95,64.95,64.93,64.94,1000
261,64.94,64.94,64.93,64.93,1500
262,64.91,64.93,64.91,64.93,1400
263,64.92,64.93,64.91,64.93,700
264,64.9,64.92,64.9,64.91,600
265,64.92,64.94,64.9,64.91,2800
266,64.895,64.91,64.88,64.91,3200
267,64.8594,64.89,64.8594,64.89,1422
268,64.88,64.885,64.855,64.855,2400
269,64.8761,64.89,64.8761,64.88,675
271,64.86,64.87,64.85,64.86,600
272,64.88,64.88,64.88,64.88,600
273,64.85,64.89,64.84,64.89,3200
274,64.87,64.89,64.87,64.87,2550
275,64.88,64.88,64.87,64.87,1000
276,64.905,64.905,64.89,64.89,1000
277,64.88,64.9,64.88,64.895,3100
278,64.88,64.88,64.88,64.88,200
279,64.92,64.93,64.88,64.88,1416
280,64.91,64.915,64.91,64.915,2000
281,64.91,64.92,64.9,64.92,400
282,64.909,64.925,64.9,64.91,5397
283,64.92,64.93,64.91,64.91,1315
284,64.93,64.93,64.925,64.925,800
285,64.92,64.93,64.9125,64.93,1300
286,64.91,64.9206,64.9,64.9206,2483
287,64.92,64.93,64.91,64.91,1000
288,64.925,64.93,64.92,64.92,600
289,64.92,64.945,64.91,64.9225,3411
290,64.89,64.92,64.89,64.92,1200
291,64.895,64.895,64.88,64.88,900
292,64.91,64.92,64.9,64.9,1700
293,64.855,64.905,64.85,64.905,3250
294,64.87,64.87,64.86,64.86,339
295,64.86,64.875,64.86,64.87,1500
296,64.86,64.88,64.86,64.88,1400
297,64.89,64.905,64.86,64.86,2200
298,64.85,64.88,64.85,64.88,1279
299,64.85,64.87,64.85,64.859,1163
300,64.87,64.87,64.86,64.86,900
301,64.83,64.86,64.83,64.86,928
302,64.885,64.885,64.87,64.88,401
303,64.885,64.91,64.88,64.89,5301
304,64.87,64.88,64.855,64.87,1501
305,64.9,64.91,64.87,64.87,3148
306,64.9,64.91,64.89,64.9025,1300
307,64.905,64.91,64.905,64.91,800
308,64.88,64.91,64.88,64.9,5395
309,64.905,64.91,64.88,64.89,1028
310,64.9,64.91,64.899,64.9,1100
311,64.9,64.91,64.9,64.91,300
312,64.92,64.93,64.9,64.92,2300
313,64.89,64.92,64.89,64.92,1758
314,64.9,64.9,64.88,64.88,2000
315,64.9,64.93,64.9,64.91,1200
316,64.92,64.935,64.92,64.935,600
317,64.915,64.915,64.91,64.91,200
318,64.905,64.915,64.89,64.91,5099
319,64.9,64.9,64.88,64.89,1200
320,64.96,64.96,64.9,64.9,2200
321,64.94,64.96,64.93,64.96,3200
322,64.95,64.95,64.92,64.94,3100
323,64.98,64.98,64.94,64.94,1300
324,64.98,64.99,64.98,64.99,773
326,65,65,64.99,65,1100
327,64.97,65.01,64.97,65.01,3200
328,64.96,64.97,64.96,64.97,300
329,64.99,64.99,64.97,64.97,1735
330,65.01,65.01,64.97,64.981,4003
331,65.02,65.03,65.02,65.03,1500
332,64.99,65.01,64.99,65.01,1300
333,64.99,65,64.99,65,1700
334,64.9667,64.98,64.9667,64.97,900
335,64.99,65,64.98,64.98,1592
336,65,65,64.96,64.98,7196
337,65.01,65.01,64.98,65,2762
338,65,65.01,64.97,65.01,900
339,64.985,64.985,64.97,64.97,900
340,64.985,64.985,64.985,64.985,200
341,64.99,64.99,64.97,64.98,2338
342,65,65,64.99,65,1684
343,64.99,65.01,64.99,65.01,2201
344,64.99,65.005,64.99,64.99,1400
345,65,65,64.99,65,1300
346,65.01,65.01,64.99,65,2840
347,65.01,65.01,64.99,65,1500
348,65.03,65.03,65,65,1752
349,65.015,65.025,65.015,65.02,1200
350,64.975,65.01,64.96,65.01,3016
351,64.975,64.9825,64.97,64.98,2285
352,64.95,64.97,64.95,64.97,919
353,64.95,64.95,64.94,64.9425,1050
354,64.96,64.97,64.955,64.96,1473
355,64.96,64.96,64.96,64.96,500
356,64.93,64.96,64.93,64.96,1300
357,64.925,64.94,64.92,64.94,3200
358,64.92,64.94,64.92,64.93,3400
359,64.91,64.93,64.91,64.92,900
360,64.89,64.9,64.87,64.9,3500
361,64.88,64.9,64.88,64.89,1107
362,64.885,64.89,64.88,64.89,900
363,64.89,64.89,64.88,64.885,4678
364,64.885,64.89,64.87,64.89,1815
365,64.88,64.88,64.87,64.88,1500
366,64.93,64.93,64.89,64.89,8405
367,64.97,64.97,64.92,64.93,4053
368,64.95,64.985,64.94,64.98,8050
369,64.945,64.965,64.94,64.96,3400
370,64.93,64.945,64.93,64.945,2483
371,64.945,64.96,64.935,64.935,7816
372,64.9397,64.95,64.91,64.945,11179
373,64.95,64.955,64.93,64.94,5312
374,64.97,64.98,64.955,64.96,10236
375,64.95,64.97,64.95,64.965,7086
376,64.96,64.98,64.95,64.95,5180
377,64.96,64.975,64.95,64.965,4051
378,64.98,64.995,64.95,64.96,9848
379,64.97,64.97,64.95,64.96,4100
380,64.96,64.97,64.95,64.97,3726
381,64.96,64.97,64.95,64.95,8402
382,64.93,64.96,64.93,64.955,3975
383,64.945,64.96,64.935,64.94,7339
384,64.97,64.98,64.94,64.95,8982
385,64.99,64.99,64.955,64.98,7625
386,64.995,65,64.99,64.99,2581
387,64.99,65.01,64.99,64.99,9622
388,64.98,65.0025,64.97,64.99,24417
389,64.985,64.99,64.97,64.98,11390
390,64.98,65,64.95,64.99,28974
