PHM,Pulte Homes Inc.,Consumer Discretionary,1,Homebuilding,7411199439,4671062
a1497274200,23.4,23.4,23.4,23.4,36043
1,23.43,23.43,23.39,23.4,4500
2,23.46,23.49,23.44,23.45,7500
3,23.5,23.5,23.47,23.47,1700
4,23.49,23.53,23.49,23.5,10075
5,23.46,23.48,23.45,23.48,3900
6,23.44,23.45,23.41,23.45,15896
7,23.47,23.47,23.43,23.46,10600
8,23.54,23.54,23.48,23.48,9000
9,23.51,23.54,23.49,23.54,7700
10,23.54,23.541,23.51,23.51,5770
11,23.46,23.54,23.46,23.54,9407
12,23.55,23.55,23.47,23.47,7832
13,23.56,23.58,23.55,23.55,9284
14,23.56,23.57,23.55,23.56,22149
15,23.59,23.6,23.55,23.56,14915
16,23.6,23.62,23.59,23.59,4438
17,23.64,23.64,23.5901,23.6,7745
18,23.63,23.63,23.62,23.63,3200
19,23.65,23.66,23.63,23.63,6200
20,23.66,23.67,23.65,23.65,12430
21,23.615,23.66,23.61,23.66,13772
22,23.65,23.65,23.61,23.615,8188
23,23.62,23.648,23.62,23.64,8999
24,23.57,23.615,23.56,23.61,13400
25,23.6,23.61,23.57,23.57,14805
26,23.62,23.64,23.6,23.6,11551
27,23.58,23.625,23.58,23.62,13003
28,23.6,23.6,23.56,23.58,17058
29,23.57,23.595,23.56,23.59,14138
30,23.59,23.59,23.56,23.575,15879
31,23.6,23.6067,23.59,23.59,3634
32,23.54,23.6,23.54,23.6,12264
33,23.52,23.55,23.52,23.55,13822
34,23.515,23.52,23.49,23.51,22825
35,23.52,23.54,23.52,23.52,10201
36,23.56,23.57,23.52,23.525,15300
37,23.5561,23.58,23.54,23.57,21941
38,23.55,23.58,23.55,23.555,8900
39,23.54,23.55,23.54,23.55,8411
40,23.51,23.54,23.5,23.54,10481
41,23.545,23.545,23.52,23.52,12800
42,23.54,23.55,23.53,23.55,11151
43,23.555,23.555,23.54,23.54,2200
44,23.54,23.555,23.54,23.55,13997
45,23.57,23.57,23.535,23.54,17304
46,23.55,23.57,23.54,23.57,18886
47,23.55,23.55,23.54,23.54,2358
48,23.53,23.545,23.52,23.54,10800
49,23.56,23.56,23.52,23.53,21458
50,23.565,23.57,23.55,23.56,3452
51,23.55,23.57,23.55,23.57,6500
52,23.54,23.585,23.53,23.545,13024
53,23.53,23.54,23.505,23.535,9500
54,23.5437,23.5437,23.515,23.53,6932
55,23.56,23.56,23.54,23.54,3100
56,23.54,23.57,23.54,23.56,11300
57,23.55,23.565,23.53,23.54,5741
58,23.53,23.54,23.52,23.54,8868
59,23.53,23.53,23.525,23.525,1400
60,23.52,23.53,23.5,23.53,8820
61,23.49,23.53,23.48,23.53,12016
62,23.51,23.515,23.5,23.5,3340
63,23.51,23.51,23.5,23.51,5000
64,23.51,23.525,23.5,23.51,6700
65,23.5,23.515,23.5,23.51,9374
66,23.5,23.5,23.49,23.5,1701
67,23.505,23.505,23.49,23.5,5396
68,23.5,23.52,23.5,23.51,8199
69,23.5,23.5,23.48,23.5,6320
70,23.49,23.5,23.49,23.49,2900
71,23.51,23.51,23.5,23.5,8400
72,23.53,23.53,23.51,23.51,5100
73,23.55,23.55,23.54,23.54,5547
74,23.52,23.55,23.515,23.55,18800
75,23.53,23.54,23.53,23.53,3000
76,23.54,23.54,23.54,23.54,600
77,23.53,23.55,23.53,23.54,8600
78,23.52,23.53,23.52,23.53,3912
79,23.52,23.53,23.52,23.52,5961
80,23.54,23.54,23.53,23.53,2200
81,23.54,23.54,23.5338,23.54,5443
82,23.56,23.56,23.55,23.55,6300
83,23.5646,23.58,23.56,23.57,7569
84,23.57,23.58,23.56,23.56,2564
85,23.57,23.58,23.56,23.58,14099
86,23.57,23.585,23.57,23.58,15772
87,23.565,23.575,23.55,23.57,10512
88,23.57,23.57,23.555,23.56,15066
89,23.56,23.575,23.55,23.57,12246
90,23.54,23.57,23.54,23.57,12696
91,23.56,23.57,23.545,23.545,2300
92,23.545,23.565,23.53,23.56,26131
93,23.55,23.55,23.545,23.545,1700
94,23.54,23.55,23.525,23.55,15956
95,23.56,23.565,23.54,23.54,9800
96,23.605,23.605,23.565,23.565,22566
97,23.59,23.605,23.58,23.6,17068
98,23.56,23.595,23.555,23.59,14383
99,23.55,23.555,23.54,23.55,12870
100,23.55,23.555,23.54,23.55,5500
101,23.53,23.55,23.53,23.55,9650
102,23.51,23.54,23.51,23.54,6099
103,23.5,23.51,23.5,23.51,9571
104,23.51,23.515,23.5,23.5,7231
105,23.51,23.515,23.51,23.51,8591
106,23.51,23.51,23.49,23.5,8247
107,23.52,23.52,23.5,23.51,8060
108,23.53,23.535,23.52,23.52,4400
109,23.51,23.53,23.5,23.53,9724
110,23.495,23.52,23.49,23.52,7480
111,23.49,23.5,23.49,23.5,4159
112,23.5,23.5,23.49,23.49,704
113,23.515,23.515,23.5,23.5,2200
114,23.51,23.519,23.51,23.515,6590
115,23.5,23.515,23.5,23.515,6456
116,23.5033,23.51,23.5,23.51,4256
117,23.51,23.51,23.5,23.505,1195
118,23.5,23.51,23.5,23.505,2100
119,23.49,23.5,23.49,23.5,4610
120,23.53,23.53,23.49,23.49,13600
121,23.55,23.55,23.53,23.53,7300
122,23.55,23.56,23.55,23.55,6700
123,23.54,23.55,23.54,23.55,12873
124,23.54,23.55,23.535,23.54,3679
125,23.53,23.54,23.525,23.54,5424
126,23.52,23.53,23.52,23.53,4683
127,23.52,23.52,23.515,23.52,2100
128,23.51,23.52,23.51,23.52,5600
129,23.515,23.52,23.5,23.51,4076
130,23.53,23.5307,23.515,23.52,10580
131,23.52,23.54,23.51,23.54,3450
132,23.54,23.54,23.53,23.53,1500
133,23.55,23.55,23.54,23.54,3865
134,23.53,23.55,23.53,23.55,5699
135,23.52,23.53,23.52,23.53,2718
136,23.53,23.53,23.52,23.52,2300
137,23.54,23.54,23.54,23.54,1172
138,23.5462,23.55,23.5458,23.5458,1048
139,23.54,23.55,23.53,23.55,5309
140,23.54,23.55,23.54,23.55,1300
141,23.52,23.54,23.52,23.54,9280
142,23.515,23.52,23.51,23.52,7111
143,23.51,23.529,23.51,23.52,4512
144,23.51,23.51,23.51,23.51,1200
145,23.51,23.51,23.51,23.51,700
146,23.505,23.51,23.49,23.51,7769
147,23.53,23.53,23.51,23.51,1900
148,23.52,23.54,23.52,23.54,4300
149,23.51,23.52,23.51,23.52,3126
150,23.53,23.54,23.51,23.51,4254
151,23.52,23.535,23.52,23.53,2024
152,23.51,23.52,23.51,23.52,2600
153,23.53,23.53,23.52,23.52,2500
154,23.53,23.53,23.52,23.52,5026
155,23.53,23.53,23.53,23.53,600
156,23.52,23.53,23.52,23.53,1100
157,23.515,23.5231,23.51,23.5231,8034
158,23.5034,23.52,23.5034,23.51,21746
159,23.5,23.51,23.5,23.51,8761
160,23.5,23.51,23.495,23.5,16077
161,23.5,23.51,23.5,23.505,2700
162,23.51,23.52,23.505,23.505,13600
163,23.52,23.52,23.51,23.51,11243
164,23.53,23.53,23.515,23.52,3922
165,23.53,23.54,23.53,23.54,3377
166,23.55,23.55,23.53,23.53,3700
167,23.54,23.55,23.54,23.55,4830
168,23.54,23.54,23.54,23.54,1730
169,23.55,23.55,23.54,23.54,1700
170,23.535,23.54,23.535,23.54,5456
171,23.54,23.54,23.535,23.54,3393
172,23.56,23.56,23.55,23.55,1160
173,23.54,23.55,23.54,23.55,6499
174,23.55,23.55,23.54,23.54,1100
175,23.54,23.56,23.54,23.56,2600
176,23.55,23.55,23.54,23.54,3250
177,23.55,23.55,23.54,23.55,1600
178,23.55,23.55,23.55,23.55,300
179,23.55,23.55,23.545,23.55,4709
180,23.55,23.56,23.55,23.56,2341
181,23.55,23.555,23.55,23.55,1528
182,23.58,23.585,23.56,23.56,5329
183,23.57,23.58,23.57,23.58,2932
184,23.55,23.565,23.55,23.56,5600
185,23.575,23.575,23.56,23.56,2441
186,23.57,23.58,23.57,23.58,800
187,23.58,23.58,23.57,23.57,2800
188,23.57,23.57,23.57,23.57,100
189,23.56,23.57,23.56,23.57,3129
190,23.57,23.57,23.57,23.57,1865
191,23.59,23.59,23.5733,23.5733,4647
192,23.61,23.625,23.6,23.6,14077
193,23.59,23.61,23.59,23.61,2200
194,23.61,23.61,23.59,23.59,3068
195,23.605,23.61,23.605,23.61,3200
196,23.61,23.62,23.6,23.6,2342
197,23.6,23.61,23.59,23.61,3696
198,23.6,23.6,23.6,23.6,1700
199,23.59,23.5911,23.59,23.59,1300
200,23.61,23.61,23.595,23.595,6489
201,23.61,23.6154,23.61,23.6142,5213
202,23.61,23.61,23.6,23.6,1006
203,23.605,23.61,23.605,23.61,1862
204,23.59,23.61,23.59,23.61,4213
205,23.61,23.61,23.6,23.6,1500
206,23.61,23.61,23.61,23.61,900
207,23.59,23.6,23.59,23.6,2560
208,23.61,23.61,23.6,23.6,2200
209,23.61,23.61,23.61,23.61,1000
210,23.59,23.6,23.57,23.6,10537
211,23.58,23.59,23.58,23.59,532
212,23.58,23.58,23.57,23.58,1728
213,23.59,23.59,23.58,23.58,1208
214,23.6,23.6,23.59,23.59,1200
215,23.6,23.6,23.59,23.6,2500
216,23.59,23.595,23.59,23.59,3299
217,23.58,23.58,23.57,23.58,2800
218,23.59,23.59,23.59,23.59,1410
219,23.59,23.59,23.59,23.59,700
220,23.6,23.6,23.6,23.6,600
221,23.58,23.59,23.58,23.59,2979
223,23.58,23.58,23.58,23.58,1612
224,23.58,23.585,23.58,23.585,3699
225,23.58,23.59,23.58,23.59,6809
226,23.585,23.59,23.585,23.59,747
227,23.58,23.58,23.58,23.58,1500
228,23.59,23.59,23.58,23.58,2589
229,23.58,23.59,23.58,23.59,1300
230,23.58,23.585,23.58,23.58,500
231,23.585,23.59,23.58,23.58,5205
232,23.6,23.6,23.585,23.585,1976
233,23.595,23.6,23.59,23.6,2621
234,23.581,23.59,23.58,23.59,5589
235,23.58,23.59,23.58,23.59,1649
236,23.59,23.59,23.5875,23.59,1250
237,23.59,23.59,23.58,23.58,1900
238,23.59,23.59,23.5838,23.59,1579
239,23.59,23.59,23.59,23.59,1792
240,23.6,23.605,23.6,23.6,8298
241,23.62,23.62,23.6,23.6,8159
242,23.62,23.63,23.615,23.62,7996
243,23.62,23.62,23.61,23.61,1668
244,23.6201,23.63,23.62,23.62,4375
245,23.61,23.62,23.605,23.62,6957
246,23.62,23.62,23.62,23.62,4447
247,23.6,23.62,23.59,23.62,4876
248,23.61,23.61,23.6,23.6,7054
249,23.61,23.61,23.61,23.61,1800
250,23.61,23.6111,23.61,23.61,2677
251,23.62,23.62,23.61,23.61,1400
252,23.61,23.62,23.61,23.62,2899
253,23.63,23.63,23.61,23.61,2400
254,23.62,23.62,23.62,23.62,2941
255,23.615,23.62,23.615,23.615,900
256,23.63,23.63,23.61,23.61,2899
257,23.6157,23.63,23.6157,23.63,2300
258,23.63,23.63,23.62,23.62,3868
259,23.63,23.63,23.626,23.63,2100
260,23.63,23.635,23.629,23.63,4194
261,23.63,23.63,23.625,23.625,1682
262,23.64,23.64,23.63,23.63,2266
263,23.64,23.64,23.64,23.64,900
264,23.63,23.64,23.63,23.64,4195
265,23.62,23.63,23.62,23.62,2795
266,23.62,23.62,23.615,23.62,3599
267,23.61,23.62,23.61,23.62,2600
268,23.62,23.625,23.62,23.62,3648
269,23.61,23.62,23.61,23.62,1500
270,23.61,23.61,23.602,23.61,3628
271,23.62,23.62,23.6,23.61,1302
272,23.63,23.63,23.62,23.62,1600
273,23.625,23.63,23.621,23.6299,1136
274,23.63,23.63,23.62,23.63,1160
275,23.63,23.63,23.625,23.63,1206
276,23.63,23.63,23.62,23.62,500
277,23.6101,23.625,23.61,23.625,5164
278,23.63,23.63,23.61,23.61,3699
279,23.64,23.64,23.625,23.625,3193
280,23.625,23.63,23.62,23.63,7736
281,23.625,23.63,23.62,23.62,2000
282,23.63,23.64,23.63,23.63,2700
283,23.61,23.63,23.61,23.63,10821
284,23.62,23.62,23.62,23.62,2200
285,23.6233,23.63,23.62,23.6266,2299
286,23.61,23.6243,23.61,23.6242,7566
287,23.6,23.61,23.6,23.61,2952
288,23.59,23.6,23.581,23.6,9147
289,23.595,23.6,23.59,23.6,1900
290,23.575,23.59,23.575,23.59,7177
291,23.56,23.58,23.56,23.57,10275
292,23.56,23.565,23.56,23.56,700
293,23.5366,23.56,23.5366,23.56,16112
294,23.54,23.54,23.53,23.54,2971
295,23.54,23.55,23.54,23.55,5282
296,23.53,23.54,23.53,23.54,961
297,23.54,23.54,23.53,23.54,5995
298,23.52,23.535,23.52,23.535,10393
299,23.52,23.53,23.51,23.525,27506
300,23.52,23.52,23.515,23.52,7200
301,23.51,23.515,23.505,23.51,30712
302,23.505,23.515,23.5,23.51,8276
303,23.515,23.52,23.505,23.51,8149
304,23.5,23.51,23.49,23.51,26378
305,23.505,23.505,23.495,23.5,3600
306,23.505,23.505,23.5,23.5,1200
307,23.505,23.51,23.505,23.505,18565
308,23.5,23.505,23.5,23.505,800
309,23.51,23.51,23.505,23.5053,8228
310,23.51,23.51,23.5,23.51,14145
311,23.49,23.51,23.49,23.5,7358
312,23.5,23.5,23.5,23.5,2307
313,23.48,23.49,23.475,23.49,13621
314,23.48,23.48,23.465,23.47,11676
315,23.49,23.4901,23.48,23.48,6230
316,23.485,23.49,23.485,23.49,700
317,23.47,23.485,23.47,23.485,7511
318,23.46,23.47,23.46,23.47,5571
319,23.46,23.4662,23.46,23.46,1079
320,23.48,23.49,23.465,23.47,12525
321,23.46,23.49,23.46,23.48,10237
322,23.48,23.49,23.465,23.47,6836
323,23.47,23.48,23.46,23.48,9990
324,23.47,23.475,23.47,23.475,2200
325,23.45,23.47,23.45,23.47,2697
326,23.47,23.47,23.45,23.45,10642
327,23.46,23.47,23.45,23.47,7340
328,23.46,23.46,23.455,23.46,2428
329,23.48,23.48,23.465,23.47,5800
330,23.48,23.48,23.475,23.48,2943
331,23.48,23.49,23.48,23.48,1100
332,23.47,23.49,23.46,23.48,8923
333,23.46,23.47,23.46,23.47,11925
334,23.47,23.47,23.46,23.46,8256
335,23.47,23.47,23.47,23.47,3791
336,23.48,23.48,23.465,23.47,4800
337,23.49,23.49,23.48,23.48,8200
338,23.48,23.49,23.475,23.49,11317
339,23.48,23.48,23.475,23.48,3700
340,23.475,23.48,23.47,23.475,2520
341,23.48,23.48,23.475,23.475,3599
342,23.48,23.49,23.48,23.48,2647
343,23.48,23.49,23.48,23.4875,3838
344,23.485,23.49,23.48,23.49,3200
345,23.48,23.495,23.48,23.49,15178
346,23.48,23.49,23.48,23.48,8855
347,23.485,23.49,23.485,23.485,2700
348,23.49,23.49,23.485,23.485,3700
349,23.485,23.49,23.48,23.49,2800
350,23.475,23.48,23.475,23.48,7686
351,23.49,23.49,23.47,23.47,6794
352,23.485,23.49,23.48,23.49,4600
353,23.485,23.49,23.48,23.48,4500
354,23.49,23.5,23.48,23.48,7300
355,23.49,23.5,23.49,23.49,2696
356,23.48,23.5,23.48,23.495,9138
357,23.48,23.48,23.48,23.48,1600
358,23.47,23.49,23.47,23.48,45050
359,23.47,23.4768,23.47,23.47,2126
360,23.455,23.47,23.45,23.47,12858
361,23.455,23.46,23.45,23.455,6353
362,23.47,23.47,23.455,23.455,10417
363,23.48,23.48,23.465,23.47,7900
364,23.475,23.48,23.475,23.48,4900
365,23.475,23.485,23.47,23.48,15230
366,23.49,23.495,23.475,23.475,14997
367,23.5,23.5,23.49,23.5,12367
368,23.49,23.5,23.48,23.5,17770
369,23.495,23.495,23.495,23.495,600
370,23.495,23.505,23.49,23.495,27809
371,23.495,23.5,23.49,23.495,8507
372,23.48,23.495,23.475,23.495,39266
373,23.48,23.485,23.47,23.48,16845
374,23.47,23.48,23.47,23.48,6263
375,23.475,23.48,23.47,23.47,16867
376,23.49,23.49,23.475,23.475,19693
377,23.5,23.5,23.485,23.49,15049
378,23.49,23.51,23.49,23.5,32690
379,23.49,23.5,23.49,23.495,5576
380,23.49,23.5,23.49,23.495,18232
381,23.485,23.5,23.48,23.49,19928
382,23.475,23.49,23.47,23.485,9458
383,23.475,23.48,23.47,23.47,5182
384,23.48,23.48,23.47,23.475,27896
385,23.485,23.49,23.475,23.48,24079
386,23.475,23.49,23.47,23.49,37351
387,23.475,23.48,23.47,23.475,16980
388,23.485,23.49,23.475,23.475,42901
389,23.48,23.49,23.48,23.49,30117
390,23.47,23.485,23.47,23.48,161542
