PYPL,PayPal,Information Technology,7,Data Processing & Outsourced Services,61517152835,8177254
a1497274200,52.75,52.81,52.75,52.81,134808
1,52.73,52.9,52.65,52.755,73954
2,52.19,52.72,52.17,52.71,115307
3,52.21,52.38,52.15,52.2,58361
4,52.24,52.31,52.16,52.19,90901
5,52.28,52.3,52.14,52.25,117269
6,52.41,52.43,52.27,52.3,105662
7,52.43,52.47,52.32,52.41,126979
8,52.26,52.44,52.24,52.44,145926
9,52.17,52.3,52.17,52.26,66804
10,51.89,52.18,51.76,52.17,170664
11,52.13,52.14,51.9,51.9,152154
12,51.98,52.135,51.94,52.1201,172411
13,51.99,52.01,51.93,51.96,177300
14,52.04,52.05,51.91,51.995,82761
15,52.035,52.15,51.94,52.03,42814
16,52.02,52.05,51.93,52.01,104653
17,52,52.12,51.95,52.03,75216
18,52.01,52.06,51.96,52,41606
19,52,52.09,51.93,52.0162,70437
20,51.84,52,51.83,51.99,55306
21,51.7,51.835,51.69,51.8334,75641
22,51.59,51.73,51.56,51.7,90814
23,51.45,51.61,51.43,51.595,117718
24,51.63,51.635,51.435,51.45,148994
25,51.63,51.77,51.513,51.63,125839
26,51.67,51.67,51.57,51.62,53446
27,51.87,51.89,51.57,51.665,202378
28,51.79,52,51.79,51.88,46682
29,51.86,51.86,51.665,51.76,59588
30,51.82,51.86,51.82,51.86,34562
31,51.6665,51.82,51.66,51.82,42540
32,51.785,51.8,51.655,51.66,122567
33,51.92,51.94,51.78,51.79,64208
34,52.02,52.05,51.915,51.92,55272
35,51.99,52.07,51.95,52.02,39099
36,51.75,52.02,51.75,51.99,99889
37,51.8,51.92,51.76,51.76,75095
38,51.74,51.8,51.6801,51.8,23803
39,51.71,51.77,51.7,51.7301,25145
40,51.695,51.705,51.66,51.7,40518
41,51.735,51.74,51.675,51.695,40091
42,51.76,51.76,51.66,51.73,41646
43,51.89,51.89,51.74,51.75,51453
44,51.95,51.98,51.89,51.89,53701
45,51.785,51.96,51.76,51.95,62089
46,51.845,51.85,51.775,51.7852,42247
47,51.805,51.85,51.79,51.85,25579
48,51.87,51.92,51.82,51.82,89358
49,51.85,51.89,51.85,51.87,100650
50,51.86,51.88,51.84,51.85,37299
51,51.79,51.86,51.7,51.86,60548
52,51.67,51.79,51.66,51.785,66475
53,51.76,51.84,51.65,51.665,79119
54,51.77,51.79,51.72,51.775,57061
55,51.75,51.77,51.74,51.76,88154
56,51.72,51.76,51.68,51.76,71405
57,51.67,51.76,51.67,51.72,37960
58,51.68,51.72,51.66,51.66,52960
59,51.67,51.69,51.651,51.67,43189
60,51.66,51.71,51.66,51.68,113766
61,51.7275,51.73,51.61,51.655,55584
62,51.645,51.7244,51.64,51.7244,54592
63,51.65,51.65,51.59,51.64,40026
64,51.63,51.7,51.61,51.64,31231
65,51.68,51.7,51.6034,51.62,18662
66,51.81,51.81,51.685,51.69,59909
67,51.78,51.81,51.74,51.81,47383
68,51.77,51.82,51.74,51.78,79230
69,51.8789,51.8789,51.7641,51.7641,33844
70,51.86,51.885,51.79,51.87,26718
71,51.825,51.855,51.81,51.85,16245
72,51.905,51.96,51.82,51.82,33833
73,51.865,51.9,51.85,51.9,53515
74,51.87,51.95,51.86,51.86,66061
75,51.9,51.93,51.8744,51.8744,17805
76,51.9,51.93,51.87,51.91,18755
77,51.93,51.94,51.88,51.91,16950
78,51.89,51.93,51.86,51.93,34748
79,51.92,51.94,51.86,51.89,36008
80,51.89,51.93,51.88,51.925,36639
81,51.86,51.925,51.86,51.8872,34286
82,51.92,51.93,51.86,51.87,47276
83,51.98,52.03,51.915,51.92,43819
84,52.055,52.06,51.985,51.99,40893
85,51.98,52.075,51.96,52.07,117459
86,51.94,52.02,51.94,51.99,51099
87,51.91,51.965,51.9,51.94,46095
88,51.85,51.9,51.85,51.9,23234
89,51.88,51.92,51.855,51.86,29723
90,51.9007,51.92,51.88,51.88,29128
91,51.92,51.92,51.865,51.91,19050
92,51.94,51.97,51.915,51.915,20447
93,51.96,51.96,51.92,51.94,16628
94,52.03,52.035,51.97,51.97,19638
95,52.025,52.04,52.01,52.04,18666
96,51.99,52.03,51.95,52.03,35464
97,51.945,51.99,51.93,51.99,24333
98,52,52,51.94,51.9425,87123
99,52.1061,52.13,52,52,68110
100,52.15,52.18,52.11,52.11,31679
101,52.19,52.2,52.13,52.15,18462
102,52.21,52.23,52.18,52.199,18605
103,52.22,52.23,52.21,52.23,10862
104,52.29,52.31,52.22,52.22,28427
105,52.395,52.4,52.29,52.29,46648
106,52.34,52.4,52.3,52.395,108369
107,52.31,52.34,52.29,52.335,62875
108,52.25,52.3,52.23,52.3,28647
109,52.38,52.39,52.245,52.25,86460
110,52.33,52.39,52.32,52.385,88293
111,52.27,52.365,52.27,52.33,67065
112,52.32,52.35,52.275,52.28,28402
113,52.3,52.365,52.28,52.32,54591
114,52.3,52.31,52.28,52.3,49977
115,52.2663,52.35,52.2663,52.3,70034
116,52.27,52.3,52.26,52.27,40353
117,52.3,52.31,52.27,52.275,39503
118,52.38,52.38,52.25,52.29,55436
119,52.405,52.41,52.34,52.375,47076
120,52.335,52.43,52.32,52.41,67607
121,52.32,52.41,52.315,52.335,40446
122,52.32,52.37,52.2801,52.33,34279
123,52.25,52.325,52.245,52.325,25144
124,52.2,52.275,52.2,52.25,40610
125,52.2,52.2,52.16,52.2,52442
126,52.29,52.3,52.19,52.2,86285
127,52.29,52.31,52.28,52.3,41892
128,52.3001,52.31,52.24,52.28,53211
129,52.27,52.305,52.26,52.305,41111
130,52.325,52.36,52.275,52.28,52687
131,52.27,52.33,52.26,52.32,44248
132,52.26,52.3,52.26,52.26,50582
133,52.25,52.27,52.2,52.26,51503
134,52.15,52.25,52.13,52.24,37997
135,52.195,52.22,52.15,52.15,39985
136,52.185,52.215,52.16,52.2,34604
137,52.195,52.21,52.165,52.1955,49249
138,52.125,52.195,52.11,52.19,53227
139,52.07,52.15,52.06,52.135,28547
140,52.025,52.085,52.01,52.08,19455
141,51.99,52.02,51.97,52.02,36207
142,51.97,52.015,51.96,51.99,19666
143,51.99,52.02,51.97,51.98,58411
144,52.05,52.05,51.99,51.995,11900
145,52.08,52.1,52.048,52.05,36716
146,52.0371,52.095,52.03,52.08,24599
147,52.07,52.09,52.03,52.04,24310
148,52.15,52.15,52.075,52.075,19172
149,52.13,52.15,52.11,52.14,19922
150,52.12,52.15,52.11,52.125,16651
151,52.125,52.13,52.1,52.12,34560
152,52.08,52.13,52.07,52.12,14336
153,52.085,52.14,52.085,52.09,46077
154,52.1001,52.12,52.07,52.08,16090
155,52.08,52.11,52.07,52.1,18868
156,52.075,52.08,52.07,52.08,10503
157,52.065,52.095,52.06,52.079,23243
158,52.07,52.07,52.045,52.07,21572
159,52.09,52.12,52.055,52.06,31067
160,52.09,52.12,52.09,52.1,16484
161,52.1,52.1,52.09,52.09,11250
162,52.145,52.15,52.11,52.11,18919
163,52.2,52.21,52.15,52.15,21003
164,52.185,52.2,52.18,52.19,16747
165,52.175,52.185,52.17,52.185,9099
166,52.185,52.195,52.18,52.18,22210
167,52.165,52.185,52.16,52.18,8777
168,52.1647,52.165,52.11,52.16,37063
169,52.19,52.19,52.12,52.16,24647
170,52.165,52.19,52.145,52.19,25604
171,52.14,52.17,52.13,52.16,7799
172,52.13,52.16,52.13,52.14,11186
173,52.06,52.135,52.06,52.13,17061
174,52.01,52.065,52,52.06,21691
175,51.97,52.02,51.94,52.01,40856
176,51.98,51.9945,51.95,51.97,20774
177,51.975,52.01,51.97,51.98,20258
178,51.99,51.99,51.97,51.975,20280
179,52.0063,52.0063,51.98,52,11035
180,51.99,52.029,51.99,52.01,15380
181,52.015,52.03,51.99,51.99,8810
182,51.98,52.01,51.97,52.01,15788
183,52.06,52.06,51.98,51.98,13684
184,52.05,52.07,52.05,52.06,15305
185,52.015,52.05,51.999,52.04,9665
186,52,52.01,51.99,52.01,6900
187,51.995,52.005,51.98,52.005,12424
188,52.005,52.0056,51.98,51.99,19085
189,52.03,52.04,52.01,52.01,11404
190,52.07,52.08,52.02,52.03,21292
191,52.05,52.0792,52.05,52.0792,8706
192,52.0156,52.055,52,52.05,13941
193,52.01,52.02,52.005,52.01,7259
194,52.03,52.03,52,52.0048,10600
195,52.04,52.06,52.04,52.04,9843
196,52.04,52.05,52.03,52.03,5681
197,51.96,52.03,51.95,52.03,15154
198,52.015,52.02,51.955,51.96,16501
199,52,52.01,51.995,52,3687
200,51.99,52,51.98,52,8625
201,51.97,51.99,51.965,51.99,4500
202,52,52,51.97,51.97,14286
203,51.99,52,51.97,51.99,16618
204,51.98,52,51.98,51.985,15968
205,51.96,51.985,51.96,51.98,11984
206,51.94,51.95,51.915,51.95,13278
207,51.865,51.9311,51.86,51.9311,18224
208,51.905,51.925,51.86,51.86,18278
209,51.89,51.9,51.86,51.9,12202
210,51.91,51.94,51.875,51.89,16844
211,51.9,51.92,51.9,51.92,10120
212,51.875,51.89,51.86,51.89,13190
213,51.92,51.95,51.87,51.87,26262
214,51.915,51.92,51.89,51.91,10697
215,51.8953,51.92,51.895,51.9152,6049
216,51.91,51.92,51.89,51.9,8813
217,51.91,51.91,51.89,51.91,9112
218,51.89,51.91,51.89,51.91,10370
219,51.82,51.885,51.82,51.88,15767
220,51.885,51.91,51.83,51.83,23429
221,51.94,51.945,51.86,51.88,35610
222,51.98,51.98,51.94,51.94,15897
223,52,52,51.98,51.98,19822
224,52.01,52.03,52,52.01,8274
225,52.0556,52.08,52.02,52.02,22101
226,52.06,52.075,52.05,52.06,6509
227,52.05,52.105,52.05,52.05,24327
228,52.04,52.06,52.0334,52.05,11150
229,52.045,52.05,52.035,52.035,11350
230,52.04,52.05,52.04,52.04,2900
231,52.125,52.13,52.04,52.04,38009
232,52.13,52.16,52.125,52.13,18421
233,52.13,52.19,52.13,52.13,48886
234,52.12,52.14,52.1,52.135,15861
235,52.09,52.12,52.09,52.12,7075
236,52.09,52.1,52.09,52.09,2099
237,52.05,52.09,52.05,52.09,16963
238,52.055,52.07,52.035,52.05,12487
239,52.075,52.08,52.04,52.05,26261
240,52.0601,52.08,52.05,52.07,10636
241,52.06,52.08,52.05,52.07,23035
242,52.08,52.09,52.05,52.05,18729
243,52.08,52.08,52.07,52.07,7000
244,52.08,52.09,52.05,52.09,20768
245,52.09,52.1,52.08,52.08,17100
246,52.04,52.09,52.02,52.09,21614
247,52.08,52.08,52.04,52.05,21182
248,52.08,52.11,52.08,52.08,12037
249,52.06,52.09,52.06,52.09,17838
250,52.03,52.065,52.03,52.055,14046
251,52.045,52.06,52.03,52.0356,12956
252,52.04,52.06,52.04,52.0434,8224
253,52.025,52.0317,52.02,52.03,4204
254,51.995,52.02,51.99,52.02,12361
255,51.99,52.01,51.98,51.99,19768
256,52.025,52.025,51.97,51.98,19932
257,52.0448,52.05,52.025,52.025,11078
258,52.03,52.06,52.02,52.045,22052
259,52,52.02,51.99,52.02,7594
260,52.01,52.02,51.99,52,12849
261,52.0266,52.03,51.97,51.99,18700
262,52,52.03,51.99,52.025,21600
263,51.975,52,51.97,52,9356
264,51.98,51.99,51.975,51.985,6700
265,51.9579,51.985,51.95,51.98,9350
266,51.935,51.96,51.92,51.95,13376
267,51.94,51.97,51.93,51.93,21543
268,51.92,51.95,51.92,51.945,19631
269,51.92,51.93,51.91,51.92,7312
270,51.87,51.91,51.86,51.91,27415
271,51.925,51.925,51.855,51.87,16961
272,51.92,51.94,51.9,51.92,29961
273,51.93,51.94,51.9,51.9252,13979
274,51.91,51.94,51.91,51.93,7432
275,51.905,51.915,51.9,51.9142,4200
276,51.93,51.93,51.88,51.9,18101
277,51.92,51.9308,51.909,51.93,10783
278,51.905,51.93,51.9,51.93,9807
279,51.955,51.97,51.91,51.91,13047
280,51.93,51.96,51.93,51.96,10297
281,51.925,51.93,51.92,51.925,3085
282,51.92,51.945,51.89,51.92,58663
283,51.965,51.979,51.895,51.91,26614
284,51.96,51.97,51.96,51.97,6550
285,51.95,51.96,51.95,51.9556,127200
286,51.985,51.99,51.945,51.95,17446
287,52.05,52.05,52,52,16393
288,52.08,52.08,52.045,52.05,14289
289,52.05,52.08,52.0301,52.08,17649
290,52.05,52.06,52.045,52.059,8384
291,52.05,52.065,52.045,52.045,20312
292,52.1,52.1,52.06,52.07,34949
293,52.09,52.12,52.08,52.0999,59501
294,52.0999,52.1,52.08,52.095,25686
295,52.09,52.13,52.09,52.095,29736
296,52.09,52.11,52.09,52.09,30787
297,52.1,52.1,52.09,52.095,40688
298,52.15,52.18,52.1,52.1,17146
299,52.1,52.1438,52.1,52.1438,9071
300,52.09,52.105,52.09,52.105,17089
301,52.1,52.1,52.075,52.09,34630
302,52.1,52.1,52.09,52.1,22567
303,52.16,52.205,52.1,52.1,20872
304,52.175,52.2,52.14,52.16,15456
305,52.195,52.195,52.17,52.18,6999
306,52.185,52.19,52.175,52.19,14013
307,52.185,52.19,52.18,52.185,9000
308,52.18,52.22,52.175,52.185,28418
309,52.195,52.22,52.17,52.18,41730
310,52.18,52.21,52.17,52.19,32415
311,52.145,52.19,52.14,52.185,25391
312,52.15,52.16,52.14,52.145,39842
313,52.21,52.24,52.135,52.15,39757
314,52.18,52.22,52.175,52.21,8576
315,52.22,52.23,52.1745,52.18,28440
316,52.2,52.2201,52.2,52.2201,17547
317,52.2,52.21,52.1727,52.205,33057
318,52.16,52.225,52.16,52.21,51961
319,52.165,52.17,52.135,52.15,34503
320,52.16,52.18,52.1575,52.17,31709
321,52.15,52.18,52.145,52.17,19490
322,52.16,52.17,52.135,52.15,18834
323,52.18,52.19,52.14,52.17,28949
324,52.15,52.19,52.15,52.185,32970
325,52.125,52.15,52.12,52.15,18859
326,52.15,52.15,52.12,52.13,22294
327,52.15,52.15,52.14,52.15,12191
328,52.115,52.15,52.11,52.145,29174
329,52.11,52.12,52.11,52.11,12419
330,52.135,52.1401,52.101,52.11,24711
331,52.095,52.13,52.09,52.13,30652
332,52.14,52.14,52.08,52.09,30802
333,52.1443,52.16,52.13,52.14,39261
334,52.14,52.145,52.13,52.14,39730
335,52.14,52.15,52.13,52.145,60791
336,52.185,52.2032,52.145,52.15,47763
337,52.15,52.19,52.14,52.19,16994
338,52.165,52.17,52.14,52.16,55274
339,52.155,52.2,52.15,52.17,16892
340,52.15,52.155,52.1402,52.155,28700
341,52.13,52.18,52.12,52.16,29398
342,52.15,52.15,52.125,52.13,19778
343,52.125,52.145,52.12,52.145,17118
344,52.14,52.14,52.125,52.13,12162
345,52.115,52.14,52.11,52.135,41212
346,52.09,52.12,52.09,52.115,19865
347,52.075,52.095,52.05,52.09,23863
348,52.061,52.09,52.04,52.08,25952
349,52.061,52.1,52.06,52.07,19030
350,52.0701,52.08,52.065,52.07,8824
351,52.125,52.13,52.0709,52.075,21596
352,52.0814,52.14,52.081,52.13,23906
353,52.09,52.1,52.081,52.0899,11443
354,52.08,52.1,52.08,52.095,9132
355,52.0276,52.08,52.015,52.08,26414
356,51.99,52.03,51.97,52.03,24056
357,51.97,51.995,51.951,51.995,16037
358,51.975,51.99,51.95,51.97,22158
359,51.97,52.01,51.97,51.98,24429
360,51.945,51.975,51.92,51.975,27144
361,51.93,51.95,51.93,51.945,10230
362,51.99,51.99,51.93,51.93,28059
363,51.995,52.01,51.9844,51.99,19265
364,52.025,52.03,51.99,51.9944,16867
365,52.005,52.025,51.9935,52.02,15372
366,52.08,52.11,52.005,52.01,36053
367,52.08,52.1,52.03,52.0899,26305
368,52.06,52.0847,52.04,52.07,21039
369,52.08,52.09,52.06,52.07,11501
370,52.06,52.09,52.05,52.09,24173
371,52.03,52.08,52.03,52.06,38665
372,52.01,52.03,51.98,52.03,50169
373,51.995,52.01,51.99,52.01,28789
374,51.98,52,51.97,51.99,34542
375,52,52.01,51.98,51.99,37826
376,52.02,52.02,51.99,52,64546
377,52.05,52.07,52.01,52.0156,42740
378,52.08,52.14,52.05,52.0575,52750
379,52.08,52.09,52.075,52.09,17549
380,52.08,52.09,52.035,52.08,70737
381,52.145,52.15,52.065,52.08,57136
382,52.135,52.15,52.12,52.145,68165
383,52.125,52.135,52.1,52.13,53474
384,52.135,52.17,52.11,52.125,83839
385,52.12,52.14,52.11,52.14,51831
386,52.13,52.135,52.12,52.13,78593
387,52.159,52.16,52.12,52.12,49733
388,52.14,52.17,52.12,52.16,114726
389,52.15,52.15,52.14,52.15,63539
390,52.16,52.16,52.14,52.15,634470
