STX,Seagate Technology,Information Technology,7,Technology Hardware Storage & Peripherals,12206660868,4090491
a1497274200,41.7,41.94,41.7,41.75,62117
1,41.29,41.8883,41.256,41.808,135835
2,41.1,41.35,41.1,41.34,40395
3,40.38,41.19,40.34,41.13,206901
4,40.4801,40.86,40.37,40.38,84068
5,41.04,41.1,40.4301,40.4801,57105
6,41.25,41.27,41.01,41.0536,63438
7,41.17,41.27,41.0301,41.26,64116
8,40.99,41.18,40.99,41.15,30108
9,40.75,41.06,40.75,40.96,45135
10,40.7783,40.81,40.61,40.74,62946
11,40.87,40.98,40.78,40.78,28746
12,40.66,40.94,40.66,40.92,31975
13,40.55,40.71,40.48,40.65,52989
14,40.49,40.62,40.42,40.54,23103
15,40.61,40.69,40.4226,40.49,36379
16,40.74,40.75,40.6,40.6,67126
17,40.6276,40.82,40.62,40.75,9253
18,40.58,40.69,40.58,40.65,12886
19,40.645,40.76,40.57,40.575,21402
20,40.535,40.62,40.535,40.62,19919
21,40.55,40.67,40.53,40.53,15950
22,40.46,40.6,40.45,40.56,20208
23,40.3489,40.4732,40.32,40.46,30105
24,40.6199,40.6199,40.36,40.36,42363
25,40.735,40.859,40.64,40.64,21002
26,40.73,40.79,40.67,40.75,12901
27,40.895,40.91,40.67,40.73,13923
28,40.745,40.96,40.74,40.895,22483
29,40.86,40.87,40.72,40.74,7043
30,40.904,40.915,40.83,40.9,10491
31,40.67,40.88,40.62,40.88,35906
32,40.86,40.86,40.69,40.69,22878
33,40.8712,40.95,40.8,40.82,18158
34,41,41,40.86,40.86,19147
35,41.0438,41.0856,40.99,41,18911
36,40.91,41.16,40.9,41.06,36051
37,41.02,41.07,40.888,40.91,38346
38,40.78,41.01,40.77,41.01,29500
39,40.77,40.87,40.75,40.79,11003
40,40.63,40.76,40.57,40.76,41187
41,40.73,40.77,40.61,40.61,27169
42,40.85,40.86,40.65,40.73,40382
43,41.08,41.09,40.845,40.85,25050
44,41.189,41.2,41.03,41.09,41808
45,41.1,41.21,41.05,41.19,29267
46,41.25,41.25,41.13,41.13,46519
47,41.2,41.25,41.19,41.24,29675
48,41.46,41.46,41.165,41.19,27685
49,41.41,41.49,41.345,41.49,15807
50,41.44,41.45,41.37,41.4,10713
51,41.239,41.4499,41.2,41.4499,27330
52,41.16,41.23,41.13,41.2225,12506
53,41.37,41.4,41.16,41.17,16890
54,41.38,41.39,41.24,41.35,17606
55,41.3414,41.38,41.24,41.38,27382
56,41.13,41.3447,41.1,41.3447,20283
57,41.03,41.14,41.03,41.13,29421
58,41.025,41.07,40.91,41.015,23819
59,40.99,41.07,40.95,41.02,16974
60,40.965,41,40.9,40.98,12990
61,40.957,40.96,40.84,40.96,34466
62,40.94,41,40.93,40.97,8790
63,40.91,41,40.87,40.945,11132
64,40.84,40.93,40.79,40.93,25687
65,40.87,40.89,40.77,40.83,9852
66,40.9438,40.9438,40.82,40.87,10619
67,40.98,41,40.87,40.93,6600
68,41,41.03,40.97,40.9916,9578
69,41.11,41.15,41.02,41.02,21335
70,41.1,41.1197,41.03,41.11,14120
71,41.1,41.13,41.0726,41.1,8305
72,41.17,41.19,41.119,41.119,18028
73,41.13,41.2301,41.125,41.18,18100
74,41.05,41.13,41.05,41.12,11939
75,41.11,41.14,41.06,41.06,21774
76,41.1,41.1,41.06,41.1,7421
77,41.1,41.17,41.09,41.11,7555
78,41.01,41.1,41.01,41.0899,14079
79,40.98,41.006,40.91,41.006,23236
80,40.96,41.02,40.96,40.97,5850
81,40.85,40.95,40.85,40.95,8297
82,40.99,40.99,40.85,40.85,11300
83,40.96,40.99,40.91,40.99,7800
84,40.89,40.975,40.89,40.95,8160
85,40.89,40.92,40.8645,40.9,13345
86,40.82,40.9,40.82,40.89,25600
87,40.83,40.85,40.82,40.82,10557
88,40.87,40.87,40.81,40.83,10628
89,40.8863,40.91,40.88,40.88,9485
90,40.9054,40.955,40.88,40.88,8969
91,40.92,40.93,40.8501,40.91,11018
92,40.92,40.94,40.9,40.915,8977
93,40.96,41,40.93,40.94,9932
94,40.96,40.965,40.94,40.96,6800
95,40.96,40.99,40.93,40.95,14100
96,41,41,40.95,40.97,7457
97,41,41.03,40.96,40.99,47071
98,41.03,41.04,40.99,40.995,17225
99,41.14,41.17,41.0376,41.04,17884
100,41.09,41.16,41.09,41.16,9412
101,41.15,41.15,41.0595,41.06,7299
102,41.14,41.17,41.13,41.1602,9150
103,41.16,41.19,41.125,41.139,6568
104,41.16,41.2039,41.15,41.16,8040
105,41.2,41.23,41.17,41.17,9004
106,41.29,41.32,41.21,41.21,36881
107,41.2,41.29,41.2,41.285,28817
108,41.21,41.22,41.16,41.2,26278
109,41.285,41.32,41.22,41.22,76687
110,41.25,41.29,41.22,41.28,15248
111,41.15,41.25,41.15,41.25,14668
112,41.205,41.21,41.15,41.15,10875
113,41.21,41.25,41.209,41.21,7835
114,41.19,41.25,41.19,41.2181,6540
115,41.2256,41.2256,41.17,41.18,14451
116,41.23,41.24,41.21,41.22,5900
117,41.21,41.26,41.21,41.23,9811
118,41.26,41.26,41.19,41.21,15321
119,41.21,41.26,41.21,41.2531,13255
120,41.22,41.235,41.2,41.21,40292
121,41.19,41.27,41.19,41.22,10753
122,41.22,41.235,41.18,41.185,8763
123,41.165,41.225,41.16,41.22,6403
124,41.13,41.18,41.13,41.17,11721
125,41.14,41.14,41.1,41.12,14129
126,41.195,41.24,41.14,41.14,19691
127,41.17,41.21,41.17,41.2,5277
128,41.14,41.16,41.12,41.16,7711
129,41.09,41.135,41.06,41.135,10599
130,41.02,41.095,41.02,41.08,13407
131,41.01,41.03,41,41.02,6703
132,41.0707,41.08,41.01,41.01,12918
133,41.03,41.093,41.02,41.08,6623
134,40.86,41.02,40.855,41.02,27104
135,40.94,40.96,40.86,40.86,6739
136,40.88,40.928,40.86,40.928,7593
137,40.9,40.915,40.89,40.89,4000
138,40.86,40.92,40.86,40.92,5190
139,40.76,40.86,40.74,40.86,23232
140,40.72,40.79,40.71,40.77,6950
141,40.72,40.76,40.72,40.73,7304
142,40.73,40.76,40.72,40.72,6470
143,40.73,40.76,40.7164,40.7164,5801
144,40.75,40.75,40.71,40.73,3548
145,40.77,40.79,40.75,40.7577,3928
146,40.7,40.775,40.69,40.77,6904
147,40.73,40.75,40.67,40.7,10620
148,40.78,40.78,40.74,40.74,6350
149,40.82,40.82,40.78,40.8,6224
150,40.81,40.81,40.76,40.81,5497
151,40.77,40.81,40.7584,40.81,9725
152,40.75,40.78,40.7366,40.77,10795
153,40.805,40.83,40.76,40.76,7250
154,40.82,40.83,40.77,40.805,6469
155,40.85,40.85,40.79,40.81,4300
156,40.83,40.85,40.82,40.85,8046
157,40.82,40.8316,40.82,40.8316,1750
158,40.834,40.834,40.8,40.81,5050
159,40.845,40.87,40.83,40.83,4992
160,40.86,40.86,40.81,40.85,3704
161,40.89,40.89,40.85,40.8655,4267
162,40.88,40.9435,40.87,40.89,9106
163,40.91,40.93,40.89,40.89,2450
164,40.94,40.94,40.89,40.91,3200
165,40.92,40.93,40.91,40.92,4700
166,40.96,40.96,40.93,40.93,1850
167,40.9699,40.97,40.96,40.96,2004
168,40.92,40.965,40.89,40.96,16402
169,40.96,40.96,40.91,40.929,4702
170,40.96,40.96,40.94,40.95,2827
171,40.99,40.99,40.97,40.97,650
172,41,41.03,40.9845,41,7788
173,40.94,40.98,40.94,40.98,3798
174,40.91,40.94,40.89,40.94,7721
175,40.91,40.9153,40.83,40.9134,14500
176,40.9472,40.96,40.89,40.9,6200
177,40.95,40.97,40.93,40.95,2400
178,40.92,40.97,40.92,40.95,5600
179,40.88,40.9099,40.88,40.9099,3536
180,40.89,40.91,40.87,40.8799,4221
181,40.92,40.94,40.91,40.91,6812
182,40.98,40.995,40.92,40.92,3958
183,41.05,41.06,40.9889,40.9899,6504
184,41.09,41.09,41.05,41.05,2800
185,41.1191,41.1365,41.1,41.11,6852
186,41.19,41.2,41.12,41.122,3585
187,41.17,41.2,41.17,41.19,8904
188,41.18,41.18,41.1399,41.16,6383
189,41.18,41.2001,41.175,41.19,33034
190,41.16,41.2299,41.15,41.2,21324
191,41.16,41.16,41.12,41.16,8551
192,41.1305,41.16,41.1147,41.16,4544
193,41.12,41.14,41.12,41.13,2439
194,41.17,41.17,41.12,41.12,4827
195,41.16,41.18,41.15,41.18,3450
196,41.16,41.16,41.12,41.1599,4900
197,41.13,41.15,41.1055,41.15,3410
198,41.1403,41.1403,41.12,41.13,700
199,41.16,41.16,41.13,41.14,3372
200,41.19,41.2,41.1553,41.1553,3799
201,41.17,41.2,41.17,41.2,3300
202,41.2,41.2,41.1699,41.1699,5217
203,41.15,41.19,41.14,41.19,9253
204,41.14,41.16,41.14,41.16,4300
205,41.19,41.19,41.14,41.14,6019
206,41.18,41.195,41.15,41.19,6188
207,41.12,41.1699,41.1168,41.1699,7572
208,41.1,41.14,41.1,41.13,5996
209,41.109,41.11,41.089,41.0968,4058
210,41.15,41.16,41.1,41.1,6753
211,41.11,41.15,41.11,41.15,1300
212,41.11,41.1295,41.09,41.11,4199
213,41.19,41.19,41.1199,41.1199,3957
214,41.2,41.21,41.18,41.18,2900
215,41.22,41.24,41.2,41.2066,6957
216,41.215,41.215,41.21,41.21,300
217,41.29,41.29,41.22,41.22,24448
218,41.29,41.3,41.27,41.2999,2200
219,41.205,41.29,41.205,41.29,5700
220,41.24,41.24,41.21,41.21,2699
221,41.25,41.25,41.23,41.2499,2620
222,41.27,41.2766,41.24,41.2566,8788
223,41.32,41.32,41.2799,41.2799,8463
224,41.35,41.355,41.3265,41.33,8681
225,41.3569,41.38,41.3569,41.36,6111
226,41.37,41.37,41.34,41.36,4862
227,41.34,41.36,41.34,41.36,3321
228,41.38,41.38,41.3358,41.34,7600
229,41.349,41.4,41.343,41.39,4376
230,41.36,41.363,41.35,41.35,3300
231,41.35,41.375,41.35,41.3599,4136
232,41.35,41.3671,41.34,41.35,7149
233,41.3741,41.3741,41.33,41.35,2986
234,41.35,41.3864,41.35,41.38,2950
235,41.3556,41.36,41.3556,41.36,300
236,41.38,41.39,41.3552,41.3552,9086
237,41.37,41.39,41.37,41.39,4001
238,41.37,41.37,41.35,41.37,8718
239,41.39,41.39,41.369,41.37,4298
240,41.42,41.425,41.3944,41.3944,9687
241,41.38,41.4319,41.38,41.43,11014
242,41.405,41.445,41.39,41.39,17383
243,41.41,41.42,41.3867,41.4,5521
244,41.31,41.41,41.31,41.41,4307
245,41.34,41.35,41.32,41.32,7850
246,41.28,41.3375,41.27,41.3375,2450
247,41.31,41.31,41.29,41.29,2574
248,41.29,41.32,41.29,41.32,1700
249,41.2656,41.3,41.2656,41.295,2500
250,41.29,41.3,41.27,41.27,1200
251,41.32,41.325,41.3,41.3,3287
252,41.35,41.35,41.32,41.33,6733
253,41.345,41.4,41.34,41.37,6700
254,41.35,41.36,41.3356,41.3399,3200
255,41.35,41.36,41.34,41.355,2771
256,41.39,41.39,41.35,41.35,2998
257,41.38,41.39,41.35,41.385,10340
258,41.34,41.41,41.34,41.39,5152
259,41.32,41.33,41.305,41.33,2600
260,41.37,41.375,41.32,41.32,5114
261,41.37,41.37,41.34,41.35,1900
262,41.34,41.37,41.34,41.37,2200
263,41.36,41.36,41.34,41.3414,2060
264,41.38,41.38,41.365,41.3664,3100
265,41.39,41.39,41.37,41.38,6565
266,41.36,41.3956,41.35,41.3956,4100
267,41.31,41.35,41.3,41.35,15066
268,41.31,41.33,41.31,41.31,4140
269,41.3067,41.31,41.285,41.31,6364
270,41.31,41.32,41.2944,41.3,4016
271,41.32,41.32,41.3,41.31,5911
272,41.35,41.37,41.31,41.32,9688
273,41.38,41.38,41.35,41.35,3502
274,41.34,41.38,41.34,41.38,5900
275,41.36,41.375,41.35,41.35,2800
276,41.37,41.38,41.35,41.35,2100
277,41.39,41.39,41.33,41.37,5228
278,41.3571,41.39,41.3571,41.39,7288
279,41.39,41.4,41.36,41.36,5700
280,41.36,41.3947,41.36,41.39,4065
281,41.36,41.36,41.35,41.36,2200
282,41.43,41.43,41.37,41.37,7684
283,41.48,41.48,41.41,41.42,9101
284,41.44,41.49,41.43,41.4701,11455
285,41.46,41.46,41.45,41.45,1300
286,41.43,41.4552,41.41,41.45,4415
287,41.459,41.459,41.42,41.42,3500
288,41.45,41.46,41.44,41.46,2400
289,41.42,41.45,41.38,41.45,9945
290,41.385,41.41,41.385,41.41,2200
291,41.4,41.41,41.37,41.38,2700
292,41.44,41.44,41.41,41.41,2870
293,41.38,41.45,41.37,41.45,4100
294,41.3803,41.39,41.37,41.385,7001
295,41.31,41.385,41.31,41.385,11612
296,41.3156,41.32,41.3156,41.32,600
297,41.36,41.38,41.32,41.32,10988
298,41.39,41.395,41.37,41.37,7200
299,41.39,41.3971,41.38,41.39,8704
300,41.395,41.395,41.3553,41.38,9463
301,41.385,41.395,41.36,41.39,6269
302,41.43,41.44,41.39,41.39,6900
303,41.47,41.49,41.43,41.43,5600
304,41.43,41.46,41.42,41.46,6300
305,41.44,41.47,41.43,41.43,2700
306,41.4756,41.4756,41.44,41.45,2000
307,41.4653,41.47,41.46,41.47,1200
308,41.49,41.49,41.4602,41.4602,5800
309,41.465,41.4899,41.45,41.4899,10300
310,41.445,41.47,41.445,41.455,6624
311,41.4,41.445,41.39,41.445,5550
312,41.395,41.405,41.39,41.4,22845
313,41.41,41.41,41.37,41.39,19599
314,41.39,41.42,41.39,41.42,2627
315,41.39,41.41,41.38,41.39,14277
316,41.37,41.4,41.37,41.4,7294
317,41.36,41.38,41.3544,41.37,14494
318,41.36,41.3799,41.36,41.36,7468
319,41.33,41.355,41.32,41.35,16686
320,41.3165,41.34,41.29,41.32,17156
321,41.32,41.33,41.31,41.32,5995
322,41.305,41.325,41.3,41.325,13738
323,41.29,41.31,41.285,41.31,10283
324,41.28,41.305,41.28,41.3,10285
325,41.28,41.285,41.27,41.27,10589
326,41.32,41.32,41.285,41.285,9816
327,41.31,41.325,41.29,41.31,15847
328,41.28,41.32,41.27,41.31,4668
329,41.27,41.29,41.26,41.29,7764
330,41.2656,41.28,41.26,41.27,11615
331,41.25,41.295,41.25,41.27,12338
332,41.26,41.265,41.25,41.26,9378
333,41.3,41.3,41.27,41.27,7404
334,41.29,41.31,41.28,41.3,5763
335,41.27,41.29,41.27,41.2856,8324
336,41.315,41.32,41.27,41.27,17586
337,41.3,41.31,41.29,41.31,9738
338,41.34,41.345,41.31,41.31,10891
339,41.3253,41.35,41.32,41.35,3400
340,41.33,41.33,41.3253,41.33,1200
341,41.33,41.34,41.33,41.33,17088
342,41.335,41.34,41.32,41.32,8564
343,41.36,41.365,41.33,41.33,37728
344,41.4,41.4,41.36,41.36,16269
345,41.405,41.41,41.394,41.394,11247
346,41.4056,41.41,41.39,41.405,43745
347,41.36,41.42,41.36,41.41,42821
348,41.38,41.38,41.355,41.36,9769
349,41.3965,41.405,41.39,41.39,8400
350,41.38,41.4,41.38,41.4,15754
351,41.42,41.425,41.38,41.385,18051
352,41.41,41.415,41.38,41.41,24593
353,41.41,41.42,41.41,41.42,2144
354,41.4,41.41,41.4,41.41,2500
355,41.39,41.405,41.39,41.4027,19989
356,41.355,41.405,41.355,41.3999,34963
357,41.39,41.405,41.36,41.36,21217
358,41.39,41.395,41.38,41.3852,4700
359,41.38,41.415,41.38,41.39,13214
360,41.355,41.385,41.33,41.38,12254
361,41.34,41.35,41.33,41.35,9651
362,41.38,41.38,41.335,41.34,9810
363,41.3701,41.38,41.3682,41.38,14241
364,41.375,41.39,41.37,41.375,9398
365,41.3611,41.375,41.36,41.375,13721
366,41.455,41.46,41.3682,41.37,18915
367,41.43,41.455,41.415,41.45,11163
368,41.455,41.46,41.42,41.43,15100
369,41.4866,41.495,41.4569,41.46,9674
370,41.495,41.5,41.49,41.49,9322
371,41.49,41.51,41.489,41.5,16818
372,41.42,41.49,41.41,41.49,23506
373,41.405,41.415,41.4,41.41,13868
374,41.41,41.415,41.38,41.405,22330
375,41.39,41.42,41.38,41.42,12183
376,41.4299,41.43,41.39,41.39,14734
377,41.44,41.445,41.4,41.42,13708
378,41.45,41.49,41.4253,41.4366,33803
379,41.4401,41.45,41.44,41.44,1021
380,41.445,41.45,41.44,41.44,33874
381,41.485,41.5,41.45,41.45,31358
382,41.47,41.5,41.46,41.49,19610
383,41.46,41.48,41.46,41.47,11494
384,41.48,41.495,41.455,41.46,14863
385,41.48,41.49,41.47,41.48,26724
386,41.495,41.495,41.465,41.475,34941
387,41.505,41.51,41.475,41.49,22816
388,41.545,41.55,41.505,41.51,40056
389,41.545,41.55,41.54,41.545,36556
390,41.54,41.56,41.54,41.545,172808
