YHOO,Yahoo Inc.,Information Technology,7,Internet Software & Services,49355458710,15106253
a1497274200,53.785,53.8,53.76,53.79,201168
1,53.6401,53.87,53.39,53.79,378545
2,53.16,53.67,53.13,53.64,241806
3,53.25,53.47,53.08,53.14,306448
4,52.86,53.23,52.6,53.21,233873
5,53.37,53.45,52.83,52.83,266233
6,53.8,53.86,53.32,53.38,292507
7,53.58,53.82,53.46,53.8,290008
8,53.4,53.7,53.19,53.61,261538
9,53.18,53.76,53.15,53.4,207525
10,52.92,53.21,52.75,53.15,218622
11,53.4895,53.54,52.9,52.92,226488
12,52.95,53.48,52.79,53.47,294416
13,52.99,53.07,52.83,52.96,264563
14,52.85,52.98,52.7,52.97,169648
15,53,53.18,52.8,52.83,250429
16,53.14,53.19,52.97,53.01,223931
17,53.06,53.19,52.88,53.14,202733
18,53.13,53.23,53.04,53.07,207549
19,53.1498,53.22,53.01,53.13,154059
20,53.02,53.16,52.97,53.14,142342
21,53.05,53.17,52.94,53.02,161625
22,52.92,53.17,52.88,53.045,118251
23,52.92,52.95,52.84,52.91,158235
24,53.09,53.15,52.88,52.91,170748
25,52.93,53.2,52.93,53.09,211707
26,52.76,53.02,52.72,52.94,159497
27,52.9,53.04,52.72,52.77,145707
28,52.98,53.17,52.915,52.915,200379
29,52.8299,52.98,52.77,52.98,221082
30,52.96,52.97,52.75,52.8272,247047
31,52.75,52.96,52.71,52.96,94785
32,52.88,52.9821,52.71,52.74,281335
33,53.16,53.19,52.87,52.88,161687
34,53.3,53.31,53.13,53.18,158662
35,53.47,53.47,53.26,53.31,165076
36,53.26,53.58,53.24,53.48,189184
37,53.18,53.37,53.16,53.25,171082
38,53.15,53.28,53.1,53.18,115157
39,53.14,53.1725,53.12,53.15,131476
40,53.14,53.19,53.12,53.14,122162
41,53.32,53.32,53.13,53.15,146817
42,53.36,53.37,53.19,53.33,126540
43,53.41,53.48,53.34,53.37,166826
44,53.45,53.505,53.37,53.41,174319
45,53.31,53.5,53.3,53.45,214331
46,53.48,53.49,53.29,53.31,169993
47,53.43,53.48,53.395,53.48,121328
48,53.62,53.63,53.43,53.43,172723
49,53.67,53.69,53.54,53.62,150526
50,53.75,53.76,53.625,53.68,92317
51,53.57,53.75,53.46,53.75,163495
52,53.57,53.6,53.51,53.58,140260
53,53.82,53.83,53.57,53.57,156723
54,53.87,53.88,53.75,53.82,125544
55,53.89,53.92,53.82,53.87,172922
56,53.63,53.89,53.625,53.89,134430
57,53.69,53.725,53.635,53.64,106313
58,53.57,53.69,53.55,53.68,162594
59,53.66,53.74,53.565,53.57,154866
60,53.61,53.7,53.61,53.66,148196
61,53.7,53.7,53.57,53.61,149915
62,53.65,53.72,53.61,53.7,83522
63,53.79,53.8,53.6401,53.65,139524
64,53.77,53.87,53.71,53.79,144747
65,53.74,53.81,53.71,53.77,114263
66,53.8,53.81,53.7,53.74,103117
67,53.76,53.81,53.75,53.8,185465
68,53.76,53.82,53.73,53.77,125960
69,53.82,53.83,53.74,53.75,158750
70,53.825,53.87,53.75,53.82,147289
71,53.825,53.84,53.74,53.825,157795
72,53.935,53.935,53.83,53.83,181977
73,53.88,53.97,53.88,53.935,164464
74,53.92,53.97,53.87,53.8851,107823
75,53.92,54,53.92,53.92,85753
76,53.96,53.96,53.88,53.92,88465
77,54.09,54.09,53.94,53.96,155700
78,54.12,54.1301,54.04,54.08,100862
79,54.04,54.13,54.03,54.12,112119
80,53.945,54.04,53.94,54.04,115896
81,53.88,53.95,53.84,53.948,128374
82,53.96,53.99,53.88,53.88,95881
83,53.99,54.0375,53.945,53.96,118125
84,53.98,54.01,53.92,53.99,100652
85,53.92,53.98,53.92,53.97,65535
86,53.8,53.94,53.79,53.92,121275
87,53.8,53.839,53.725,53.8,215886
88,53.84,53.85,53.75,53.79,143171
89,53.93,53.93,53.84,53.84,95476
90,53.945,54.02,53.909,53.92,74028
91,53.95,54,53.94,53.96,107244
92,53.92,53.95,53.91,53.95,61461
93,53.98,53.98,53.91,53.92,90460
94,54.03,54.04,53.97,53.97,108907
95,53.99,54.04,53.97,54.02,115819
96,53.94,54,53.92,53.99,59455
97,53.88,53.96,53.86,53.94,122029
98,53.93,53.93,53.87,53.88,104544
99,54.125,54.13,53.93,53.94,112412
100,54.05,54.17,54.05,54.12,93327
101,54.185,54.19,54.04,54.049,98895
102,54.22,54.22,54.135,54.19,145947
103,54.27,54.28,54.22,54.22,102469
104,54.34,54.35,54.265,54.2701,101636
105,54.39,54.4,54.33,54.33,95450
106,54.51,54.53,54.36,54.4,153016
107,54.47,54.55,54.455,54.51,150632
108,54.29,54.47,54.255,54.47,122636
109,54.42,54.44,54.29,54.29,113862
110,54.45,54.4534,54.36,54.42,96761
111,54.36,54.47,54.35,54.45,126132
112,54.45,54.45,54.36,54.36,51615
113,54.45,54.47,54.42,54.45,119068
114,54.49,54.55,54.44,54.45,88757
115,54.41,54.5075,54.41,54.49,113873
116,54.27,54.41,54.27,54.41,196590
117,54.39,54.41,54.25,54.26,179733
118,54.42,54.42,54.34,54.38,115213
119,54.38,54.42,54.35,54.42,77233
120,54.26,54.39,54.245,54.39,139860
121,54.265,54.38,54.25,54.25,85141
122,54.25,54.27,54.23,54.26,52741
123,54.16,54.25,54.15,54.25,109606
124,54.06,54.16,54.05,54.16,94613
125,54.025,54.065,53.99,54.06,78632
126,54.2,54.29,54.025,54.03,131653
127,54.1,54.2,54.07,54.2,85275
128,54.15,54.15,54.1,54.11,71988
129,54.05,54.17,54.03,54.15,91458
130,53.99,54.055,53.97,54.05,65784
131,54.025,54.05,53.96,53.99,77533
132,53.99,54.055,53.98,54.03,74482
133,53.87,53.995,53.87,53.99,65314
134,53.79,53.88,53.74,53.87,129180
135,53.82,53.85,53.79,53.8,69676
136,53.86,53.87,53.79,53.82,96853
137,53.825,53.865,53.82,53.86,85674
138,53.83,53.85,53.8,53.81,78735
139,53.75,53.85,53.74,53.8335,81405
140,53.63,53.76,53.63,53.75,91574
141,53.61,53.645,53.57,53.64,110249
142,53.675,53.69,53.61,53.61,95634
143,53.725,53.77,53.67,53.67,143252
144,53.7,53.7292,53.665,53.7292,44277
145,53.62,53.7,53.62,53.7,59453
146,53.555,53.625,53.5,53.61,98643
147,53.68,53.7,53.53,53.555,113313
148,53.7,53.725,53.68,53.69,57742
149,53.615,53.705,53.61,53.7,54491
150,53.69,53.71,53.61,53.62,97336
151,53.75,53.76,53.68,53.68,74868
152,53.725,53.76,53.66,53.75,96248
153,53.75,53.8,53.73,53.73,90708
154,53.77,53.77,53.745,53.75,54858
155,53.75,53.785,53.745,53.7725,79355
156,53.84,53.84,53.74,53.75,136703
157,53.76,53.86,53.75,53.84,81600
158,53.75,53.79,53.735,53.76,121427
159,53.76,53.79,53.74,53.75,109392
160,53.76,53.77,53.74,53.76,109312
161,53.76,53.77,53.74,53.755,108314
162,53.8,53.85,53.755,53.755,169009
163,53.82,53.83,53.79,53.79,132373
164,53.81,53.82,53.79,53.82,106485
165,53.775,53.81,53.77,53.8,99177
166,53.82,53.85,53.775,53.775,99426
167,53.8,53.82,53.795,53.81,118766
168,53.7899,53.82,53.77,53.8,128087
169,53.895,53.9,53.78,53.785,71702
170,53.895,53.9,53.84,53.88,99217
171,53.915,53.92,53.89,53.89,76451
172,53.915,53.93,53.885,53.91,76990
173,53.88,53.93,53.865,53.915,83179
174,53.765,53.89,53.75,53.8801,88657
175,53.68,53.765,53.64,53.76,113302
176,53.6029,53.72,53.6029,53.69,79827
177,53.52,53.62,53.52,53.6,47615
178,53.49,53.5101,53.43,53.5101,52453
179,53.49,53.5,53.47,53.49,35446
180,53.53,53.58,53.485,53.49,52459
181,53.56,53.61,53.53,53.53,43069
182,53.54,53.56,53.49,53.55,77880
183,53.58,53.58,53.53,53.545,45280
184,53.62,53.63,53.55,53.57,94015
185,53.53,53.62,53.51,53.62,35170
186,53.53,53.545,53.51,53.53,53716
187,53.52,53.53,53.5,53.53,30073
188,53.52,53.54,53.49,53.51,44615
189,53.515,53.52,53.49,53.51,45203
190,53.6,53.625,53.52,53.52,66498
191,53.605,53.62,53.6,53.6,40513
192,53.56,53.6,53.53,53.6,57715
193,53.51,53.565,53.5,53.56,57032
194,53.54,53.54,53.49,53.5,73268
195,53.485,53.54,53.485,53.54,39609
196,53.55,53.555,53.48,53.485,81035
197,53.43,53.54,53.43,53.54,134875
198,53.48,53.495,53.43,53.44,56234
199,53.41,53.46,53.405,53.46,41317
200,53.42,53.46,53.4,53.41,100935
201,53.405,53.44,53.4,53.42,81207
202,53.4,53.43,53.4,53.41,76969
203,53.3708,53.42,53.37,53.4,79759
204,53.3,53.375,53.27,53.3701,59943
205,53.33,53.345,53.3,53.3,79005
206,53.33,53.37,53.3,53.31,74217
207,53.19,53.34,53.13,53.33,131836
208,53.19,53.225,53.13,53.19,116478
209,53.2,53.2,53.11,53.19,66401
210,53.2,53.25,53.19,53.2,64679
211,53.17,53.21,53.155,53.21,44968
212,53.13,53.18,53.11,53.17,43192
213,53.18,53.21,53.12,53.13,59700
214,53.16,53.19,53.14,53.18,37213
215,53.19,53.19,53.16,53.17,30412
216,53.28,53.28,53.18,53.1834,46439
217,53.23,53.28,53.21,53.28,52313
218,53.165,53.23,53.16,53.23,35147
219,53.09,53.17,53.09,53.16,60590
220,53.24,53.24,53.085,53.09,113404
221,53.29,53.3,53.22,53.25,58755
222,53.26,53.31,53.25,53.285,53856
223,53.34,53.34,53.255,53.255,41389
224,53.33,53.34,53.3,53.34,275378
225,53.4,53.42,53.32,53.33,104164
226,53.37,53.42,53.35,53.4,86710
227,53.28,53.37,53.28,53.37,32147
228,53.31,53.31,53.285,53.285,39135
229,53.25,53.31,53.22,53.31,74995
230,53.32,53.42,53.23,53.24,305811
231,53.35,53.36,53.3,53.32,65055
232,53.34,53.345,53.28,53.3447,53152
233,53.35,53.37,53.33,53.34,61476
234,53.285,53.35,53.27,53.35,43704
235,53.36,53.3753,53.29,53.29,63911
236,53.38,53.38,53.35,53.36,50862
237,53.4,53.4,53.37,53.375,45091
238,53.32,53.4,53.31,53.4,112510
239,53.36,53.36,53.31,53.31,38693
240,53.37,53.38,53.35,53.36,46058
241,53.395,53.4,53.37,53.375,38889
242,53.41,53.43,53.395,53.4,46857
243,53.42,53.42,53.4,53.41,31305
244,53.3,53.42,53.3,53.42,80102
245,53.37,53.375,53.29,53.3,63834
246,53.38,53.39,53.35,53.37,75396
247,53.36,53.39,53.34,53.38,84843
248,53.335,53.39,53.335,53.37,34481
249,53.31,53.35,53.3,53.34,37435
250,53.24,53.32,53.23,53.315,35121
251,53.24,53.25,53.23,53.24,61878
252,53.25,53.25,53.23,53.235,52382
253,53.23,53.26,53.22,53.25,43913
254,53.2,53.23,53.2,53.22,21753
255,53.17,53.2,53.15,53.2,61306
256,53.1863,53.1863,53.13,53.165,70838
257,53.2,53.2,53.19,53.19,19178
258,53.15,53.2,53.15,53.195,56349
259,53.16,53.16,53.14,53.15,41971
260,53.19,53.22,53.15,53.16,65459
261,53.23,53.24,53.19,53.2,38342
262,53.2,53.23,53.2,53.22,46818
263,53.23,53.24,53.18,53.2,55335
264,53.205,53.24,53.2,53.23,37451
265,53.19,53.26,53.19,53.205,89435
266,53.22,53.22,53.15,53.19,106487
267,53.17,53.22,53.17,53.22,38886
268,53.14,53.171,53.11,53.17,75282
269,53.11,53.15,53.11,53.1447,28841
270,53.0701,53.14,53.0701,53.11,87556
271,53.14,53.14,53.07,53.075,59984
272,53.19,53.21,53.14,53.14,94063
273,53.15,53.19,53.15,53.18,29057
274,53.23,53.24,53.13,53.15,87310
275,53.23,53.26,53.2,53.2344,71786
276,53.35,53.35,53.2325,53.24,113609
277,53.43,53.44,53.33,53.34,156829
278,53.435,53.45,53.41,53.43,79326
279,53.43,53.44,53.43,53.43,73234
280,53.38,53.44,53.38,53.44,35569
281,53.34,53.38,53.33,53.38,38976
282,53.35,53.3725,53.31,53.33,128748
283,53.4,53.42,53.34,53.3444,59969
284,53.43,53.43,53.39,53.4,81694
285,53.42,53.45,53.395,53.42,71903
286,53.38,53.44,53.38,53.42,43660
287,53.41,53.42,53.38,53.38,54966
288,53.41,53.41,53.36,53.41,57934
289,53.43,53.43,53.38,53.4,54260
290,53.42,53.44,53.39,53.42,140041
291,53.46,53.46,53.385,53.42,77275
292,53.455,53.48,53.45,53.455,64410
293,53.45,53.47,53.43,53.46,85606
294,53.38,53.45,53.35,53.45,72618
295,53.42,53.48,53.39,53.39,105203
296,53.4,53.44,53.4,53.42,36226
297,53.4,53.43,53.4,53.4,47497
298,53.44,53.47,53.4,53.4,80262
299,53.395,53.45,53.395,53.435,54937
300,53.385,53.4,53.33,53.395,114137
301,53.455,53.46,53.36,53.38,140761
302,53.52,53.52,53.44,53.46,71484
303,53.655,53.72,53.505,53.52,136509
304,53.72,53.78,53.65,53.66,85594
305,53.65,53.74,53.65,53.71,102940
306,53.625,53.67,53.62,53.63,112631
307,53.595,53.63,53.5775,53.63,81092
308,53.58,53.6,53.56,53.595,59061
309,53.575,53.61,53.57,53.59,72207
310,53.56,53.58,53.53,53.57,83955
311,53.53,53.56,53.515,53.56,81721
312,53.54,53.54,53.52,53.53,48202
313,53.605,53.615,53.5,53.54,154241
314,53.535,53.62,53.53,53.605,77517
315,53.51,53.54,53.47,53.54,116912
316,53.54,53.59,53.505,53.51,84868
317,53.59,53.59,53.53,53.55,146318
318,53.57,53.605,53.55,53.59,70073
319,53.56,53.57,53.51,53.57,94235
320,53.51,53.56,53.51,53.56,65149
321,53.51,53.54,53.47,53.51,106745
322,53.55,53.55,53.5,53.51,90006
323,53.56,53.61,53.54,53.55,69081
324,53.47,53.56,53.47,53.56,105313
325,53.46,53.51,53.43,53.47,115076
326,53.475,53.48,53.43,53.46,92816
327,53.425,53.48,53.42,53.48,104946
328,53.365,53.45,53.36,53.43,119467
329,53.317,53.37,53.31,53.36,103123
330,53.27,53.33,53.265,53.32,87884
331,53.16,53.27,53.155,53.265,94184
332,53.155,53.16,53.1,53.1575,166588
333,53.19,53.2,53.14,53.155,164441
334,53.135,53.21,53.13,53.19,118574
335,53.12,53.135,53.12,53.13,97985
336,53.24,53.26,53.12,53.13,149940
337,53.35,53.35,53.23,53.25,154170
338,53.44,53.45,53.35,53.35,148937
339,53.39,53.45,53.38,53.44,96443
340,53.425,53.425,53.36,53.385,123858
341,53.38,53.45,53.38,53.42,92625
342,53.35,53.41,53.35,53.39,150910
343,53.3,53.36,53.29,53.34,138125
344,53.35,53.35,53.295,53.3,133884
345,53.365,53.37,53.33,53.35,79400
346,53.32,53.38,53.32,53.365,103473
347,53.27,53.33,53.25,53.32,120683
348,53.24,53.28,53.24,53.275,108330
349,53.26,53.28,53.24,53.24,135270
350,53.265,53.3,53.25,53.26,119808
351,53.315,53.32,53.26,53.265,185057
352,53.225,53.32,53.22,53.31,132165
353,53.3,53.31,53.22,53.23,163759
354,53.24,53.31,53.23,53.305,121437
355,53.25,53.3,53.23,53.23,142066
356,53.17,53.27,53.165,53.245,152422
357,53.2038,53.21,53.13,53.17,182990
358,53.16,53.21,53.16,53.2,111120
359,53.125,53.17,53.115,53.16,96997
360,53.18,53.18,53.09,53.125,186442
361,53.22,53.22,53.16,53.17,208939
362,53.26,53.26,53.21,53.22,147361
363,53.22,53.26,53.22,53.255,109485
364,53.203,53.23,53.2,53.2288,148871
365,53.2,53.205,53.17,53.2,151637
366,53.295,53.3,53.19,53.2,294918
367,53.175,53.29,53.17,53.29,197754
368,53.13,53.18,53.11,53.17,175746
369,53.07,53.13,53.07,53.13,128653
370,53.115,53.14,53.07,53.07,223349
371,53.11,53.12,53.1,53.115,144357
372,53.085,53.11,53.07,53.11,199630
373,53.16,53.18,53.07,53.09,269437
374,53.115,53.155,53.1,53.15,175689
375,53.09,53.12,53.08,53.12,129567
376,53.085,53.095,53.05,53.09,282950
377,53.13,53.14,53.085,53.085,171790
378,53.135,53.15,53.12,53.12,193743
379,53.13,53.15,53.13,53.135,148493
380,53.06,53.14,52.96,53.135,319481
381,53.125,53.15,53.06,53.06,334507
382,53.16,53.16,53.12,53.13,220355
383,53.07,53.18,53.05,53.16,329905
384,53.04,53.09,53.04,53.07,288066
385,53.05,53.055,53.02,53.04,355288
386,53.055,53.065,53.04,53.045,427605
387,53.06,53.06,53.05,53.05,335235
388,53.24,53.24,53.05,53.055,630838
389,53.17,53.26,53.17,53.235,632307
390,53.12,53.18,53.09,53.175,4793994
