ZBH,Zimmer Biomet Holdings,Health Care,5,Health Care Equipment,25173284375,1447071
a1497274200,124.58,124.58,124.58,124.58,12917
1,124.53,124.95,124.52,124.95,3221
2,124.54,124.54,124.54,124.54,100
3,124.34,124.35,124.34,124.34,700
4,124.1725,124.3,124.155,124.2,1385
5,124.215,124.215,124.215,124.215,100
6,124.17,124.35,124.16,124.17,11207
7,124.0032,124.33,123.98,124.28,6382
8,123.95,124.03,123.95,124.03,500
9,123.84,124.1,123.84,124.06,2800
10,123.41,123.899,123.41,123.835,3436
11,123.56,123.59,123.43,123.47,3350
12,123.73,123.73,123.5,123.53,2900
13,123.86,123.86,123.72,123.73,1100
14,123.7,123.825,123.7,123.79,900
15,123.84,123.88,123.6301,123.78,3400
16,123.88,123.88,123.67,123.72,2200
17,123.89,123.94,123.825,123.88,1600
18,123.73,123.82,123.73,123.82,300
19,123.65,123.76,123.65,123.66,1000
20,123.64,123.64,123.64,123.64,200
21,123.441,123.73,123.441,123.7,1725
22,123.495,123.55,123.43,123.43,1000
23,123.49,123.54,123.395,123.5,6028
24,123.335,123.35,123.335,123.35,600
25,123.41,123.41,123.31,123.395,3700
26,123.2,123.235,123.11,123.235,1000
27,123.23,123.26,123.2,123.23,2000
28,123.22,123.26,123.14,123.26,1400
30,123.24,123.31,123.18,123.2,2500
31,123.23,123.23,123.22,123.23,600
33,123.29,123.3,123.2,123.28,500
34,123.19,123.235,123.19,123.235,300
35,123.42,123.42,123.14,123.14,2807
36,123.18,123.4,123.18,123.4,3400
37,123.17,123.24,123.135,123.17,1200
38,123.01,123.205,123.01,123.18,1200
39,123.03,123.07,123.02,123.02,400
40,123.12,123.12,123.07,123.1,800
41,123.21,123.21,123.13,123.13,1400
42,123.04,123.17,123.04,123.17,1000
43,123.1101,123.18,123.09,123.11,2600
44,123.2,123.2,123.11,123.11,915
45,123.06,123.17,123.06,123.12,1800
46,122.93,123.03,122.93,123.02,2301
47,123.07,123.07,122.92,122.92,3507
48,123.08,123.09,122.995,122.995,2200
49,123.05,123.1,123.02,123.05,1600
51,123.03,123.12,123.03,123.11,1700
53,122.95,123.05,122.95,122.95,1805
54,123.025,123.08,122.965,123.04,1000
55,123.035,123.035,123.035,123.035,100
56,123.115,123.115,123.035,123.035,1600
57,123.01,123.13,123.01,123.13,1000
59,122.98,123.09,122.98,123.02,3118
60,123.025,123.025,123.025,123.025,100
61,123.08,123.08,123.03,123.03,1901
63,123.05,123.05,122.99,123.05,1900
64,122.97,123.19,122.97,123.05,4107
65,123.02,123.05,122.94,122.95,2700
66,123.1,123.1,123.02,123.02,2100
67,123.22,123.22,123.14,123.14,1500
68,123.3,123.3,123.21,123.21,3200
69,123.365,123.37,123.32,123.32,1100
70,123.34,123.34,123.25,123.31,2400
72,123.33,123.36,123.3,123.33,1130
73,123.3,123.3,123.3,123.3,100
74,123.4,123.4,123.2918,123.35,1610
75,123.4,123.42,123.4,123.42,700
76,123.48,123.48,123.43,123.43,900
77,123.52,123.555,123.52,123.52,800
78,123.47,123.47,123.47,123.47,100
79,123.51,123.51,123.4,123.4,1223
80,123.63,123.64,123.51,123.51,1100
81,123.61,123.63,123.55,123.63,700
82,123.71,123.71,123.62,123.62,1400
83,123.65,123.66,123.61,123.65,2375
84,123.71,123.71,123.58,123.61,2610
85,123.75,123.79,123.64,123.75,6519
86,123.69,123.76,123.69,123.76,5563
87,123.63,123.675,123.615,123.615,3270
88,123.44,123.59,123.44,123.59,2400
89,123.415,123.45,123.415,123.45,1300
90,123.57,123.58,123.415,123.44,20350
91,123.555,123.555,123.51,123.555,700
92,123.69,123.69,123.58,123.58,3305
93,123.7,123.7,123.7,123.7,200
95,123.63,123.71,123.61,123.7,2851
96,123.51,123.59,123.51,123.59,3049
97,123.495,123.54,123.48,123.5,1833
98,123.51,123.52,123.51,123.51,800
99,123.57,123.585,123.53,123.53,2578
100,123.485,123.5625,123.45,123.56,1400
101,123.51,123.51,123.5,123.5,200
102,123.55,123.56,123.5075,123.5075,1521
103,123.63,123.63,123.58,123.58,1300
104,123.6,123.605,123.59,123.59,600
105,123.645,123.645,123.58,123.58,1595
106,123.68,123.7,123.6301,123.66,1900
107,123.81,123.82,123.71,123.71,2227
108,123.67,123.84,123.67,123.82,2804
109,123.61,123.695,123.61,123.695,2900
110,123.62,123.66,123.62,123.62,1000
111,123.6001,123.665,123.6001,123.64,700
112,123.71,123.8,123.64,123.65,9920
113,123.75,123.75,123.75,123.75,100
114,123.68,123.75,123.68,123.74,1700
115,123.65,123.67,123.65,123.65,1000
116,123.65,123.68,123.65,123.68,1800
117,123.66,123.675,123.66,123.67,300
118,123.72,123.73,123.675,123.675,2692
119,123.7601,123.77,123.76,123.77,900
120,123.83,123.88,123.785,123.785,2200
121,123.78,123.82,123.78,123.81,800
122,123.79,123.79,123.79,123.79,100
123,123.79,123.79,123.77,123.79,541
124,123.775,123.775,123.766,123.766,226
125,123.81,123.81,123.78,123.78,1994
126,123.84,123.84,123.84,123.84,100
127,123.79,123.8,123.79,123.8,400
128,123.755,123.78,123.755,123.78,800
129,123.76,123.76,123.76,123.76,100
130,123.79,123.84,123.75,123.76,2200
132,123.775,123.79,123.76,123.79,400
133,123.84,123.84,123.82,123.82,200
134,123.76,123.85,123.76,123.84,2937
135,123.74,123.74,123.68,123.71,700
136,123.75,123.75,123.75,123.75,300
137,123.78,123.78,123.78,123.78,200
138,123.74,123.77,123.74,123.77,400
139,123.65,123.72,123.65,123.72,1500
140,123.64,123.69,123.64,123.69,1600
141,123.6,123.64,123.6,123.64,400
143,123.59,123.59,123.59,123.59,200
144,123.66,123.66,123.6,123.6,1628
145,123.72,123.8,123.72,123.75,500
146,123.725,123.77,123.72,123.72,800
147,123.725,123.725,123.72,123.72,800
148,123.875,123.875,123.7425,123.77,1600
149,123.88,123.88,123.88,123.88,300
150,123.885,123.885,123.885,123.885,200
151,123.97,123.97,123.93,123.93,700
152,123.97,123.97,123.97,123.97,100
153,123.85,123.96,123.85,123.96,2264
154,123.86,123.86,123.86,123.86,100
155,123.8,123.825,123.76,123.825,1809
156,123.815,123.815,123.815,123.815,100
157,123.79,123.79,123.76,123.79,1000
158,123.75,123.755,123.74,123.74,500
159,123.755,123.77,123.75,123.75,1205
162,123.75,123.81,123.75,123.76,1000
163,123.84,123.84,123.81,123.81,700
164,123.861,123.92,123.861,123.92,300
165,123.845,123.86,123.84,123.86,1100
166,123.85,123.88,123.85,123.87,800
167,123.89,123.89,123.87,123.87,1725
168,123.86,123.9,123.85,123.85,600
169,123.93,123.93,123.87,123.89,2300
172,123.945,123.95,123.93,123.93,600
174,123.8801,123.8801,123.8801,123.8801,100
175,123.89,123.89,123.89,123.89,900
176,123.875,123.875,123.8201,123.8201,200
177,123.9,123.9,123.9,123.9,393
178,123.91,123.91,123.9,123.91,1500
179,124.05,124.05,123.9075,123.91,11850
180,124.1,124.1,124.06,124.06,700
181,124.1,124.1,124.0912,124.0912,450
182,124.11,124.11,124.09,124.09,600
183,124.13,124.17,124.13,124.17,300
184,124.2,124.2,124.17,124.17,1300
185,124.29,124.29,124.21,124.21,1011
188,124.32,124.32,124.32,124.32,100
189,124.33,124.33,124.33,124.33,300
190,124.335,124.36,124.3,124.31,2500
191,124.38,124.38,124.36,124.36,500
193,124.35,124.35,124.35,124.35,100
194,124.38,124.39,124.31,124.35,3400
195,124.35,124.38,124.34,124.38,700
197,124.27,124.33,124.27,124.33,400
198,124.29,124.29,124.29,124.29,200
199,124.31,124.31,124.29,124.29,3300
200,124.32,124.32,124.3,124.31,1100
201,124.33,124.33,124.3,124.315,2500
202,124.425,124.425,124.325,124.33,1500
204,124.36,124.43,124.36,124.43,2011
206,124.35,124.35,124.35,124.35,100
207,124.3,124.35,124.3,124.35,1200
208,124.28,124.29,124.28,124.29,400
209,124.285,124.29,124.27,124.28,900
210,124.23,124.28,124.19,124.28,1500
211,124.205,124.205,124.205,124.205,100
212,124.18,124.18,124.18,124.18,100
213,124.27,124.28,124.17,124.19,4961
214,124.335,124.335,124.31,124.31,400
215,124.335,124.37,124.3,124.3,500
216,124.3262,124.3262,124.3262,124.3262,100
218,124.33,124.35,124.31,124.35,2000
219,124.28,124.305,124.28,124.305,200
220,124.495,124.495,124.3,124.31,3500
221,124.4,124.43,124.39,124.43,1200
223,124.37,124.41,124.37,124.38,1500
225,124.46,124.46,124.42,124.42,700
226,124.46,124.49,124.45,124.46,1034
227,124.41,124.45,124.41,124.45,400
228,124.48,124.48,124.39,124.43,700
231,124.55,124.55,124.47,124.47,1100
232,124.495,124.495,124.495,124.495,100
233,124.54,124.54,124.48,124.48,800
234,124.48,124.578,124.48,124.56,1300
235,124.53,124.53,124.5,124.51,1500
237,124.53,124.53,124.53,124.53,100
238,124.5,124.54,124.48,124.53,4733
241,124.59,124.595,124.52,124.54,3023
242,124.56,124.56,124.56,124.56,200
244,124.69,124.69,124.56,124.56,1800
246,124.62,124.66,124.62,124.66,1400
247,124.64,124.64,124.57,124.58,2300
249,124.61,124.625,124.61,124.61,500
250,124.64,124.64,124.63,124.63,400
251,124.61,124.66,124.6,124.62,16600
252,124.54,124.61,124.54,124.605,2100
253,124.55,124.58,124.55,124.58,400
254,124.5999,124.6,124.57,124.58,2100
255,124.57,124.58,124.54,124.56,3400
256,124.55,124.55,124.55,124.55,908
257,124.5017,124.53,124.5017,124.53,1352
258,124.5,124.515,124.5,124.51,1400
259,124.51,124.51,124.445,124.46,3167
260,124.56,124.56,124.5,124.5,4700
261,124.5,124.53,124.5,124.53,500
262,124.43,124.5,124.43,124.5,1100
263,124.39,124.39,124.39,124.39,100
264,124.37,124.39,124.37,124.39,700
265,124.36,124.36,124.3,124.34,4370
266,124.32,124.35,124.31,124.35,1200
267,124.29,124.34,124.27,124.34,2900
268,124.31,124.3325,124.3,124.31,6700
269,124.3475,124.36,124.29,124.31,9233
270,124.32,124.34,124.25,124.32,7446
271,124.37,124.39,124.27,124.32,9016
272,124.28,124.34,124.28,124.34,900
273,124.26,124.29,124.26,124.28,1200
274,124.34,124.37,124.27,124.27,4000
275,124.25,124.35,124.24,124.35,1149
276,124.35,124.35,124.25,124.25,3550
277,124.38,124.38,124.31,124.3201,4012
278,124.3701,124.3701,124.37,124.37,400
279,124.41,124.43,124.41,124.41,2246
280,124.4,124.43,124.4,124.43,300
281,124.38,124.42,124.38,124.39,1100
282,124.35,124.37,124.33,124.365,2700
283,124.3,124.35,124.3,124.35,800
284,124.4,124.4,124.29,124.29,4862
285,124.49,124.49,124.39,124.39,1850
286,124.52,124.55,124.49,124.5,4143
287,124.62,124.62,124.525,124.54,1500
288,124.59,124.62,124.58,124.58,800
289,124.5531,124.5531,124.5531,124.5531,163
290,124.53,124.62,124.52,124.61,1400
291,124.49,124.49,124.49,124.49,227
292,124.5,124.57,124.5,124.53,2750
293,124.45,124.49,124.45,124.49,800
294,124.53,124.53,124.475,124.48,900
295,124.48,124.54,124.48,124.53,2888
296,124.53,124.53,124.51,124.51,515
297,124.61,124.61,124.57,124.57,500
298,124.59,124.62,124.59,124.62,1157
299,124.67,124.67,124.62,124.62,1201
300,124.77,124.77,124.76,124.76,600
301,124.78,124.78,124.78,124.78,100
302,124.73,124.75,124.73,124.75,500
303,124.73,124.75,124.72,124.73,3003
305,124.84,124.84,124.76,124.76,1800
306,124.8,124.83,124.78,124.83,1400
307,124.8,124.8,124.74,124.8,1300
308,124.79,124.8,124.76,124.76,2300
309,124.79,124.79,124.76,124.76,200
310,124.82,124.83,124.81,124.81,1500
311,124.81,124.81,124.79,124.79,1100
312,124.81,124.87,124.79,124.81,2941
313,124.76,124.8,124.76,124.8,1782
314,124.75,124.78,124.72,124.78,800
315,124.76,124.76,124.76,124.76,100
316,124.8026,124.8026,124.79,124.79,1270
317,124.7701,124.795,124.7701,124.79,500
318,124.77,124.795,124.77,124.795,200
319,124.6601,124.77,124.6601,124.77,1421
320,124.7,124.72,124.685,124.685,1700
321,124.6853,124.6853,124.6853,124.6853,297
322,124.73,124.73,124.69,124.71,600
323,124.73,124.73,124.73,124.73,200
324,124.72,124.76,124.7,124.76,2002
325,124.69,124.72,124.69,124.72,800
326,124.73,124.75,124.6892,124.6892,945
327,124.71,124.76,124.71,124.75,2742
328,124.72,124.72,124.7,124.71,400
329,124.79,124.79,124.72,124.72,900
331,124.8,124.84,124.8,124.82,1601
332,124.76,124.77,124.75,124.77,2250
333,124.7989,124.7989,124.76,124.76,2900
334,124.75,124.8,124.75,124.79,1500
335,124.72,124.74,124.72,124.74,700
336,124.805,124.805,124.73,124.73,1900
337,124.81,124.81,124.79,124.79,800
338,124.88,124.88,124.79,124.79,1800
339,124.9,124.9,124.87,124.88,2300
340,124.94,124.94,124.91,124.91,600
341,124.93,124.93,124.93,124.93,1300
342,124.87,124.92,124.87,124.92,930
343,125,125.01,124.875,124.875,36045
344,125.0143,125.02,124.98,125,3896
345,125.02,125.04,125.01,125.02,1310
346,125.03,125.055,125.03,125.035,2700
347,124.99,125.02,124.99,125.02,1764
348,125.03,125.03,125,125,1900
349,125.06,125.06,125.03,125.03,200
350,125.02,125.045,125.02,125.045,416
351,125.08,125.08,125.01,125.01,2019
352,125.01,125.09,125.01,125.09,2100
353,125.03,125.03,124.99,125.01,3666
354,125.04,125.04,125.0001,125.0001,700
355,125,125.03,124.99,125.02,5036
356,124.97,125,124.97,125,2636
357,124.96,124.97,124.95,124.95,2200
358,124.985,124.99,124.98,124.98,1500
359,124.99,125.01,124.9767,124.985,2975
360,124.9552,124.98,124.9552,124.98,1710
361,124.93,124.95,124.91,124.95,2300
362,124.97,124.97,124.94,124.9499,1307
363,124.93,124.96,124.91,124.96,14180
364,124.96,124.96,124.92,124.92,4100
365,124.92,124.95,124.9,124.95,2342
366,124.96,125,124.93,124.93,13561
367,124.985,125,124.95,124.98,4859
368,124.94,124.99,124.93,124.99,3446
369,124.96,124.96,124.93,124.93,3131
370,124.99,124.99,124.95,124.96,2000
371,124.94,124.99,124.94,124.95,2879
372,124.91,124.92,124.85,124.91,9622
373,124.94,124.94,124.9,124.92,1400
374,124.92,124.95,124.9153,124.9153,1939
375,124.92,124.95,124.91,124.92,5350
376,124.93,124.95,124.92,124.92,3404
377,124.97,124.97,124.9201,124.94,1138
378,124.95,125,124.95,124.97,8291
379,124.93,124.94,124.93,124.94,1100
380,124.9,124.94,124.9,124.93,4800
381,124.97,124.97,124.9,124.91,3530
382,124.95,124.97,124.94,124.96,3400
383,124.98,125,124.95,124.95,7249
384,124.98,125,124.97,124.98,12031
385,124.98,125,124.97,124.98,4955
386,124.99,125,124.98,124.99,6530
387,124.99,125,124.98,124.99,4502
388,124.99,125,124.99,125,15656
389,125,125,124.99,125,5758
390,125,125,124.98,124.99,14517
