CNP,CenterPoint Energy,Utilities,11,Multi-Utilities,12136060124,2729495
a1499617800,28.2200,28.2200,28.2200,28.2200,20771
1,28.2400,28.2800,28.2300,28.2550,6045
2,28.2500,28.2630,28.2500,28.2600,2338
3,28.2700,28.3100,28.2500,28.2700,2000
4,28.2500,28.2600,28.2400,28.2600,1212
5,28.2300,28.2300,28.1900,28.1900,1509
6,28.1610,28.2250,28.1610,28.1800,8665
7,28.1650,28.1800,28.1600,28.1600,1400
8,28.1800,28.1800,28.1700,28.1700,400
9,28.1700,28.1900,28.1700,28.1900,1500
10,28.2000,28.2200,28.2000,28.2100,1654
11,28.2000,28.2100,28.2000,28.2100,3123
12,28.2100,28.2100,28.2026,28.2026,4700
13,28.2050,28.2100,28.2000,28.2050,2600
14,28.2200,28.2300,28.2100,28.2200,1400
15,28.2200,28.2200,28.2200,28.2200,600
16,28.2100,28.2200,28.2000,28.2150,1200
17,28.2100,28.2200,28.2100,28.2200,1030
18,28.2250,28.2400,28.2250,28.2400,1100
19,28.2500,28.2500,28.2300,28.2300,2354
20,28.2200,28.2200,28.2050,28.2050,2379
21,28.2000,28.2200,28.2000,28.2200,3700
22,28.2200,28.2200,28.2200,28.2200,1000
23,28.2100,28.2300,28.2100,28.2200,1700
24,28.2100,28.2100,28.1950,28.2000,300
25,28.2100,28.2200,28.1900,28.1900,3278
26,28.1900,28.2100,28.1900,28.1956,3314
27,28.1900,28.2000,28.1800,28.2000,2148
28,28.2000,28.2050,28.1992,28.2000,2500
29,28.1988,28.2000,28.1900,28.2000,1630
30,28.2000,28.2000,28.2000,28.2000,500
31,28.2000,28.2000,28.2000,28.2000,900
32,28.2000,28.2100,28.2000,28.2000,3248
33,28.2050,28.2050,28.2000,28.2000,300
34,28.2100,28.2300,28.2100,28.2300,2325
35,28.2200,28.2200,28.2100,28.2100,3721
36,28.2100,28.2100,28.1950,28.1950,1700
37,28.1900,28.1957,28.1900,28.1957,2100
38,28.1900,28.1900,28.1500,28.1600,9075
39,28.1700,28.1750,28.1700,28.1700,1100
40,28.1700,28.1900,28.1700,28.1900,1500
41,28.1900,28.1900,28.1800,28.1800,900
42,28.1800,28.1901,28.1800,28.1901,800
43,28.1950,28.1950,28.1800,28.1800,1300
44,28.1950,28.1950,28.1950,28.1950,100
45,28.1950,28.1950,28.1700,28.1700,1800
46,28.1750,28.1763,28.1730,28.1730,2258
47,28.1750,28.1800,28.1700,28.1800,2950
48,28.1867,28.1867,28.1700,28.1700,1150
49,28.1800,28.1900,28.1800,28.1900,1666
50,28.1950,28.2000,28.1950,28.2000,600
51,28.1950,28.1950,28.1850,28.1850,900
52,28.1800,28.1800,28.1600,28.1600,2514
53,28.1500,28.1600,28.1500,28.1500,1100
54,28.1500,28.1600,28.1500,28.1600,300
55,28.1500,28.1500,28.1500,28.1500,300
56,28.1550,28.1800,28.1550,28.1800,4210
57,28.1900,28.1900,28.1600,28.1700,2810
58,28.1500,28.1500,28.1450,28.1450,1200
59,28.1500,28.1550,28.1500,28.1500,1045
60,28.1510,28.1550,28.1510,28.1550,900
61,28.1500,28.1500,28.1500,28.1500,1590
62,28.1500,28.1688,28.1500,28.1688,2117
63,28.1600,28.1650,28.1575,28.1600,1809
64,28.1550,28.1600,28.1550,28.1550,1200
65,28.1600,28.1600,28.1600,28.1600,300
66,28.1600,28.1600,28.1600,28.1600,700
67,28.1500,28.1500,28.1400,28.1400,4200
68,28.1350,28.1400,28.1350,28.1400,500
69,28.1450,28.1550,28.1450,28.1500,1102
70,28.1600,28.1600,28.1500,28.1500,893
71,28.1450,28.1500,28.1400,28.1400,3300
72,28.1400,28.1450,28.1400,28.1400,900
73,28.1300,28.1300,28.1300,28.1300,300
74,28.1350,28.1500,28.1350,28.1500,2033
75,28.1500,28.1600,28.1500,28.1600,719
76,28.1600,28.1700,28.1600,28.1700,400
77,28.1700,28.1700,28.1700,28.1700,1100
78,28.1700,28.1799,28.1700,28.1799,1200
79,28.1700,28.1900,28.1700,28.1800,2587
80,28.1850,28.1899,28.1800,28.1800,1000
81,28.1800,28.1850,28.1700,28.1850,3133
82,28.1900,28.2200,28.1850,28.2150,4179
83,28.2150,28.2150,28.2100,28.2100,300
84,28.2050,28.2050,28.2000,28.2000,334
85,28.2000,28.2000,28.2000,28.2000,400
86,28.2000,28.2000,28.1900,28.1900,400
87,28.1950,28.1950,28.1950,28.1950,300
88,28.1900,28.1900,28.1900,28.1900,1012
89,28.1900,28.1900,28.1850,28.1900,698
90,28.1900,28.1999,28.1900,28.1999,300
91,28.1900,28.1900,28.1900,28.1900,1400
92,28.1900,28.2000,28.1900,28.2000,1400
93,28.2052,28.2100,28.2000,28.2100,700
94,28.2050,28.2050,28.2000,28.2000,895
95,28.2100,28.2100,28.1950,28.1950,500
99,28.1950,28.2200,28.1950,28.2150,2224
100,28.2200,28.2300,28.2100,28.2100,2335
101,28.2050,28.2050,28.2000,28.2000,400
102,28.2100,28.2199,28.2100,28.2100,2195
103,28.2100,28.2100,28.2000,28.2000,1200
104,28.2100,28.2100,28.2001,28.2099,368
105,28.2000,28.2000,28.1950,28.1950,900
106,28.1950,28.1950,28.1950,28.1950,200
107,28.1900,28.2000,28.1810,28.1900,1704
108,28.1900,28.1900,28.1900,28.1900,100
109,28.1910,28.1999,28.1910,28.1999,1000
110,28.2000,28.2100,28.2000,28.2100,5000
111,28.2100,28.2200,28.2050,28.2050,2452
112,28.2150,28.2150,28.2000,28.2010,1947
113,28.2000,28.2050,28.2000,28.2000,1738
114,28.2050,28.2300,28.2050,28.2250,4325
115,28.2250,28.2300,28.2150,28.2300,48563
116,28.2250,28.2400,28.2250,28.2400,2000
117,28.2400,28.2450,28.2400,28.2400,3856
118,28.2400,28.2400,28.2400,28.2400,2384
119,28.2400,28.2500,28.2400,28.2500,2795
120,28.2600,28.2600,28.2600,28.2600,700
121,28.2600,28.2700,28.2600,28.2700,400
122,28.2700,28.2700,28.2500,28.2550,2582
123,28.2600,28.2600,28.2500,28.2600,2428
124,28.2600,28.2600,28.2550,28.2550,200
125,28.2500,28.2599,28.2500,28.2500,2166
126,28.2500,28.2550,28.2500,28.2500,2035
127,28.2450,28.2450,28.2400,28.2450,680
128,28.2500,28.2500,28.2500,28.2500,3284
129,28.2600,28.2600,28.2450,28.2500,1600
130,28.2550,28.2550,28.2500,28.2500,500
131,28.2500,28.2558,28.2500,28.2558,700
132,28.2500,28.2500,28.2450,28.2450,1400
133,28.2500,28.2600,28.2500,28.2550,1500
134,28.2500,28.2500,28.2500,28.2500,600
135,28.2450,28.2450,28.2450,28.2450,300
136,28.2400,28.2400,28.2300,28.2300,2100
137,28.2300,28.2300,28.2300,28.2300,600
138,28.2350,28.2400,28.2300,28.2400,2934
139,28.2400,28.2470,28.2400,28.2400,7000
140,28.2500,28.2500,28.2400,28.2400,500
142,28.2450,28.2600,28.2300,28.2350,6574
143,28.2399,28.2450,28.2350,28.2350,1830
144,28.2350,28.2350,28.2350,28.2350,100
145,28.2400,28.2499,28.2400,28.2450,1388
146,28.2500,28.2600,28.2401,28.2401,8015
147,28.2450,28.2450,28.2400,28.2400,2800
148,28.2300,28.2350,28.2210,28.2210,5900
149,28.2250,28.2250,28.2100,28.2200,10802
150,28.2100,28.2300,28.2100,28.2300,35800
151,28.2250,28.2300,28.2200,28.2200,4500
152,28.2200,28.2300,28.2200,28.2300,1575
153,28.2250,28.2250,28.2200,28.2200,1100
154,28.2250,28.2250,28.2200,28.2200,400
155,28.2200,28.2250,28.2200,28.2250,1088
156,28.2201,28.2201,28.1900,28.2000,11770
157,28.2050,28.2050,28.2000,28.2037,1141
158,28.2000,28.2050,28.1950,28.1950,2900
159,28.2100,28.2100,28.2029,28.2029,264
160,28.2000,28.2000,28.2000,28.2000,1500
161,28.1900,28.1900,28.1800,28.1900,1310
162,28.1900,28.2000,28.1900,28.2000,1702
163,28.1944,28.1950,28.1699,28.1800,12961
164,28.1800,28.1800,28.1750,28.1800,4051
165,28.1700,28.1900,28.1700,28.1850,2520
166,28.1884,28.1884,28.1700,28.1800,2299
167,28.1700,28.1850,28.1700,28.1750,6678
168,28.1800,28.1800,28.1600,28.1600,6101
169,28.1700,28.1700,28.1650,28.1650,3800
170,28.1700,28.1700,28.1650,28.1665,1900
171,28.1700,28.1750,28.1650,28.1650,4290
172,28.1700,28.1700,28.1550,28.1600,4832
173,28.1600,28.1650,28.1547,28.1547,5374
174,28.1550,28.1550,28.1450,28.1500,1000
175,28.1500,28.1550,28.1400,28.1400,3315
176,28.1350,28.1570,28.1350,28.1550,6860
177,28.1550,28.1550,28.1450,28.1450,1900
178,28.1400,28.1400,28.1200,28.1200,2024
179,28.1146,28.1200,28.1146,28.1200,1444
180,28.1200,28.1300,28.1200,28.1200,1101
181,28.1200,28.1200,28.1100,28.1100,600
182,28.1200,28.1300,28.1200,28.1200,1977
183,28.1200,28.1300,28.1200,28.1200,1900
184,28.1256,28.1300,28.1256,28.1300,650
185,28.1300,28.1300,28.1000,28.1100,3835
186,28.1050,28.1050,28.1000,28.1000,1000
187,28.1050,28.1100,28.1000,28.1100,880
188,28.1100,28.1100,28.0900,28.1000,2986
189,28.1000,28.1100,28.1000,28.1100,600
190,28.1100,28.1100,28.1000,28.1065,1100
191,28.1000,28.1000,28.1000,28.1000,400
192,28.1000,28.1050,28.1000,28.1050,400
193,28.1050,28.1100,28.1000,28.1000,3468
194,28.1000,28.1100,28.1000,28.1100,1900
195,28.1100,28.1100,28.1000,28.1050,1000
196,28.1100,28.1100,28.0950,28.1000,2300
197,28.1000,28.1100,28.1000,28.1100,1100
198,28.1200,28.1200,28.1100,28.1100,3300
199,28.1100,28.1100,28.1100,28.1100,400
200,28.1100,28.1100,28.1100,28.1100,220
201,28.1100,28.1150,28.1000,28.1000,816
202,28.1000,28.1050,28.1000,28.1000,1200
203,28.1000,28.1000,28.0800,28.0850,1646
204,28.0900,28.0900,28.0800,28.0900,800
205,28.0900,28.0950,28.0900,28.0900,1714
206,28.1000,28.1000,28.1000,28.1000,418
207,28.1000,28.1000,28.0900,28.0900,1400
208,28.0900,28.1050,28.0900,28.1050,3379
209,28.1050,28.1050,28.0900,28.0900,2100
210,28.0900,28.0900,28.0850,28.0900,500
211,28.0900,28.0900,28.0900,28.0900,1400
212,28.0900,28.0900,28.0800,28.0800,1500
213,28.0800,28.0900,28.0800,28.0800,2200
214,28.0723,28.0899,28.0723,28.0800,2920
215,28.0700,28.0700,28.0650,28.0650,500
216,28.0643,28.0656,28.0550,28.0656,2197
217,28.0600,28.0600,28.0400,28.0400,1785
218,28.0400,28.0450,28.0300,28.0350,9100
219,28.0300,28.0314,28.0200,28.0300,1736
220,28.0300,28.0300,28.0250,28.0300,1000
221,28.0200,28.0338,28.0200,28.0300,3274
222,28.0300,28.0450,27.9750,28.0100,16055
223,28.0100,28.0200,28.0000,28.0000,4212
224,28.0010,28.0200,28.0010,28.0200,2400
225,28.0200,28.0200,28.0150,28.0200,4151
226,28.0200,28.0250,28.0200,28.0200,500
227,28.0200,28.0300,28.0200,28.0300,6027
228,28.0400,28.0400,28.0350,28.0400,2500
229,28.0400,28.0500,28.0400,28.0450,7052
230,28.0500,28.0550,28.0399,28.0400,6104
231,28.0400,28.0500,28.0300,28.0400,4210
232,28.0350,28.0400,28.0300,28.0350,6727
233,28.0400,28.0400,28.0100,28.0100,7104
234,28.0200,28.0400,28.0100,28.0350,7722
235,28.0300,28.0300,28.0150,28.0200,3319
236,28.0240,28.0240,28.0150,28.0210,1532
237,28.0300,28.0450,28.0250,28.0400,5023
239,28.0400,28.0500,28.0400,28.0500,1500
240,28.0541,28.0541,28.0500,28.0500,1400
241,28.0500,28.0556,28.0500,28.0500,500
242,28.0550,28.0550,28.0500,28.0500,300
243,28.0500,28.0600,28.0500,28.0500,4000
244,28.0500,28.0600,28.0500,28.0500,1100
245,28.0550,28.0600,28.0500,28.0600,2780
246,28.0600,28.0700,28.0600,28.0600,1901
247,28.0600,28.0600,28.0500,28.0600,2901
248,28.0600,28.0635,28.0500,28.0500,1300
249,28.0600,28.0600,28.0500,28.0500,8900
250,28.0500,28.0550,28.0500,28.0550,800
251,28.0500,28.0500,28.0400,28.0400,2200
252,28.0350,28.0400,28.0300,28.0300,1938
253,28.0300,28.0350,28.0300,28.0300,800
254,28.0400,28.0400,28.0400,28.0400,800
255,28.0400,28.0500,28.0300,28.0500,2000
256,28.0500,28.0500,28.0400,28.0400,2195
257,28.0500,28.0500,28.0450,28.0450,200
258,28.0500,28.0500,28.0500,28.0500,595
259,28.0600,28.0600,28.0500,28.0550,3784
260,28.0600,28.0600,28.0400,28.0450,2800
261,28.0500,28.0550,28.0200,28.0200,5896
262,28.0200,28.0300,28.0000,28.0300,4738
263,28.0300,28.0300,28.0250,28.0300,921
264,28.0300,28.0400,28.0300,28.0400,1200
265,28.0350,28.0400,28.0300,28.0350,2304
266,28.0500,28.0550,28.0450,28.0500,1900
267,28.0500,28.0500,28.0300,28.0300,3959
268,28.0300,28.0400,28.0250,28.0400,3600
269,28.0400,28.0500,28.0400,28.0500,2000
270,28.0550,28.0700,28.0550,28.0650,975
271,28.0700,28.0750,28.0600,28.0600,20124
272,28.0600,28.1200,28.0600,28.1100,52693
273,28.1000,28.1300,28.0750,28.1000,52719
274,28.1200,28.1700,28.1200,28.1550,47128
275,28.1500,28.1550,28.1250,28.1250,4500
276,28.1250,28.1700,28.1250,28.1450,59214
277,28.1500,28.1900,28.1442,28.1800,45859
278,28.1800,28.1800,28.1750,28.1800,1372
279,28.1750,28.1750,28.1750,28.1750,100
280,28.1800,28.1800,28.1600,28.1700,15499
281,28.1600,28.1600,28.1500,28.1500,800
282,28.1500,28.1500,28.1450,28.1450,2500
283,28.1400,28.1600,28.1400,28.1600,1302
284,28.1500,28.1500,28.1450,28.1450,3419
285,28.1500,28.1600,28.1500,28.1600,5685
286,28.1500,28.1550,28.1500,28.1550,300
287,28.1600,28.1600,28.1550,28.1600,2300
288,28.1650,28.1700,28.1550,28.1550,4300
289,28.1600,28.1600,28.1400,28.1450,2300
290,28.1500,28.1550,28.1500,28.1550,1300
291,28.1500,28.1500,28.1300,28.1300,11200
292,28.1300,28.1350,28.1200,28.1200,14980
293,28.1300,28.1300,28.1100,28.1300,5897
294,28.1300,28.1400,28.1300,28.1400,2685
295,28.1400,28.1400,28.1150,28.1150,7535
296,28.1100,28.1100,28.1100,28.1100,688
297,28.1000,28.1039,28.1000,28.1000,1000
298,28.1050,28.1200,28.1050,28.1100,4067
299,28.1100,28.1169,28.1100,28.1169,440
300,28.1200,28.1250,28.1050,28.1101,4128
301,28.1100,28.1200,28.1100,28.1200,961
302,28.1250,28.1300,28.1250,28.1300,1400
303,28.1300,28.1300,28.1300,28.1300,300
304,28.1200,28.1200,28.1200,28.1200,4455
305,28.1200,28.1300,28.1200,28.1300,2825
306,28.1300,28.1300,28.1150,28.1250,2988
307,28.1300,28.1300,28.1100,28.1100,4772
308,28.1150,28.1150,28.1100,28.1100,300
309,28.1100,28.1100,28.1000,28.1100,11139
310,28.1000,28.1100,28.0950,28.1100,2200
311,28.1000,28.1000,28.0950,28.1000,3475
312,28.1000,28.1000,28.0950,28.0950,2175
313,28.0900,28.0950,28.0700,28.0700,14989
314,28.0750,28.0800,28.0750,28.0750,800
315,28.0800,28.0850,28.0710,28.0800,3373
316,28.0800,28.0800,28.0700,28.0700,2188
317,28.0700,28.0900,28.0600,28.0850,7839
318,28.0800,28.0800,28.0650,28.0750,5494
319,28.0800,28.1150,28.0800,28.1100,6648
320,28.1150,28.1250,28.1100,28.1250,5251
321,28.1300,28.1600,28.1100,28.1100,15311
322,28.1150,28.1150,28.1000,28.1000,9277
323,28.1100,28.1100,28.1000,28.1100,4893
324,28.1100,28.1700,28.1100,28.1500,10069
325,28.1550,28.1700,28.1500,28.1650,1880
326,28.1600,28.1800,28.1600,28.1750,3251
327,28.1700,28.1750,28.1600,28.1600,1525
328,28.1600,28.1650,28.1550,28.1600,2020
329,28.1500,28.1500,28.1250,28.1400,7738
330,28.1400,28.1550,28.1350,28.1550,4000
331,28.1600,28.1650,28.1500,28.1500,2834
332,28.1600,28.1700,28.1500,28.1700,4184
333,28.1700,28.1700,28.1450,28.1450,5992
334,28.1400,28.1500,28.1250,28.1256,4940
335,28.1250,28.1400,28.1200,28.1300,3524
336,28.1200,28.1650,28.1200,28.1650,9359
337,28.1600,28.1650,28.1500,28.1600,6841
338,28.1500,28.1550,28.1250,28.1250,4900
339,28.1300,28.1486,28.1300,28.1400,5191
340,28.1400,28.1500,28.1400,28.1500,2217
341,28.1500,28.1500,28.1450,28.1500,5264
342,28.1400,28.1450,28.1350,28.1400,1600
343,28.1400,28.1400,28.1300,28.1350,3102
344,28.1300,28.1350,28.1300,28.1300,3100
345,28.1200,28.1300,28.1200,28.1250,400
346,28.1300,28.1300,28.1100,28.1100,3200
347,28.1100,28.1100,28.1100,28.1100,1100
348,28.1100,28.1100,28.0900,28.0950,4202
349,28.0950,28.1100,28.0900,28.1100,10091
350,28.1100,28.1300,28.1100,28.1200,5545
351,28.1100,28.1150,28.1050,28.1100,1900
352,28.1100,28.1100,28.1000,28.1000,5675
353,28.0900,28.1050,28.0900,28.1000,2900
354,28.1000,28.1050,28.0850,28.0850,11676
355,28.0900,28.0950,28.0850,28.0900,2710
356,28.0900,28.0900,28.0800,28.0850,3220
357,28.0850,28.0950,28.0850,28.0900,10022
358,28.1000,28.1100,28.0950,28.1050,2946
359,28.1050,28.1200,28.1050,28.1150,3173
360,28.1100,28.1150,28.0850,28.0950,18482
361,28.0950,28.1000,28.0900,28.0900,7952
362,28.0950,28.0950,28.0900,28.0900,3000
363,28.0900,28.1000,28.0850,28.0850,14728
364,28.0850,28.1000,28.0850,28.0950,3200
365,28.1000,28.1000,28.0900,28.0900,8871
366,28.0950,28.1000,28.0900,28.0950,7676
367,28.0900,28.1000,28.0900,28.0950,4736
368,28.0950,28.1000,28.0944,28.1000,21982
369,28.1000,28.1000,28.0950,28.1000,2225
370,28.1000,28.1200,28.1000,28.1200,12418
371,28.1150,28.1300,28.1150,28.1250,10557
372,28.1300,28.1400,28.1250,28.1400,11862
373,28.1500,28.1500,28.1350,28.1500,10134
374,28.1550,28.1600,28.1300,28.1400,15800
375,28.1350,28.1600,28.1250,28.1600,22098
376,28.1600,28.1700,28.1450,28.1450,16177
377,28.1420,28.1650,28.1400,28.1650,13148
378,28.1700,28.1800,28.1550,28.1700,17206
379,28.1700,28.1750,28.1600,28.1750,10359
380,28.1750,28.1800,28.1700,28.1800,3900
381,28.1800,28.2200,28.1800,28.2150,19833
382,28.2100,28.2200,28.2050,28.2150,12497
383,28.2200,28.2200,28.2000,28.2150,14701
384,28.2100,28.2300,28.2100,28.2200,7513
385,28.2250,28.2300,28.2250,28.2300,4091
386,28.2300,28.2600,28.2300,28.2450,55398
387,28.2450,28.2500,28.2350,28.2400,27118
388,28.2400,28.2450,28.2300,28.2350,17144
389,28.2350,28.2400,28.2300,28.2400,23897
390,28.2400,28.2400,28.2300,28.2300,31094