EXC,Exelon Corp.,Utilities,11,Multi-Utilities,34118631674,5626440
a1499617800,36.4000,36.4000,36.4000,36.4000,65322
1,36.4000,36.4862,36.4000,36.4700,13209
2,36.4700,36.5100,36.4600,36.4700,5415
3,36.4800,36.5000,36.4500,36.4500,2033
4,36.4600,36.4699,36.4201,36.4500,3990
5,36.4599,36.4600,36.3900,36.3900,6990
6,36.3700,36.4000,36.3300,36.3400,3996
7,36.3300,36.3700,36.3300,36.3699,765
8,36.3600,36.3600,36.3400,36.3499,3042
9,36.3500,36.3900,36.3500,36.3900,3720
10,36.4000,36.4599,36.4000,36.4599,2400
11,36.4599,36.4800,36.4500,36.4800,8313
12,36.4800,36.5000,36.4600,36.4700,5494
13,36.4500,36.4700,36.4400,36.4700,5119
14,36.4700,36.4918,36.4700,36.4800,3300
15,36.5000,36.5000,36.4800,36.4800,1600
16,36.4800,36.5050,36.4740,36.5000,5683
17,36.4800,36.5100,36.4800,36.5000,4800
18,36.5000,36.5200,36.5000,36.5200,4326
19,36.5300,36.5400,36.5000,36.5000,7769
20,36.5000,36.5000,36.4900,36.4900,1439
21,36.5000,36.5200,36.5000,36.5000,10119
22,36.5050,36.5650,36.5050,36.5650,40641
23,36.5600,36.5950,36.5600,36.5800,22462
24,36.5800,36.5800,36.5600,36.5800,8965
25,36.5800,36.5900,36.5500,36.5500,10599
26,36.5500,36.5700,36.5500,36.5700,44900
27,36.5650,36.5800,36.5600,36.5800,5024
28,36.5800,36.5900,36.5400,36.5400,9518
29,36.5300,36.5388,36.5100,36.5200,3895
30,36.5162,36.5162,36.4900,36.4900,3000
31,36.4890,36.5200,36.4890,36.5200,3416
32,36.5300,36.5400,36.5290,36.5350,4643
33,36.5400,36.5600,36.5350,36.5550,2896
34,36.5500,36.5650,36.5500,36.5600,3108
35,36.5500,36.5550,36.5300,36.5450,13103
36,36.5500,36.5500,36.5400,36.5400,6488
37,36.5300,36.5600,36.5300,36.5600,3078
38,36.5500,36.5550,36.4650,36.5300,16907
39,36.5300,36.5400,36.5000,36.5000,17433
40,36.5031,36.5300,36.5031,36.5300,3772
41,36.5250,36.5450,36.5200,36.5250,5981
42,36.5300,36.5600,36.5250,36.5600,6500
43,36.5650,36.5700,36.5150,36.5250,14383
44,36.5244,36.5400,36.5244,36.5400,16262
45,36.5400,36.5400,36.5100,36.5200,15795
46,36.5129,36.5200,36.4950,36.5029,11241
47,36.5050,36.5100,36.4900,36.5090,26064
48,36.5000,36.5100,36.4800,36.4800,7433
49,36.4900,36.5050,36.4900,36.4950,15304
50,36.4950,36.5000,36.4920,36.5000,10445
51,36.5100,36.5150,36.4932,36.4950,10438
52,36.4950,36.4950,36.4800,36.4800,7215
53,36.4750,36.4750,36.4600,36.4600,5870
54,36.4550,36.4650,36.4500,36.4550,4632
55,36.4500,36.4800,36.4500,36.4800,8670
56,36.4900,36.5200,36.4900,36.5000,23616
57,36.5000,36.5000,36.4750,36.4750,4951
58,36.4700,36.4700,36.4550,36.4550,1640
59,36.4544,36.4600,36.4500,36.4600,8031
60,36.4700,36.4900,36.4700,36.4849,4478
61,36.4899,36.4900,36.4700,36.4800,11197
62,36.4800,36.5100,36.4800,36.5100,5656
63,36.5000,36.5050,36.4700,36.4700,22574
64,36.4750,36.4950,36.4750,36.4900,13000
65,36.5000,36.5150,36.5000,36.5100,12409
66,36.5150,36.5300,36.5073,36.5100,16717
67,36.5050,36.5300,36.5000,36.5150,22174
68,36.5200,36.5200,36.5000,36.5000,3000
69,36.5000,36.5200,36.5000,36.5200,9865
70,36.5200,36.5500,36.5200,36.5500,13160
71,36.5400,36.5500,36.5400,36.5500,11230
72,36.5500,36.5550,36.5250,36.5250,4318
73,36.5250,36.5500,36.5200,36.5500,9899
74,36.5500,36.5500,36.5500,36.5500,1600
75,36.5600,36.5800,36.5550,36.5700,11400
76,36.5800,36.5900,36.5800,36.5850,9304
77,36.5850,36.5900,36.5650,36.5650,9028
78,36.5600,36.5800,36.5550,36.5550,8212
79,36.5500,36.5700,36.5500,36.5700,2574
80,36.5699,36.5699,36.5500,36.5562,7603
81,36.5500,36.5700,36.5500,36.5700,3050
82,36.5600,36.5900,36.5600,36.5841,16912
83,36.5900,36.5950,36.5800,36.5950,12160
84,36.5900,36.6000,36.5900,36.5903,17494
85,36.5900,36.6000,36.5900,36.6000,3784
86,36.6000,36.6050,36.5900,36.6000,7567
87,36.6000,36.6100,36.6000,36.6050,12001
88,36.6000,36.6050,36.5900,36.6000,4798
89,36.5910,36.5950,36.5700,36.5750,1900
90,36.5800,36.5900,36.5800,36.5838,3851
91,36.5850,36.5900,36.5600,36.5700,7755
92,36.5725,36.5950,36.5700,36.5950,5600
93,36.5900,36.6000,36.5900,36.5950,3000
94,36.5900,36.5900,36.5750,36.5750,4600
95,36.5750,36.5750,36.5500,36.5550,3200
96,36.5600,36.5600,36.5534,36.5534,4174
97,36.5500,36.5599,36.5400,36.5400,4600
98,36.5400,36.5400,36.5400,36.5400,500
99,36.5356,36.5800,36.5350,36.5800,10823
100,36.5700,36.5750,36.5600,36.5700,3244
101,36.5700,36.5900,36.5700,36.5850,6850
102,36.5800,36.6000,36.5800,36.6000,5135
103,36.6000,36.6000,36.5900,36.5900,1196
104,36.6000,36.6000,36.5900,36.5999,2471
105,36.5999,36.5999,36.5800,36.5800,5489
106,36.5800,36.5850,36.5800,36.5800,1300
107,36.5800,36.5800,36.5600,36.5700,6342
109,36.5800,36.6000,36.5800,36.6000,7989
110,36.6000,36.6000,36.5900,36.6000,3372
111,36.6000,36.6200,36.6000,36.6100,27253
112,36.6150,36.6150,36.6000,36.6050,3825
113,36.6000,36.6300,36.6000,36.6300,10433
114,36.6300,36.6500,36.6200,36.6450,13006
115,36.6300,36.6400,36.6300,36.6350,711
116,36.6350,36.6750,36.6300,36.6650,20634
117,36.6650,36.6650,36.6500,36.6500,5200
118,36.6500,36.6650,36.6400,36.6600,26060
119,36.6600,36.6650,36.6600,36.6650,2581
120,36.6600,36.6800,36.6600,36.6800,3000
121,36.6800,36.6800,36.6600,36.6800,11090
122,36.6800,36.6800,36.6500,36.6600,6484
123,36.6500,36.6550,36.6400,36.6500,4600
124,36.6400,36.6400,36.6200,36.6230,3324
125,36.6200,36.6200,36.6100,36.6100,2591
126,36.6150,36.6150,36.5910,36.5910,2752
127,36.5900,36.6050,36.5900,36.6000,5078
128,36.6100,36.6100,36.5800,36.5900,5660
129,36.5900,36.5900,36.5800,36.5800,3694
130,36.5900,36.5900,36.5800,36.5800,1342
131,36.5800,36.5850,36.5700,36.5700,3900
132,36.5700,36.5700,36.5600,36.5600,2400
133,36.5600,36.5700,36.5550,36.5650,5650
134,36.5600,36.5650,36.5382,36.5382,4700
135,36.5300,36.5400,36.5300,36.5390,7247
136,36.5400,36.5400,36.5350,36.5350,1000
137,36.5400,36.5400,36.5399,36.5400,1700
138,36.5350,36.5400,36.5300,36.5300,3620
139,36.5350,36.5500,36.5300,36.5300,20151
140,36.5300,36.5336,36.5250,36.5300,2619
141,36.5256,36.5300,36.5250,36.5250,2304
142,36.5210,36.5210,36.4900,36.4900,5899
143,36.4950,36.5200,36.4950,36.5100,10317
144,36.5100,36.5200,36.5050,36.5100,2900
145,36.5100,36.5150,36.5000,36.5000,2300
146,36.5050,36.5050,36.5000,36.5008,600
147,36.5000,36.5000,36.4700,36.4738,10268
148,36.4744,36.5000,36.4700,36.4740,16704
149,36.4750,36.5000,36.4750,36.5000,17646
150,36.4900,36.5000,36.4900,36.5000,4884
151,36.5050,36.5050,36.4900,36.5000,4523
152,36.5100,36.5200,36.5100,36.5100,6207
153,36.5035,36.5050,36.4900,36.4901,3170
154,36.4900,36.4950,36.4900,36.4900,1916
155,36.4900,36.5100,36.4850,36.5000,11552
156,36.4915,36.4950,36.4800,36.4800,2500
157,36.4837,36.5000,36.4750,36.4900,13300
158,36.4900,36.4900,36.4650,36.4750,4025
159,36.4800,36.5000,36.4800,36.4950,6382
160,36.4950,36.4950,36.4800,36.4800,11900
161,36.4850,36.5000,36.4800,36.4890,14380
162,36.4890,36.5000,36.4890,36.4950,5597
163,36.4950,36.5000,36.4900,36.5000,5700
164,36.5000,36.5000,36.4950,36.4950,2164
165,36.4999,36.5200,36.4999,36.5200,6151
166,36.5150,36.5400,36.5150,36.5250,8917
167,36.5250,36.5400,36.5250,36.5350,8496
168,36.5300,36.5400,36.5200,36.5300,14952
169,36.5360,36.5400,36.5300,36.5350,5865
170,36.5350,36.5500,36.5350,36.5450,6395
171,36.5450,36.5600,36.5450,36.5599,6087
172,36.5550,36.5600,36.5400,36.5550,4994
173,36.5400,36.5500,36.5400,36.5467,1011
174,36.5400,36.5400,36.5300,36.5300,5027
175,36.5200,36.5200,36.4900,36.4900,4279
176,36.4850,36.5100,36.4800,36.5000,8874
177,36.5000,36.5000,36.4879,36.4879,3458
178,36.4850,36.4850,36.4300,36.4500,17817
179,36.4500,36.4700,36.4500,36.4700,6918
180,36.4700,36.4800,36.4700,36.4700,3459
181,36.4700,36.4700,36.4500,36.4600,4839
182,36.4500,36.4700,36.4400,36.4450,8498
183,36.4400,36.4700,36.4400,36.4600,4200
184,36.4600,36.4800,36.4600,36.4741,3801
185,36.4700,36.4700,36.4300,36.4300,12378
186,36.4250,36.4300,36.4000,36.4200,6853
187,36.4300,36.4300,36.4100,36.4300,9990
188,36.4300,36.4300,36.3900,36.4100,7270
189,36.4100,36.4200,36.4100,36.4200,2541
190,36.4200,36.4200,36.4000,36.4100,5705
191,36.4100,36.4100,36.4050,36.4100,4171
192,36.4050,36.4100,36.4050,36.4100,4331
193,36.4100,36.4100,36.4032,36.4100,1500
194,36.4100,36.4250,36.4043,36.4250,6411
195,36.4244,36.4244,36.4000,36.4000,4942
196,36.4000,36.4200,36.4000,36.4100,4014
197,36.4100,36.4200,36.4000,36.4200,4967
198,36.4250,36.4300,36.4100,36.4200,6290
199,36.4200,36.4200,36.4200,36.4200,238
200,36.4200,36.4200,36.4110,36.4110,3455
201,36.4200,36.4200,36.4100,36.4200,1500
202,36.4200,36.4200,36.4100,36.4100,1300
203,36.4200,36.4200,36.3900,36.3900,6434
204,36.3950,36.4000,36.3900,36.3900,3419
205,36.3901,36.3901,36.3901,36.3901,229
206,36.4000,36.4000,36.3750,36.3800,13528
207,36.3800,36.4000,36.3800,36.4000,8760
208,36.3900,36.3950,36.3900,36.3950,2539
209,36.3900,36.3900,36.3700,36.3750,2300
210,36.3800,36.3800,36.3800,36.3800,2781
211,36.3750,36.3800,36.3750,36.3800,1472
212,36.3900,36.3900,36.3700,36.3700,4941
213,36.3700,36.3900,36.3606,36.3800,4555
214,36.3701,36.3800,36.3701,36.3800,1000
215,36.3700,36.3700,36.3500,36.3700,3828
216,36.3700,36.3700,36.3500,36.3600,6827
217,36.3618,36.3650,36.3500,36.3500,2000
218,36.3450,36.3566,36.3450,36.3500,2430
219,36.3400,36.3450,36.3350,36.3350,5743
220,36.3400,36.3500,36.3250,36.3499,12123
221,36.3500,36.3700,36.3500,36.3700,2900
222,36.3700,36.4000,36.3200,36.3599,38724
223,36.3500,36.3500,36.3300,36.3400,16983
224,36.3500,36.3800,36.3500,36.3600,5701
225,36.3500,36.3900,36.3500,36.3900,6746
226,36.3800,36.3850,36.3700,36.3800,2700
227,36.3800,36.3900,36.3800,36.3900,9713
228,36.3900,36.4200,36.3900,36.4100,6300
229,36.4100,36.4200,36.4100,36.4199,5369
230,36.4200,36.4200,36.3950,36.4100,7921
231,36.4100,36.4150,36.3999,36.3999,4304
232,36.4000,36.4100,36.3950,36.4000,6115
233,36.4000,36.4100,36.3900,36.3900,14560
234,36.4000,36.4055,36.4000,36.4055,1000
235,36.4000,36.4000,36.3800,36.3800,12465
236,36.3800,36.3800,36.3800,36.3800,400
237,36.3800,36.3900,36.3799,36.3900,5685
238,36.3950,36.3950,36.3843,36.3843,2586
239,36.3800,36.3800,36.3699,36.3800,5263
240,36.3800,36.3900,36.3700,36.3819,10747
241,36.3900,36.4099,36.3899,36.4000,6747
242,36.3900,36.3950,36.3800,36.3900,6931
243,36.3900,36.3999,36.3800,36.3899,17407
244,36.3800,36.3900,36.3700,36.3900,12330
245,36.3800,36.3800,36.3700,36.3800,4120
247,36.3700,36.4000,36.3700,36.3900,16961
248,36.3900,36.3900,36.3799,36.3800,7025
249,36.3800,36.4099,36.3750,36.3900,7286
250,36.3900,36.3950,36.3850,36.3900,6300
251,36.3900,36.3900,36.3650,36.3650,10798
252,36.3700,36.3700,36.3400,36.3400,6800
253,36.3500,36.3550,36.3400,36.3400,4212
254,36.3400,36.3500,36.3400,36.3500,1330
255,36.3500,36.3500,36.3400,36.3500,5366
256,36.3500,36.3600,36.3500,36.3550,5055
257,36.3538,36.3538,36.3538,36.3538,100
258,36.3600,36.3650,36.3600,36.3600,6030
259,36.3650,36.3750,36.3500,36.3637,12241
260,36.3650,36.3700,36.3600,36.3700,3500
261,36.3700,36.3800,36.3500,36.3500,12786
262,36.3500,36.3600,36.3400,36.3600,7432
263,36.3511,36.3600,36.3511,36.3600,1200
264,36.3550,36.3750,36.3500,36.3600,14516
265,36.3500,36.3743,36.3500,36.3700,7955
266,36.3700,36.3800,36.3600,36.3700,7500
267,36.3700,36.3700,36.3600,36.3700,5600
268,36.3699,36.3900,36.3550,36.3900,12779
269,36.4000,36.4250,36.4000,36.4050,10299
270,36.4100,36.4100,36.4000,36.4000,1120
271,36.4100,36.4250,36.4100,36.4200,12861
272,36.4229,36.4298,36.4200,36.4298,3111
273,36.4300,36.4400,36.4001,36.4068,7296
274,36.4100,36.4350,36.4100,36.4350,4339
275,36.4300,36.4400,36.4200,36.4400,7754
276,36.4350,36.4413,36.4201,36.4300,6518
277,36.4300,36.4300,36.4200,36.4300,2340
278,36.4300,36.4355,36.4300,36.4355,3527
279,36.4355,36.4400,36.4300,36.4400,1500
280,36.4400,36.4490,36.4300,36.4400,7763
281,36.4300,36.4300,36.4200,36.4200,2658
282,36.4200,36.4200,36.4200,36.4200,1500
283,36.4200,36.4400,36.4200,36.4400,3900
284,36.4400,36.4400,36.4300,36.4350,3067
285,36.4400,36.4450,36.4400,36.4450,2700
286,36.4500,36.4500,36.4500,36.4500,500
287,36.4400,36.4500,36.4400,36.4500,6574
288,36.4500,36.4700,36.4500,36.4650,5399
289,36.4600,36.4650,36.4400,36.4550,8712
290,36.4600,36.4700,36.4600,36.4600,4989
291,36.4550,36.4600,36.4500,36.4500,4110
292,36.4600,36.4700,36.4600,36.4700,2434
293,36.4800,36.4800,36.4500,36.4600,8933
294,36.4600,36.4600,36.4600,36.4600,600
295,36.4650,36.4650,36.4600,36.4600,1812
296,36.4500,36.4550,36.4500,36.4550,1000
297,36.4600,36.4600,36.4600,36.4600,100
298,36.4600,36.4600,36.4450,36.4450,8211
299,36.4450,36.4450,36.4450,36.4450,300
300,36.4500,36.4500,36.4300,36.4400,8115
301,36.4500,36.4600,36.4500,36.4600,5600
302,36.4550,36.4600,36.4450,36.4450,3038
303,36.4500,36.4550,36.4450,36.4450,6605
304,36.4400,36.4400,36.4350,36.4400,3905
305,36.4350,36.4600,36.4300,36.4550,8181
306,36.4500,36.4550,36.4400,36.4400,8673
307,36.4400,36.4650,36.4400,36.4400,13582
308,36.4500,36.4550,36.4400,36.4400,6746
309,36.4500,36.4600,36.4500,36.4600,3400
310,36.4500,36.4600,36.4450,36.4500,7117
311,36.4500,36.4550,36.4401,36.4401,4124
312,36.4500,36.4600,36.4500,36.4550,3100
313,36.4500,36.4650,36.4500,36.4600,10765
314,36.4600,36.4650,36.4500,36.4650,5928
315,36.4600,36.4656,36.4500,36.4550,5981
316,36.4600,36.4600,36.4400,36.4450,5700
317,36.4400,36.4600,36.4100,36.4600,16996
318,36.4500,36.4690,36.4500,36.4600,9140
319,36.4600,36.5250,36.4600,36.5200,17391
320,36.5200,36.5500,36.5200,36.5500,7206
321,36.5600,36.6000,36.5400,36.5450,35823
322,36.5400,36.5400,36.5200,36.5250,5600
323,36.5200,36.5400,36.5200,36.5300,6894
324,36.5350,36.5900,36.5290,36.5750,19716
325,36.5800,36.6000,36.5750,36.5950,16167
326,36.5900,36.6100,36.5900,36.6000,5501
327,36.6000,36.6000,36.5850,36.5900,5300
328,36.5900,36.5950,36.5600,36.5650,8268
329,36.5650,36.5650,36.5350,36.5500,13018
330,36.5500,36.5600,36.5400,36.5450,2669
331,36.5450,36.5700,36.5450,36.5550,12803
332,36.5600,36.5800,36.5600,36.5800,10160
333,36.5750,36.5900,36.5500,36.5500,13137
334,36.5500,36.5500,36.5200,36.5250,14440
335,36.5300,36.5450,36.5200,36.5400,9695
336,36.5400,36.5800,36.5400,36.5800,12484
337,36.5700,36.5750,36.5400,36.5650,13487
338,36.5600,36.5600,36.5300,36.5300,6660
339,36.5225,36.5400,36.5150,36.5400,4586
340,36.5400,36.5500,36.5300,36.5350,5702
341,36.5300,36.5450,36.5300,36.5300,4140
342,36.5200,36.5200,36.5100,36.5100,3473
343,36.5000,36.5100,36.4950,36.5100,5631
344,36.5100,36.5100,36.4900,36.4950,6759
345,36.5000,36.5100,36.5000,36.5100,3802
346,36.5050,36.5050,36.4700,36.4700,6543
347,36.4800,36.4850,36.4750,36.4850,3253
348,36.4800,36.4850,36.4500,36.4650,5608
349,36.4700,36.4900,36.4700,36.4750,6214
350,36.4800,36.4900,36.4700,36.4700,8331
351,36.4800,36.4800,36.4500,36.4700,6274
352,36.4700,36.4800,36.4600,36.4600,3620
353,36.4650,36.4750,36.4650,36.4750,4587
354,36.4750,36.4950,36.4750,36.4800,6573
355,36.4800,36.4950,36.4800,36.4900,3915
356,36.4900,36.4900,36.4750,36.4800,12256
357,36.4800,36.5000,36.4800,36.4900,5365
358,36.4900,36.4900,36.4800,36.4900,3558
359,36.4900,36.5000,36.4900,36.5000,2479
360,36.5000,36.5000,36.4844,36.5000,13899
361,36.5050,36.5050,36.4900,36.4950,6263
362,36.4950,36.5000,36.4900,36.5000,2300
363,36.4950,36.5200,36.4950,36.5000,15216
364,36.4950,36.5050,36.4900,36.4950,12189
365,36.4950,36.5200,36.4900,36.4900,8071
366,36.4950,36.5000,36.4600,36.4600,43001
367,36.4650,36.4850,36.4650,36.4700,13504
368,36.4700,36.4900,36.4700,36.4900,6495
369,36.4850,36.5050,36.4850,36.5000,13710
370,36.5000,36.5150,36.5000,36.5110,5209
371,36.5150,36.5300,36.5100,36.5300,10973
372,36.5300,36.5400,36.5250,36.5400,14450
373,36.5450,36.5600,36.5333,36.5600,17562
374,36.5600,36.5700,36.5200,36.5250,28076
375,36.5250,36.5550,36.5200,36.5500,14918
376,36.5550,36.5700,36.5450,36.5450,25411
377,36.5400,36.5600,36.5400,36.5550,14374
378,36.5550,36.5800,36.5500,36.5710,15510
379,36.5700,36.5700,36.5500,36.5600,22544
380,36.5700,36.5700,36.5500,36.5650,16325
381,36.5700,36.6100,36.5650,36.6100,51307
382,36.6000,36.6059,36.6000,36.6000,9566
383,36.6050,36.6100,36.6000,36.6100,5942
384,36.6000,36.6100,36.6000,36.6050,29123
385,36.6000,36.6100,36.6000,36.6050,19645
386,36.6100,36.6300,36.6100,36.6250,33742
387,36.6250,36.6250,36.6000,36.6000,26202
388,36.6000,36.6056,36.5900,36.5950,26190
389,36.5901,36.6100,36.5900,36.6050,38396
390,36.6000,36.6200,36.6000,36.6100,72477