MLM,Martin Marietta Materials,Materials,8,Construction Materials,15178332735,585432
a1499617800,233.1100,233.1100,233.1100,233.1100,2177
2,232.1200,232.9400,232.1200,232.9400,400
3,232.1400,232.8900,232.1400,232.5600,400
4,232.1401,232.9400,232.1400,232.5850,700
5,232.1401,232.1401,232.1401,232.1401,100
7,233.0100,233.3400,232.3001,233.3200,1821
8,233.3200,233.3200,233.1600,233.1600,200
10,232.9750,232.9750,232.9750,232.9750,100
12,233.0600,233.0600,233.0600,233.0600,100
13,233.3500,233.7736,233.2816,233.7736,2900
14,233.7600,234.1700,233.7600,234.1700,1600
15,234.1700,234.1700,234.1700,234.1700,100
16,233.6650,233.6650,233.6650,233.6650,100
17,233.7100,233.7100,233.3500,233.3500,1394
18,233.0300,233.3500,232.4400,232.4400,6832
19,232.5061,233.1500,232.3600,233.1500,1000
21,232.8973,232.8973,232.8973,232.8973,100
23,233.1100,233.4400,233.0900,233.4400,1300
24,233.4900,233.4900,233.3900,233.4700,300
25,233.5200,233.6100,233.5200,233.5600,600
28,233.8900,234.0600,233.5500,233.8500,1297
29,234.0000,234.0550,233.4700,233.4700,2629
30,233.6450,233.8800,233.5500,233.8700,3600
31,234.0250,234.3800,233.6100,234.0000,11505
35,234.0100,234.0100,233.7400,233.7400,200
37,233.6000,233.7300,233.4700,233.4700,1200
38,233.4700,233.6510,233.2900,233.6510,1165
39,233.2850,233.5000,233.2450,233.4400,1200
40,233.5700,233.7800,233.4500,233.5950,2721
41,233.4900,233.6300,233.4900,233.6300,500
42,233.5100,233.7700,233.2400,233.3900,3200
43,233.6400,233.6400,233.6400,233.6400,100
45,233.4900,233.4900,233.4900,233.4900,100
46,233.5300,233.5300,233.4000,233.4000,500
47,233.5000,233.5000,233.4950,233.4950,600
48,233.6800,233.8651,233.5610,233.6300,1200
49,233.9500,234.0800,233.9500,234.0800,500
50,234.1100,234.1100,233.9600,233.9600,1240
51,234.2000,234.2000,234.2000,234.2000,100
53,234.0200,234.0200,233.7300,233.7300,500
54,234.0100,234.0300,233.9250,233.9400,936
55,234.1200,234.1399,233.9800,234.1399,1100
56,234.0300,234.0300,234.0300,234.0300,100
57,233.7800,233.9100,233.7800,233.9100,300
59,234.0300,234.1500,233.9200,234.1500,1410
60,234.0972,234.1700,234.0550,234.1200,900
61,234.0800,234.0800,234.0800,234.0800,200
62,234.3400,234.3400,234.3400,234.3400,100
63,234.3500,234.3900,234.3400,234.3900,404
64,234.4298,234.4298,234.4298,234.4298,156
65,234.5399,234.5399,234.5399,234.5399,500
66,234.4066,234.4066,234.2900,234.2900,1423
67,234.4000,234.6300,234.4000,234.6300,1058
68,234.7900,235.0100,234.7900,235.0100,600
69,234.9300,234.9400,234.6601,234.6601,1301
70,234.6200,234.6200,234.4200,234.5600,1720
71,234.7200,234.7200,234.6200,234.6200,1700
73,234.6700,234.8100,234.6700,234.8100,1000
74,234.8900,234.9600,234.8900,234.8900,500
75,235.0000,235.0000,234.9567,234.9567,500
76,235.0600,235.0600,235.0600,235.0600,100
77,235.0700,235.0700,234.9500,234.9500,300
78,234.9550,235.0100,234.7400,235.0100,1306
79,234.8450,234.8450,234.7300,234.7300,200
80,234.7900,234.9700,234.7900,234.9700,1400
81,234.8850,235.3300,234.8850,235.2800,2382
82,235.2800,235.3900,235.2800,235.3900,300
85,235.4923,235.4923,235.4923,235.4923,120
87,235.6800,235.9600,235.6800,235.9600,805
90,235.7800,235.8450,235.3900,235.3900,1660
91,235.5000,235.6800,235.4700,235.4700,700
95,235.5800,235.5800,235.5800,235.5800,192
97,235.5700,235.6428,235.5500,235.5500,1811
101,235.4650,235.6200,235.4650,235.6200,1000
102,235.5540,235.5540,235.5540,235.5540,100
103,235.6500,235.6500,235.6500,235.6500,200
107,235.6000,235.6500,235.5500,235.5700,800
111,235.6700,235.6700,235.2700,235.2700,1500
112,235.0800,235.0800,234.8300,234.8900,1400
115,234.9900,235.1100,234.9900,235.1100,657
119,234.9600,235.1050,234.6500,234.6800,2814
120,234.9600,234.9600,234.8150,234.8150,200
121,234.8450,234.8450,234.6400,234.6400,684
122,234.5100,234.5100,234.5100,234.5100,200
123,234.5200,234.7200,234.2400,234.2400,2502
125,234.2500,234.2500,234.2500,234.2500,100
126,234.2500,234.2500,233.9400,233.9400,1454
127,233.9300,234.1600,233.9300,234.1600,1500
128,233.9650,234.0200,233.9600,233.9600,300
129,234.1900,234.1900,234.1900,234.1900,100
130,234.0000,234.0400,234.0000,234.0000,600
131,233.8800,233.9500,233.7800,233.9100,3500
132,233.8300,234.0400,233.8300,234.0400,1571
133,234.0800,234.0800,234.0800,234.0800,100
134,234.1000,234.1500,234.1000,234.1400,600
135,234.1500,234.2700,233.9200,233.9200,600
136,234.0420,234.2300,233.9300,234.0500,600
137,233.8501,233.8501,233.8501,233.8501,475
138,234.1100,234.1100,234.1100,234.1100,148
141,234.1800,234.1800,234.1800,234.1800,100
143,234.0450,234.0450,234.0450,234.0450,100
144,234.0300,234.0300,234.0300,234.0300,100
145,234.3000,234.3000,234.1900,234.1900,500
146,234.1900,234.1900,234.1900,234.1900,100
147,234.3300,234.3400,234.2050,234.2050,500
148,234.3400,234.3500,234.3400,234.3400,400
149,234.3900,234.3900,234.2800,234.2800,700
150,234.2200,234.3500,234.0800,234.0800,3300
151,234.0100,234.0475,233.8900,233.9000,3100
152,233.9000,233.9000,233.7800,233.7800,722
153,233.9500,234.1600,233.8700,234.1600,2800
154,234.0600,234.0600,234.0600,234.0600,200
155,234.4100,234.4100,234.3950,234.3950,500
156,234.4100,234.4100,234.2000,234.4000,1100
157,234.3525,234.3525,234.3100,234.3100,400
160,234.4000,234.4100,234.3900,234.4100,436
161,234.3500,234.3500,234.2500,234.2600,2953
162,234.3300,234.4000,234.3300,234.3778,2475
163,234.3100,234.3100,234.2300,234.3000,600
164,234.2900,234.3400,234.2800,234.3400,700
165,234.4400,234.5800,234.4400,234.4700,1000
167,234.5100,234.8200,234.5100,234.7950,3100
168,234.8100,234.9400,234.7500,234.9400,4182
169,234.9000,234.9000,234.9000,234.9000,100
170,235.0100,235.0100,235.0000,235.0100,700
171,235.0590,235.1250,235.0590,235.1250,600
172,235.1300,235.1500,235.1300,235.1300,700
174,235.2900,235.2900,235.1200,235.1200,259
175,235.2000,235.2000,234.8900,234.8900,1600
176,234.8200,234.8300,234.6300,234.6300,1210
177,234.6000,234.7000,234.5600,234.5650,1700
178,234.6700,234.7800,234.5650,234.6500,2900
180,234.6300,234.9600,234.6050,234.8600,700
181,234.9700,234.9900,234.8600,234.9900,700
182,234.8600,234.8600,234.7400,234.7400,737
184,234.7600,234.7600,234.6400,234.6400,300
185,234.4700,234.4700,234.1800,234.1800,500
186,234.3800,234.4200,234.2950,234.4200,440
187,234.5015,234.5600,234.4500,234.5600,644
188,234.4400,234.6000,234.4000,234.5100,2400
189,234.5150,234.6300,234.5150,234.6300,400
190,234.6120,234.6120,234.5100,234.5650,688
191,234.5000,234.5000,234.5000,234.5000,221
194,234.4700,234.5700,234.4500,234.5693,1000
195,234.4500,234.4500,234.4300,234.4300,300
198,234.6200,234.6900,234.6200,234.6200,500
199,234.7600,234.7700,234.7600,234.7700,200
201,234.8600,234.8600,234.8600,234.8600,200
203,234.7414,234.7414,234.7414,234.7414,200
206,234.9300,235.1000,234.6700,235.0900,929
207,235.2200,235.2200,235.2000,235.2000,1077
208,235.2600,235.3600,235.2600,235.3600,580
209,235.5000,235.5000,235.5000,235.5000,100
210,235.4400,235.4975,235.2900,235.4500,3075
211,235.5000,235.5000,235.5000,235.5000,680
212,235.4400,235.6300,235.4400,235.6300,669
213,235.4500,235.5000,235.4500,235.4500,300
214,235.4600,235.5800,235.4200,235.4900,2200
215,235.4500,235.5100,235.3700,235.5100,801
216,235.4000,235.4000,235.0900,235.1600,1600
217,235.3700,235.3700,234.9700,235.0000,1774
218,235.0900,235.0900,235.0900,235.0900,100
219,235.0100,235.0100,235.0100,235.0100,200
220,234.8821,234.8821,234.8821,234.8821,500
222,234.8000,234.8265,234.6400,234.8265,2200
223,234.7000,234.9300,234.7000,234.9300,500
224,234.9500,235.0600,234.6400,234.6400,2036
225,234.7400,234.7400,234.7400,234.7400,200
226,234.8700,235.1600,234.8700,235.0700,1620
227,235.2800,235.3400,235.2800,235.3400,600
228,235.2000,235.2000,234.6000,234.7900,1700
229,234.8600,234.8600,234.8600,234.8600,300
230,234.8200,235.1000,234.8200,235.1000,2300
231,235.1200,235.1200,234.6100,234.7000,7170
232,234.8400,234.9500,234.7700,234.7700,300
234,234.9500,234.9500,234.9500,234.9500,100
235,234.8700,234.8700,234.8700,234.8700,200
236,234.8000,234.8000,234.7600,234.7800,400
238,234.8432,234.8432,234.8432,234.8432,100
240,234.7300,234.7300,234.7300,234.7300,300
242,234.6400,234.6400,234.6400,234.6400,200
243,234.8000,234.8700,234.8000,234.8700,905
244,234.7900,234.8900,234.7900,234.8900,300
245,234.9000,235.0900,234.8600,235.0900,700
247,235.0300,235.0300,235.0300,235.0300,100
248,235.0400,235.1200,235.0400,235.1200,600
249,235.1500,235.1500,234.8000,234.8000,2551
250,234.7700,234.8900,234.7700,234.8900,600
252,234.6400,234.6400,234.6400,234.6400,100
255,234.7600,234.7600,234.7500,234.7600,400
257,234.8100,234.8100,234.8100,234.8100,100
258,234.8400,234.8400,234.8400,234.8400,100
259,234.6800,234.7300,234.6200,234.6200,618
260,234.6700,234.8700,234.6700,234.7060,1800
262,234.8700,234.8700,234.8700,234.8700,100
263,234.9600,234.9600,234.8650,234.8650,500
264,234.9200,234.9400,234.6700,234.6700,800
265,234.6650,234.7000,234.6650,234.7000,200
266,234.6650,234.6650,234.6650,234.6650,100
267,234.6650,234.6700,234.5300,234.6100,2300
268,234.5850,234.5850,234.3500,234.3750,700
269,234.4700,234.5300,234.4050,234.4450,1405
270,234.3500,234.3500,234.0701,234.0701,461
271,234.3900,234.4300,234.2100,234.2100,300
273,234.1800,234.3150,234.1600,234.2558,4812
274,234.3600,234.4000,234.2700,234.3050,2220
276,234.4000,234.4000,234.2700,234.4000,400
277,234.3900,234.3900,234.2950,234.2950,300
278,234.1500,234.3400,234.0550,234.3300,1954
279,233.9900,233.9900,233.9900,233.9900,100
281,234.1300,234.2100,234.0900,234.0900,300
282,234.2600,234.2600,234.2600,234.2600,100
283,234.2300,234.2800,234.2197,234.2197,1327
284,234.3250,234.3250,234.0400,234.0400,600
285,233.9500,234.1400,233.9500,234.1400,200
286,234.1700,234.2200,234.0700,234.2200,400
287,234.1900,234.3700,234.1650,234.3700,600
288,234.4600,234.5500,234.3800,234.3900,1300
289,234.2400,234.2400,234.2400,234.2400,100
290,234.2700,234.3100,234.2700,234.2850,300
291,234.0800,234.0800,234.0710,234.0710,200
292,234.1700,234.1700,234.1400,234.1400,200
294,234.3900,234.4600,234.3850,234.3850,1000
295,234.3939,234.5000,234.3939,234.4700,400
296,234.4150,234.4150,234.4150,234.4150,100
297,234.2800,234.4200,234.2800,234.4000,300
298,234.2600,234.2600,234.2400,234.2400,300
300,234.1200,234.1200,234.1200,234.1200,100
301,233.9100,233.9100,233.9000,233.9000,300
302,233.9900,234.0600,233.9900,234.0400,800
304,233.9800,233.9800,233.6300,233.7700,800
305,233.5700,233.5700,233.5700,233.5700,500
306,233.4200,233.4900,233.3000,233.4900,4924
307,233.3910,233.3910,233.3500,233.3500,450
308,233.3200,233.3500,233.3200,233.3200,740
309,233.3000,233.3600,233.3000,233.3600,200
310,233.4300,233.4800,233.4300,233.4700,300
311,233.5000,233.5000,233.4000,233.4000,200
313,233.3000,233.3000,233.2000,233.2000,200
316,232.7900,233.0200,232.7500,232.7500,2241
317,232.8600,233.0200,232.7500,233.0200,2900
318,233.1200,233.1900,233.1200,233.1900,400
319,233.0300,233.1550,232.9400,232.9400,800
320,233.1999,233.1999,232.6400,232.7872,1800
321,232.6400,232.9099,232.6400,232.9099,600
322,232.6400,232.6400,232.6400,232.6400,300
323,232.5100,232.5100,232.2500,232.2500,1760
324,232.3796,232.6200,232.3796,232.5600,1600
325,232.6400,232.7300,232.5600,232.7300,700
326,232.5000,232.7700,232.5000,232.7700,400
327,232.6800,232.6800,232.4900,232.4900,601
328,232.5000,232.7500,232.4300,232.7500,700
330,232.5600,232.5600,232.5600,232.5600,100
331,232.4900,232.7800,232.4900,232.6700,700
332,232.9700,233.2000,232.9700,233.2000,600
333,233.0700,233.3800,233.0700,233.3800,2791
334,233.2100,233.2159,233.0200,233.1900,1900
335,233.2500,233.2900,233.1300,233.2300,2300
336,233.2400,233.2900,233.1400,233.2700,900
337,233.2900,233.4200,233.1700,233.2900,1500
338,233.2300,233.3000,233.0600,233.0600,1422
339,233.0800,233.3900,233.0800,233.2550,805
340,233.4800,233.6900,233.4800,233.6725,630
342,233.7250,233.8700,233.7250,233.8400,830
343,233.9850,233.9850,233.9850,233.9850,200
344,233.9300,233.9300,233.8300,233.8300,616
345,233.7000,233.9000,233.6700,233.9000,500
346,233.6300,233.6300,233.6300,233.6300,100
347,233.6000,233.6000,233.6000,233.6000,200
348,233.5900,233.6000,233.2400,233.2400,500
349,233.1500,233.4300,233.1500,233.4300,2700
350,233.6200,233.9100,233.6200,233.9100,300
351,233.7200,233.7200,233.7200,233.7200,100
352,233.7100,234.2400,233.7000,234.0800,1837
353,234.2384,234.2384,234.0200,234.0200,250
354,234.0600,234.2200,233.9900,234.2200,1000
355,234.2400,234.3900,234.1900,234.3900,900
356,234.4800,234.5300,234.1800,234.1800,400
357,234.5100,234.5100,234.3400,234.3400,200
358,234.2300,234.3100,234.1800,234.2200,1200
359,234.2900,234.2900,234.2900,234.2900,281
360,234.3900,234.5600,234.3900,234.5300,1400
361,234.4800,234.5700,234.3200,234.3200,1000
362,234.2400,234.2400,234.1100,234.2120,1400
363,234.0900,234.2650,234.0800,234.1956,600
364,234.0900,234.0900,233.8200,233.9000,1655
365,233.8600,233.8600,233.6800,233.6800,365
366,233.7200,234.0000,233.7200,233.8200,1846
367,234.0500,234.1100,233.9900,234.1100,900
368,233.9400,234.0100,233.8900,234.0100,500
369,234.1000,234.3300,234.1000,234.2700,2500
370,234.2700,234.3800,234.2100,234.2900,1552
371,234.1600,234.1600,234.0600,234.0600,1200
372,234.2100,234.3000,234.1000,234.3000,1200
373,234.1900,234.1900,233.9400,233.9400,1200
374,233.9700,233.9700,233.7700,233.7700,800
375,233.7600,234.0600,233.5900,234.0500,4195
376,233.9400,234.2100,233.9400,234.2100,800
377,234.0200,234.2500,234.0100,234.2100,1600
378,234.1400,234.3300,234.1200,234.3000,1000
379,234.0900,234.2500,234.0700,234.0700,400
380,234.1200,234.1600,233.9750,234.0700,900
381,234.0750,234.5200,234.0700,234.4500,2300
382,234.6000,234.6200,234.4459,234.6200,600
383,234.5500,234.6200,234.4400,234.5500,2220
384,234.4500,234.4500,234.2800,234.3200,1800
385,234.4200,234.4400,234.3550,234.4000,1100
386,234.4400,234.6000,234.4400,234.5200,4800
387,234.4700,234.6000,234.3700,234.6000,3882
388,234.6100,234.8100,234.5600,234.6501,7802
389,234.7000,234.8000,234.6300,234.7400,4950
390,234.7600,234.9200,234.6600,234.7800,10222