NSC,Norfolk Southern Corp.,Industrials,6,Railroads,34088305690,1709668
a1499617800,120.6200,120.6200,120.6200,120.6200,9510
1,120.5350,120.5450,120.5250,120.5400,500
2,120.5600,120.7000,120.3500,120.5600,3792
3,120.5500,120.6400,120.4200,120.5500,2300
4,120.6200,120.6300,120.6200,120.6300,500
5,120.6200,120.6200,120.6200,120.6200,100
6,120.7000,120.8840,120.6650,120.8700,2032
7,120.7800,120.9700,120.7800,120.9700,4307
8,121.0000,121.0700,120.8100,120.9788,2065
9,120.9801,120.9801,120.9801,120.9801,229
10,121.0300,121.0300,120.8050,120.8400,37513
11,120.8200,120.8400,120.7100,120.7800,2929
12,120.8600,121.0600,120.8200,121.0000,1900
13,121.0500,121.1070,120.8600,120.8600,3100
14,120.8600,120.9500,120.8600,120.9500,600
15,121.1600,121.1600,120.9000,120.9000,1815
16,120.9600,121.0300,120.9450,121.0200,1207
17,121.0200,121.0300,120.9300,120.9300,2236
19,120.9700,120.9700,120.8150,120.8150,1421
20,120.8300,120.8400,120.6900,120.7000,8656
21,120.7200,120.7500,120.7000,120.7500,900
22,120.7700,120.7900,120.5800,120.5800,2729
23,120.7400,120.7500,120.7300,120.7300,400
24,120.7500,120.7500,120.6900,120.6900,707
25,120.6300,120.6300,120.6100,120.6100,300
26,120.6900,120.7400,120.6900,120.6900,800
27,120.7500,120.7500,120.7500,120.7500,200
28,120.7500,120.7500,120.7500,120.7500,200
29,120.7850,120.8100,120.7200,120.7200,4300
30,120.7500,120.7800,120.6800,120.6800,2295
31,120.6700,120.6700,120.5000,120.5000,2162
32,120.4600,120.5600,120.4200,120.4200,3400
33,120.4300,120.4900,120.4300,120.4400,950
34,120.4962,120.4962,120.4962,120.4962,120
35,120.4700,120.4800,120.4700,120.4800,400
36,120.5400,120.5400,120.3100,120.3700,3546
37,120.3200,120.3200,120.1800,120.2300,9871
38,120.2800,120.3200,120.2400,120.2800,4157
39,120.3400,120.3700,120.2500,120.2500,4000
40,120.2400,120.2500,120.2300,120.2300,1300
41,120.1600,120.2900,120.1600,120.1800,2200
42,120.1900,120.1900,120.1200,120.1200,3080
43,120.1900,120.2800,120.1100,120.2750,2738
44,120.2700,120.3000,120.2400,120.3000,1727
45,120.3000,120.3300,120.2400,120.3100,1500
47,120.2600,120.2600,120.2600,120.2600,300
48,120.2800,120.2800,120.2500,120.2600,1830
49,120.2700,120.2800,120.2500,120.2700,700
50,120.2400,120.2400,120.1000,120.1000,2000
51,120.0700,120.0700,120.0700,120.0700,100
52,120.0900,120.0900,120.0700,120.0900,500
53,120.0900,120.0900,120.0000,120.0000,586
54,119.9730,120.1200,119.9730,120.0900,2750
55,120.1300,120.1300,120.1300,120.1300,300
56,120.0900,120.0900,120.0900,120.0900,100
57,120.1200,120.1200,120.0400,120.0400,1980
58,120.0650,120.1400,120.0650,120.1400,1400
59,120.1600,120.2100,120.0731,120.0731,2981
60,120.0900,120.1200,120.0900,120.1200,300
61,120.1300,120.1600,120.1300,120.1400,1198
62,120.1200,120.2100,120.1000,120.2100,1300
63,120.2300,120.3200,120.2100,120.3200,2400
64,120.3139,120.3139,120.2500,120.2500,2078
65,120.2000,120.2000,120.2000,120.2000,200
66,120.1400,120.1400,120.1400,120.1400,300
67,120.1400,120.1400,120.1000,120.1200,2300
68,120.1100,120.1900,120.1100,120.1800,2800
69,120.1800,120.1800,120.1400,120.1400,500
70,120.1400,120.1400,120.1400,120.1400,100
71,120.1400,120.1500,120.1200,120.1200,1080
72,120.1200,120.1200,120.0600,120.0810,1441
73,120.0500,120.1300,120.0400,120.0676,4285
74,120.1000,120.1100,120.0800,120.0800,1000
75,120.0600,120.0834,120.0400,120.0400,379
76,120.0500,120.1000,120.0400,120.0950,2000
77,120.1050,120.1300,120.0900,120.1300,2100
78,120.1250,120.1400,120.1050,120.1200,3000
79,120.1200,120.1200,120.0700,120.0800,2560
80,120.0600,120.0614,120.0200,120.0300,552
81,120.0310,120.0800,120.0300,120.0800,300
82,120.0400,120.1000,120.0100,120.0700,3671
83,120.0700,120.0900,120.0200,120.0600,2000
84,120.0900,120.1000,120.0100,120.0600,2995
86,120.0600,120.0600,119.9300,119.9300,1704
87,119.9644,120.0000,119.9100,120.0000,2300
88,120.0000,120.0000,119.9700,119.9800,680
89,119.9800,119.9800,119.9400,119.9400,900
90,119.9300,119.9800,119.9300,119.9400,1669
91,119.9600,119.9800,119.9300,119.9600,3000
92,119.9500,119.9500,119.9400,119.9400,600
93,119.9200,120.0100,119.9000,120.0000,3748
94,119.9800,119.9800,119.9400,119.9549,1927
95,119.9500,119.9500,119.8700,119.8833,2329
96,119.8600,119.9000,119.8500,119.8850,1565
97,119.8700,119.8700,119.8400,119.8400,1179
98,119.8300,119.8300,119.7900,119.8050,5743
99,119.8050,119.8200,119.7700,119.8050,2604
100,119.8050,119.8300,119.7800,119.8100,6109
101,119.8200,119.8300,119.7600,119.7600,11365
102,119.7700,119.7700,119.7200,119.7300,3100
103,119.7500,119.7500,119.5800,119.6400,8172
104,119.6500,119.6600,119.5900,119.5900,6000
105,119.6200,119.6600,119.5800,119.5800,4092
106,119.5300,119.5400,119.4400,119.4450,10206
107,119.4600,119.5500,119.4450,119.5100,5805
108,119.5100,119.5100,119.3900,119.4200,2680
109,119.4000,119.4300,119.4000,119.4300,1700
110,119.4600,119.4600,119.3700,119.3700,1133
111,119.4400,119.5200,119.3700,119.3700,4153
112,119.3500,119.4000,119.3200,119.3700,6614
113,119.3700,119.4300,119.3200,119.3200,5000
114,119.3400,119.4200,119.3200,119.4100,5081
115,119.4400,119.4500,119.4350,119.4500,1300
116,119.4500,119.4500,119.3350,119.3800,23549
117,119.4300,119.4700,119.4200,119.4281,4751
118,119.4800,119.5600,119.4800,119.5150,6131
119,119.5000,119.5300,119.4350,119.5100,24300
120,119.5300,119.6000,119.4700,119.5000,26740
121,119.5000,119.5700,119.5000,119.5600,5419
122,119.5800,119.6500,119.4800,119.4800,13047
123,119.5050,119.5300,119.3464,119.3650,11621
124,119.3900,119.4000,119.3000,119.3000,7100
125,119.3300,119.3300,119.2200,119.2600,5700
126,119.3100,119.3599,119.3000,119.3050,2505
127,119.3000,119.3000,119.2600,119.2950,1846
128,119.3000,119.3500,119.3000,119.3300,6600
129,119.3200,119.3300,119.3000,119.3293,5602
130,119.3300,119.3500,119.3100,119.3150,6890
131,119.3000,119.3600,119.3000,119.3600,5006
132,119.3300,119.3800,119.3250,119.3700,4241
133,119.3700,119.4800,119.3700,119.4300,13947
134,119.4300,119.4900,119.4300,119.4900,1000
135,119.5400,119.6400,119.5000,119.6400,1595
136,119.6400,119.7200,119.6001,119.6100,11370
137,119.6100,119.6800,119.6100,119.6800,1221
138,119.6550,119.7300,119.6550,119.7300,600
139,119.7900,119.7900,119.7200,119.7400,830
140,119.7300,119.7300,119.7100,119.7200,500
141,119.7400,119.7600,119.7250,119.7400,1100
142,119.7653,119.7653,119.5800,119.5800,3000
143,119.5300,119.5800,119.4700,119.5010,8028
144,119.5250,119.5250,119.5000,119.5250,880
145,119.5000,119.5200,119.5000,119.5200,300
146,119.4930,119.4930,119.3400,119.3700,14850
147,119.4000,119.4000,119.3400,119.3433,7724
148,119.3900,119.3900,119.3550,119.3800,1813
149,119.3750,119.3750,119.3600,119.3600,500
150,119.3400,119.3691,119.2900,119.2900,3877
151,119.2900,119.3100,119.2000,119.2010,9144
152,119.2000,119.2000,119.0010,119.1200,5919
153,119.1300,119.1500,118.9800,119.0200,14635
154,118.9800,119.0600,118.9800,118.9900,4530
155,119.0000,119.0250,118.9400,118.9752,14850
156,118.9750,119.1100,118.9400,119.1100,7533
157,119.1100,119.1700,119.0900,119.1400,2900
158,119.1700,119.1700,119.1000,119.1000,8145
159,119.1000,119.1300,119.0900,119.1028,3767
160,119.1000,119.1200,119.0800,119.1000,3446
161,119.1200,119.1300,119.0900,119.1000,5800
162,119.0900,119.1200,119.0700,119.0900,3353
163,119.1200,119.2800,119.1100,119.2800,3832
164,119.2600,119.2800,119.1900,119.1900,2800
165,119.2200,119.2200,119.1800,119.1800,550
166,119.1600,119.1600,119.1400,119.1400,723
167,119.1700,119.1800,119.0900,119.1000,6206
168,119.1100,119.1300,119.0750,119.1100,2597
169,119.1200,119.1400,119.1150,119.1150,500
170,119.1000,119.1300,119.0800,119.1000,2067
171,119.1300,119.1500,119.1300,119.1500,840
172,119.1550,119.1800,119.1500,119.1700,1980
173,119.1850,119.2500,119.1850,119.2500,2717
174,119.2400,119.2500,119.1700,119.1700,2500
175,119.1700,119.2300,119.1000,119.1000,11530
176,119.1300,119.1300,119.1300,119.1300,100
177,119.0800,119.0800,119.0800,119.0800,200
178,119.1148,119.1148,119.0700,119.0800,1328
179,119.0500,119.0500,119.0300,119.0300,400
180,119.0700,119.1200,119.0650,119.1200,900
181,119.1300,119.1500,119.0400,119.0752,3700
182,119.0900,119.0900,119.0500,119.0500,400
183,119.0510,119.0815,119.0200,119.0450,2000
184,119.0400,119.0400,119.0300,119.0300,500
185,119.0300,119.0300,118.9000,118.9100,6048
186,118.9350,118.9600,118.8500,118.9400,2517
187,118.9400,118.9700,118.9300,118.9700,900
188,118.9200,118.9900,118.9000,118.9000,1302
189,118.9400,118.9400,118.9400,118.9400,100
190,118.9800,119.0200,118.9400,119.0000,2916
191,119.0100,119.0100,118.9600,118.9750,3400
192,118.9900,119.0500,118.9900,119.0500,500
193,119.0400,119.0700,118.9300,118.9700,2700
194,118.9200,118.9300,118.8800,118.8800,1300
195,118.8400,118.9300,118.7800,118.9000,1865
196,118.8800,118.9200,118.8400,118.8500,2036
197,118.8500,118.8500,118.8500,118.8500,100
198,118.9000,118.9100,118.8300,118.8300,3700
199,118.8702,118.9000,118.8702,118.8850,650
200,118.8800,118.8800,118.8000,118.8100,2220
201,118.7900,118.7900,118.7400,118.7900,1000
202,118.7950,118.8100,118.7700,118.8000,4103
203,118.8000,118.8200,118.7800,118.7900,9416
204,118.8000,118.8200,118.8000,118.8200,700
205,118.7800,118.8000,118.7600,118.8000,1201
206,118.8100,118.8400,118.8100,118.8100,1703
207,118.8525,118.8600,118.8300,118.8600,2600
208,118.8500,118.8500,118.8000,118.8200,2400
209,118.8200,118.8300,118.7600,118.7600,1980
210,118.7600,118.7900,118.7500,118.7500,700
211,118.7500,118.7700,118.7400,118.7500,1000
212,118.7700,118.7900,118.7300,118.7400,4650
213,118.7300,118.7500,118.7000,118.7200,3750
214,118.7200,118.7447,118.7200,118.7447,758
215,118.7510,118.7600,118.7300,118.7500,1473
216,118.7500,118.7500,118.7200,118.7300,1251
217,118.7400,118.7700,118.7250,118.7700,2400
218,118.7800,118.8700,118.7800,118.8100,3620
219,118.8100,118.8100,118.7900,118.7900,700
220,118.8300,118.8400,118.8100,118.8100,3300
221,118.7900,118.7900,118.7600,118.7600,316
222,118.7850,118.8000,118.7600,118.7600,2278
223,118.7600,118.8000,118.7600,118.7900,1855
224,118.7500,118.7700,118.7200,118.7600,2500
225,118.7100,118.7500,118.6610,118.7500,6547
226,118.7400,118.7500,118.6800,118.6800,5330
227,118.6800,118.7200,118.6800,118.7200,2203
228,118.7000,118.7000,118.5800,118.6100,3800
229,118.6200,118.6600,118.5900,118.5910,401
230,118.6400,118.6500,118.6150,118.6500,3080
231,118.6100,118.6700,118.6100,118.6700,2000
232,118.6100,118.6700,118.5700,118.6400,10447
233,118.6500,118.6500,118.6500,118.6500,100
234,118.6500,118.6700,118.6400,118.6450,843
235,118.6400,118.7100,118.6400,118.7100,2489
236,118.6700,118.7100,118.6400,118.6700,3052
237,118.6900,118.7000,118.6500,118.6800,3750
238,118.6700,118.6900,118.6400,118.6650,1806
239,118.6400,118.7200,118.6400,118.7200,1300
240,118.7200,118.7300,118.6400,118.6400,1400
241,118.6500,118.6700,118.6200,118.6600,1823
242,118.6200,118.6400,118.6000,118.6200,4234
243,118.6290,118.6400,118.5800,118.5800,8295
244,118.5700,118.6084,118.5300,118.5300,6182
245,118.5600,118.6200,118.5500,118.6100,5900
246,118.5900,118.6050,118.5500,118.5500,4186
247,118.5500,118.5800,118.5300,118.5650,6618
248,118.5500,118.5800,118.5300,118.5500,2640
249,118.5500,118.5700,118.4500,118.4500,8191
250,118.4500,118.4800,118.4100,118.4600,4700
251,118.4500,118.4800,118.4200,118.4700,3000
252,118.4600,118.4600,118.4000,118.4200,3100
253,118.4100,118.4800,118.4100,118.4400,4987
254,118.4600,118.5200,118.4600,118.5200,800
255,118.5000,118.5500,118.5000,118.5500,2263
256,118.5400,118.5700,118.5100,118.5400,2503
257,118.5500,118.5500,118.5200,118.5200,2570
258,118.5200,118.5300,118.5200,118.5300,2122
259,118.5200,118.5500,118.5000,118.5300,5379
260,118.5300,118.5300,118.4500,118.4500,4610
261,118.4300,118.4400,118.3900,118.4100,5590
262,118.3968,118.4400,118.3450,118.3500,11397
263,118.3500,118.3800,118.3200,118.3500,4077
264,118.3550,118.3550,118.2400,118.2500,5669
265,118.2600,118.2800,118.2200,118.2490,2093
266,118.2500,118.2600,118.1300,118.2400,23463
267,118.2500,118.2500,118.1800,118.2500,1913
268,118.2500,118.2600,118.0500,118.0900,6681
269,118.1100,118.1500,118.0400,118.0400,15189
270,118.0300,118.0800,117.9610,118.0200,40622
271,118.0400,118.0800,118.0300,118.0300,3612
272,118.0200,118.0500,117.9800,117.9900,8317
273,117.9900,118.0600,117.9800,118.0600,8189
274,118.0600,118.1200,118.0300,118.1200,4357
275,118.1200,118.2000,118.1200,118.2000,880
276,118.2000,118.2400,118.1800,118.2200,1400
277,118.2500,118.2600,118.2500,118.2600,1056
278,118.2500,118.2500,118.1000,118.1300,13199
279,118.1050,118.1300,118.0000,118.0000,26064
280,118.0250,118.0250,117.9900,117.9900,4054
281,118.0000,118.0400,117.9900,118.0400,6300
282,118.0500,118.0500,118.0000,118.0500,2312
283,118.0400,118.0600,118.0200,118.0200,2871
284,118.0200,118.0200,117.9800,118.0000,6700
285,118.0200,118.0800,118.0075,118.0800,2199
286,118.0800,118.0900,118.0400,118.0400,2800
287,118.0550,118.1000,118.0550,118.0900,2000
288,118.0900,118.0900,118.0300,118.0300,3100
289,118.0800,118.1000,118.0439,118.0500,10400
290,118.0900,118.1000,118.0400,118.0400,3500
291,118.0647,118.0800,118.0300,118.0400,6869
292,118.0400,118.0600,118.0200,118.0500,3400
293,118.0600,118.0600,117.9850,118.0000,6987
294,117.9950,118.0200,117.9900,118.0000,3757
295,118.0200,118.0600,118.0000,118.0500,6536
296,118.0100,118.0500,118.0100,118.0300,2300
297,118.0300,118.0600,118.0300,118.0600,1048
298,118.0800,118.1150,118.0800,118.1000,3518
299,118.0900,118.1500,118.0800,118.1200,3961
300,118.1250,118.1500,118.1100,118.1450,2024
301,118.1300,118.1600,118.1300,118.1550,2737
302,118.1700,118.2200,118.1650,118.2050,3700
303,118.2200,118.2200,118.1800,118.1800,2200
304,118.1900,118.2000,118.1200,118.1200,2300
305,118.1200,118.1200,118.0600,118.0800,3347
306,118.0600,118.0600,118.0600,118.0600,200
307,118.0700,118.0700,117.9600,117.9600,4135
308,117.9600,117.9600,117.9200,117.9500,1409
309,117.9200,117.9200,117.8300,117.8400,3500
310,117.8300,117.8800,117.8000,117.8401,1400
311,117.8400,117.8600,117.7700,117.7800,6334
312,117.8200,117.8200,117.7600,117.7600,2300
313,117.7800,117.7800,117.6500,117.7150,14291
314,117.7100,117.7150,117.6700,117.6800,1185
315,117.6800,117.6800,117.6200,117.6400,1910
316,117.6300,117.6300,117.5400,117.5400,2100
317,117.5400,117.6900,117.4600,117.6900,9590
318,117.7000,117.7100,117.6600,117.6600,2500
319,117.6750,117.6771,117.6200,117.6200,2815
320,117.6500,117.6800,117.5400,117.5400,1900
321,117.4700,117.5950,117.4700,117.5150,9562
322,117.4950,117.5500,117.4500,117.5300,4600
323,117.5300,117.5500,117.4600,117.4700,6831
324,117.4500,117.5200,117.4000,117.5200,4590
325,117.5200,117.6261,117.5100,117.6261,3979
326,117.6400,117.7100,117.6300,117.7100,5214
327,117.7200,117.7600,117.6500,117.6900,4443
328,117.7200,117.7800,117.7100,117.7700,4214
329,117.7700,117.7700,117.7100,117.7200,5079
330,117.7200,117.7800,117.7200,117.7300,6816
331,117.7300,117.8700,117.7300,117.8700,7006
332,117.8800,118.0500,117.8650,118.0100,7409
333,118.0000,118.1200,117.9900,118.1000,4126
334,118.1000,118.1500,118.0500,118.0500,5122
335,118.0500,118.1000,118.0300,118.1000,10118
336,118.1200,118.2000,118.0400,118.2000,15754
337,118.1800,118.2500,118.1200,118.1800,9402
338,118.1800,118.2700,118.1400,118.2600,5368
339,118.2500,118.3700,118.2500,118.3700,2725
340,118.3700,118.4600,118.3300,118.4600,2195
341,118.4600,118.5300,118.4600,118.5000,3400
342,118.5050,118.6750,118.5050,118.6600,4080
343,118.6600,118.6800,118.6200,118.6200,5251
344,118.6400,118.6400,118.5400,118.5403,5103
345,118.5600,118.5899,118.5300,118.5400,3008
346,118.5500,118.6100,118.5300,118.5700,1778
347,118.5700,118.6400,118.5500,118.6100,4544
348,118.6250,118.6250,118.5100,118.5400,8145
349,118.5300,118.6200,118.5200,118.6200,6135
350,118.6400,118.7200,118.6400,118.7050,4305
351,118.7200,118.7400,118.6900,118.6900,7083
352,118.7100,118.7600,118.7000,118.7100,7945
353,118.7172,118.7250,118.6600,118.6600,5710
354,118.6600,118.7349,118.6600,118.7150,6950
355,118.7300,118.8300,118.7150,118.8300,5500
356,118.8400,118.8500,118.7800,118.7850,3745
357,118.7900,118.7900,118.7500,118.7500,2000
358,118.7650,118.7900,118.7300,118.7300,4405
359,118.7500,118.7500,118.7100,118.7450,3000
360,118.7450,118.8500,118.7450,118.8500,7650
361,118.8400,118.8400,118.6700,118.6800,81780
362,118.6900,118.6950,118.5900,118.5900,8354
363,118.5800,118.6000,118.5400,118.5599,7508
364,118.5500,118.5700,118.5000,118.5150,12028
365,118.5300,118.6200,118.5300,118.6200,8176
366,118.6000,118.6600,118.6000,118.6400,8463
367,118.6400,118.6600,118.6200,118.6200,7387
368,118.6300,118.6300,118.6000,118.6300,12287
369,118.6400,118.6900,118.6350,118.6850,16332
370,118.6825,118.7000,118.6250,118.6400,15534
371,118.6300,118.6300,118.5700,118.5950,6913
372,118.6100,118.6299,118.5250,118.5600,17451
373,118.5500,118.5800,118.5300,118.5600,4546
374,118.5700,118.6200,118.5100,118.5400,11247
375,118.5400,118.6500,118.5100,118.6200,15899
376,118.6200,118.6950,118.6200,118.6700,10236
377,118.6900,118.7100,118.6600,118.6650,6404
378,118.6700,118.6900,118.6600,118.6750,7716
379,118.6700,118.6800,118.6300,118.6800,6490
380,118.6750,118.6750,118.6200,118.6300,20455
381,118.6500,118.8100,118.6300,118.7700,26950
382,118.7700,118.7700,118.6700,118.7000,36297
383,118.7000,118.7800,118.7000,118.7100,19116
384,118.7200,118.7200,118.6100,118.7000,17202
385,118.7100,118.8200,118.7000,118.8200,13003
386,118.8100,118.8600,118.7450,118.7600,17462
387,118.7600,118.8300,118.7300,118.8000,20194
388,118.7900,118.8600,118.7800,118.8400,18158
389,118.8500,118.8700,118.8000,118.8600,26849
390,118.8600,118.9900,118.8500,118.8600,67292