TGT,Target Corp.,Consumer Discretionary,1,General Merchandise Stores,32696617780,7573394
a1499617800,54.9600,54.9600,54.9300,54.9300,63476
1,54.9100,54.9100,54.8600,54.9100,3465
2,54.8900,54.8900,54.8500,54.8588,6840
3,54.8800,54.9000,54.8600,54.8700,4633
4,54.8900,54.8900,54.7300,54.7300,6337
5,54.7600,54.9100,54.7500,54.9000,12406
6,54.9200,54.9200,54.8200,54.8200,5202
7,54.8400,54.8400,54.7700,54.8200,8002
8,54.8050,54.8900,54.8050,54.8900,6003
9,54.9000,54.9800,54.9000,54.9800,13303
10,54.9650,54.9650,54.9000,54.9000,11077
11,54.9000,54.9100,54.8600,54.9100,6882
12,54.9100,55.0500,54.9100,55.0500,33709
13,55.0500,55.0800,55.0400,55.0600,18393
14,55.0686,55.1232,55.0686,55.1232,6623
15,55.1200,55.1400,55.0900,55.1200,10507
16,55.1000,55.1400,55.0900,55.1270,9074
17,55.1250,55.1450,55.0800,55.0900,22758
18,55.0900,55.0900,55.0400,55.0500,14027
19,55.0500,55.1000,55.0500,55.0600,12420
20,55.0550,55.1100,55.0550,55.1000,9630
21,55.0900,55.1000,55.0500,55.0600,10199
22,55.0600,55.0900,55.0400,55.0700,12105
23,55.0700,55.0700,55.0600,55.0600,4508
24,55.0600,55.0800,55.0500,55.0700,11196
25,55.0650,55.1300,55.0650,55.1200,18019
26,55.1200,55.1900,55.1200,55.1500,17423
27,55.1550,55.1650,55.0900,55.1100,9136
28,55.1000,55.1100,55.0500,55.0600,7200
29,55.0650,55.0899,55.0500,55.0800,12938
30,55.0700,55.1000,55.0700,55.1000,6609
31,55.1100,55.1500,55.0400,55.0500,32914
32,55.0550,55.1000,55.0500,55.1000,8582
33,55.1000,55.1100,55.0900,55.1100,6179
34,55.1200,55.1262,55.0900,55.0900,5979
35,55.0900,55.1150,55.0800,55.1100,12298
36,55.1200,55.1400,55.1100,55.1250,18814
37,55.1250,55.1350,55.0800,55.1000,14261
38,55.1000,55.1250,55.1000,55.1100,7886
39,55.1000,55.1000,55.0400,55.0400,11800
40,55.0400,55.0800,55.0400,55.0800,7016
41,55.0800,55.1000,55.0600,55.0600,9617
42,55.0641,55.0800,55.0600,55.0600,5228
43,55.0700,55.0700,55.0000,55.0200,11555
44,55.0200,55.0250,55.0100,55.0150,4979
45,55.0100,55.0150,55.0100,55.0150,2620
46,55.0200,55.0400,55.0200,55.0250,7850
47,55.0300,55.0350,55.0100,55.0200,9900
48,55.0400,55.0600,55.0400,55.0600,3200
49,55.0650,55.1100,55.0650,55.1050,5640
50,55.1050,55.1100,55.0800,55.0800,8006
51,55.0800,55.0900,55.0600,55.0900,8578
52,55.0900,55.1300,55.0900,55.1300,5065
53,55.1300,55.1550,55.1300,55.1500,7300
54,55.1550,55.1550,55.1400,55.1500,7550
55,55.1600,55.2000,55.1500,55.2000,7100
56,55.2000,55.2200,55.1900,55.2200,9033
57,55.2200,55.2400,55.2145,55.2300,9660
58,55.2300,55.2400,55.2300,55.2400,2954
59,55.2500,55.2800,55.2500,55.2500,10611
60,55.2550,55.2600,55.2400,55.2500,3750
61,55.2500,55.2701,55.2500,55.2701,5867
62,55.2800,55.3250,55.2700,55.3100,20494
63,55.3000,55.3700,55.3000,55.3467,8345
64,55.3400,55.3450,55.2800,55.2800,13051
65,55.2766,55.3050,55.2500,55.2500,7793
66,55.2600,55.2650,55.2200,55.2300,4943
67,55.2200,55.2500,55.2000,55.2400,10927
68,55.2400,55.2800,55.2400,55.2800,5000
69,55.2850,55.2900,55.2700,55.2700,5180
70,55.2690,55.3100,55.2600,55.3050,7378
71,55.3000,55.3050,55.2800,55.2900,5250
72,55.3000,55.3100,55.3000,55.3100,1000
73,55.3098,55.3098,55.2700,55.2901,8228
74,55.2990,55.3300,55.2990,55.3200,6547
75,55.3246,55.3300,55.3200,55.3246,1167
76,55.3300,55.3500,55.3232,55.3500,8154
77,55.3450,55.3500,55.3300,55.3350,7904
78,55.3350,55.3350,55.3200,55.3300,930
79,55.3300,55.4150,55.3200,55.3900,32552
80,55.4000,55.4300,55.3900,55.4085,18600
81,55.4050,55.4100,55.3900,55.4100,4105
82,55.4100,55.4100,55.3900,55.3900,5512
83,55.4000,55.4450,55.4000,55.4300,7463
84,55.4300,55.4500,55.4200,55.4500,6928
85,55.4440,55.4850,55.4400,55.4800,27731
86,55.4700,55.4800,55.4500,55.4600,12155
87,55.4538,55.5200,55.4500,55.5100,56417
88,55.5000,55.5300,55.5000,55.5200,22863
89,55.5200,55.5200,55.4800,55.5200,23846
90,55.5200,55.5500,55.4969,55.4969,50125
91,55.4950,55.5000,55.4700,55.4700,5968
92,55.4700,55.4800,55.4100,55.4800,13079
93,55.4800,55.4800,55.4300,55.4300,9158
94,55.4300,55.4400,55.4300,55.4400,2900
95,55.4400,55.4600,55.4400,55.4600,3965
96,55.4600,55.4600,55.4500,55.4600,2550
97,55.4600,55.4800,55.4600,55.4601,8769
98,55.4650,55.5000,55.4600,55.4700,13315
99,55.4600,55.4750,55.4300,55.4700,13577
100,55.4725,55.5000,55.4700,55.5000,13341
101,55.4950,55.5100,55.4600,55.4600,12042
102,55.4500,55.5100,55.4500,55.5100,9819
103,55.5000,55.5200,55.4900,55.5000,17046
104,55.5000,55.5400,55.4975,55.5400,20339
105,55.5400,55.5450,55.5200,55.5200,6009
106,55.5300,55.5600,55.5250,55.5500,7479
107,55.5600,55.5600,55.5100,55.5200,9084
108,55.5200,55.5342,55.5200,55.5342,5112
109,55.5300,55.5300,55.4800,55.4900,18748
110,55.5100,55.5100,55.4900,55.5000,9556
111,55.5100,55.5600,55.5050,55.5300,18010
112,55.5400,55.5400,55.4900,55.5000,5207
113,55.4947,55.5600,55.4947,55.5350,12950
114,55.5400,55.5700,55.5400,55.5700,13950
115,55.5700,55.5700,55.5400,55.5500,5171
116,55.5400,55.5400,55.4900,55.4900,17408
117,55.5000,55.5200,55.4950,55.5100,15509
118,55.5200,55.5300,55.5000,55.5000,4600
119,55.5050,55.5300,55.5000,55.5244,12635
120,55.5200,55.5500,55.5100,55.5500,13987
121,55.5500,55.5800,55.5400,55.5600,13876
122,55.5600,55.5850,55.5600,55.5800,68126
123,55.5800,55.6000,55.5700,55.5800,15361
124,55.5800,55.6300,55.5800,55.6200,13001
125,55.6100,55.6200,55.6010,55.6200,4169
126,55.6100,55.6100,55.5650,55.5650,7927
127,55.5600,55.5610,55.5538,55.5610,3691
128,55.5600,55.5698,55.5300,55.5600,16237
129,55.5600,55.5600,55.5400,55.5600,5932
130,55.5570,55.5600,55.5450,55.5600,10756
131,55.5700,55.6000,55.5650,55.6000,5813
132,55.5900,55.6000,55.5900,55.6000,4706
133,55.6000,55.6000,55.5500,55.5500,8106
134,55.5500,55.5600,55.5500,55.5550,2464
135,55.5500,55.5500,55.5200,55.5300,7468
136,55.5340,55.5400,55.5100,55.5100,13960
137,55.5100,55.5100,55.4800,55.4810,17533
138,55.4750,55.5000,55.4700,55.4975,6169
139,55.5100,55.5150,55.5000,55.5000,3346
140,55.5100,55.5250,55.5050,55.5100,8773
141,55.5100,55.5300,55.5100,55.5230,7348
142,55.5250,55.5250,55.4710,55.4800,18061
143,55.4850,55.4850,55.4800,55.4850,700
144,55.4800,55.4850,55.4600,55.4600,4693
145,55.4600,55.4700,55.4600,55.4700,7672
146,55.4750,55.4900,55.4750,55.4750,5583
147,55.4700,55.5000,55.4700,55.4800,16155
148,55.4800,55.4900,55.4700,55.4700,8944
149,55.4750,55.4900,55.4600,55.4600,13847
150,55.4675,55.4900,55.4675,55.4800,5842
151,55.4900,55.4971,55.4800,55.4900,5986
152,55.4850,55.5000,55.4730,55.5000,11203
153,55.5050,55.5150,55.5000,55.5126,7900
154,55.5100,55.5250,55.5100,55.5200,6965
155,55.5200,55.5250,55.5100,55.5243,4580
156,55.5249,55.5300,55.5100,55.5100,3279
157,55.5140,55.5200,55.5000,55.5100,10364
158,55.5200,55.5500,55.5200,55.5450,9207
159,55.5450,55.5550,55.5350,55.5500,14271
160,55.5500,55.5500,55.5300,55.5300,5484
161,55.5200,55.5356,55.5200,55.5347,2679
162,55.5400,55.5750,55.5400,55.5650,11839
163,55.5700,55.5800,55.5600,55.5800,6657
164,55.5800,55.6300,55.5700,55.6300,10706
165,55.6300,55.6358,55.6250,55.6300,4104
166,55.6300,55.6400,55.6100,55.6100,9502
167,55.6200,55.6600,55.6050,55.6500,17627
168,55.6500,55.7000,55.6500,55.7000,27440
169,55.6900,55.7000,55.6600,55.6700,22258
170,55.6700,55.6800,55.6550,55.6700,20128
171,55.6700,55.6800,55.6500,55.6700,8305
172,55.6700,55.6900,55.6700,55.6900,7847
173,55.6900,55.7000,55.6850,55.6914,5250
174,55.6937,55.7100,55.6900,55.7000,6371
175,55.7053,55.7100,55.6900,55.6900,5028
176,55.7000,55.7500,55.6900,55.7350,16217
177,55.7400,55.7600,55.7400,55.7400,9184
178,55.7358,55.7358,55.7100,55.7100,3645
179,55.7200,55.7400,55.7200,55.7329,5677
180,55.7400,55.7800,55.7400,55.7800,4635
181,55.7750,55.8500,55.7750,55.8500,40310
182,55.8500,55.9000,55.8500,55.8801,24885
183,55.8800,55.9600,55.8800,55.9300,29379
184,55.9400,55.9600,55.9350,55.9500,11157
185,55.9400,55.9750,55.9300,55.9400,25541
186,55.9400,55.9600,55.9100,55.9400,32190
187,55.9400,55.9800,55.9339,55.9700,13213
188,55.9750,55.9900,55.9700,55.9800,9254
189,55.9700,56.0600,55.9700,56.0230,46767
190,56.0200,56.0271,56.0100,56.0200,7194
191,56.0300,56.0800,56.0300,56.0650,18884
192,56.0700,56.0900,56.0650,56.0853,9373
193,56.0893,56.1300,56.0850,56.1300,8993
194,56.1350,56.1700,56.1000,56.1700,18909
195,56.1800,56.2000,56.1700,56.1900,18811
196,56.1850,56.3200,56.1850,56.2950,70923
197,56.2900,56.3057,56.2500,56.3057,18160
198,56.3100,56.3350,56.3100,56.3300,17353
199,56.3338,56.3454,56.3300,56.3400,10940
200,56.3450,56.3450,56.2700,56.2832,19618
201,56.2800,56.2800,56.2300,56.2300,26146
202,56.2350,56.2500,56.2150,56.2250,9392
203,56.2200,56.2200,56.1500,56.1700,19030
204,56.1600,56.1650,56.1400,56.1600,17497
205,56.1657,56.1700,56.1100,56.1150,9810
206,56.1200,56.1210,56.1100,56.1200,2734
207,56.1201,56.1300,56.0900,56.1200,15776
208,56.1200,56.1400,56.1100,56.1400,7466
209,56.1340,56.1379,56.1000,56.1200,15091
210,56.1140,56.1500,56.1140,56.1500,2607
211,56.1400,56.2100,56.1150,56.2000,14107
212,56.2100,56.2301,56.2000,56.2301,14620
213,56.2300,56.2400,56.2000,56.2140,8904
214,56.2150,56.2184,56.1500,56.1500,18936
215,56.1600,56.1800,56.1300,56.1500,14373
216,56.1450,56.1800,56.1300,56.1763,10282
217,56.1800,56.2300,56.1800,56.2100,14331
218,56.2175,56.2300,56.2000,56.2050,14305
219,56.2100,56.2100,56.1900,56.2100,7985
220,56.2000,56.2200,56.1900,56.2100,8584
221,56.2000,56.2200,56.1800,56.2200,7079
222,56.2200,56.2650,56.2200,56.2650,13925
223,56.2600,56.2700,56.2200,56.2300,7780
224,56.2300,56.2450,56.2100,56.2216,8856
225,56.2400,56.2600,56.2200,56.2500,16587
226,56.2600,56.2850,56.2600,56.2800,5612
227,56.2850,56.3100,56.2850,56.3000,18070
228,56.3000,56.3000,56.2550,56.2600,17914
229,56.2700,56.2800,56.2600,56.2700,13019
230,56.2715,56.2900,56.2700,56.2730,6622
231,56.2700,56.2700,56.2450,56.2600,7972
232,56.2500,56.2700,56.2300,56.2700,4286
233,56.2600,56.2600,56.2300,56.2300,6643
234,56.2200,56.2200,56.1600,56.1810,13147
235,56.1900,56.1900,56.1500,56.1700,16603
236,56.1731,56.1746,56.1550,56.1550,6690
237,56.1500,56.1700,56.1400,56.1600,17003
238,56.1500,56.1550,56.1400,56.1450,8731
239,56.1450,56.1600,56.1400,56.1537,6504
240,56.1500,56.1500,56.1300,56.1301,8130
241,56.1301,56.1399,56.1100,56.1100,3941
242,56.1100,56.1200,56.0900,56.1200,19667
243,56.1200,56.1200,56.1050,56.1100,9313
244,56.1100,56.1200,56.0900,56.0900,13039
245,56.0950,56.1200,56.0900,56.1200,22782
246,56.1100,56.1400,56.1100,56.1200,21971
247,56.1200,56.1900,56.1150,56.1750,32328
248,56.1750,56.2100,56.1700,56.2100,20157
249,56.2100,56.2150,56.1900,56.2150,31295
250,56.2200,56.2450,56.2100,56.2400,13276
251,56.2346,56.2450,56.2300,56.2300,4464
252,56.2300,56.2300,56.1900,56.2000,9098
253,56.2000,56.2200,56.1800,56.2200,8457
254,56.2200,56.2200,56.2100,56.2101,3072
255,56.2100,56.2150,56.2000,56.2100,9449
256,56.2200,56.2300,56.2100,56.2253,4850
257,56.2200,56.2243,56.2100,56.2100,6627
258,56.2200,56.2269,56.2100,56.2250,5052
259,56.2300,56.2300,56.2000,56.2200,10540
260,56.2300,56.2700,56.2250,56.2700,7582
261,56.2600,56.2800,56.2400,56.2534,19516
262,56.2600,56.2950,56.2600,56.2900,12401
263,56.2900,56.3100,56.2900,56.3000,14587
264,56.2942,56.3000,56.2600,56.2600,9480
265,56.2600,56.2700,56.2600,56.2700,4436
266,56.2700,56.3000,56.2700,56.3000,7369
267,56.2950,56.3350,56.2950,56.3300,31296
268,56.3300,56.3300,56.3200,56.3200,4488
269,56.3200,56.3350,56.3150,56.3200,17233
270,56.3200,56.3400,56.2800,56.2850,17174
271,56.2900,56.3100,56.2750,56.2800,15643
272,56.2800,56.2850,56.2700,56.2700,8127
273,56.2600,56.2650,56.2300,56.2370,8737
274,56.2400,56.2500,56.2300,56.2350,13272
275,56.2400,56.2650,56.2400,56.2600,9276
276,56.2550,56.2650,56.2350,56.2500,10951
277,56.2500,56.2500,56.2100,56.2100,13225
278,56.2150,56.2150,56.1950,56.2100,9224
279,56.2000,56.2050,56.1900,56.1900,3691
280,56.1890,56.2000,56.1800,56.1950,10077
281,56.1900,56.2642,56.1900,56.2400,23131
282,56.2400,56.2650,56.2400,56.2400,15476
283,56.2450,56.2600,56.2400,56.2500,8125
284,56.2500,56.2530,56.2400,56.2400,9263
285,56.2300,56.2400,56.2100,56.2200,8705
286,56.2200,56.2200,56.1900,56.2200,13412
287,56.2300,56.2750,56.2100,56.2650,19414
288,56.2650,56.2900,56.2650,56.2800,13780
289,56.2800,56.2900,56.2700,56.2700,9312
290,56.2800,56.2800,56.2700,56.2700,4146
291,56.2700,56.2700,56.2250,56.2250,8925
292,56.2250,56.2500,56.2200,56.2400,15084
293,56.2500,56.2600,56.2300,56.2500,12107
294,56.2500,56.2661,56.2500,56.2600,7814
295,56.2600,56.2800,56.2450,56.2450,15759
296,56.2400,56.2500,56.2139,56.2400,7944
297,56.2400,56.2700,56.2400,56.2600,6439
298,56.2700,56.2900,56.2600,56.2800,54650
299,56.2800,56.3100,56.2700,56.3000,38498
300,56.3100,56.3400,56.3050,56.3300,25570
301,56.3300,56.3450,56.3150,56.3160,13301
302,56.3200,56.3300,56.3000,56.3300,6072
303,56.3360,56.4000,56.3316,56.3850,26313
304,56.3900,56.3900,56.3500,56.3500,10874
305,56.3500,56.3700,56.3400,56.3600,13910
306,56.3600,56.3900,56.3600,56.3800,15715
307,56.3800,56.4200,56.3800,56.3900,28083
308,56.3900,56.4000,56.3650,56.3650,12716
309,56.3600,56.3700,56.3400,56.3400,10364
310,56.3350,56.3400,56.2950,56.3000,12874
311,56.3000,56.3400,56.2900,56.3325,13177
312,56.3400,56.3650,56.3300,56.3650,11526
313,56.3640,56.3800,56.3400,56.3700,16371
314,56.3700,56.3800,56.3350,56.3500,6036
315,56.3500,56.3600,56.3300,56.3500,10763
316,56.3500,56.3800,56.3250,56.3800,12817
317,56.3800,56.4600,56.3700,56.4600,63077
318,56.4501,56.5000,56.4400,56.4800,18680
319,56.4850,56.5450,56.4700,56.5100,89736
320,56.5200,56.5600,56.5100,56.5200,36816
321,56.5300,56.6000,56.5250,56.5300,36581
322,56.5300,56.5350,56.4000,56.4010,19199
323,56.4100,56.4340,56.3700,56.3900,22643
324,56.3850,56.4480,56.3650,56.4400,8696
325,56.4300,56.4500,56.4300,56.4444,4936
326,56.4500,56.4950,56.4500,56.4850,19225
327,56.4900,56.4900,56.4100,56.4600,21796
328,56.4700,56.4850,56.4512,56.4700,11371
329,56.4700,56.4800,56.4450,56.4700,13776
330,56.4600,56.5700,56.4400,56.5650,37759
331,56.5600,56.5850,56.5500,56.5600,33646
332,56.5700,56.5905,56.5700,56.5800,16147
333,56.5800,56.6452,56.5600,56.6300,27181
334,56.6350,56.6350,56.6000,56.6050,19382
335,56.6100,56.6100,56.5650,56.5750,19122
336,56.5800,56.6056,56.5650,56.6050,43849
337,56.6000,56.6000,56.5500,56.5794,24311
338,56.5750,56.5750,56.5100,56.5100,27657
339,56.5200,56.5300,56.4950,56.5200,17412
340,56.5250,56.5250,56.4800,56.5050,24563
341,56.5050,56.5600,56.5000,56.5400,19384
342,56.5400,56.5600,56.5300,56.5300,11215
343,56.5300,56.5750,56.5300,56.5550,22501
344,56.5547,56.5900,56.5500,56.5800,12325
345,56.5899,56.5900,56.5700,56.5734,7224
346,56.5750,56.6200,56.5750,56.6050,34295
347,56.6000,56.6590,56.6000,56.6400,31556
348,56.6400,56.6700,56.6400,56.6500,23742
349,56.6500,56.6856,56.6400,56.6800,29605
350,56.6900,56.7367,56.6900,56.7367,26451
351,56.7300,56.7310,56.7050,56.7200,19283
352,56.7250,56.7500,56.7100,56.7250,36357
353,56.7350,56.7500,56.7300,56.7450,17663
354,56.7400,56.7450,56.7200,56.7350,21982
355,56.7250,56.7600,56.7250,56.7600,18197
356,56.7600,56.7600,56.7400,56.7535,12501
357,56.7500,56.7800,56.7400,56.7800,32816
358,56.7800,56.8100,56.7700,56.7950,41093
359,56.7900,56.8000,56.7800,56.7950,16099
360,56.8000,56.8250,56.7700,56.7850,33436
361,56.7850,56.8200,56.7800,56.7900,29931
362,56.8000,56.8000,56.7400,56.7450,40662
363,56.7500,56.7500,56.6700,56.6750,48779
364,56.6800,56.7000,56.6600,56.6650,21375
365,56.6700,56.7300,56.6700,56.7300,23516
366,56.7400,56.7500,56.7150,56.7400,48884
367,56.7400,56.7600,56.7300,56.7300,24716
368,56.7300,56.7450,56.7300,56.7400,11659
369,56.7500,56.7700,56.7400,56.7700,33370
370,56.7700,56.7900,56.7700,56.7800,19120
371,56.7800,56.7900,56.7600,56.7700,42681
372,56.7750,56.7900,56.7700,56.7850,34078
373,56.7800,56.7950,56.7600,56.7900,50334
374,56.7900,56.7900,56.7100,56.7200,36265
375,56.7300,56.7600,56.7050,56.7550,70273
376,56.7500,56.7900,56.7450,56.7850,54124
377,56.7850,56.8300,56.7800,56.8300,37855
378,56.8250,56.8500,56.8250,56.8500,48187
379,56.8500,56.9000,56.8434,56.9000,47798
380,56.8950,56.9300,56.8900,56.9250,48653
381,56.9300,56.9900,56.9150,56.9800,68160
382,56.9900,57.0400,56.9800,57.0400,109112
383,57.0500,57.0700,57.0000,57.0100,86840
384,57.0100,57.0200,56.9850,57.0150,70386
385,57.0100,57.0100,56.9700,56.9750,54772
386,56.9800,56.9900,56.9500,56.9600,64819
387,56.9650,56.9850,56.9400,56.9800,93599
388,56.9710,57.0000,56.9700,56.9700,81249
389,56.9800,56.9800,56.8900,56.9200,102687
390,56.9150,56.9400,56.8900,56.9050,190138