XL,XL Capital,Financials,4,Property & Casualty Insurance,11038067900,1433805
a1499617800,42.3100,42.3100,42.3100,42.3100,200
1,42.3500,42.3500,42.3500,42.3500,16058
3,42.2000,42.2000,42.2000,42.2000,245
4,42.2100,42.2100,42.2000,42.2000,500
5,42.2000,42.2000,42.1000,42.1800,1500
6,42.1900,42.2300,42.1900,42.2300,800
7,42.3300,42.3800,42.2800,42.2800,2200
8,42.2900,42.2900,42.2600,42.2700,2766
9,42.2700,42.2700,42.2400,42.2400,1600
10,42.2500,42.2600,42.2500,42.2600,500
11,42.2600,42.2800,42.2600,42.2800,1931
12,42.2700,42.2800,42.2700,42.2700,2521
13,42.2600,42.2900,42.2600,42.2800,1691
14,42.2600,42.2750,42.2400,42.2600,4100
15,42.2529,42.2600,42.2529,42.2600,207
16,42.2500,42.2500,42.2300,42.2300,2400
17,42.2000,42.2200,42.1600,42.1600,3000
18,42.1650,42.1800,42.1500,42.1500,2300
19,42.1400,42.1500,42.1400,42.1500,1600
20,42.1400,42.1400,42.1000,42.1000,4288
21,42.1050,42.1600,42.1050,42.1300,10200
22,42.1200,42.1250,42.1100,42.1200,3024
23,42.1200,42.1500,42.1200,42.1300,3853
24,42.1400,42.1400,42.1300,42.1400,2025
25,42.1500,42.1500,42.1400,42.1400,680
26,42.1400,42.2200,42.1400,42.2100,2720
27,42.1900,42.2200,42.1800,42.2200,1278
28,42.2300,42.2400,42.2100,42.2300,3901
29,42.2300,42.2400,42.2200,42.2200,1510
30,42.2100,42.2200,42.2000,42.2100,1700
31,42.2000,42.2000,42.2000,42.2000,100
32,42.1800,42.1900,42.1800,42.1900,2779
33,42.1900,42.1900,42.1900,42.1900,1100
34,42.2000,42.2100,42.2000,42.2000,1600
35,42.2000,42.2050,42.2000,42.2000,1500
36,42.2100,42.2500,42.2050,42.2500,2850
37,42.2400,42.2600,42.2400,42.2600,3451
38,42.2700,42.2900,42.2700,42.2900,1897
39,42.3100,42.3300,42.3100,42.3300,5169
40,42.3350,42.3500,42.3350,42.3400,2015
41,42.3300,42.3500,42.3300,42.3500,1500
42,42.3400,42.3400,42.2700,42.2700,4200
43,42.2700,42.2800,42.2600,42.2800,2200
44,42.2800,42.2800,42.2700,42.2700,400
45,42.2800,42.2800,42.2600,42.2600,3445
46,42.2600,42.2800,42.2600,42.2700,3051
47,42.2700,42.2800,42.2700,42.2800,1293
48,42.2700,42.2700,42.2600,42.2700,1822
49,42.2700,42.2800,42.2700,42.2700,1367
50,42.2700,42.2800,42.2500,42.2800,5724
51,42.2700,42.2900,42.2600,42.2700,6932
52,42.2600,42.2650,42.2500,42.2500,1000
53,42.2400,42.2600,42.2400,42.2600,2000
54,42.2500,42.2500,42.2400,42.2400,1400
55,42.2400,42.2450,42.2200,42.2300,5557
56,42.2300,42.2300,42.2300,42.2300,2088
57,42.2200,42.2400,42.2200,42.2400,2728
58,42.2400,42.3000,42.2400,42.2900,17198
59,42.2950,42.3050,42.2950,42.3050,2338
60,42.3050,42.3200,42.3000,42.3200,3300
61,42.3300,42.3550,42.3300,42.3500,1440
62,42.3400,42.3900,42.3400,42.3700,3201
63,42.3700,42.3700,42.3600,42.3700,13292
64,42.3700,42.3700,42.3600,42.3600,200
65,42.3600,42.3700,42.3500,42.3700,7072
66,42.3700,42.3701,42.3700,42.3700,530
67,42.3700,42.3750,42.3600,42.3600,3248
68,42.3700,42.3700,42.3700,42.3700,3414
69,42.3700,42.3700,42.3100,42.3100,1830
70,42.3100,42.3100,42.2900,42.2900,800
71,42.2900,42.2900,42.2900,42.2900,1100
72,42.2900,42.2900,42.2900,42.2900,833
73,42.2850,42.3000,42.2800,42.2800,1677
74,42.2900,42.2900,42.2700,42.2800,2135
75,42.2800,42.2800,42.2650,42.2700,3690
76,42.2700,42.2800,42.2700,42.2800,800
77,42.2700,42.3100,42.2700,42.3100,1300
78,42.3000,42.3100,42.3000,42.3100,1700
79,42.3100,42.3100,42.3100,42.3100,500
80,42.3100,42.3200,42.3050,42.3200,6751
81,42.3300,42.3400,42.3200,42.3200,3218
82,42.3200,42.3200,42.3000,42.3100,1000
83,42.3000,42.3000,42.2750,42.2800,13000
84,42.2900,42.2900,42.2600,42.2600,1700
85,42.2500,42.2530,42.2500,42.2508,2300
86,42.2400,42.2500,42.2400,42.2400,3299
87,42.2400,42.2800,42.2400,42.2700,1599
88,42.2800,42.2900,42.2800,42.2900,26319
89,42.2850,42.2850,42.2750,42.2800,7554
90,42.2800,42.2800,42.2800,42.2800,2200
91,42.2750,42.2800,42.2700,42.2700,4040
92,42.2750,42.2800,42.2700,42.2800,1700
93,42.2800,42.2900,42.2800,42.2800,4672
94,42.2850,42.3100,42.2750,42.3100,4315
95,42.3000,42.3000,42.2900,42.3000,1814
96,42.3100,42.3300,42.3100,42.3300,2500
97,42.3300,42.3300,42.3300,42.3300,1394
98,42.3300,42.3300,42.3300,42.3300,2000
99,42.3400,42.3500,42.3400,42.3500,300
100,42.3500,42.3700,42.3500,42.3700,1540
101,42.3700,42.3800,42.3700,42.3800,1700
102,42.3800,42.3800,42.3700,42.3700,2179
103,42.3700,42.3700,42.3550,42.3600,2972
104,42.3600,42.3700,42.3600,42.3700,2873
105,42.3800,42.4000,42.3800,42.4000,1475
106,42.4000,42.4000,42.3800,42.3800,1700
107,42.3850,42.4000,42.3850,42.3900,1300
108,42.3904,42.4000,42.3904,42.4000,400
109,42.4000,42.4000,42.3900,42.3900,1192
110,42.3900,42.4100,42.3600,42.3600,7084
111,42.3600,42.3800,42.3600,42.3700,4140
112,42.3700,42.3800,42.3700,42.3800,1200
113,42.3800,42.3800,42.3750,42.3800,4600
114,42.3800,42.3850,42.3750,42.3800,8600
115,42.3750,42.3900,42.3750,42.3900,8800
116,42.3950,42.3950,42.3850,42.3900,54600
117,42.3850,42.4100,42.3850,42.4100,2101
118,42.4200,42.4300,42.4100,42.4100,2500
119,42.4150,42.4500,42.4150,42.4500,3812
120,42.4500,42.4700,42.4500,42.4600,1800
121,42.4700,42.4750,42.4600,42.4600,2201
122,42.4650,42.4800,42.4650,42.4800,1101
123,42.4800,42.4900,42.4800,42.4900,1401
124,42.4950,42.4950,42.4900,42.4900,300
125,42.4950,42.4950,42.4750,42.4900,3293
126,42.5000,42.5000,42.4900,42.4900,1000
127,42.5000,42.5150,42.5000,42.5150,941
128,42.5200,42.5450,42.5200,42.5300,3700
129,42.5200,42.5250,42.5200,42.5250,500
130,42.5250,42.5250,42.5000,42.5000,2800
131,42.4900,42.4900,42.4800,42.4800,325
132,42.4850,42.4850,42.4800,42.4800,706
133,42.4800,42.4800,42.4600,42.4600,2800
134,42.4600,42.4600,42.4500,42.4500,1800
135,42.4500,42.4500,42.4500,42.4500,100
136,42.4500,42.4500,42.4500,42.4500,1701
137,42.4400,42.4500,42.4250,42.4297,5336
138,42.4275,42.4400,42.4250,42.4400,8702
139,42.4400,42.4400,42.4200,42.4210,1852
140,42.4200,42.4200,42.3900,42.3950,3118
141,42.4000,42.4000,42.3950,42.4000,6394
142,42.4000,42.4000,42.3800,42.3800,4246
143,42.3800,42.3800,42.3700,42.3700,900
144,42.3650,42.3750,42.3650,42.3750,4180
145,42.3700,42.3700,42.3600,42.3700,800
146,42.3600,42.3600,42.3550,42.3600,1200
147,42.3600,42.3600,42.3550,42.3600,3720
148,42.3600,42.3600,42.3400,42.3400,2705
149,42.3400,42.3400,42.3400,42.3400,100
150,42.3300,42.3400,42.3300,42.3400,300
151,42.3400,42.3400,42.3362,42.3400,1918
152,42.3350,42.3400,42.3350,42.3400,1800
153,42.3350,42.3400,42.3350,42.3350,400
154,42.3400,42.3500,42.3300,42.3500,9601
155,42.3450,42.3450,42.3450,42.3450,700
156,42.3500,42.3500,42.3250,42.3300,6892
157,42.3300,42.3300,42.3250,42.3300,3501
158,42.3400,42.3700,42.3350,42.3650,3920
159,42.3700,42.3800,42.3700,42.3800,3366
160,42.3750,42.3800,42.3700,42.3750,11000
161,42.3750,42.3800,42.3750,42.3750,3418
162,42.3800,42.3800,42.3750,42.3750,400
163,42.3800,42.3800,42.3650,42.3800,7090
164,42.3800,42.3900,42.3750,42.3900,6200
165,42.3800,42.3800,42.3600,42.3650,3025
166,42.3600,42.3650,42.3500,42.3600,4700
167,42.3600,42.3700,42.3500,42.3650,14294
168,42.3700,42.3800,42.3400,42.3450,14658
169,42.3550,42.3700,42.3550,42.3650,3862
170,42.3700,42.3700,42.3650,42.3700,1900
171,42.3700,42.3700,42.3650,42.3700,900
172,42.3650,42.3700,42.3350,42.3350,8858
173,42.3400,42.3650,42.3400,42.3400,11042
174,42.3300,42.3400,42.3200,42.3400,17532
175,42.3400,42.3600,42.3300,42.3300,7599
176,42.3200,42.3200,42.2900,42.3200,8300
177,42.3100,42.3200,42.3050,42.3050,15589
178,42.3000,42.3100,42.3000,42.3100,800
179,42.3100,42.3150,42.3050,42.3100,11845
180,42.3050,42.3100,42.3050,42.3050,10800
181,42.3100,42.3100,42.3000,42.3000,10951
182,42.3100,42.3100,42.3100,42.3100,3000
183,42.3050,42.3100,42.2950,42.2950,8419
184,42.3000,42.3000,42.2800,42.2800,2724
185,42.2800,42.2800,42.2700,42.2700,1200
186,42.2700,42.2700,42.2600,42.2700,6060
187,42.2700,42.2700,42.2600,42.2600,3224
188,42.2550,42.2650,42.2350,42.2600,3422
189,42.2600,42.2600,42.2450,42.2500,6937
190,42.2500,42.2500,42.2400,42.2400,6033
191,42.2450,42.2500,42.2408,42.2450,3436
192,42.2500,42.2500,42.2300,42.2400,4644
193,42.2400,42.2700,42.2400,42.2700,3899
194,42.2700,42.2700,42.2700,42.2700,200
195,42.2800,42.3000,42.2800,42.2950,4402
196,42.2900,42.3000,42.2900,42.3000,2200
197,42.3000,42.3200,42.3000,42.3200,3000
198,42.3200,42.3350,42.3200,42.3200,7153
199,42.3200,42.3200,42.3050,42.3100,4700
200,42.3050,42.3100,42.3000,42.3000,2401
201,42.3000,42.3100,42.2900,42.3050,6698
202,42.3000,42.3000,42.3000,42.3000,736
203,42.3000,42.3000,42.2900,42.3000,5861
204,42.2900,42.2900,42.2700,42.2700,7772
205,42.2650,42.2650,42.2600,42.2600,309
206,42.2700,42.2700,42.2650,42.2650,5700
207,42.2600,42.2600,42.2400,42.2450,3837
208,42.2500,42.2500,42.2400,42.2400,840
209,42.2400,42.2400,42.2200,42.2300,7600
210,42.2300,42.2500,42.2200,42.2200,13914
211,42.2300,42.2300,42.2300,42.2300,1046
212,42.2400,42.2700,42.2400,42.2700,2699
213,42.2750,42.2800,42.2500,42.2500,7275
214,42.2400,42.2400,42.2400,42.2400,850
215,42.2500,42.2500,42.2400,42.2400,500
216,42.2400,42.2400,42.2250,42.2300,5260
217,42.2400,42.2500,42.2350,42.2500,2696
218,42.2500,42.2600,42.2500,42.2600,1029
219,42.2700,42.2700,42.2450,42.2500,4210
220,42.2500,42.2600,42.2450,42.2600,1901
221,42.2500,42.2600,42.2400,42.2600,2000
222,42.2550,42.2700,42.2500,42.2700,3938
223,42.2800,42.2900,42.2800,42.2900,3012
224,42.2900,42.3100,42.2900,42.3000,3100
225,42.2900,42.3100,42.2700,42.3100,6411
226,42.3100,42.3100,42.3050,42.3100,945
227,42.3100,42.3100,42.3100,42.3100,2000
228,42.3000,42.3000,42.3000,42.3000,2826
229,42.3000,42.3000,42.2950,42.3000,3031
230,42.3100,42.3300,42.3100,42.3100,9300
231,42.3099,42.3099,42.2900,42.3000,5758
232,42.2950,42.3000,42.2950,42.3000,2099
233,42.3000,42.3100,42.3000,42.3050,5598
234,42.3000,42.3050,42.3000,42.3050,200
235,42.3050,42.3100,42.3050,42.3060,4622
236,42.3100,42.3100,42.2900,42.3000,2770
237,42.3000,42.3075,42.2900,42.3050,18022
238,42.3100,42.3100,42.3000,42.3050,837
239,42.3050,42.3100,42.3000,42.3000,5339
240,42.3050,42.3100,42.3050,42.3050,300
241,42.3000,42.3100,42.3000,42.3100,900
242,42.3000,42.3000,42.2900,42.3000,6000
243,42.3000,42.3200,42.2950,42.3150,9510
244,42.3200,42.3800,42.3150,42.3800,7304
245,42.3800,42.3900,42.3750,42.3900,4000
246,42.3900,42.3900,42.3900,42.3900,541
247,42.4000,42.4000,42.3800,42.4000,4380
248,42.4100,42.4300,42.4100,42.4300,940
249,42.4300,42.4300,42.4150,42.4200,3500
250,42.4150,42.4200,42.4100,42.4150,5960
251,42.4150,42.4150,42.3850,42.3900,6388
252,42.3900,42.3900,42.3900,42.3900,100
253,42.3900,42.3900,42.3650,42.3650,4310
254,42.3700,42.3800,42.3650,42.3750,3579
255,42.3750,42.3750,42.3700,42.3750,1831
256,42.3750,42.3750,42.3750,42.3750,4600
257,42.3750,42.3750,42.3650,42.3650,3200
258,42.3600,42.3700,42.3600,42.3700,300
259,42.3650,42.3700,42.3600,42.3650,13983
260,42.3600,42.3700,42.3100,42.3100,8326
261,42.3000,42.3100,42.2900,42.3100,3476
262,42.3050,42.3100,42.3050,42.3100,4200
263,42.3100,42.3150,42.3000,42.3150,3140
264,42.3200,42.3300,42.3110,42.3300,4001
265,42.3200,42.3200,42.3000,42.3000,1601
266,42.3100,42.3200,42.3050,42.3200,6948
267,42.3300,42.3400,42.3200,42.3400,5754
268,42.3300,42.3400,42.3200,42.3400,2773
269,42.3400,42.3700,42.3400,42.3600,3700
270,42.3600,42.3700,42.3600,42.3600,3374
271,42.3600,42.3800,42.3550,42.3800,3745
272,42.3800,42.4000,42.3800,42.3900,5987
273,42.3900,42.5400,42.3900,42.5200,9395
274,42.5200,42.5200,42.5100,42.5100,1800
275,42.5100,42.5200,42.4650,42.4800,4590
276,42.4800,42.5000,42.4750,42.5000,2300
277,42.5000,42.5050,42.4850,42.4900,5834
278,42.4900,42.5000,42.4850,42.4900,1799
279,42.5000,42.5100,42.4950,42.5050,2617
280,42.5100,42.5100,42.5100,42.5100,300
281,42.5112,42.5300,42.5100,42.5250,8510
282,42.5250,42.5450,42.5250,42.5450,4082
283,42.5450,42.5500,42.5300,42.5350,10019
284,42.5300,42.5300,42.4750,42.4850,5981
285,42.4900,42.4900,42.4550,42.4550,7588
286,42.4600,42.4700,42.4550,42.4700,4892
287,42.4650,42.4800,42.4600,42.4800,7299
288,42.4800,42.4800,42.4800,42.4800,500
289,42.4850,42.4850,42.4600,42.4600,7178
290,42.4500,42.4600,42.4500,42.4600,8000
291,42.4500,42.4600,42.4500,42.4600,300
292,42.4600,42.4600,42.4550,42.4600,300
293,42.4600,42.4700,42.4400,42.4400,16732
294,42.4400,42.4500,42.4400,42.4400,8250
296,42.4400,42.4500,42.4350,42.4400,11501
297,42.4350,42.5100,42.4350,42.5100,3900
298,42.5200,42.5300,42.5200,42.5300,1200
299,42.5400,42.5600,42.5350,42.5600,4647
300,42.5400,42.5600,42.5400,42.5500,2100
301,42.5500,42.5500,42.5400,42.5500,1792
302,42.5600,42.5600,42.5100,42.5100,21484
303,42.5100,42.5300,42.5000,42.5200,8843
304,42.5200,42.5200,42.4950,42.5050,3000
305,42.5050,42.5100,42.4850,42.4950,7701
306,42.4900,42.4950,42.4900,42.4900,2900
307,42.4800,42.4800,42.4600,42.4600,9846
308,42.4500,42.4500,42.4350,42.4400,3900
309,42.4350,42.4400,42.4200,42.4200,8980
310,42.4200,42.4300,42.4100,42.4200,5719
311,42.4200,42.4250,42.4100,42.4250,3205
312,42.4300,42.4300,42.4200,42.4200,500
313,42.4250,42.4800,42.4200,42.4800,9272
314,42.4900,42.4950,42.4800,42.4800,6627
315,42.4850,42.4850,42.4700,42.4700,4200
316,42.4600,42.4600,42.4400,42.4500,5401
317,42.4500,42.4850,42.4350,42.4800,11942
318,42.4999,42.4999,42.4800,42.4900,8555
319,42.4900,42.5300,42.4900,42.5250,7640
320,42.5200,42.5250,42.5000,42.5100,6202
321,42.5150,42.5550,42.4800,42.4850,7551
322,42.4900,42.4900,42.4750,42.4850,2810
323,42.4850,42.5000,42.4850,42.4900,6050
324,42.4900,42.5250,42.4850,42.5250,3440
325,42.5300,42.5700,42.5300,42.5700,5300
326,42.5800,42.6000,42.5500,42.5850,8796
327,42.5900,42.5950,42.5600,42.5950,3866
328,42.5900,42.5900,42.5600,42.5750,4382
329,42.5700,42.5750,42.4800,42.5200,17866
330,42.5300,42.5400,42.5300,42.5300,3900
331,42.5350,42.5700,42.5300,42.5700,2750
332,42.5798,42.6100,42.5700,42.6050,12096
333,42.6032,42.6300,42.6032,42.6200,7183
334,42.6200,42.6300,42.5900,42.6100,10463
335,42.5900,42.5900,42.5850,42.5900,1000
336,42.5950,42.6000,42.5900,42.6000,5370
337,42.5950,42.5950,42.5450,42.5600,10949
338,42.5500,42.5600,42.5500,42.5500,3800
339,42.5550,42.5600,42.5200,42.5300,10590
340,42.5300,42.5300,42.5250,42.5250,3100
341,42.5200,42.5300,42.5000,42.5050,17237
342,42.5100,42.5100,42.4900,42.4900,3841
343,42.4900,42.4900,42.4600,42.4650,15095
344,42.4600,42.4650,42.4350,42.4500,8288
345,42.4450,42.4500,42.4450,42.4450,300
346,42.4500,42.5000,42.4450,42.4950,13087
347,42.5000,42.5200,42.4900,42.5200,5300
348,42.5100,42.5100,42.4900,42.4900,4073
349,42.5000,42.5250,42.4900,42.5250,3660
350,42.5300,42.5400,42.5300,42.5400,2174
351,42.5500,42.5500,42.5500,42.5500,100
352,42.5400,42.5400,42.5150,42.5200,8291
353,42.5200,42.5200,42.5100,42.5100,500
354,42.5100,42.5100,42.5000,42.5050,2700
355,42.5100,42.5300,42.5100,42.5300,10891
356,42.5250,42.5250,42.5000,42.5100,5349
357,42.5050,42.5100,42.5050,42.5100,300
358,42.5000,42.5100,42.5000,42.5100,2563
359,42.5100,42.5300,42.5050,42.5250,11201
360,42.5250,42.5300,42.5200,42.5250,9127
361,42.5250,42.5300,42.5000,42.5000,9577
362,42.5000,42.5150,42.5000,42.5100,8000
363,42.5150,42.5150,42.4900,42.4900,8099
364,42.4900,42.4900,42.4700,42.4700,7332
365,42.4700,42.4950,42.4650,42.4900,7081
366,42.4950,42.5000,42.4900,42.5000,2900
367,42.5000,42.5400,42.5000,42.5300,12207
368,42.5350,42.5500,42.5300,42.5500,5456
369,42.5500,42.5600,42.5450,42.5600,3742
370,42.5700,42.5800,42.5650,42.5800,9263
371,42.5800,42.5900,42.5800,42.5850,5016
372,42.5850,42.5900,42.5800,42.5850,9700
373,42.5800,42.5900,42.5750,42.5850,21537
374,42.5900,42.5900,42.5700,42.5800,14933
375,42.5750,42.5800,42.5350,42.5500,41336
376,42.5450,42.5600,42.5300,42.5500,43213
377,42.5400,42.5600,42.5400,42.5550,35333
378,42.5550,42.5800,42.5500,42.5700,12883
379,42.5700,42.5700,42.5500,42.5600,7451
380,42.5600,42.5600,42.5500,42.5600,18502
381,42.5550,42.5600,42.5400,42.5550,49405
382,42.5500,42.5500,42.5400,42.5500,13645
383,42.5500,42.6200,42.5450,42.6150,29323
384,42.6200,42.6300,42.6100,42.6300,18402
385,42.6350,42.6500,42.6300,42.6500,11065
386,42.6450,42.6600,42.6400,42.6450,43391
387,42.6400,42.6500,42.6200,42.6200,24756
388,42.6200,42.6300,42.6000,42.6000,22594
389,42.6000,42.6200,42.5800,42.5850,45440
390,42.5850,42.5850,42.5700,42.5700,67630