CA,CA Inc.,Information Technology,7,Systems Software,13273726364,2955492
a1497447000,32.23,32.28,31.9,32.28,30988
1,32.09,32.23,31.9,32.23,10308
2,32.185,32.185,32.145,32.15,4200
3,32.14,32.18,32.14,32.18,1174
4,32.12,32.17,32.12,32.14,9332
5,32.1365,32.14,32.12,32.14,1406
6,32.12,32.15,32.12,32.125,6531
7,32.12,32.15,32.11,32.12,12414
8,32.11,32.14,32.11,32.125,5622
9,32.06,32.13,32.06,32.12,2338
11,32.1,32.1,32.065,32.07,3100
12,32.07,32.07,32.065,32.07,1600
13,32.09,32.09,32.07,32.07,1500
14,32.095,32.095,32.08,32.08,400
15,32.075,32.095,32.075,32.095,3283
16,32.1,32.1,32.075,32.075,5990
17,32.105,32.11,32.095,32.1,13164
18,32.09,32.1,32.09,32.1,13712
19,32.09,32.1,32.08,32.095,9524
20,32.1,32.1,32.09,32.0938,4639
21,32.07,32.09,32.055,32.09,5031
22,32.06,32.08,32.06,32.075,5100
23,32.05,32.06,32.05,32.05,3663
24,32.075,32.075,32.045,32.045,2910
25,32.05,32.07,32.05,32.07,5645
26,32.06,32.07,32.06,32.06,2700
27,32.07,32.07,32.065,32.065,2500
28,32.06,32.09,32.06,32.07,4941
29,32.06,32.06,32.05,32.06,1400
30,32.05,32.07,32.05,32.055,3693
31,32.04,32.05,32.03,32.05,13759
32,32.04,32.04,32.03,32.04,2427
33,32.035,32.04,32.02,32.035,5891
34,32.035,32.04,32.03,32.03,1700
35,32.035,32.04,32.03,32.04,4800
36,32.02,32.04,32.02,32.035,5293
37,32.01,32.04,32.005,32.025,9804
38,31.995,32.01,31.99,32.01,2490
39,31.99,31.995,31.99,31.995,771
40,31.99,31.99,31.985,31.985,3204
41,31.98,32,31.95,31.99,12484
42,32.01,32.01,31.98,31.98,3004
43,32.005,32.015,32,32.01,2300
44,32.02,32.02,32.01,32.01,1595
45,32.01,32.02,32,32.02,2700
46,32.03,32.035,31.99,32.01,10094
47,32.04,32.04,32.04,32.04,500
48,32.06,32.06,32.04,32.05,2000
49,32.08,32.09,32.06,32.06,3578
50,32.06,32.08,32.06,32.08,2600
51,32.03,32.06,32.02,32.06,3100
52,32.03,32.04,32.025,32.03,2600
53,32.02,32.02,32.02,32.02,200
54,32.025,32.025,32.0172,32.02,2103
55,32,32.025,32,32.02,2600
56,32.005,32.005,31.99,31.99,2255
57,32.01,32.015,32.01,32.01,2200
58,32.01,32.01,32.005,32.01,500
59,32.01,32.01,32.01,32.01,300
60,31.99,32.01,31.99,32.01,13308
61,32.02,32.02,31.98,31.98,6309
62,32.02,32.03,32.015,32.015,3593
63,32.02,32.03,32.02,32.03,1200
64,32.025,32.03,32.01,32.01,3100
65,32,32.03,32,32.03,4014
66,32.01,32.01,31.99,32,3100
67,32.05,32.05,32.01,32.015,5685
68,32.045,32.05,32.045,32.05,1002
69,32.05,32.055,32.045,32.05,1500
70,32.05,32.07,32.05,32.05,8207
71,32.04,32.05,32.04,32.05,1050
72,32.04,32.04,32.03,32.03,4292
73,32.02,32.04,32.015,32.04,2200
74,32.03,32.03,32.02,32.02,1231
75,32.04,32.04,32.025,32.025,4479
76,32.02,32.04,32.02,32.04,2700
78,32.03,32.04,32.02,32.02,4300
79,32.02,32.03,32.02,32.03,800
80,32.01,32.015,32.01,32.01,600
81,32.03,32.03,32.015,32.015,3696
82,32.02,32.025,32.01,32.02,2000
83,32.02,32.02,32.01,32.0181,2304
84,32,32.02,32,32.02,2800
85,31.98,32,31.98,32,4100
86,31.94,31.98,31.94,31.97,4221
87,31.94,31.9503,31.94,31.95,2225
88,31.92,31.93,31.91,31.93,5400
89,31.94,31.94,31.92,31.92,3487
90,31.94,31.95,31.94,31.95,2467
91,31.925,31.945,31.925,31.945,4000
92,31.95,31.95,31.925,31.925,5375
93,31.94,31.95,31.94,31.95,900
94,31.93,31.9473,31.92,31.945,7072
95,31.92,31.95,31.92,31.945,4150
96,31.91,31.93,31.91,31.92,5017
97,31.9,31.91,31.89,31.91,4789
98,31.92,31.92,31.9,31.91,4420
99,31.915,31.92,31.915,31.915,600
100,31.905,31.91,31.895,31.91,4887
101,31.92,31.92,31.9,31.905,6695
102,31.92,31.925,31.92,31.92,3339
103,31.91,31.91,31.91,31.91,300
104,31.89,31.91,31.89,31.91,2100
105,31.875,31.895,31.875,31.895,2500
106,31.92,31.92,31.875,31.88,10621
107,31.92,31.92,31.91,31.92,3837
108,31.92,31.92,31.92,31.92,1000
109,31.94,31.945,31.9268,31.9268,5804
110,31.94,31.9401,31.94,31.94,706
111,31.95,31.95,31.94,31.945,3941
112,31.955,31.955,31.95,31.95,400
113,31.955,31.965,31.955,31.96,6561
114,31.95,31.96,31.95,31.96,2500
115,31.95,31.95,31.94,31.94,3028
116,31.95,31.96,31.95,31.95,400
117,31.955,31.955,31.95,31.95,800
118,31.94,31.95,31.94,31.95,1500
119,31.95,31.95,31.94,31.94,500
120,31.94,31.945,31.935,31.945,2699
121,31.93,31.95,31.93,31.935,9307
122,31.945,31.945,31.93,31.935,2445
123,31.94,31.95,31.93,31.95,3666
124,31.945,31.945,31.94,31.94,2000
125,31.94,31.9465,31.94,31.94,867
126,31.94,31.96,31.94,31.94,6213
127,31.95,31.95,31.945,31.945,3845
128,31.93,31.945,31.93,31.945,2849
129,31.94,31.94,31.925,31.93,3831
130,31.92,31.93,31.92,31.93,1700
131,31.925,31.93,31.925,31.93,700
132,31.935,31.935,31.93,31.93,700
133,31.93,31.93,31.93,31.93,200
134,31.93,31.93,31.93,31.93,300
135,31.905,31.935,31.905,31.93,5251
136,31.9,31.9,31.9,31.9,300
137,31.91,31.91,31.89,31.9,3795
138,31.905,31.905,31.905,31.905,100
139,31.905,31.91,31.9,31.91,1942
140,31.905,31.91,31.9,31.9,1472
141,31.915,31.92,31.905,31.91,7181
142,31.9,31.915,31.895,31.915,5280
143,31.905,31.91,31.905,31.91,800
145,31.89,31.905,31.88,31.9,4390
146,31.89,31.89,31.885,31.89,3247
147,31.89,31.89,31.89,31.89,2550
148,31.905,31.91,31.9,31.9,3000
149,31.905,31.905,31.9,31.9,700
150,31.915,31.92,31.905,31.91,3785
151,31.915,31.915,31.9132,31.9148,907
152,31.915,31.92,31.915,31.92,400
153,31.91,31.92,31.91,31.91,1600
154,31.92,31.92,31.9,31.91,8143
155,31.92,31.92,31.91,31.91,1300
156,31.92,31.92,31.91,31.92,738
157,31.92,31.92,31.91,31.915,1200
158,31.9,31.92,31.9,31.92,2500
159,31.915,31.915,31.91,31.91,2400
160,31.9,31.91,31.9,31.91,1814
161,31.9,31.9001,31.895,31.9,3532
162,31.88,31.9,31.88,31.9,2200
163,31.88,31.88,31.87,31.88,1922
164,31.88,31.88,31.88,31.88,200
165,31.9,31.9,31.885,31.89,3100
166,31.9,31.9001,31.895,31.9,2300
167,31.9,31.9,31.89,31.89,800
168,31.885,31.895,31.88,31.895,1714
169,31.88,31.8858,31.88,31.88,1569
170,31.89,31.89,31.885,31.89,3759
171,31.915,31.915,31.9,31.9,1510
172,31.91,31.91,31.905,31.91,4806
173,31.9,31.9,31.9,31.9,500
174,31.8701,31.9,31.87,31.9,4100
175,31.88,31.88,31.87,31.87,6367
176,31.88,31.88,31.87,31.88,3502
177,31.91,31.91,31.89,31.89,1651
178,31.905,31.91,31.905,31.91,2800
179,31.91,31.91,31.91,31.91,700
180,31.9,31.915,31.9,31.91,4214
181,31.91,31.91,31.91,31.91,1306
182,31.9,31.91,31.9,31.91,1100
183,31.9,31.905,31.9,31.905,900
184,31.905,31.905,31.905,31.905,200
185,31.905,31.905,31.9,31.905,1290
186,31.91,31.915,31.905,31.905,5302
187,31.91,31.92,31.91,31.92,700
188,31.92,31.92,31.915,31.92,1927
189,31.92,31.92,31.91,31.915,800
190,31.92,31.92,31.915,31.915,399
191,31.915,31.92,31.91,31.92,1000
192,31.92,31.92,31.92,31.92,2200
193,31.9201,31.925,31.92,31.925,1100
194,31.925,31.93,31.92,31.92,500
195,31.915,31.93,31.91,31.93,3776
196,31.91,31.9101,31.91,31.91,1300
197,31.92,31.92,31.915,31.92,3324
198,31.92,31.92,31.915,31.92,3000
199,31.92,31.92,31.92,31.92,900
200,31.92,31.92,31.92,31.92,200
201,31.92,31.925,31.92,31.925,700
202,31.915,31.92,31.915,31.92,1869
203,31.92,31.925,31.915,31.92,5669
204,31.9365,31.9365,31.92,31.92,5434
205,31.94,31.94,31.94,31.94,100
206,31.93,31.94,31.93,31.94,1569
207,31.93,31.93,31.93,31.93,1800
208,31.95,31.95,31.925,31.93,4499
209,31.94,31.95,31.94,31.95,2714
210,31.95,31.95,31.93,31.94,3300
211,31.95,31.95,31.94,31.94,6711
212,31.95,31.95,31.945,31.95,715
213,31.95,31.96,31.95,31.96,1500
214,31.955,31.96,31.95,31.96,2349
215,31.965,31.97,31.96,31.96,4852
216,31.965,31.97,31.96,31.97,1217
217,31.96,31.97,31.96,31.9648,1000
218,31.96,31.97,31.96,31.965,900
219,31.9501,31.96,31.95,31.96,2113
220,31.96,31.96,31.96,31.96,400
221,31.96,31.96,31.96,31.96,100
222,31.9648,31.9648,31.96,31.96,1831
223,31.965,31.97,31.96,31.96,1900
224,31.95,31.965,31.95,31.96,8678
225,31.95,31.95,31.95,31.95,300
226,31.96,31.96,31.95,31.955,2329
227,31.955,31.9592,31.954,31.9592,2050
228,31.9505,31.955,31.95,31.955,1165
229,31.95,31.96,31.95,31.955,2492
230,31.945,31.96,31.94,31.96,9236
231,31.945,31.945,31.945,31.945,200
232,31.95,31.955,31.945,31.95,5958
233,31.945,31.96,31.945,31.955,5400
234,31.94,31.96,31.94,31.945,21556
235,31.94,31.945,31.94,31.94,600
236,31.95,31.95,31.95,31.95,100
237,31.94,31.945,31.94,31.945,2873
238,31.92,31.945,31.92,31.945,9353
239,31.91,31.93,31.91,31.92,3390
240,31.91,31.915,31.91,31.915,1700
241,31.91,31.91,31.88,31.91,14274
242,31.91,31.915,31.91,31.915,5850
243,31.9,31.9099,31.9,31.9,1272
244,31.905,31.91,31.9,31.9,2000
245,31.9,31.9,31.895,31.9,3369
246,31.875,31.9,31.87,31.9,7922
247,31.88,31.88,31.875,31.88,1200
248,31.89,31.895,31.875,31.88,4205
249,31.89,31.895,31.88,31.895,1968
250,31.88,31.89,31.875,31.885,5500
251,31.885,31.89,31.885,31.89,500
252,31.87,31.88,31.87,31.88,2334
253,31.8763,31.88,31.87,31.88,9317
254,31.87,31.89,31.87,31.8763,3382
255,31.855,31.87,31.855,31.87,1400
256,31.85,31.85,31.84,31.85,900
257,31.86,31.86,31.845,31.85,3789
258,31.85,31.85,31.85,31.85,2300
259,31.865,31.865,31.85,31.85,2387
260,31.865,31.87,31.8601,31.865,3200
261,31.87,31.87,31.865,31.87,5863
262,31.86,31.875,31.86,31.875,3193
263,31.86,31.86,31.86,31.86,600
264,31.88,31.88,31.865,31.865,5848
265,31.87,31.87,31.87,31.87,3900
266,31.87,31.875,31.87,31.875,2357
267,31.82,31.875,31.82,31.87,19129
268,31.83,31.83,31.82,31.825,3701
269,31.84,31.84,31.84,31.84,3217
270,31.85,31.85,31.835,31.84,1700
271,31.84,31.85,31.83,31.85,3402
272,31.8401,31.85,31.83,31.84,3760
273,31.86,31.86,31.83,31.84,7408
274,31.91,31.91,31.85,31.85,8538
275,31.875,31.92,31.87,31.92,5200
276,31.88,31.89,31.87,31.88,3000
277,31.88,31.9,31.88,31.89,7342
278,31.88,31.9,31.88,31.88,3000
279,31.89,31.89,31.88,31.88,3850
280,31.89,31.9,31.865,31.885,5888
281,31.895,31.92,31.89,31.89,5600
282,31.845,31.89,31.845,31.89,8585
283,31.86,31.86,31.84,31.86,3280
284,31.87,31.87,31.86,31.86,3488
285,31.88,31.885,31.87,31.88,4030
286,31.84,31.88,31.84,31.88,2400
287,31.82,31.85,31.82,31.85,6993
288,31.8,31.83,31.8,31.82,10681
289,31.82,31.82,31.78,31.8,8523
290,31.82,31.86,31.82,31.82,11350
291,31.84,31.84,31.825,31.83,9023
292,31.83,31.83,31.82,31.83,2214
293,31.8,31.825,31.8,31.82,5150
294,31.8,31.81,31.79,31.8,5791
295,31.8,31.82,31.8,31.81,10200
296,31.81,31.82,31.8,31.8,4500
297,31.795,31.8,31.795,31.8,3807
298,31.79,31.8,31.78,31.8,9318
299,31.8,31.8,31.78,31.78,3719
300,31.8,31.81,31.8,31.81,6464
301,31.775,31.8,31.775,31.8,6676
302,31.8,31.8,31.775,31.775,3058
303,31.78,31.81,31.78,31.81,3200
304,31.79,31.79,31.78,31.79,6678
305,31.8,31.81,31.785,31.79,10184
306,31.76,31.8,31.75,31.8,9363
307,31.75,31.76,31.72,31.755,12881
308,31.77,31.78,31.74,31.74,5921
309,31.72,31.765,31.72,31.75,6101
310,31.74,31.75,31.72,31.72,7042
311,31.75,31.75,31.74,31.74,1032
312,31.73,31.75,31.715,31.75,12623
313,31.69,31.73,31.68,31.729,9066
314,31.7,31.71,31.67,31.68,6514
315,31.67,31.705,31.63,31.705,24647
316,31.62,31.67,31.62,31.67,10496
317,31.65,31.66,31.62,31.63,18574
318,31.63,31.65,31.6,31.65,15043
319,31.665,31.67,31.625,31.63,7100
320,31.63,31.67,31.62,31.665,4954
321,31.65,31.65,31.62,31.63,9899
322,31.645,31.665,31.64,31.64,6800
323,31.66,31.66,31.63,31.64,6200
324,31.67,31.68,31.65,31.66,5183
325,31.675,31.69,31.675,31.68,4233
326,31.66,31.68,31.66,31.68,2300
327,31.68,31.705,31.665,31.67,6442
328,31.68,31.69,31.67,31.685,5821
329,31.69,31.7,31.69,31.69,2000
330,31.65,31.69,31.645,31.69,8582
331,31.64,31.67,31.64,31.66,4785
332,31.655,31.665,31.63,31.645,5776
333,31.635,31.65,31.635,31.65,5759
334,31.65,31.65,31.64,31.64,2700
335,31.66,31.67,31.65,31.65,3250
336,31.65,31.66,31.645,31.66,3999
337,31.635,31.67,31.635,31.66,6581
338,31.64,31.64,31.63,31.6301,3600
339,31.645,31.65,31.62,31.64,3097
340,31.595,31.64,31.59,31.64,14345
341,31.56,31.61,31.56,31.6,46731
342,31.5746,31.58,31.555,31.56,33414
343,31.595,31.6,31.56,31.575,29814
344,31.6,31.61,31.58,31.605,5525
345,31.595,31.6132,31.56,31.61,22627
346,31.6,31.61,31.585,31.59,14528
347,31.61,31.625,31.595,31.61,12459
348,31.595,31.615,31.59,31.61,7305
349,31.59,31.595,31.57,31.595,11883
350,31.61,31.63,31.6,31.6,7182
351,31.62,31.625,31.59,31.61,7950
352,31.62,31.62,31.6,31.62,4929
353,31.64,31.655,31.615,31.62,10200
354,31.6501,31.665,31.64,31.65,5223
355,31.66,31.66,31.64,31.65,3215
356,31.65,31.665,31.65,31.66,4100
357,31.65,31.665,31.65,31.66,4109
358,31.67,31.675,31.64,31.65,6259
359,31.685,31.69,31.675,31.68,5916
360,31.68,31.68,31.66,31.68,8041
361,31.67,31.68,31.67,31.68,2800
362,31.655,31.68,31.65,31.68,5861
363,31.665,31.68,31.65,31.66,9466
364,31.6686,31.675,31.66,31.67,6980
365,31.71,31.71,31.67,31.67,7205
366,31.68,31.71,31.665,31.71,19782
367,31.69,31.7,31.69,31.69,6700
368,31.7,31.7,31.67,31.695,9740
369,31.69,31.7,31.685,31.7,3145
370,31.73,31.73,31.69,31.69,9960
371,31.7101,31.73,31.705,31.725,10789
372,31.72,31.72,31.7,31.71,6673
373,31.705,31.72,31.7,31.72,4870
374,31.72,31.73,31.705,31.705,12989
375,31.71,31.72,31.71,31.72,4500
376,31.705,31.71,31.69,31.71,12054
377,31.72,31.72,31.7,31.7,6951
378,31.72,31.72,31.71,31.715,7086
379,31.715,31.72,31.71,31.72,5326
380,31.73,31.74,31.71,31.715,43222
381,31.715,31.73,31.715,31.73,14300
382,31.715,31.72,31.71,31.71,16231
383,31.725,31.73,31.71,31.71,8295
384,31.74,31.74,31.725,31.73,13199
385,31.745,31.75,31.73,31.735,13595
386,31.735,31.76,31.725,31.74,47954
387,31.74,31.755,31.71,31.73,41152
388,31.735,31.75,31.725,31.74,21583
389,31.735,31.74,31.73,31.73,18453
390,31.73,31.74,31.73,31.735,212310
