CHTR,Charter Communications,Consumer Discretionary,1,Cable & Satellite,92154023400,1763259
a1497447000,342.83,342.83,342.83,342.83,4250
1,342.45,343.185,341.23,342.0394,1900
2,343.08,343.17,342.99,343.07,1700
3,343.11,343.11,342.67,342.955,1000
4,343.64,343.64,343.62,343.62,500
5,342.975,343.49,342.06,343.32,3800
6,343.37,343.37,342.66,343.365,2042
7,343.39,343.39,343.12,343.1395,750
8,342.98,343.14,342.98,343.13,1100
9,342.8,343.16,342.8,343.16,500
10,342.88,342.96,342.76,342.76,1300
11,342.82,343.26,342.77,343.26,1900
12,342.54,342.71,342.3,342.49,1400
13,342.41,342.41,342.41,342.41,100
14,342.29,342.29,342.29,342.29,100
15,342.105,342.23,341.98,342.23,800
16,343.12,343.12,342.27,342.36,2107
17,343.54,344.16,343.28,343.47,2863
18,342.88,343.6,342.6,343.6,2807
19,342.8,342.8,342.8,342.8,100
20,342.79,342.79,342.53,342.79,300
21,342.73,342.73,342.73,342.73,200
23,342.87,342.92,342.87,342.92,200
24,343.01,343.03,343.01,343.03,469
27,343.735,343.94,343.735,343.94,200
28,343.715,343.91,343.715,343.91,700
29,343.72,343.91,343.625,343.72,2600
30,343.195,343.71,343.15,343.71,3417
31,343.99,343.99,343.225,343.225,1800
32,343.34,344.005,343.34,344.005,3599
33,343.65,343.77,343.29,343.39,500
34,343.5,343.5,343.485,343.485,400
35,343.65,343.94,343.21,343.22,2602
36,343.875,344.17,343.6,343.995,5060
37,343.87,343.87,343.87,343.87,200
38,343.64,343.865,343.3,343.865,3500
41,343.15,343.795,343.15,343.53,4450
43,343.41,343.41,343.1,343.1,1700
44,343.4,343.67,343.4,343.62,1300
45,343.24,343.75,343.24,343.42,5100
46,343.44,343.44,343.24,343.27,3695
47,343.29,343.71,343.29,343.44,2699
48,343.285,343.415,343.285,343.3325,600
49,342.92,343.21,342.71,343.16,6457
50,342.72,342.79,342.53,342.79,1096
51,342.08,342.71,342.02,342.71,1956
52,342.13,342.13,342.13,342.13,100
53,341.56,342.13,341.5,342.13,1600
54,341.13,341.56,341.13,341.37,933
55,341.22,341.475,341.22,341.22,1101
56,341.37,341.38,341.22,341.22,1100
57,341.865,341.865,341.24,341.25,3869
58,341.69,342.07,341.69,341.86,2400
59,341.86,341.99,341.85,341.85,600
60,342.55,342.87,342,342,1700
61,342.09,342.25,342.09,342.25,1950
62,342.18,342.18,342.01,342.01,650
63,341.85,342.01,341.85,342.01,1200
64,342.06,342.065,341.85,341.86,1700
65,341.85,341.95,341.85,341.95,1188
66,341.63,341.97,341.48,341.85,5689
67,341.47,341.825,341.47,341.825,1600
68,341.5,341.51,341.49,341.49,300
69,341.755,341.755,341.755,341.755,100
70,341.39,341.97,341.39,341.775,5719
71,341.13,341.6,341.13,341.54,3554
72,340.615,341.12,340.38,341.1,6592
73,340.645,340.81,340.49,340.81,500
74,340.77,340.88,340.48,340.65,4985
75,340.81,340.81,340.75,340.75,1030
76,341.18,341.18,341.18,341.18,200
77,340.895,340.895,340.895,340.895,100
78,341.62,341.62,340.925,340.925,1800
79,342.17,342.35,341.55,341.6,2500
80,342.28,342.28,342.28,342.28,100
81,342.36,342.36,342.09,342.225,1800
82,341.64,342.22,341.42,342.22,5300
83,342.05,342.05,341.63,341.63,700
84,341.83,341.83,341.83,341.83,100
85,341.67,341.68,341.67,341.67,1400
86,341.47,342,341.47,341.6,3200
87,342,342.0999,341.75,341.75,3649
88,341.22,341.86,341.22,341.86,1676
89,341.2,341.21,341.2,341.21,300
90,341.03,341.11,341.03,341.11,300
91,341.05,341.34,341.03,341.34,2398
92,340.79,341.05,340.73,341.04,1060
93,340.72,340.82,340.65,340.82,501
94,340.785,340.95,340.6,340.6,1200
95,341.64,341.64,340.93,340.93,3400
96,341.78,342.14,341.78,342.035,4820
97,341.53,341.6,341.53,341.6,200
98,341.43,341.43,341.43,341.43,100
99,341.43,341.43,341.43,341.43,400
100,340.96,341.27,340.84,341.26,2600
101,341.32,341.32,340.665,341.04,7579
102,341.12,341.76,341.12,341.51,3493
103,341.65,341.939,341.61,341.69,4100
104,341.07,341.77,341.07,341.77,4869
105,341.03,341.43,340.94,341.3,1800
106,341.59,341.64,341.1,341.2,2200
107,341.78,341.8,341.505,341.505,2322
108,341.55,341.8,341.55,341.78,3218
109,341.71,341.8,341.68,341.68,800
110,341.75,341.75,341.33,341.71,3100
111,342.02,342.02,341.68,341.68,3100
112,341.83,342.045,341.83,341.94,4200
113,342.25,342.25,342.015,342.13,3282
114,342.1,342.1,342.1,342.1,100
115,342.545,342.63,342.19,342.2,6306
116,342.65,342.84,342.545,342.545,3359
117,342.42,342.68,342.42,342.52,2713
118,342.18,342.28,342.09,342.28,2142
119,341.76,341.99,341.76,341.99,300
120,341.86,341.86,341.77,341.77,342
121,341.825,342,341.53,341.99,1666
122,341.76,341.76,341.63,341.63,1400
123,341.5,342,341.28,342,6570
124,341.39,341.39,341.39,341.39,200
125,341.385,341.4,341.385,341.385,300
126,340.94,341.26,340.92,341.23,1800
127,341.23,341.25,340.755,340.99,3812
128,341.09,341.55,341.09,341.26,3404
130,340.9,341.16,340.9,341.16,700
131,341.12,341.1699,340.8101,340.9,1432
132,340.82,341.07,340.82,341.07,3700
133,340.99,341.16,340.72,340.81,6500
134,341.35,341.36,340.96,341.08,9014
135,341.52,341.52,341.36,341.41,3735
136,341.435,341.435,341.31,341.4,357
137,341.27,341.31,341.27,341.31,300
138,341.28,341.4,341.04,341.07,2700
139,341.32,341.5,341.14,341.27,3100
140,341.75,341.75,341.27,341.39,2099
141,341.87,341.87,341.87,341.87,100
142,341.615,341.97,341.58,341.87,1693
143,341.83,341.9,341.55,341.55,1500
144,341.85,341.85,341.72,341.8,813
145,341.74,341.74,341.74,341.74,500
146,341.84,341.98,341.84,341.88,700
147,342.01,342.09,342,342.08,548
148,342,342.23,342,342.23,800
149,341.78,342.17,341.64,342,2563
150,342.1,342.1,341.82,341.86,1804
151,342.04,342.04,341.88,341.88,400
153,341.845,341.99,341.71,341.99,1173
154,341.66,341.84,341.62,341.69,2254
156,342.17,342.17,341.75,341.75,2512
157,342.245,342.25,342.245,342.25,300
158,342.245,342.245,342.245,342.245,100
159,342.17,342.255,342.11,342.255,500
160,342.07,342.11,342.07,342.11,643
161,341.9,342,341.9,342,1300
162,341.76,341.76,341.76,341.76,700
164,341.8525,341.8525,341.63,341.63,300
165,341.68,341.9,341.61,341.9,700
166,341.41,341.68,341.41,341.68,1000
167,341.24,341.24,341.24,341.24,300
168,341.19,341.49,341.07,341.37,5007
170,341.34,341.34,341.33,341.33,200
171,341.63,341.8,341.17,341.32,2798
172,341.61,341.76,341.32,341.63,2789
173,341.32,341.51,341.08,341.27,2374
174,341.38,341.38,341.2,341.2,400
176,341.195,341.195,341.03,341.03,200
178,341.73,341.8,341.205,341.205,2775
179,341.51,341.51,341.51,341.51,200
180,341.87,342.03,341.63,341.665,9000
181,341.89,342.05,341.88,342.05,1991
183,341.45,341.7325,341.29,341.51,2383
184,341.45,341.45,341.275,341.28,800
185,341.78,341.9,341.43,341.43,2300
186,341.65,342.01,341.63,341.63,4092
187,341.81,341.91,341.6565,341.78,2200
188,341.89,341.89,341.8,341.8,313
189,341.64,341.88,341.64,341.88,232
190,341.88,341.88,341.88,341.88,100
191,342.175,342.175,341.89,341.89,1700
192,342.1,342.205,342.1,342.205,200
193,342.07,342.09,342.07,342.09,200
194,342.1,342.1,341.92,342.07,2159
195,342.15,342.15,342.15,342.15,100
196,341.69,341.81,341.69,341.81,400
197,341.7,341.7,341.63,341.64,500
198,341.575,341.78,341.43,341.67,500
199,341.94,341.95,341.76,341.78,4069
200,342.14,342.14,341.98,341.98,1201
201,342.2,342.28,341.95,342.15,3790
202,341.98,342.135,341.98,342.135,578
203,341.76,341.99,341.67,341.99,3975
204,341.86,341.86,341.52,341.52,200
205,341.85,341.97,341.685,341.685,3201
206,342.15,342.15,341.79,341.79,1900
207,342.02,342.19,341.85,341.98,5585
208,342.32,342.45,342.04,342.04,4010
209,341.91,342.25,341.88,342.25,2000
210,341.63,341.93,341.42,341.7,1200
211,341.34,341.66,341.34,341.66,700
212,341.94,342.03,341.31,341.34,1468
213,341.7,341.7,341.7,341.7,100
216,342.04,342.04,341.9,341.905,300
217,341.725,341.88,341.725,341.88,500
218,341.96,342.09,341.71,341.72,2801
219,341.935,341.935,341.935,341.935,100
222,341.92,341.925,341.79,341.82,750
223,342.02,342.02,342.02,342.02,100
224,341.75,341.915,341.74,341.915,700
225,341.8,341.8,341.58,341.58,700
226,341.68,341.89,341.68,341.89,300
228,341.91,341.92,341.91,341.92,700
229,341.74,342.02,341.68,341.9,2800
230,342.01,342.1,341.83,341.93,8685
231,341.85,341.99,341.79,341.98,1700
232,341.83,342,341.83,341.88,1400
233,341.68,342.06,341.68,341.88,2931
234,341.54,341.66,341.54,341.66,600
235,341.68,341.7,341.42,341.66,5854
236,341.37,341.65,341.33,341.41,3210
237,341.3147,341.52,341.3147,341.52,321
238,341.3843,341.3843,341.29,341.29,500
239,341.12,341.25,341.12,341.25,500
240,341.36,341.36,341.18,341.275,400
241,341.27,341.27,341.08,341.245,1700
242,341.01,341.01,341.01,341.01,200
243,341.165,341.165,341.165,341.165,100
244,341.12,341.165,341.03,341.165,800
245,341.08,341.18,341.08,341.18,200
246,341.72,341.75,341.25,341.28,4645
247,342.015,342.14,341.81,341.81,1040
248,342.035,342.15,342.025,342.03,700
249,342.19,342.22,341.98,342.04,3199
250,342.22,342.38,342.175,342.2,2500
251,342.06,342.13,342.06,342.13,300
252,342.09,342.145,341.92,342.145,625
253,341.91,341.91,341.91,341.91,300
254,342.21,342.32,341.96,341.96,4777
255,342.06,342.15,342.06,342.15,300
256,342.065,342.17,341.72,342.055,4631
257,341.94,342.065,341.92,342.065,910
258,341.94,342.11,341.8735,341.95,4650
259,341.45,342,341.45,341.94,3192
260,341.35,341.35,341.35,341.35,100
261,341.76,341.76,341.35,341.435,2100
262,341.89,341.89,341.57,341.7,2400
263,342.04,342.22,341.915,341.98,2800
264,342.165,342.3,342.02,342.02,1104
265,342,342.195,342,342.195,776
268,341.615,341.6499,341.31,341.63,6650
269,341.85,341.85,341.645,341.645,2406
271,341.7,341.7,341.6901,341.7,300
272,341.15,341.72,341.15,341.7,1100
273,340.755,341.385,340.66,341.35,1668
274,341.18,342.13,340.65,340.85,4266
275,340.865,341.1501,340.83,341.1501,2400
276,341.37,341.37,341.11,341.11,1900
277,340.74,341.205,340.74,341.09,1206
278,341.2,341.59,340.7301,340.99,3962
279,341.27,341.28,341.26,341.28,1200
280,341.33,341.72,341.2755,341.4,9400
281,341.45,341.45,341.4,341.4,2169
282,340.71,341.35,340.58,341.35,2600
283,340.45,340.57,340.45,340.57,200
284,340.9599,340.9599,340.9599,340.9599,150
285,340.55,340.745,340.55,340.74,601
286,340.87,340.93,340.59,340.93,1100
287,340.42,340.62,340.42,340.59,2451
288,340.34,340.545,340.34,340.545,200
289,340.05,340.3,340.05,340.27,300
290,340.14,340.25,339.98,340.25,1000
291,340.08,340.08,339.93,340.02,500
292,339.985,339.985,339.91,339.91,200
293,339.73,339.935,339.73,339.935,300
294,340.22,340.22,339.63,339.63,2056
295,340.38,340.38,340.28,340.28,500
296,341.22,341.22,340.56,340.56,2176
297,341.23,341.23,340.97,340.97,200
298,341.22,341.22,341.22,341.22,100
300,341.08,341.085,340.94,341.01,2050
301,341.21,341.21,340.45,341.08,3637
303,341.45,341.45,340.79,340.9,5923
304,341.47,341.48,341.23,341.235,600
305,341.25,341.48,341.24,341.24,2343
306,340.81,341.22,340.75,341.2,3700
307,340.88,341.15,340.49,340.56,4019
308,341.3,341.34,340.49,340.55,5702
309,340.86,341.3,340.56,341.3,3200
310,340.91,341.15,340.66,341.083,1469
311,340.68,340.99,340.68,340.8,300
312,340.55,340.75,340.26,340.745,901
313,339.965,340.53,339.74,340.33,4942
314,339.65,339.88,339.65,339.81,600
315,339.14,339.915,339.05,339.65,3100
316,338.87,339.38,338.82,339.36,2002
317,338.98,339.46,338.76,338.92,2966
318,337.95,339.17,337.95,339.17,7574
319,339.58,339.59,338.14,338.14,8130
320,339.7,339.75,339,339.57,4100
321,339.37,339.37,339.08,339.36,500
322,339.16,339.5999,339.11,339.11,1403
323,339,339.01,338.96,338.96,300
324,339.03,339.21,339.03,339.21,200
325,339.42,340.02,339.14,339.295,10600
326,339.105,339.46,339.08,339.46,1000
327,339.24,339.545,339.21,339.29,2062
328,339.37,339.65,339.18,339.64,2768
329,339.285,339.45,339.285,339.3,1800
330,339.0182,339.275,338.76,339.12,2964
331,338.825,339.025,338.5,338.87,1290
332,338.49,338.735,338.37,338.59,2898
333,338.35,338.82,338.15,338.36,3098
334,338.295,338.5,338.1,338.325,600
335,339.4,339.4,338.43,338.49,4229
336,339.21,339.43,339.2,339.405,600
337,338.99,339.38,338.57,339.17,4700
338,338.33,338.94,338.33,338.34,1400
339,338.17,338.48,338.01,338.33,9000
340,337.76,338.56,337.7,338.405,7682
341,336.72,337.91,336.55,337.91,5865
342,336.41,337.07,336.41,337.07,2242
343,336.66,336.9,336.36,336.43,2415
344,336.575,336.59,336.13,336.41,8146
345,336.51,337.14,336.32,336.6,4740
346,336.75,336.89,336.37,336.37,2594
347,336.9,337.14,336.87,336.9,1800
348,337.365,337.89,336.71,336.79,7285
349,337.365,337.385,336.85,337.385,3774
350,337.49,337.495,337.3,337.3,1040
351,337.31,337.31,336.64,337.31,4529
352,337.5,337.5,336.935,336.935,2610
353,337.395,337.52,337.16,337.33,1700
354,337.39,337.6299,337.2,337.53,5495
355,337.59,337.6,337.43,337.6,1500
356,337.6,337.84,337.41,337.53,2500
357,336.87,337.615,336.87,337.6,2300
358,337.58,337.58,336.82,336.82,8472
359,337.88,337.88,337.495,337.495,2855
360,337.76,338.07,337.56,338,1800
361,337.95,337.98,337.775,337.98,1400
362,337.515,338.12,337.49,337.78,4585
363,336.81,337.33,336.81,337.33,2700
364,336.97,336.98,336.775,336.775,1600
365,337.88,337.88,336.94,336.94,2569
366,338.01,338.43,337.59,337.88,2500
367,338.23,338.43,338.225,338.225,3031
368,338.07,338.37,337.8,338.36,4783
369,337.93,338.07,337.93,338.07,200
370,338.425,338.6,337.95,338.05,4548
371,338.52,338.68,338.34,338.41,2400
372,338.53,338.67,338.22,338.41,5323
373,338.42,338.585,338.24,338.24,900
374,338.39,338.575,338.12,338.42,2935
375,337.96,338.38,337.96,338.26,2822
376,337.975,338.17,337.7,337.91,2363
377,337.91,338.17,337.75,338.17,1900
378,337.77,338.025,337.72,337.74,2000
379,337.8,337.98,337.77,337.77,1800
380,338.1,338.585,337.81,337.81,9092
381,338.19,338.44,338.01,338.29,4549
382,338.04,338.21,337.9,338.16,4333
383,338.32,338.32,337.9,337.9,3500
384,338.36,338.44,338.08,338.33,2685
385,338.57,338.59,338.23,338.3,3835
386,338.2,338.54,338.2,338.485,3327
387,338.105,338.38,337.98,338.29,4201
388,337.99,338.2,337.89,338.2,3000
389,338.04,338.09,337.87,337.9,9339
390,338.33,338.59,337.92,337.92,156607
