CINF,Cincinnati Financial,Financials,4,Property & Casualty Insurance,12007401692,555610
a1497447000,72.71,72.71,72.71,72.71,4169
1,72.69,72.88,72.69,72.88,204
2,72.7,72.7,72.7,72.7,100
3,72.7,72.7,72.7,72.7,100
5,72.78,72.78,72.72,72.74,1600
6,72.78,72.78,72.7101,72.7101,203
8,72.72,72.73,72.7,72.7,700
9,72.76,72.76,72.71,72.72,800
11,72.88,72.88,72.87,72.87,468
13,72.9,72.9,72.9,72.9,100
15,72.915,72.915,72.915,72.915,645
16,72.85,72.86,72.85,72.86,400
17,72.91,72.91,72.82,72.82,2295
18,72.85,72.91,72.85,72.91,950
20,72.86,72.86,72.86,72.86,170
22,72.89,72.89,72.88,72.89,600
25,72.9,72.9,72.9,72.9,200
26,72.96,72.96,72.96,72.96,200
27,72.99,72.99,72.98,72.98,400
28,72.96,73,72.95,73,1400
29,73.02,73.02,72.96,72.96,600
30,73.07,73.07,73.01,73.01,200
31,73.01,73.02,73.01,73.02,200
32,72.925,72.98,72.925,72.95,1100
33,72.88,72.96,72.88,72.9,900
34,72.86,72.91,72.85,72.91,900
35,72.85,72.89,72.85,72.87,900
36,72.82,72.84,72.81,72.84,1745
37,72.79,72.82,72.79,72.81,400
38,72.75,72.78,72.72,72.78,2200
39,72.73,72.76,72.71,72.75,2050
40,72.76,72.76,72.74,72.74,700
41,72.71,72.75,72.71,72.75,500
42,72.72,72.75,72.72,72.75,200
44,72.75,72.75,72.74,72.74,200
45,72.8,72.8,72.8,72.8,400
46,72.8613,72.8613,72.77,72.79,1677
47,72.93,72.93,72.88,72.88,1400
48,72.94,72.96,72.92,72.96,2300
49,72.99,73.0583,72.96,72.96,7518
50,72.985,72.985,72.985,72.985,385
51,72.9997,73,72.95,72.96,2446
52,72.99,72.99,72.99,72.99,300
53,72.96,72.99,72.94,72.99,994
54,72.94,72.94,72.94,72.94,100
55,72.9699,73,72.955,72.96,3866
56,72.955,72.99,72.955,72.97,1900
57,72.96,72.99,72.96,72.96,3610
58,72.96,72.985,72.96,72.97,3034
60,73.03,73.03,72.99,72.99,300
63,72.98,72.98,72.98,72.98,100
64,73.0293,73.0293,72.97,72.98,611
67,73.02,73.03,73.02,73.03,600
68,73.06,73.06,73.01,73.01,300
71,73.02,73.02,73.02,73.02,300
72,72.95,73.01,72.95,73,2600
73,73,73.01,72.96,72.96,2291
74,73,73.01,72.99,73.01,900
75,72.97,73,72.97,73,500
76,72.99,72.99,72.94,72.95,1800
77,73,73,72.98,72.995,3900
79,72.98,72.98,72.97,72.97,300
83,72.98,72.98,72.98,72.98,100
85,73.01,73.01,73,73,800
86,72.97,72.97,72.96,72.97,901
87,72.95,73,72.93,72.97,4390
88,72.87,72.92,72.87,72.92,1300
89,72.8601,72.8601,72.84,72.84,520
90,72.87,72.87,72.83,72.84,1211
91,72.889,72.8995,72.88,72.89,400
92,72.92,72.92,72.91,72.91,200
93,72.95,72.95,72.95,72.95,100
94,72.99,73,72.9703,72.98,994
96,72.96,72.96,72.96,72.96,400
97,72.94,72.94,72.94,72.94,100
98,72.97,72.97,72.96,72.97,400
102,72.93,72.95,72.93,72.95,580
104,72.87,72.87,72.87,72.87,100
106,72.89,72.89,72.86,72.86,200
108,72.89,72.89,72.85,72.85,200
109,72.86,72.86,72.86,72.86,100
110,72.86,72.86,72.86,72.86,100
112,72.8,72.8,72.8,72.8,100
113,72.82,72.82,72.82,72.82,244
114,72.735,72.8,72.735,72.8,1215
115,72.79,72.79,72.76,72.76,900
120,72.8046,72.8046,72.8,72.8,1100
121,72.76,72.79,72.76,72.79,900
122,72.76,72.76,72.76,72.76,200
123,72.76,72.76,72.76,72.76,400
124,72.7338,72.74,72.72,72.74,556
125,72.71,72.71,72.71,72.71,100
126,72.71,72.71,72.71,72.71,200
128,72.7,72.7,72.69,72.69,300
129,72.68,72.69,72.66,72.69,1720
130,72.64,72.66,72.64,72.66,600
131,72.66,72.66,72.66,72.66,850
133,72.64,72.64,72.64,72.64,100
135,72.63,72.63,72.61,72.61,800
136,72.57,72.62,72.5601,72.61,2100
137,72.5,72.5,72.5,72.5,100
139,72.58,72.58,72.57,72.57,600
140,72.59,72.59,72.5494,72.5494,636
141,72.57,72.57,72.57,72.57,100
142,72.53,72.57,72.53,72.57,400
146,72.54,72.54,72.52,72.52,400
147,72.5403,72.5403,72.5403,72.5403,120
150,72.56,72.56,72.52,72.52,900
151,72.53,72.5606,72.53,72.5606,432
152,72.52,72.53,72.52,72.53,300
153,72.53,72.53,72.53,72.53,500
155,72.53,72.54,72.53,72.53,1100
158,72.49,72.52,72.49,72.52,400
159,72.46,72.46,72.46,72.46,198
161,72.45,72.45,72.45,72.45,200
166,72.43,72.43,72.43,72.43,100
167,72.47,72.47,72.47,72.47,400
170,72.53,72.53,72.5,72.5,400
171,72.56,72.56,72.54,72.54,500
173,72.58,72.58,72.58,72.58,200
174,72.56,72.61,72.56,72.59,1400
175,72.57,72.57,72.54,72.54,900
176,72.55,72.58,72.54,72.58,1000
177,72.58,72.58,72.57,72.57,300
178,72.56,72.56,72.56,72.56,100
181,72.5501,72.5501,72.5501,72.5501,132
182,72.61,72.61,72.59,72.59,300
183,72.61,72.61,72.61,72.61,200
185,72.63,72.63,72.63,72.63,200
186,72.61,72.61,72.61,72.61,105
189,72.64,72.64,72.6,72.62,500
192,72.66,72.68,72.66,72.66,300
193,72.73,72.99,72.68,72.69,7820
194,72.71,72.74,72.71,72.73,1400
195,72.73,72.73,72.71,72.71,500
197,72.72,72.73,72.72,72.73,200
200,72.65,72.65,72.65,72.65,100
201,72.68,72.68,72.68,72.68,300
204,72.66,72.66,72.66,72.66,100
207,72.67,72.67,72.67,72.67,200
209,72.69,72.7,72.69,72.7,400
210,72.72,72.72,72.7,72.7,800
211,72.74,72.74,72.74,72.74,100
212,72.76,72.76,72.74,72.74,300
213,72.75,72.75,72.75,72.75,400
216,72.77,72.77,72.74,72.74,290
217,72.77,72.77,72.74,72.74,200
218,72.74,72.74,72.74,72.74,400
219,72.71,72.71,72.71,72.71,200
220,72.65,72.666,72.65,72.666,600
221,72.67,72.67,72.6301,72.6301,300
224,72.665,72.67,72.65,72.65,2225
225,72.665,72.665,72.665,72.665,300
226,72.72,72.735,72.69,72.69,3500
227,72.7,72.71,72.67,72.71,2608
228,72.74,72.74,72.67,72.72,2000
229,72.67,72.75,72.67,72.7,2200
230,72.69,72.72,72.69,72.72,400
233,72.69,72.69,72.68,72.68,390
239,72.73,72.73,72.73,72.73,100
241,72.67,72.7,72.67,72.7,500
242,72.71,72.71,72.71,72.71,200
244,72.69,72.69,72.69,72.69,100
246,72.69,72.69,72.69,72.69,100
247,72.66,72.67,72.66,72.67,500
249,72.67,72.67,72.67,72.67,500
250,72.69,72.69,72.69,72.69,200
251,72.68,72.68,72.68,72.68,100
252,72.7012,72.74,72.7012,72.74,627
253,72.6928,72.6929,72.67,72.68,1996
254,72.691,72.691,72.691,72.691,342
258,72.66,72.66,72.66,72.66,100
260,72.695,72.695,72.695,72.695,100
261,72.7,72.7,72.7,72.7,200
262,72.68,72.68,72.68,72.68,100
264,72.71,72.71,72.71,72.71,100
267,72.75,72.75,72.75,72.75,100
269,72.7361,72.75,72.71,72.74,1986
270,72.7,72.7,72.7,72.7,109
271,72.71,72.71,72.71,72.71,200
273,72.72,72.72,72.69,72.71,700
274,72.73,72.73,72.72,72.72,200
275,72.72,72.75,72.72,72.75,200
276,72.77,72.77,72.7,72.7,400
277,72.75,72.8,72.75,72.79,800
278,72.8,72.8,72.78,72.79,300
279,72.76,72.77,72.76,72.77,200
280,72.73,72.73,72.73,72.73,100
281,72.79,72.82,72.79,72.79,700
282,72.73,72.78,72.73,72.78,500
283,72.72,72.72,72.72,72.72,100
284,72.73,72.73,72.73,72.73,200
286,72.74,72.785,72.74,72.76,1426
287,72.72,72.72,72.72,72.72,100
288,72.741,72.78,72.73,72.73,989
289,72.73,72.752,72.73,72.752,1158
291,72.77,72.77,72.74,72.74,600
292,72.73,72.7434,72.73,72.7434,600
293,72.68,72.71,72.68,72.71,500
294,72.72,72.72,72.72,72.72,300
296,72.79,72.79,72.79,72.79,100
297,72.82,72.82,72.82,72.82,100
298,72.83,72.83,72.77,72.77,400
299,72.83,72.83,72.7901,72.7901,625
300,72.8295,72.8295,72.8295,72.8295,137
302,72.85,72.85,72.85,72.85,100
303,72.82,72.84,72.82,72.84,1300
304,72.86,72.86,72.82,72.82,400
305,72.91,72.92,72.8428,72.8428,400
306,72.89,72.89,72.89,72.89,100
307,72.89,72.89,72.89,72.89,100
308,72.86,72.86,72.86,72.86,300
309,72.85,72.85,72.84,72.84,400
310,72.89,72.89,72.87,72.87,200
311,72.93,72.93,72.93,72.93,100
312,72.92,72.92,72.89,72.89,1000
313,72.91,72.96,72.91,72.96,1654
314,72.83,72.865,72.8,72.85,800
315,72.81,72.82,72.81,72.82,200
316,72.77,72.77,72.77,72.77,100
317,72.82,72.82,72.81,72.81,400
318,72.84,72.9,72.809,72.8469,4521
319,72.83,72.83,72.82,72.82,200
321,72.88,72.88,72.88,72.88,100
322,72.93,72.93,72.93,72.93,100
323,72.93,72.94,72.89,72.89,600
324,72.95,73,72.94,72.95,3828
325,72.92,72.92,72.92,72.92,200
326,72.93,72.93,72.93,72.93,300
327,72.95,72.95,72.95,72.95,200
328,72.95,72.95,72.92,72.92,300
329,72.96,72.96,72.96,72.96,200
330,72.95,72.965,72.95,72.96,600
331,72.91,72.91,72.9,72.91,500
332,72.92,72.92,72.92,72.92,200
333,72.93,72.93,72.9,72.925,1564
334,72.95,72.95,72.95,72.95,200
335,73,73,72.99,72.99,700
336,73.01,73.01,73,73,600
337,73.06,73.06,73.04,73.04,300
338,73.12,73.12,73.11,73.11,200
340,73.13,73.13,73.13,73.13,100
341,73.02,73.12,73.02,73.1,2300
342,73.08,73.09,73.06,73.06,1200
343,73.09,73.1,73.08,73.08,1662
344,73.1,73.1,73.09,73.09,400
345,73.12,73.12,73.09,73.09,750
346,73.15,73.15,73.15,73.15,300
347,73.18,73.18,73.18,73.18,100
348,73.17,73.17,73.17,73.17,100
349,73.22,73.22,73.21,73.21,200
350,73.24,73.25,73.18,73.22,1900
351,73.17,73.2,73.17,73.2,700
352,73.111,73.17,73.111,73.16,2400
353,73.17,73.17,73.11,73.11,1200
354,73.16,73.16,73.14,73.16,600
355,73.17,73.18,73.17,73.18,900
356,73.13,73.15,73.13,73.15,600
357,73.12,73.12,73.12,73.12,200
358,73.1,73.13,73.1,73.115,2407
359,73.11,73.14,73.11,73.14,200
360,73.07,73.13,73.04,73.11,1765
361,73.11,73.11,73.11,73.11,100
362,73.11,73.11,73.09,73.09,500
363,73.08,73.08,73.08,73.08,500
364,73.09,73.1,73.07,73.09,400
365,73.12,73.12,73.1,73.1,1000
366,73.11,73.14,73.11,73.14,500
367,73.11,73.1297,73.11,73.1297,300
368,73.12,73.13,73.09,73.13,1266
369,73.13,73.13,73.12,73.12,305
370,73.14,73.14,73.13,73.13,769
372,73.12,73.13,73.12,73.13,1586
373,73.1,73.1,73.1,73.1,765
374,73.05,73.08,73.05,73.08,872
375,73.08,73.08,73.08,73.08,565
376,73.01,73.06,73.01,73.06,600
377,73.01,73.04,73.01,73.04,700
378,73.02,73.04,73.02,73.04,826
379,72.99,73.04,72.95,73.01,11012
380,73.03,73.06,73,73,2300
381,73.02,73.04,72.99,73.02,1509
382,72.99,73,72.99,72.99,2970
383,73,73,72.98,72.98,1709
384,73.03,73.03,73,73,1424
385,73.08,73.09,73.04,73.04,1965
386,73.07,73.08,73.06,73.08,900
387,73.08,73.08,73.04,73.05,3610
388,73.06,73.07,73.05,73.07,2409
389,73.09,73.1,73.06,73.08,2857
390,73.05,73.1,73.05,73.085,49984
