DRI,Darden Restaurants,Consumer Discretionary,1,Restaurants,11014009202,1204546
a1497447000,90.01,90.01,90.01,90.01,12091
1,90.22,90.26,89.97,90.02,15105
2,90.27,90.27,90.04,90.1303,19782
3,90.2,90.26,90.15,90.165,800
4,90.258,90.41,90.258,90.405,750
5,90.38,90.38,90.2766,90.285,2700
6,90.41,90.42,90.285,90.285,1200
7,90.34,90.42,90.31,90.395,4908
8,90.4,90.44,90.34,90.375,11000
9,90.445,90.475,90.37,90.4,7906
10,90.6,90.74,90.37,90.39,44559
11,90.635,90.69,90.55,90.65,15752
12,90.48,90.72,90.48,90.635,33008
13,90.54,90.58,90.47,90.57,1800
14,90.49,90.56,90.49,90.56,1300
15,90.47,90.47,90.47,90.47,200
16,90.38,90.43,90.38,90.43,7200
17,90.2,90.38,90.2,90.38,4800
18,90.08,90.19,90.08,90.19,1700
19,89.96,90.1,89.96,90.06,4200
20,90.01,90.01,89.95,90.01,1900
21,89.84,90.01,89.84,89.97,3500
22,89.915,89.95,89.84,89.84,1413
23,90.1,90.1,89.89,89.96,52900
24,90.325,90.325,90.11,90.11,5763
25,90.32,90.39,90.29,90.38,2500
26,90.275,90.32,90.26,90.32,2280
27,90.1675,90.24,90.11,90.24,6208
28,90.145,90.145,90.11,90.12,673
29,90.17,90.17,90.13,90.14,1270
30,90.03,90.18,90.02,90.16,5020
31,90.005,90.09,89.99,90.08,7226
32,90.03,90.07,89.98,89.98,3837
33,90.03,90.05,90,90.05,2418
34,89.99,90.03,89.99,90.03,1700
35,90.07,90.07,90,90,1805
36,90.15,90.2,90.095,90.095,1200
37,90.12,90.1862,90.12,90.1862,4224
38,90.13,90.162,90.13,90.14,1205
39,90.11,90.155,90.11,90.155,900
40,90.235,90.235,90.12,90.14,3400
41,90.15,90.235,90.15,90.235,2200
42,90.2275,90.2275,90.14,90.165,1500
43,90.38,90.38,90.215,90.22,4137
44,90.256,90.4,90.256,90.4,6150
45,90.26,90.2796,90.21,90.26,3961
46,90.17,90.235,90.15,90.23,3300
47,90.22,90.22,90.16,90.17,3030
48,90.24,90.265,90.22,90.225,3400
49,90.26,90.26,90.24,90.26,1600
50,90.2,90.26,90.2,90.26,5309
51,90.13,90.18,90.13,90.18,2005
52,90.14,90.16,90.12,90.15,1600
53,90.14,90.19,90.14,90.19,900
54,90.13,90.165,90.12,90.165,2100
55,90.17,90.17,90.125,90.13,1010
56,90.13,90.17,90.13,90.145,626
57,90.12,90.16,90.12,90.14,1000
58,90.16,90.17,90.13,90.15,2600
59,90.17,90.17,90.11,90.16,7377
60,90.27,90.31,90.14,90.14,9973
61,90.25,90.31,90.25,90.29,3701
62,90.23,90.25,90.23,90.25,600
63,90.21,90.24,90.21,90.235,1300
64,90.2,90.23,90.18,90.22,4150
65,90.175,90.19,90.16,90.19,1300
66,90.21,90.29,90.175,90.19,9739
67,90.26,90.26,90.2,90.2,2300
68,90.245,90.245,90.245,90.245,100
69,90.27,90.27,90.22,90.26,5400
70,90.32,90.35,90.28,90.28,1400
71,90.28,90.33,90.28,90.32,2257
72,90.29,90.3,90.28,90.29,1463
73,90.273,90.31,90.27,90.29,3102
74,90.27,90.3,90.27,90.3,2700
75,90.25,90.28,90.25,90.27,2142
76,90.34,90.34,90.27,90.28,17788
77,90.4,90.4,90.32,90.33,3205
78,90.52,90.52,90.39,90.4,7200
79,90.54,90.6,90.495,90.52,7480
80,90.51,90.53,90.51,90.53,1309
81,90.515,90.54,90.5,90.53,2059
82,90.49,90.515,90.49,90.515,700
83,90.43,90.49,90.43,90.49,4400
84,90.41,90.46,90.41,90.445,3500
85,90.4,90.43,90.4,90.43,200
86,90.465,90.47,90.42,90.44,3200
87,90.48,90.48,90.44,90.45,1100
88,90.46,90.5,90.46,90.47,1500
89,90.455,90.46,90.455,90.46,600
90,90.46,90.48,90.45,90.45,900
91,90.45,90.48,90.43,90.48,2726
92,90.46,90.475,90.45,90.45,2298
93,90.47,90.47,90.45,90.45,300
94,90.47,90.47,90.44,90.47,1310
95,90.52,90.52,90.475,90.475,1800
96,90.49,90.52,90.49,90.51,4500
97,90.5,90.5,90.49,90.49,1900
98,90.515,90.52,90.49,90.49,2800
99,90.52,90.52,90.515,90.515,200
100,90.49,90.52,90.49,90.515,2100
101,90.4775,90.48,90.46,90.48,1500
102,90.45,90.48,90.45,90.48,1600
103,90.47,90.48,90.46,90.46,4000
104,90.46,90.47,90.45,90.46,2437
105,90.45,90.455,90.45,90.455,600
106,90.48,90.48,90.45,90.46,31705
107,90.49,90.49,90.47,90.49,2464
108,90.52,90.52,90.4847,90.4847,1200
109,90.52,90.535,90.52,90.53,1231
110,90.53,90.53,90.5,90.52,3300
111,90.56,90.57,90.54,90.54,2700
112,90.56,90.56,90.555,90.56,400
113,90.59,90.59,90.56,90.57,1431
114,90.57,90.6,90.55,90.585,3200
115,90.64,90.64,90.57,90.57,1500
116,90.705,90.72,90.62,90.62,2300
117,90.7699,90.79,90.74,90.75,1200
118,90.745,90.77,90.745,90.77,300
119,90.74,90.77,90.74,90.77,600
120,90.75,90.76,90.72,90.76,1200
121,90.69,90.76,90.69,90.76,8021
122,90.67,90.69,90.67,90.69,700
123,90.69,90.71,90.68,90.7,2051
124,90.67,90.69,90.67,90.69,1400
125,90.6,90.675,90.57,90.675,3300
126,90.595,90.6,90.595,90.6,202
127,90.595,90.595,90.595,90.595,100
128,90.6,90.6,90.59,90.59,300
129,90.55,90.59,90.55,90.59,2601
130,90.5415,90.555,90.52,90.555,1173
131,90.55,90.55,90.52,90.54,1900
132,90.56,90.5899,90.56,90.5812,2070
133,90.55,90.58,90.55,90.571,700
134,90.57,90.57,90.57,90.57,300
135,90.55,90.565,90.55,90.56,700
136,90.54,90.55,90.54,90.54,516
137,90.535,90.545,90.53,90.54,1200
138,90.545,90.545,90.545,90.545,100
139,90.57,90.58,90.56,90.56,700
140,90.63,90.645,90.59,90.59,746
141,90.625,90.63,90.62,90.63,600
142,90.6399,90.6399,90.63,90.63,250
143,90.645,90.645,90.63,90.64,1400
144,90.61,90.655,90.61,90.65,4944
145,90.61,90.62,90.59,90.6,2805
146,90.62,90.62,90.62,90.62,300
147,90.61,90.62,90.61,90.62,300
148,90.61,90.64,90.61,90.62,4760
149,90.62,90.62,90.61,90.61,800
150,90.66,90.67,90.62,90.62,1691
151,90.69,90.69,90.67,90.67,600
152,90.71,90.71,90.7,90.7,1473
153,90.68,90.72,90.68,90.707,3872
154,90.67,90.69,90.66,90.685,11233
155,90.66,90.68,90.645,90.66,3550
156,90.65,90.68,90.65,90.67,3300
157,90.64,90.66,90.64,90.66,600
158,90.5151,90.64,90.51,90.64,5797
159,90.52,90.54,90.52,90.53,1200
160,90.52,90.535,90.52,90.535,200
161,90.48,90.52,90.47,90.52,2783
162,90.47,90.49,90.47,90.48,1400
163,90.44,90.47,90.44,90.47,950
164,90.445,90.45,90.43,90.44,900
165,90.41,90.43,90.4,90.43,2900
166,90.42,90.43,90.41,90.41,1072
167,90.425,90.425,90.42,90.42,1600
168,90.47,90.47,90.42,90.42,1999
169,90.48,90.48,90.47,90.48,645
170,90.51,90.51,90.5,90.51,600
171,90.4697,90.52,90.465,90.5075,3538
172,90.465,90.47,90.465,90.47,2800
173,90.48,90.49,90.465,90.465,1400
174,90.46,90.5,90.44,90.5,1700
175,90.47,90.47,90.44,90.44,1600
176,90.48,90.49,90.47,90.47,700
177,90.49,90.53,90.49,90.495,4000
179,90.51,90.51,90.485,90.485,1600
180,90.5,90.51,90.49,90.51,700
181,90.5,90.5,90.49,90.49,500
182,90.47,90.49,90.47,90.49,2033
183,90.47,90.48,90.4699,90.48,1100
184,90.48,90.48,90.48,90.48,1776
185,90.5,90.5,90.48,90.48,800
186,90.57,90.57,90.51,90.52,900
187,90.6,90.61,90.6,90.61,800
188,90.65,90.65,90.63,90.63,300
189,90.67,90.67,90.61,90.64,5150
190,90.66,90.675,90.65,90.66,1200
191,90.64,90.655,90.63,90.655,1500
192,90.65,90.65,90.63,90.63,600
194,90.64,90.67,90.64,90.66,600
195,90.68,90.69,90.655,90.66,3005
196,90.7,90.7,90.67,90.67,800
197,90.71,90.71,90.71,90.71,300
198,90.735,90.735,90.71,90.72,600
199,90.75,90.75,90.7499,90.7499,700
200,90.75,90.77,90.74,90.77,2300
202,90.74,90.77,90.73,90.75,2705
203,90.73,90.731,90.73,90.73,1100
204,90.75,90.75,90.74,90.74,500
205,90.72,90.78,90.72,90.76,3439
206,90.72,90.72,90.72,90.72,100
207,90.76,90.76,90.73,90.73,1502
208,90.775,90.775,90.77,90.77,300
209,90.78,90.78,90.78,90.78,1723
210,90.79,90.79,90.77,90.78,500
211,90.79,90.83,90.75,90.79,23619
212,90.73,90.76,90.72,90.76,8219
213,90.77,90.77,90.76,90.76,400
214,90.75,90.75,90.75,90.75,200
215,90.71,90.78,90.66,90.78,7400
216,90.67,90.67,90.67,90.67,100
217,90.68,90.7,90.675,90.675,906
218,90.6601,90.69,90.66,90.68,1330
219,90.69,90.69,90.67,90.67,200
220,90.621,90.7,90.6,90.7,4360
221,90.6,90.605,90.6,90.605,200
222,90.6,90.6,90.58,90.58,300
223,90.6,90.6,90.6,90.6,100
224,90.655,90.655,90.6,90.61,1398
225,90.62,90.665,90.62,90.665,2090
226,90.59,90.59,90.56,90.59,1100
227,90.6,90.6,90.58,90.58,300
228,90.56,90.59,90.55,90.59,1400
229,90.56,90.57,90.53,90.56,1200
230,90.56,90.56,90.56,90.56,100
231,90.52,90.55,90.51,90.525,1300
232,90.54,90.54,90.54,90.54,100
233,90.55,90.55,90.54,90.54,400
234,90.48,90.55,90.475,90.55,4300
235,90.49,90.49,90.48,90.49,700
236,90.46,90.46,90.46,90.46,100
237,90.4695,90.475,90.4695,90.475,617
238,90.43,90.46,90.41,90.46,2436
239,90.42,90.44,90.42,90.43,1802
240,90.4,90.41,90.4,90.4,900
241,90.41,90.41,90.37,90.4,1589
242,90.44,90.44,90.41,90.41,500
243,90.48,90.48,90.43,90.44,1200
244,90.48,90.48,90.48,90.48,100
245,90.48,90.5,90.48,90.48,1000
246,90.46,90.47,90.44,90.47,2489
247,90.48,90.485,90.48,90.485,200
248,90.49,90.496,90.49,90.49,310
249,90.49,90.49,90.49,90.49,100
250,90.53,90.53,90.49,90.49,1107
251,90.51,90.53,90.5,90.53,2426
252,90.58,90.58,90.52,90.52,1600
253,90.585,90.585,90.585,90.585,100
254,90.615,90.615,90.61,90.61,200
255,90.57,90.64,90.57,90.64,1900
256,90.555,90.57,90.55,90.57,300
257,90.575,90.6,90.53,90.53,1100
258,90.57,90.59,90.56,90.56,500
259,90.59,90.59,90.575,90.575,700
260,90.605,90.605,90.58,90.59,800
261,90.58,90.605,90.58,90.605,1500
262,90.59,90.61,90.58,90.6,905
263,90.59,90.59,90.55,90.57,1298
264,90.63,90.63,90.59,90.61,1300
265,90.64,90.69,90.64,90.65,1211
266,90.611,90.7,90.61,90.67,7321
267,90.64,90.64,90.61,90.61,200
268,90.6499,90.65,90.64,90.64,1700
269,90.64,90.65,90.64,90.645,700
270,90.65,90.66,90.64,90.64,903
271,90.63,90.65,90.63,90.65,690
272,90.6,90.64,90.6,90.6,700
273,90.64,90.64,90.57,90.625,3848
274,90.66,90.67,90.61,90.64,3300
275,90.61,90.62,90.58,90.62,1000
276,90.58,90.62,90.58,90.58,1800
277,90.55,90.62,90.55,90.62,6200
278,90.62,90.62,90.55,90.56,2386
279,90.63,90.66,90.63,90.65,1800
280,90.57,90.63,90.57,90.61,1250
281,90.64,90.66,90.57,90.58,2050
282,90.61,90.65,90.6,90.63,2076
283,90.62,90.64,90.61,90.61,600
284,90.63,90.63,90.61,90.61,1400
285,90.61,90.64,90.59,90.63,2100
286,90.56,90.6,90.56,90.58,2716
287,90.535,90.57,90.53,90.565,900
288,90.53,90.55,90.53,90.55,300
289,90.51,90.54,90.46,90.51,2305
290,90.51,90.54,90.51,90.51,2600
291,90.525,90.53,90.515,90.53,700
292,90.495,90.5,90.495,90.5,600
293,90.46,90.5,90.46,90.49,900
294,90.485,90.5,90.46,90.47,1600
295,90.48,90.5,90.47,90.5,1100
296,90.48,90.48,90.48,90.48,200
297,90.47,90.5,90.46,90.46,600
298,90.46,90.485,90.46,90.485,1990
299,90.47,90.48,90.46,90.465,500
300,90.5,90.5,90.46,90.46,1900
301,90.48,90.49,90.47,90.48,500
302,90.51,90.525,90.46,90.48,2905
303,90.5,90.5499,90.5,90.51,1527
304,90.5,90.52,90.5,90.52,200
305,90.49,90.55,90.48,90.5,5249
306,90.47,90.51,90.46,90.5,1358
307,90.45,90.47,90.45,90.47,600
308,90.48,90.51,90.46,90.47,4168
309,90.5,90.5,90.5,90.5,300
310,90.51,90.52,90.47,90.5,4702
311,90.5,90.53,90.5,90.5,300
312,90.48,90.52,90.46,90.49,2863
313,90.4701,90.5455,90.4701,90.5455,6809
314,90.45,90.49,90.45,90.47,1900
315,90.4,90.46,90.37,90.44,6086
316,90.35,90.4,90.33,90.4,1500
317,90.37,90.37,90.32,90.33,1900
318,90.355,90.36,90.33,90.34,1437
319,90.35,90.38,90.34,90.36,1500
320,90.35,90.37,90.35,90.37,1300
321,90.2999,90.33,90.2999,90.33,700
322,90.29,90.33,90.29,90.29,2054
324,90.33,90.33,90.3,90.32,913
325,90.32,90.34,90.31,90.31,2606
326,90.31,90.31,90.3,90.3,500
327,90.27,90.32,90.26,90.31,5563
328,90.29,90.31,90.29,90.29,2396
329,90.3,90.31,90.29,90.29,4150
330,90.27,90.306,90.26,90.29,3100
331,90.23,90.271,90.22,90.27,2834
332,90.26,90.26,90.22,90.23,1600
333,90.16,90.241,90.16,90.23,2200
334,90.21,90.22,90.18,90.18,1000
335,90.23,90.24,90.22,90.22,400
336,90.2,90.23,90.2,90.23,1400
337,90.19,90.205,90.17,90.2,1816
338,90.18,90.19,90.18,90.185,2259
339,90.16,90.19,90.16,90.18,1800
340,90.14,90.17,90.14,90.16,1700
341,90.1,90.14,90.1,90.14,1300
342,90.08,90.11,90.08,90.08,3303
343,90.08,90.09,90.07,90.08,3605
344,90.1,90.1,90.1,90.1,300
345,90.08,90.12,90.07,90.12,4700
346,90.08,90.1,90.07,90.09,2270
347,90.11,90.12,90.07,90.08,4000
348,90.07,90.1,90.06,90.09,3500
349,90.09,90.1,90.05,90.05,1081
350,90.0801,90.09,90.0801,90.09,201
351,90.1,90.11,90.07,90.09,2900
352,90.11,90.11,90.09,90.09,5830
353,90.16,90.16,90.115,90.13,1600
354,90.19,90.19,90.15,90.17,1800
355,90.2,90.2,90.18,90.195,2150
356,90.225,90.225,90.19,90.19,2240
357,90.23,90.23,90.19,90.2,5546
358,90.29,90.29,90.2,90.21,1500
359,90.29,90.3299,90.29,90.315,4216
360,90.265,90.28,90.22,90.27,4840
361,90.2401,90.25,90.24,90.25,1310
362,90.24,90.26,90.24,90.24,2641
363,90.25,90.27,90.24,90.24,4600
364,90.25,90.27,90.24,90.25,2320
365,90.26,90.27,90.25,90.26,2401
366,90.29,90.301,90.26,90.27,9030
367,90.29,90.3,90.28,90.3,3670
368,90.29,90.3,90.28,90.28,7984
369,90.32,90.32,90.28,90.2942,3323
370,90.36,90.36,90.33,90.33,1255
371,90.36,90.36,90.34,90.35,1854
372,90.49,90.51,90.35,90.37,9285
373,90.475,90.505,90.47,90.505,6670
374,90.49,90.49,90.47,90.475,2425
375,90.52,90.53,90.47,90.48,9801
376,90.59,90.6,90.5,90.52,10936
377,90.59,90.6,90.57,90.59,5065
378,90.615,90.615,90.585,90.585,8079
379,90.645,90.66,90.615,90.615,17555
380,90.61,90.65,90.57,90.65,16664
381,90.58,90.62,90.575,90.6001,5618
382,90.55,90.59,90.55,90.575,6006
383,90.59,90.59,90.55,90.55,5835
384,90.62,90.63,90.57,90.58,5947
385,90.64,90.65,90.61,90.625,9963
386,90.55,90.65,90.54,90.63,12987
387,90.51,90.54,90.49,90.54,9480
388,90.475,90.5,90.44,90.49,13957
389,90.45,90.49,90.43,90.47,22826
390,90.461,90.48,90.44,90.45,37273
