EXPE,Expedia Inc.,Consumer Discretionary,1,Internet & Direct Marketing Retail,22470439082,1806989
a1497447000,146.81,146.81,146.81,146.81,10769
1,146.9,146.9,146.81,146.81,400
2,146.835,146.9,146.7,146.87,1700
3,146.705,146.74,146.7,146.74,700
4,146.43,146.75,146.43,146.75,4570
5,146.51,146.51,146.46,146.47,700
6,146.42,146.54,146.42,146.52,5712
7,146.51,146.51,146.4,146.4,4700
8,146.44,146.51,146.39,146.51,1800
9,146.1634,146.43,146.15,146.3961,4350
10,146.115,146.245,146.1,146.24,3150
11,146.015,146.165,146.01,146.11,800
12,146.2,146.2,146.03,146.03,2728
13,146.22,146.24,146.11,146.14,3200
14,146.425,146.52,146.18,146.18,4992
15,146.51,146.53,146.37,146.42,3068
16,146.7,146.76,146.535,146.535,700
17,146.78,146.78,146.78,146.78,100
18,146.915,146.915,146.7926,146.7926,6437
19,146.93,146.93,146.925,146.925,300
20,146.93,146.93,146.9,146.91,4100
21,146.875,146.89,146.85,146.885,3350
22,146.82,146.82,146.75,146.75,300
23,146.78,146.82,146.75,146.77,600
24,146.87,146.87,146.85,146.85,500
25,146.93,146.95,146.93,146.95,400
26,147.13,147.16,146.9825,146.99,8598
27,147.07,147.11,147,147.11,2500
28,147.06,147.16,147.04,147.04,5360
29,146.99,147.04,146.99,147.02,1029
30,147.2,147.33,146.9715,146.9715,3694
31,147.23,147.33,147.145,147.18,2600
32,147.235,147.27,147.2,147.2,1600
33,147.19,147.22,147.125,147.19,4700
34,147.22,147.27,147.1326,147.2,5017
35,147.205,147.3,147.2,147.225,5704
36,147.26,147.26,147.18,147.18,1400
37,147.165,147.32,147.11,147.24,6009
38,147.14,147.19,147.14,147.17,900
39,147.3,147.3,147.1,147.14,9146
40,147.21,147.26,147.21,147.26,500
41,147.23,147.23,147.04,147.18,2100
42,147.3,147.3,147.21,147.23,1755
43,147.25,147.305,147.25,147.3,2202
44,147.35,147.35,147.31,147.31,500
45,147.2,147.33,147.16,147.32,3955
46,147.22,147.22,147.1,147.2,4917
47,147.19,147.3,147.19,147.2,1200
48,147.2475,147.25,147.21,147.2116,825
50,147.3,147.31,147.3,147.31,600
51,147.29,147.3,147.23,147.3,1200
52,147.4,147.4,147.2825,147.29,2770
53,147.45,147.52,147.21,147.48,5800
54,147.46,147.58,147.46,147.495,5700
55,147.5,147.57,147.5,147.56,500
56,147.595,147.595,147.57,147.58,600
57,147.59,147.59,147.59,147.59,100
58,147.74,147.76,147.61,147.61,3555
59,147.69,147.75,147.69,147.74,1000
60,147.6899,147.75,147.63,147.66,2100
61,147.73,147.81,147.61,147.64,2686
62,147.8,147.8,147.74,147.75,1700
63,147.74,147.74,147.6949,147.6949,738
64,147.72,147.745,147.7,147.71,1600
65,147.6,147.73,147.6,147.7,4600
66,147.55,147.6,147.48,147.55,2300
67,147.58,147.68,147.57,147.63,3300
68,147.4775,147.575,147.4775,147.565,2500
69,147.505,147.505,147.49,147.5,700
70,147.52,147.53,147.48,147.5,3400
71,147.43,147.53,147.41,147.51,3700
72,147.4,147.46,147.3646,147.42,2760
73,147.422,147.46,147.36,147.4,2912
74,147.465,147.475,147.43,147.43,600
75,147.58,147.6,147.47,147.47,1800
76,147.4825,147.66,147.43,147.6,6299
77,147.56,147.582,147.44,147.5,2525
78,147.68,147.69,147.59,147.59,400
79,147.635,147.64,147.635,147.64,400
80,147.69,147.69,147.65,147.65,300
83,147.68,147.87,147.68,147.76,3985
84,147.68,147.74,147.68,147.74,600
85,147.63,147.695,147.63,147.68,2200
86,147.61,147.79,147.535,147.72,10647
87,147.5,147.625,147.46,147.55,7200
88,147.46,147.55,147.44,147.54,2200
89,147.565,147.57,147.48,147.48,1000
90,147.6994,147.7,147.65,147.65,975
91,147.63,147.7,147.59,147.7,3258
92,147.759,147.759,147.67,147.68,1800
93,147.72,147.72,147.68,147.69,500
94,147.71,147.71,147.62,147.64,2583
95,147.69,147.705,147.69,147.705,1100
96,147.71,147.79,147.71,147.74,1100
97,147.67,147.73,147.67,147.7,700
98,147.69,147.77,147.69,147.72,1000
99,147.72,147.755,147.71,147.71,1400
100,147.8,147.84,147.73,147.75,1700
101,147.845,147.86,147.78,147.82,1103
102,147.78,147.81,147.77,147.81,500
103,147.755,147.78,147.68,147.78,3000
104,147.71,147.78,147.69,147.78,2090
105,147.6,147.69,147.6,147.69,900
106,147.755,147.755,147.59,147.59,4106
107,147.8,147.805,147.72,147.75,2600
108,147.8,147.87,147.8,147.84,2651
109,147.76,147.82,147.71,147.82,8347
110,147.75,147.77,147.72,147.74,2300
111,147.86,147.9,147.73,147.73,7415
112,147.89,147.91,147.89,147.9,400
113,148.19,148.19,147.98,147.98,12959
114,148.2,148.2,148.13,148.2,1900
115,148.239,148.239,148.12,148.18,2400
116,148.2001,148.22,148.16,148.195,1000
118,148.21,148.26,148.16,148.24,3100
119,148.12,148.1794,148.095,148.1794,5800
120,148.17,148.17,148.01,148.09,3100
121,148.15,148.21,148.11,148.21,1600
122,148.2,148.2,148.09,148.09,600
123,148.19,148.262,148.19,148.24,3426
124,148.23,148.23,148.21,148.21,800
126,148.3,148.3,148.24,148.25,1604
127,148.37,148.37,148.31,148.31,497
129,148.48,148.49,148.35,148.35,1726
130,148.41,148.5,148.4,148.42,4300
131,148.49,148.49,148.39,148.4,4043
132,148.39,148.49,148.38,148.44,2200
133,148.38,148.46,148.36,148.45,2768
134,148.39,148.39,148.38,148.38,200
135,148.31,148.38,148.31,148.32,1200
136,148.36,148.39,148.33,148.33,2200
137,148.3,148.32,148.25,148.32,1850
138,148.23,148.33,148.23,148.3,3500
139,148.27,148.3,148.27,148.3,500
140,148.36,148.45,148.29,148.29,1833
141,148.29,148.355,148.29,148.355,1320
142,148.28,148.29,148.25,148.29,1404
143,148.33,148.33,148.2601,148.295,1800
144,148.29,148.33,148.29,148.33,1200
145,148.3,148.3,148.29,148.29,1000
146,148.32,148.35,148.32,148.34,300
147,148.35,148.35,148.35,148.35,100
148,148.39,148.39,148.36,148.36,200
149,148.3,148.36,148.3,148.36,2044
150,148.38,148.38,148.35,148.35,801
151,148.38,148.43,148.35,148.36,2443
152,148.38,148.45,148.36,148.3916,2400
153,148.4,148.42,148.4,148.41,400
154,148.48,148.53,148.37,148.37,1765
155,148.53,148.53,148.44,148.48,2200
156,148.57,148.58,148.47,148.47,1250
157,148.59,148.61,148.54,148.54,1700
158,148.69,148.69,148.55,148.57,2708
159,148.64,148.7,148.6,148.63,1300
160,148.53,148.64,148.52,148.61,4800
161,148.47,148.5174,148.47,148.5174,1100
162,148.33,148.4,148.32,148.4,600
163,148.31,148.31,148.26,148.26,200
164,148.24,148.33,148.24,148.33,1953
165,148.27,148.27,148.2,148.23,700
166,148.32,148.32,148.25,148.3,400
167,148.2,148.26,148.16,148.26,2040
168,147.94,148.2,147.94,148.19,2300
169,147.97,147.97,147.9,147.935,1400
170,148,148,148,148,100
171,148.11,148.12,148.06,148.06,800
173,148.14,148.14,148.1,148.14,1464
174,148,148.14,148,148.14,700
175,148.09,148.09,147.99,147.99,1100
176,148.07,148.135,148.07,148.13,1524
177,147.95,148.01,147.95,148,1200
178,148.04,148.08,148.04,148.04,970
180,148.12,148.12,148.06,148.1036,1508
181,148.06,148.095,148.06,148.08,800
182,148,148.05,148,148.05,800
183,148.03,148.03,148,148,300
184,148.14,148.175,148.07,148.07,1650
186,148.21,148.21,148.21,148.21,100
187,148.14,148.21,148.13,148.21,1265
188,148.15,148.15,148.15,148.15,100
189,148.21,148.25,148.17,148.17,1000
190,148.26,148.26,148.19,148.2,1800
191,148.28,148.29,148.24,148.29,800
192,148.28,148.33,148.265,148.265,500
193,148.33,148.34,148.3,148.34,567
194,148.31,148.31,148.3,148.3,300
195,148.45,148.48,148.36,148.36,8700
196,148.45,148.45,148.37,148.41,1950
197,148.47,148.51,148.47,148.49,1100
199,148.5135,148.5135,148.45,148.49,600
200,148.48,148.51,148.48,148.495,900
201,148.47,148.5,148.43,148.47,1300
202,148.4,148.47,148.35,148.47,600
203,148.34,148.3996,148.3,148.39,1125
204,148.41,148.42,148.32,148.34,1100
205,148.33,148.35,148.32,148.35,800
206,148.308,148.31,148.308,148.3084,650
207,148.32,148.33,148.32,148.32,1200
208,148.37,148.38,148.36,148.37,800
209,148.325,148.33,148.3,148.315,500
210,148.33,148.33,148.29,148.29,700
211,148.31,148.325,148.3,148.3,600
212,148.42,148.42,148.32,148.36,1300
213,148.32,148.36,148.32,148.36,800
214,148.38,148.455,148.38,148.38,1028
216,148.39,148.415,148.39,148.39,300
217,148.42,148.46,148.381,148.44,5680
219,148.47,148.48,148.42,148.445,1703
220,148.4625,148.5,148.42,148.47,799
221,148.47,148.47,148.45,148.46,400
222,148.45,148.4846,148.43,148.4571,1000
223,148.49,148.49,148.42,148.48,900
224,148.44,148.5,148.4,148.49,1000
225,148.5,148.5,148.4173,148.4173,1236
226,148.49,148.49,148.442,148.46,3258
227,148.455,148.455,148.455,148.455,100
228,148.55,148.55,148.48,148.5,3450
229,148.56,148.6,148.53,148.57,2869
230,148.53,148.53,148.53,148.53,100
231,148.59,148.62,148.58,148.6,1500
232,148.605,148.6699,148.6,148.6,2308
233,148.6003,148.605,148.58,148.6,799
234,148.63,148.67,148.63,148.64,1100
235,148.62,148.65,148.58,148.65,501
237,148.6,148.6225,148.6,148.61,600
238,148.59,148.6304,148.59,148.62,975
239,148.57,148.6,148.57,148.6,700
240,148.55,148.57,148.55,148.57,200
241,148.58,148.58,148.5,148.55,1700
242,148.56,148.57,148.53,148.57,900
243,148.56,148.58,148.56,148.58,1000
244,148.59,148.62,148.58,148.58,1200
245,148.5,148.56,148.5,148.56,200
246,148.44,148.53,148.42,148.53,1600
247,148.44,148.44,148.42,148.44,400
248,148.47,148.51,148.465,148.47,1110
249,148.5,148.51,148.5,148.51,300
250,148.52,148.55,148.52,148.55,200
251,148.46,148.52,148.46,148.51,1400
252,148.42,148.46,148.42,148.44,850
253,148.4466,148.4466,148.4251,148.4251,387
254,148.42,148.47,148.42,148.42,400
255,148.48,148.48,148.41,148.4106,613
256,148.48,148.48,148.48,148.48,100
257,148.5,148.5,148.48,148.48,500
258,148.47,148.52,148.46,148.49,1676
259,148.48,148.52,148.45,148.46,3082
260,148.59,148.6,148.49,148.49,2592
261,148.635,148.66,148.56,148.56,1604
262,148.82,148.96,148.62,148.66,14140
263,148.88,148.9,148.815,148.815,2312
264,148.9,149.09,148.88,148.9066,9168
265,148.83,148.895,148.825,148.89,1800
266,148.76,148.83,148.76,148.81,2110
267,148.8625,148.87,148.72,148.73,3431
268,148.86,148.8899,148.82,148.8899,1600
269,148.93,148.99,148.85,148.89,2700
270,148.93,148.93,148.93,148.93,100
271,148.93,149,148.84,148.95,5385
272,148.88,148.88,148.85,148.87,800
273,148.87,148.91,148.75,148.82,3000
274,149.3699,149.3699,148.94,148.94,13267
275,149.2,149.3293,149.1097,149.3293,3144
276,149.395,149.5,149.26,149.26,9600
277,149.35,149.5,149.34,149.38,8951
278,149.38,149.44,149.3199,149.33,3620
279,149.25,149.44,149.25,149.43,2200
280,149.22,149.255,149.15,149.255,3203
281,149.3299,149.45,149.235,149.235,5192
282,149.34,149.3999,149.27,149.315,16043
283,149.31,149.39,149.31,149.32,3323
284,149.48,149.48,149.295,149.36,13094
285,149.2399,149.42,149.18,149.42,4789
286,149.12,149.2,149.08,149.15,2700
287,148.85,149.04,148.79,149.04,3390
288,148.67,148.87,148.67,148.86,2500
289,148.34,148.64,148.34,148.64,12524
290,148.34,148.49,148.25,148.36,12510
291,148.34,148.45,148.31,148.39,5650
292,148.32,148.32,148.2,148.28,2300
293,148.12,148.285,148.08,148.28,2139
294,148.27,148.29,148.16,148.16,1700
295,148.16,148.32,148.16,148.3,3903
296,148.09,148.17,148.09,148.16,800
297,148.19,148.19,148.06,148.1351,4401
298,148.15,148.18,148,148.18,8951
299,148.08,148.2,148.03,148.13,15916
300,148,148.13,148,148.055,12955
301,147.97,148.02,147.91,148,6006
302,148.0699,148.07,147.98,147.99,4525
303,147.99,148.07,147.99,148.07,4400
304,148.11,148.14,148.015,148.015,4068
305,148.44,148.44,148.14,148.14,6640
306,148.13,148.45,148.095,148.45,6890
307,147.91,148.16,147.9,148.13,3593
308,148.05,148.05,147.98,147.98,400
309,147.96,148.09,147.96,148.08,4059
310,148.01,148.04,147.93,147.93,3752
311,148,148.06,148,148,1058
312,147.83,147.99,147.71,147.99,5841
313,147.7,147.9,147.7,147.89,2300
314,147.6401,147.67,147.57,147.64,2379
315,147.47,147.61,147.45,147.61,2998
316,147.16,147.494,147.16,147.494,3341
317,147.2,147.3799,147.16,147.25,7934
318,147.2,147.37,147.16,147.23,14630
319,147.32,147.43,147.187,147.187,2300
320,147.39,147.44,147.33,147.42,7869
321,147.31,147.39,147.31,147.34,3419
322,147.24,147.36,147.24,147.36,3293
323,147.4,147.46,147.21,147.23,3500
324,147.6204,147.64,147.5,147.5,1600
325,147.55,147.68,147.55,147.625,4300
326,147.4,147.55,147.4,147.55,4855
327,147.24,147.48,147.23,147.46,4228
328,147.23,147.3,147.23,147.26,900
329,147.35,147.35,147.25,147.25,1200
330,147.15,147.34,147.15,147.34,2667
331,147.03,147.21,146.93,147.11,6550
332,147.02,147.02,146.86,146.98,10088
333,146.96,146.97,146.86,146.97,1739
334,147.09,147.15,146.98,146.98,2878
335,147.18,147.21,147.17,147.21,989
336,147.22,147.26,147.18,147.24,1200
337,147.02,147.24,147,147.2,7710
338,147.15,147.155,147,147.01,3700
339,147.01,147.05,147,147.05,3790
340,146.68,147.01,146.68,147.01,4202
341,146.34,146.62,146.34,146.6,11922
342,146.38,146.44,146.23,146.25,8488
343,146.48,146.5633,146.2,146.32,2917
344,146.36,146.48,146.28,146.48,2550
345,146.21,146.3801,146.14,146.3801,3100
346,146.27,146.27,146.18,146.25,3521
347,146.43,146.48,146.27,146.3,4270
348,146.46,146.5,146.34,146.36,3400
349,146.24,146.39,146.13,146.39,9307
350,146.38,146.435,146.37,146.435,1200
351,146.42,146.43,146.27,146.32,1900
352,146.38,146.47,146.38,146.44,1600
353,146.5,146.53,146.39,146.39,3500
354,146.6,146.66,146.55,146.55,850
355,146.56,146.57,146.475,146.57,6625
356,146.53,146.623,146.53,146.55,1185
357,146.38,146.51,146.34,146.51,2900
358,146.49,146.5,146.28,146.41,2600
359,146.5957,146.62,146.545,146.56,1279
360,146.49,146.58,146.4,146.58,1700
361,146.43,146.55,146.43,146.5,4044
362,146.35,146.45,146.31,146.45,2100
363,146.37,146.44,146.33,146.33,3051
364,146.43,146.43,146.35,146.35,1300
365,146.59,146.59,146.43,146.44,1719
366,146.64,146.69,146.59,146.64,4258
367,146.63,146.71,146.6,146.705,1638
368,146.71,146.71,146.6,146.66,2900
369,146.69,146.72,146.61,146.69,3300
370,146.91,146.91,146.61,146.62,5254
371,146.83,146.8799,146.77,146.8799,7950
372,146.86,146.9399,146.79,146.81,4506
373,146.86,146.9,146.77,146.88,5370
374,146.91,146.96,146.85,146.86,3767
375,147.01,147.05,146.9,146.91,3200
376,146.95,146.99,146.91,146.98,4804
377,147.0099,147.0199,146.95,146.98,3200
378,147.04,147.05,146.96,146.99,5500
379,147.05,147.075,147.015,147.0324,6700
380,147.09,147.12,147.015,147.04,5415
381,147.04,147.12,147.03,147.11,6800
382,147,147.05,146.98,147.03,7630
383,147.08,147.11,147.01,147.01,5234
384,147.11,147.16,147.07,147.08,5207
385,147.16,147.21,147.04,147.1258,6081
386,147.2,147.25,147.145,147.145,11940
387,147.1199,147.22,147.05,147.2,10253
388,147.14,147.14,147.095,147.095,7523
389,147.03,147.14,146.99,147.13,15653
390,147.19,147.26,147.03,147.03,108586
