GM,General Motors,Consumer Discretionary,1,Automobile Manufacturers,52366551253,13934694
a1497533400,34.4,34.41,34.38,34.41,143189
1,34.38,34.45,34.38,34.41,27230
2,34.46,34.46,34.385,34.385,78366
3,34.56,34.61,34.48,34.48,25413
4,34.525,34.595,34.52,34.57,27010
5,34.475,34.53,34.45,34.53,40778
6,34.46,34.485,34.46,34.475,30687
7,34.43,34.47,34.385,34.46,19555
8,34.41,34.45,34.41,34.44,27144
9,34.4555,34.4555,34.4,34.41,88854
10,34.47,34.48,34.44,34.45,18865
11,34.46,34.507,34.46,34.47,24926
12,34.41,34.46,34.39,34.46,18058
13,34.44,34.481,34.4,34.4,58481
14,34.4213,34.4347,34.39,34.43,26168
15,34.42,34.4325,34.41,34.42,72932
16,34.5,34.5,34.42,34.4241,57012
17,34.48,34.51,34.4782,34.5,16070
18,34.4401,34.488,34.42,34.488,26757
19,34.4333,34.44,34.4236,34.44,10552
20,34.41,34.43,34.41,34.43,25573
21,34.43,34.43,34.39,34.41,93278
22,34.47,34.4899,34.43,34.435,41196
23,34.445,34.475,34.44,34.475,34623
24,34.44,34.455,34.43,34.44,41193
25,34.411,34.435,34.41,34.43,17273
26,34.41,34.42,34.41,34.42,22408
27,34.47,34.47,34.415,34.42,67551
28,34.4662,34.48,34.46,34.47,22602
29,34.45,34.465,34.45,34.465,11800
30,34.45,34.46,34.44,34.45,21711
31,34.44,34.46,34.44,34.45,18763
32,34.46,34.47,34.4433,34.4433,16458
33,34.47,34.48,34.451,34.46,22186
34,34.49,34.51,34.475,34.475,18310
35,34.44,34.49,34.44,34.49,4432
36,34.4575,34.46,34.44,34.45,17127
37,34.5,34.5033,34.46,34.46,41023
38,34.47,34.51,34.47,34.51,21250
39,34.46,34.47,34.45,34.47,29232
40,34.465,34.48,34.46,34.465,28105
41,34.51,34.51,34.465,34.47,17680
42,34.5,34.51,34.49,34.51,43061
43,34.495,34.51,34.49,34.495,18683
44,34.505,34.525,34.49,34.5,23620
45,34.48,34.5047,34.48,34.5,21567
46,34.461,34.4884,34.45,34.48,22666
47,34.455,34.4639,34.45,34.4639,11023
48,34.4401,34.455,34.44,34.455,47448
49,34.51,34.51,34.44,34.445,51044
50,34.5,34.5,34.49,34.5,7040
51,34.5,34.51,34.495,34.5,13469
52,34.52,34.52,34.5,34.505,13925
53,34.51,34.51,34.481,34.51,13007
54,34.5,34.5,34.48,34.5,9254
55,34.54,34.54,34.49,34.5,35134
56,34.52,34.55,34.52,34.535,14929
57,34.52,34.53,34.51,34.52,12900
58,34.5,34.52,34.49,34.52,7300
59,34.51,34.52,34.5,34.5,19031
60,34.51,34.54,34.51,34.52,9462
61,34.47,34.515,34.47,34.51,40927
62,34.475,34.48,34.46,34.47,25904
63,34.481,34.485,34.465,34.48,18795
64,34.48,34.48,34.47,34.48,6801
65,34.48,34.4835,34.47,34.4815,16953
66,34.51,34.51,34.47,34.48,47365
67,34.53,34.54,34.49,34.505,31135
68,34.54,34.54,34.51,34.53,17797
69,34.54,34.555,34.5234,34.535,13068
70,34.535,34.545,34.52,34.54,39792
71,34.53,34.54,34.52,34.53,13870
72,34.54,34.54,34.52,34.53,12900
73,34.54,34.54,34.505,34.535,13561
74,34.55,34.55,34.51,34.53,31411
75,34.52,34.56,34.52,34.55,28126
76,34.5,34.53,34.5,34.52,16635
77,34.515,34.52,34.5,34.51,21666
78,34.515,34.52,34.51,34.511,24570
79,34.505,34.515,34.49,34.515,46555
80,34.51,34.52,34.5,34.51,12938
81,34.501,34.52,34.5,34.5,88568
82,34.53,34.53,34.5,34.5,22222
83,34.535,34.54,34.52,34.525,19144
84,34.51,34.54,34.51,34.54,22849
85,34.525,34.53,34.5,34.515,38979
86,34.535,34.54,34.51,34.52,34640
87,34.545,34.55,34.53,34.54,32295
88,34.57,34.58,34.54,34.545,31779
89,34.56,34.5762,34.55,34.57,13367
90,34.56,34.565,34.545,34.55,12046
91,34.575,34.575,34.56,34.565,10682
92,34.55,34.575,34.55,34.575,20000
93,34.55,34.555,34.54,34.55,3297
94,34.57,34.58,34.54,34.54,67651
95,34.58,34.59,34.56,34.565,26746
96,34.57,34.5838,34.56,34.58,19643
97,34.55,34.56,34.55,34.56,4600
98,34.54,34.5519,34.53,34.5519,17165
99,34.53,34.54,34.53,34.53,16197
100,34.52,34.54,34.52,34.5333,14360
101,34.52,34.535,34.52,34.52,28048
102,34.53,34.53,34.52,34.52,4700
103,34.52,34.535,34.52,34.525,21975
104,34.5,34.525,34.5,34.52,32896
105,34.52,34.52,34.49,34.5,32375
106,34.54,34.54,34.5,34.5201,15008
107,34.51,34.535,34.51,34.53,6265
108,34.5,34.5166,34.5,34.515,11037
109,34.485,34.5067,34.48,34.5,42441
110,34.49,34.5,34.48,34.48,13352
111,34.49,34.51,34.49,34.5,30475
112,34.49,34.497,34.49,34.49,2160
113,34.5,34.5,34.49,34.495,15728
114,34.52,34.52,34.5,34.505,18147
115,34.535,34.55,34.51,34.51,12858
116,34.53,34.54,34.53,34.54,3971
117,34.545,34.55,34.53,34.5347,14495
118,34.5359,34.54,34.53,34.54,4161
119,34.56,34.56,34.53,34.53,22318
120,34.59,34.6,34.56,34.5643,22172
121,34.6234,34.635,34.58,34.59,80889
122,34.615,34.62,34.6,34.62,11564
123,34.62,34.63,34.6,34.611,12935
124,34.63,34.63,34.61,34.62,9492
125,34.62,34.64,34.62,34.63,17794
126,34.62,34.63,34.62,34.62,4842
127,34.59,34.625,34.59,34.62,10129
128,34.58,34.595,34.58,34.595,16305
129,34.59,34.6,34.58,34.58,11701
130,34.59,34.6,34.59,34.6,12992
131,34.595,34.595,34.59,34.59,4207
132,34.59,34.595,34.59,34.595,2600
133,34.59,34.61,34.59,34.59,11868
134,34.6133,34.62,34.59,34.6,23019
135,34.605,34.615,34.6,34.61,2233
136,34.6,34.605,34.6,34.605,1280
137,34.6,34.61,34.6,34.6,4200
138,34.6032,34.606,34.6,34.6,4977
139,34.6,34.605,34.6,34.601,6059
140,34.6,34.61,34.6,34.6025,4455
141,34.625,34.63,34.6,34.6,33054
142,34.6,34.63,34.6,34.625,4490
143,34.59,34.605,34.59,34.6,4785
144,34.596,34.596,34.59,34.5928,4060
145,34.5933,34.6,34.59,34.595,11751
146,34.59,34.61,34.59,34.595,14869
147,34.61,34.61,34.59,34.59,7427
148,34.59,34.61,34.59,34.6034,2900
149,34.59,34.6,34.59,34.59,17628
150,34.59,34.6,34.58,34.59,22571
151,34.6,34.605,34.6,34.6,21110
152,34.57,34.61,34.57,34.6,15705
153,34.57,34.575,34.56,34.57,10358
154,34.56,34.565,34.55,34.56,10550
155,34.55,34.56,34.55,34.56,1800
156,34.56,34.58,34.55,34.5539,13593
157,34.56,34.57,34.56,34.5601,1899
158,34.57,34.575,34.56,34.57,10721
159,34.55,34.575,34.55,34.57,12771
160,34.56,34.565,34.55,34.55,6154
161,34.555,34.56,34.54,34.56,5850
162,34.55,34.55,34.545,34.55,3367
163,34.555,34.5554,34.545,34.55,10788
164,34.54,34.555,34.54,34.55,8923
165,34.53,34.545,34.53,34.545,3391
166,34.5433,34.55,34.53,34.53,11410
167,34.555,34.56,34.54,34.55,8789
168,34.555,34.56,34.55,34.56,5521
169,34.55,34.5599,34.55,34.555,8880
170,34.535,34.56,34.535,34.555,4948
171,34.535,34.54,34.53,34.53,4400
172,34.5289,34.535,34.52,34.535,11398
173,34.54,34.545,34.52,34.53,12400
174,34.535,34.545,34.53,34.54,2200
175,34.545,34.56,34.53,34.53,13340
176,34.52,34.545,34.52,34.545,10713
177,34.535,34.535,34.52,34.53,6801
178,34.535,34.545,34.53,34.5318,13626
179,34.52,34.54,34.52,34.53,4300
180,34.52,34.53,34.52,34.52,1815
181,34.53,34.54,34.525,34.53,10119
182,34.545,34.545,34.53,34.53,3787
183,34.5452,34.55,34.54,34.54,8075
184,34.53,34.55,34.53,34.5435,9507
185,34.54,34.545,34.53,34.54,6998
186,34.55,34.55,34.54,34.54,400
187,34.56,34.56,34.55,34.55,14139
188,34.55,34.555,34.54,34.55,8601
189,34.55,34.56,34.54,34.5401,9698
190,34.56,34.56,34.55,34.56,1900
191,34.5501,34.56,34.54,34.56,9496
192,34.555,34.56,34.55,34.5567,3172
193,34.56,34.575,34.5539,34.5539,9171
194,34.575,34.575,34.57,34.57,5270
195,34.58,34.58,34.57,34.5701,15127
196,34.605,34.615,34.58,34.58,22736
197,34.605,34.61,34.6,34.6,13681
198,34.6081,34.61,34.6,34.6,8120
199,34.595,34.61,34.593,34.6,2739
200,34.605,34.605,34.59,34.597,8210
201,34.5961,34.605,34.59,34.6,9039
202,34.6,34.61,34.6,34.6,10880
203,34.605,34.605,34.595,34.6,4170
204,34.605,34.61,34.6,34.605,10122
205,34.62,34.62,34.6,34.605,6900
206,34.62,34.62,34.61,34.61,601
207,34.62,34.62,34.61,34.6167,1946
208,34.609,34.615,34.605,34.61,11902
209,34.6,34.61,34.6,34.605,11011
210,34.59,34.61,34.59,34.6,8500
211,34.591,34.5956,34.59,34.59,1700
212,34.595,34.595,34.59,34.59,2697
213,34.585,34.595,34.58,34.59,9551
214,34.61,34.61,34.58,34.58,22633
215,34.6,34.62,34.6,34.61,20709
216,34.6,34.605,34.59,34.605,3700
217,34.605,34.605,34.595,34.6,3000
218,34.6139,34.62,34.6,34.6,9077
219,34.63,34.63,34.61,34.62,16730
220,34.61,34.63,34.6,34.63,7148
221,34.615,34.6156,34.605,34.61,5250
222,34.619,34.619,34.6054,34.61,13861
223,34.62,34.625,34.61,34.615,5987
224,34.625,34.6287,34.615,34.615,3900
225,34.635,34.635,34.61,34.62,13205
226,34.62,34.639,34.62,34.63,18001
227,34.615,34.6287,34.61,34.625,4800
228,34.605,34.62,34.605,34.615,5000
229,34.605,34.609,34.6,34.605,2422
230,34.605,34.609,34.59,34.605,33002
231,34.61,34.61,34.6,34.605,2839
232,34.605,34.61,34.6,34.6,5424
233,34.61,34.62,34.605,34.605,11631
234,34.61,34.62,34.6,34.605,4787
235,34.63,34.63,34.61,34.61,11507
236,34.62,34.63,34.62,34.63,6953
237,34.625,34.63,34.62,34.625,2586
238,34.63,34.63,34.62,34.625,6746
239,34.6235,34.63,34.62,34.625,5923
240,34.595,34.63,34.59,34.63,15530
241,34.5954,34.605,34.59,34.595,8935
242,34.62,34.62,34.59,34.595,29076
243,34.6,34.6167,34.6,34.61,6248
244,34.605,34.609,34.6,34.6,13200
245,34.61,34.615,34.6,34.6,10020
246,34.6,34.62,34.6,34.61,4951
247,34.6,34.605,34.6,34.6,4783
248,34.595,34.6056,34.5946,34.6,14041
249,34.59,34.595,34.59,34.59,1200
250,34.585,34.5935,34.58,34.5935,7562
251,34.58,34.585,34.58,34.585,2164
252,34.61,34.61,34.58,34.585,23812
253,34.6101,34.62,34.61,34.615,5835
254,34.6065,34.62,34.6,34.615,6464
255,34.5837,34.6047,34.58,34.6,17493
256,34.585,34.595,34.58,34.585,11200
257,34.595,34.6,34.58,34.58,14451
258,34.61,34.615,34.59,34.595,25498
259,34.6,34.61,34.6,34.61,19003
260,34.6,34.605,34.6,34.6,3315
261,34.615,34.6199,34.6,34.603,12557
262,34.61,34.62,34.6,34.615,10875
263,34.605,34.61,34.6,34.61,2895
264,34.62,34.62,34.61,34.61,6701
265,34.619,34.62,34.61,34.615,5490
266,34.635,34.64,34.61,34.615,26257
267,34.63,34.64,34.63,34.635,13789
268,34.635,34.6368,34.63,34.63,5801
269,34.63,34.635,34.63,34.635,7709
270,34.63,34.635,34.63,34.63,1931
271,34.62,34.635,34.62,34.63,10471
272,34.63,34.64,34.62,34.62,25164
273,34.63,34.63,34.62,34.63,6525
274,34.629,34.63,34.62,34.629,14437
275,34.6,34.63,34.6,34.625,21036
276,34.61,34.62,34.6021,34.6021,14122
277,34.615,34.62,34.6,34.6,4750
278,34.61,34.615,34.61,34.61,2294
279,34.61,34.615,34.61,34.61,2970
280,34.635,34.64,34.615,34.62,22314
281,34.645,34.67,34.63,34.635,40796
282,34.63,34.645,34.63,34.645,6063
283,34.635,34.6384,34.63,34.6384,1500
284,34.62,34.635,34.62,34.635,12067
285,34.62,34.64,34.62,34.63,22171
286,34.615,34.63,34.61,34.625,13105
287,34.605,34.61,34.5975,34.61,14239
288,34.59,34.61,34.59,34.61,16143
289,34.605,34.605,34.6,34.6,5282
290,34.61,34.61,34.6,34.6,8128
291,34.619,34.62,34.6,34.61,20869
292,34.635,34.65,34.6132,34.615,21067
293,34.62,34.635,34.62,34.633,20035
294,34.62,34.63,34.615,34.62,6580
295,34.615,34.63,34.61,34.63,8345
296,34.62,34.629,34.61,34.6139,13192
297,34.62,34.62,34.61,34.62,8059
298,34.625,34.635,34.625,34.63,7576
299,34.62,34.625,34.61,34.625,14542
300,34.615,34.62,34.61,34.62,8500
301,34.62,34.62,34.61,34.615,6426
302,34.61,34.62,34.605,34.62,26634
303,34.6,34.61,34.5927,34.61,11091
304,34.596,34.6,34.59,34.6,5508
305,34.59,34.595,34.59,34.595,1500
306,34.57,34.595,34.56,34.59,22167
307,34.56,34.57,34.56,34.565,4411
308,34.565,34.565,34.56,34.56,5325
309,34.56,34.58,34.56,34.5666,22430
310,34.55,34.565,34.55,34.565,11551
311,34.55,34.567,34.55,34.55,12886
312,34.54,34.56,34.54,34.551,9990
313,34.54,34.55,34.54,34.54,15610
314,34.5656,34.5656,34.54,34.54,12781
315,34.575,34.58,34.56,34.56,10595
316,34.57,34.58,34.56,34.58,20703
317,34.55,34.5699,34.55,34.5699,4400
318,34.57,34.57,34.55,34.55,11236
319,34.56,34.5854,34.56,34.57,14751
320,34.54,34.565,34.54,34.56,13000
321,34.57,34.57,34.54,34.55,20202
322,34.57,34.5761,34.565,34.565,11195
323,34.575,34.575,34.565,34.57,6212
324,34.58,34.58,34.57,34.57,29111
325,34.575,34.58,34.57,34.58,16248
326,34.59,34.6,34.571,34.58,22752
327,34.59,34.6,34.58,34.595,25446
328,34.595,34.6,34.59,34.6,6215
329,34.585,34.599,34.58,34.595,7045
330,34.585,34.587,34.58,34.585,3759
331,34.605,34.61,34.58,34.585,26670
332,34.591,34.6,34.59,34.6,7375
333,34.59,34.6,34.59,34.59,11969
334,34.595,34.5954,34.59,34.59,17000
335,34.595,34.605,34.59,34.595,128208
336,34.595,34.6,34.59,34.59,9010
337,34.585,34.595,34.58,34.59,21923
338,34.59,34.6,34.58,34.581,15767
339,34.605,34.61,34.595,34.595,56625
340,34.61,34.61,34.6,34.61,7050
341,34.6,34.61,34.6,34.6,10321
342,34.605,34.61,34.6,34.61,8789
343,34.605,34.61,34.6,34.605,7568
344,34.615,34.62,34.6,34.6,73262
345,34.615,34.62,34.61,34.62,8464
346,34.615,34.62,34.61,34.615,9429
347,34.615,34.62,34.61,34.61,11139
348,34.6,34.6174,34.6,34.6174,15146
349,34.605,34.6079,34.6,34.6,3017
350,34.605,34.61,34.6,34.605,5000
351,34.61,34.61,34.6,34.6,12102
352,34.605,34.61,34.6,34.6,10300
353,34.61,34.62,34.605,34.605,25058
354,34.605,34.615,34.6,34.615,18638
355,34.605,34.6072,34.6,34.6,1768
356,34.61,34.61,34.59,34.6045,34095
357,34.63,34.64,34.6,34.61,55758
358,34.625,34.63,34.62,34.63,67736
359,34.64,34.65,34.62,34.6299,82620
360,34.648,34.65,34.635,34.64,15117
361,34.625,34.645,34.62,34.64,21884
362,34.62,34.63,34.62,34.625,23112
363,34.64,34.64,34.62,34.625,20250
364,34.64,34.65,34.635,34.64,21424
365,34.6501,34.66,34.64,34.65,33882
366,34.6546,34.665,34.65,34.655,34565
367,34.645,34.66,34.64,34.66,36482
368,34.62,34.645,34.62,34.64,41370
369,34.625,34.63,34.62,34.625,14472
370,34.605,34.625,34.59,34.625,173159
371,34.63,34.635,34.605,34.605,70413
372,34.625,34.63,34.62,34.625,14674
373,34.61,34.63,34.61,34.62,38714
374,34.61,34.62,34.61,34.61,13767
375,34.62,34.62,34.61,34.615,34340
376,34.61,34.63,34.61,34.62,70181
377,34.625,34.63,34.61,34.61,48020
378,34.64,34.64,34.62,34.625,23667
379,34.635,34.64,34.63,34.63,13360
380,34.645,34.65,34.635,34.64,39745
381,34.61,34.65,34.61,34.64,48906
382,34.61,34.62,34.6,34.61,111461
383,34.6,34.62,34.6,34.61,36843
384,34.62,34.62,34.6,34.6,79046
385,34.6,34.62,34.595,34.62,63964
386,34.61,34.61,34.6,34.605,41916
387,34.61,34.61,34.6,34.61,55396
388,34.585,34.61,34.575,34.61,184969
389,34.6,34.6,34.58,34.585,224139
390,34.61,34.62,34.594,34.6,229180
