GPN,Global Payments Inc,Information Technology,7,Data Processing & Outsourced Services,13714735725,1254143
a1497533400,89.58,89.58,89.38,89.38,7153
1,89.18,89.455,89.17,89.455,2462
2,89.245,89.245,89.245,89.245,100
4,89.23,89.35,89.23,89.35,1352
5,89.11,89.23,89.11,89.23,200
6,89.115,89.23,89.01,89.13,1500
7,89.05,89.12,89.05,89.12,900
8,89.08,89.08,89.02,89.02,300
9,89.25,89.25,89.03,89.11,2800
10,89.31,89.38,89.26,89.26,700
11,89.21,89.35,89.13,89.28,11737
12,89.21,89.21,89.21,89.21,361
13,88.9,89.01,88.9,89.01,500
15,88.84,88.9,88.84,88.84,1001
16,88.71,88.79,88.71,88.79,800
17,88.78,88.8,88.63,88.7884,12550
18,88.95,89.03,88.68,88.715,3865
19,88.99,89.11,88.99,89.09,500
20,89.04,89.04,89,89.04,659
21,89.05,89.05,89.05,89.05,100
22,89.16,89.16,89.15,89.16,500
23,89.0925,89.1,89.02,89.08,2300
24,88.94,89.11,88.94,89.1,2276
25,88.93,88.97,88.87,88.97,1000
27,89.12,89.13,88.92,88.92,1200
28,89.14,89.18,89.05,89.17,5161
29,89.15,89.15,89.15,89.15,100
30,89.33,89.35,89.2,89.2,500
31,89.365,89.365,89.365,89.365,100
32,89.34,89.34,89.321,89.321,500
33,89.29,89.392,89.23,89.368,3157
34,89.4256,89.4256,89.38,89.41,3001
35,89.36,89.41,89.3,89.41,1150
36,89.385,89.4,89.385,89.4,200
37,89.36,89.405,89.36,89.405,400
38,89.41,89.41,89.41,89.41,500
39,89.29,89.41,89.25,89.41,4051
40,89.38,89.38,89.32,89.37,1300
42,89.23,89.38,89.23,89.36,2550
43,89.22,89.26,89.18,89.18,1100
44,89.236,89.27,89.22,89.22,1116
45,89.245,89.25,89.245,89.25,400
46,89.27,89.29,89.225,89.245,4800
47,89.31,89.31,89.26,89.26,700
48,89.38,89.38,89.37,89.37,1500
49,89.42,89.42,89.3,89.32,1700
51,89.31,89.36,89.31,89.36,961
52,89.32,89.33,89.29,89.29,1200
53,89.31,89.31,89.3,89.3,500
54,89.34,89.34,89.25,89.29,5955
55,89.36,89.38,89.3273,89.3273,1311
56,89.29,89.3,89.29,89.3,400
57,89.32,89.32,89.29,89.29,2202
58,89.42,89.42,89.38,89.38,300
59,89.41,89.41,89.41,89.41,200
60,89.48,89.48,89.44,89.44,700
61,89.44,89.45,89.41,89.45,2193
62,89.53,89.58,89.455,89.47,2300
63,89.52,89.55,89.49,89.49,700
64,89.46,89.47,89.46,89.47,200
66,89.47,89.49,89.47,89.48,302
67,89.45,89.49,89.45,89.47,2369
68,89.55,89.55,89.45,89.45,2951
69,89.58,89.58,89.55,89.55,1000
70,89.625,89.65,89.6,89.6,500
71,89.59,89.6,89.58,89.6,1711
72,89.55,89.55,89.55,89.55,100
73,89.55,89.61,89.54,89.54,7200
74,89.585,89.585,89.585,89.585,100
75,89.56,89.6,89.53,89.56,7048
76,89.51,89.56,89.51,89.56,1300
77,89.5,89.53,89.49,89.5,3521
78,89.49,89.49,89.49,89.49,154
79,89.465,89.48,89.43,89.46,5787
80,89.56,89.56,89.48,89.48,3050
81,89.5,89.52,89.49,89.52,2300
83,89.57,89.57,89.49,89.5,2400
84,89.575,89.575,89.575,89.575,100
85,89.58,89.6,89.52,89.54,1600
86,89.63,89.63,89.57,89.57,1154
87,89.69,89.69,89.62,89.63,700
88,89.64,89.77,89.64,89.72,2151
89,89.63,89.64,89.63,89.64,399
90,89.59,89.59,89.59,89.59,100
91,89.66,89.66,89.62,89.62,1200
92,89.68,89.68,89.68,89.68,100
93,89.64,89.65,89.63,89.64,2846
95,89.68,89.71,89.65,89.65,2273
96,89.75,89.75,89.69,89.69,1000
97,89.88,89.88,89.78,89.78,700
99,89.92,89.92,89.91,89.91,300
100,89.83,89.88,89.83,89.88,500
101,89.85,89.94,89.85,89.87,3160
102,89.94,89.96,89.92,89.92,1100
103,89.99,89.99,89.94,89.94,600
104,90.02,90.05,89.98,90.01,3072
105,89.98,90,89.98,90,700
106,90.05,90.05,89.995,90.02,704
107,90.04,90.07,90.04,90.06,669
109,90.03,90.04,90.03,90.04,1099
110,90.08,90.08,90.07,90.07,300
111,90.13,90.13,90.07,90.09,1643
113,90.02,90.13,90.02,90.13,2700
114,90.05,90.05,89.98,89.98,800
115,90.025,90.05,90.015,90.015,2700
116,90.005,90.03,89.95,90,2304
117,90.085,90.09,89.98,89.98,25500
118,90.14,90.19,90.07,90.1,2279
119,90.14,90.14,90.14,90.14,100
120,90.23,90.23,90.14,90.14,800
121,90.23,90.3,90.16,90.19,11200
122,90.3,90.3,90.26,90.3,1159
123,90.31,90.335,90.31,90.31,2651
125,90.3,90.34,90.3,90.34,2596
126,90.285,90.32,90.28,90.28,1100
127,90.28,90.28,90.26,90.275,671
128,90.34,90.34,90.28,90.28,1400
129,90.35,90.35,90.34,90.34,400
130,90.36,90.37,90.31,90.37,700
131,90.39,90.39,90.35,90.35,900
132,90.34,90.34,90.34,90.34,144
133,90.39,90.39,90.39,90.39,100
134,90.37,90.37,90.37,90.37,100
135,90.33,90.36,90.33,90.34,2826
136,90.24,90.32,90.24,90.32,1400
137,90.17,90.22,90.17,90.22,600
138,90.15,90.15,90.15,90.15,300
139,90.16,90.16,90.15,90.15,300
140,90.19,90.22,90.17,90.17,1800
141,90.21,90.21,90.19,90.19,200
142,90.21,90.21,90.21,90.21,300
143,90.17,90.185,90.16,90.17,1500
144,90.15,90.17,90.15,90.17,1101
145,90.17,90.17,90.17,90.17,100
148,90.2,90.22,90.2,90.2,600
150,90.13,90.18,90.13,90.18,2300
151,90.12,90.12,90.12,90.12,200
152,90.07,90.12,90.07,90.12,500
153,90.06,90.06,90.06,90.06,322
154,90.09,90.09,90.07,90.07,1100
155,90.11,90.11,90.095,90.1,700
156,90.21,90.25,90.13,90.13,1800
157,90.2,90.2,90.2,90.2,900
159,90.15,90.17,90.15,90.17,1500
160,90.2,90.2,90.17,90.17,750
161,90.19,90.19,90.19,90.19,200
162,90.18,90.18,90.18,90.18,200
163,90.18,90.19,90.18,90.18,500
164,90.21,90.21,90.18,90.21,500
165,90.21,90.22,90.21,90.22,500
166,90.24,90.25,90.24,90.24,1000
168,90.32,90.32,90.25,90.25,700
169,90.31,90.31,90.31,90.31,200
170,90.27,90.3,90.27,90.28,600
171,90.27,90.3,90.26,90.3,1647
172,90.25,90.28,90.25,90.26,1350
173,90.287,90.32,90.27,90.28,1700
175,90.35,90.35,90.35,90.35,850
176,90.34,90.35,90.34,90.35,300
177,90.34,90.34,90.32,90.34,300
178,90.36,90.36,90.3303,90.3303,745
179,90.35,90.36,90.35,90.35,400
180,90.35,90.35,90.3,90.3,500
181,90.35,90.35,90.35,90.35,200
182,90.35,90.35,90.35,90.35,300
183,90.31,90.35,90.31,90.35,500
184,90.34,90.34,90.33,90.33,300
185,90.39,90.39,90.34,90.34,1200
186,90.39,90.39,90.37,90.37,200
187,90.4,90.4,90.38,90.4,800
188,90.4,90.41,90.4,90.41,900
189,90.39,90.39,90.39,90.39,600
190,90.4,90.415,90.395,90.395,800
191,90.42,90.42,90.42,90.42,100
192,90.35,90.41,90.33,90.41,1200
193,90.41,90.41,90.37,90.37,800
194,90.44,90.45,90.4,90.4,1454
195,90.43,90.4355,90.41,90.4355,1115
196,90.495,90.5,90.41,90.41,11721
197,90.49,90.52,90.48,90.505,12400
198,90.51,90.51,90.51,90.51,100
199,90.44,90.48,90.43,90.48,1400
200,90.46,90.46,90.44,90.44,200
201,90.42,90.43,90.42,90.43,882
202,90.42,90.425,90.41,90.425,300
203,90.47,90.47,90.44,90.44,1100
204,90.46,90.46,90.46,90.46,100
205,90.42,90.47,90.42,90.47,500
206,90.44,90.46,90.44,90.46,200
207,90.46,90.46,90.44,90.44,300
208,90.46,90.46,90.46,90.46,100
209,90.425,90.44,90.42,90.43,2966
210,90.55,90.55,90.46,90.46,1710
212,90.6,90.6,90.55,90.58,1100
213,90.54,90.54,90.54,90.54,100
214,90.58,90.58,90.56,90.56,200
215,90.58,90.58,90.54,90.56,1462
216,90.53,90.59,90.53,90.55,500
219,90.52,90.52,90.52,90.52,100
220,90.54,90.54,90.5,90.52,2100
222,90.55,90.56,90.515,90.515,1500
224,90.57,90.58,90.57,90.57,500
225,90.65,90.65,90.63,90.63,300
226,90.58,90.64,90.58,90.6,1805
227,90.57,90.58,90.57,90.58,806
228,90.64,90.64,90.55,90.55,2700
230,90.625,90.64,90.61,90.63,1222
231,90.68,90.7,90.62,90.62,35830
232,90.64,90.685,90.64,90.685,4702
233,90.59,90.62,90.59,90.62,9900
234,90.605,90.63,90.59,90.59,7000
235,90.62,90.63,90.57,90.59,19212
236,90.61,90.61,90.61,90.61,100
237,90.61,90.62,90.61,90.61,664
238,90.59,90.63,90.59,90.605,3750
240,90.45,90.59,90.45,90.59,2600
241,90.47,90.47,90.435,90.44,1214
242,90.5,90.5,90.5,90.5,100
244,90.52,90.52,90.51,90.51,700
245,90.55,90.56,90.53,90.53,700
247,90.57,90.57,90.57,90.57,200
248,90.54,90.585,90.54,90.585,3021
249,90.575,90.58,90.55,90.55,700
250,90.59,90.59,90.58,90.58,200
252,90.58,90.58,90.58,90.58,100
253,90.62,90.62,90.57,90.595,3200
254,90.6,90.6,90.5753,90.58,4320
255,90.58,90.58,90.58,90.58,100
256,90.56,90.57,90.56,90.57,1800
257,90.5145,90.55,90.5145,90.55,705
259,90.5644,90.5644,90.525,90.55,521
260,90.58,90.58,90.555,90.555,700
261,90.52,90.58,90.52,90.58,600
262,90.5,90.54,90.5,90.5399,600
263,90.495,90.495,90.48,90.48,223
264,90.48,90.48,90.48,90.48,300
265,90.47,90.49,90.45,90.47,1700
266,90.46,90.46,90.46,90.46,100
267,90.47,90.47,90.47,90.47,100
268,90.46,90.499,90.46,90.499,709
270,90.45,90.48,90.45,90.48,2100
271,90.43,90.43,90.43,90.43,200
273,90.49,90.49,90.45,90.46,1600
274,90.51,90.51,90.48,90.48,250
275,90.53,90.53,90.53,90.53,100
276,90.545,90.57,90.51,90.51,1200
277,90.545,90.57,90.545,90.57,400
279,90.58,90.58,90.5365,90.5365,2314
280,90.58,90.58,90.58,90.58,100
281,90.59,90.59,90.58,90.58,400
282,90.51,90.59,90.51,90.59,3354
283,90.5,90.51,90.491,90.51,309
284,90.49,90.49,90.49,90.49,100
285,90.57,90.58,90.51,90.53,4220
286,90.55,90.56,90.55,90.55,1001
287,90.54,90.56,90.52,90.56,1600
288,90.52,90.52,90.52,90.52,100
289,90.53,90.53,90.51,90.52,1200
290,90.52,90.52,90.52,90.52,100
291,90.56,90.56,90.55,90.55,1100
292,90.66,90.66,90.58,90.59,2100
293,90.635,90.66,90.625,90.6378,5441
294,90.63,90.64,90.63,90.63,1600
295,90.63,90.63,90.63,90.63,800
296,90.63,90.65,90.62,90.63,2868
297,90.6,90.63,90.6,90.61,9816
298,90.605,90.61,90.59,90.59,900
299,90.55,90.605,90.55,90.605,10000
300,90.54,90.54,90.54,90.54,200
301,90.53,90.54,90.53,90.54,400
302,90.55,90.55,90.53,90.53,1240
303,90.55,90.56,90.55,90.56,7000
305,90.49,90.54,90.49,90.54,1790
306,90.42,90.46,90.41,90.46,2100
308,90.41,90.42,90.41,90.42,900
309,90.42,90.44,90.39,90.41,2985
310,90.4483,90.4483,90.4483,90.4483,264
311,90.45,90.48,90.45,90.45,2530
312,90.47,90.47,90.44,90.44,200
313,90.48,90.49,90.48,90.48,1096
314,90.51,90.51,90.49,90.49,300
315,90.53,90.53,90.52,90.52,200
316,90.52,90.5478,90.52,90.5478,993
317,90.46,90.51,90.46,90.51,2520
318,90.5,90.52,90.49,90.49,1258
319,90.61,90.61,90.525,90.525,1200
321,90.55,90.605,90.55,90.5967,1403
322,90.55,90.59,90.55,90.57,1600
323,90.56,90.56,90.52,90.55,1453
324,90.5295,90.5295,90.5295,90.5295,398
325,90.46,90.49,90.46,90.49,2198
326,90.45,90.485,90.45,90.48,300
327,90.47,90.47,90.47,90.47,104
328,90.46,90.47,90.46,90.47,700
329,90.47,90.5,90.47,90.47,400
330,90.495,90.51,90.495,90.5,300
331,90.4636,90.49,90.4636,90.47,1367
333,90.5,90.5,90.47,90.475,2951
334,90.52,90.53,90.5,90.5,1536
335,90.52,90.55,90.5,90.5,1809
336,90.48,90.52,90.48,90.52,1100
337,90.44,90.44,90.44,90.44,849
338,90.43,90.45,90.43,90.45,600
339,90.49,90.5,90.45,90.45,1200
340,90.46,90.48,90.46,90.48,600
341,90.41,90.45,90.37,90.45,1700
342,90.435,90.435,90.41,90.41,300
343,90.43,90.445,90.43,90.445,5400
344,90.435,90.435,90.435,90.435,100
345,90.45,90.45,90.42,90.43,1300
346,90.5,90.51,90.46,90.46,2300
347,90.485,90.5,90.48,90.5,1420
348,90.5,90.5,90.495,90.495,500
349,90.45,90.495,90.45,90.48,1200
350,90.46,90.46,90.46,90.46,100
351,90.48,90.51,90.455,90.455,3067
352,90.48,90.49,90.48,90.49,600
353,90.47,90.49,90.47,90.49,1099
354,90.48,90.48,90.47,90.47,800
355,90.48,90.48,90.48,90.48,800
356,90.48,90.5,90.47,90.48,1200
357,90.5,90.5,90.48,90.48,967
358,90.505,90.52,90.48,90.51,3000
359,90.52,90.53,90.51,90.52,400
360,90.48,90.5,90.44,90.49,1400
361,90.49,90.49,90.45,90.46,800
362,90.49,90.51,90.49,90.49,700
363,90.48,90.51,90.48,90.51,2495
364,90.47,90.48,90.46,90.48,1272
365,90.49,90.49,90.47,90.47,700
366,90.49,90.49,90.48,90.49,1900
367,90.45,90.48,90.45,90.48,1200
368,90.44,90.47,90.44,90.44,1330
369,90.41,90.44,90.41,90.43,1619
370,90.36,90.4,90.34,90.4,2350
371,90.36,90.36,90.32,90.36,3766
372,90.37,90.37,90.36,90.36,3449
373,90.35,90.38,90.33,90.38,3000
374,90.39,90.39,90.355,90.355,1500
375,90.29,90.39,90.29,90.39,3966
376,90.31,90.34,90.29,90.29,2472
377,90.34,90.34,90.31,90.31,4375
378,90.335,90.35,90.33,90.33,1664
379,90.36,90.36,90.33,90.33,1380
380,90.37,90.37,90.35,90.37,1991
381,90.36,90.37,90.34,90.37,5715
382,90.38,90.38,90.35,90.36,4624
383,90.36,90.38,90.34,90.37,17300
384,90.33,90.36,90.32,90.3525,3706
385,90.33,90.35,90.33,90.33,4768
386,90.35,90.36,90.34,90.34,4500
387,90.35,90.36,90.33,90.35,7334
388,90.33,90.36,90.32,90.35,3036
389,90.32,90.34,90.3,90.34,5518
390,90.39,90.39,90.32,90.33,12286
