HAL,Halliburton Co.,Energy,3,Oil & Gas Equipment & Services,37412747715,10487835
a1497533400,44.41,44.41,44.4,44.4,78245
1,44.54,44.61,44.41,44.41,12353
2,44.48,44.57,44.46,44.54,8113
3,44.4575,44.5,44.45,44.47,33051
4,44.47,44.53,44.43,44.47,37734
5,44.47,44.52,44.42,44.5199,8890
6,44.44,44.51,44.35,44.45,48800
7,44.46,44.5,44.44,44.44,21492
8,44.42,44.47,44.37,44.47,15013
9,44.36,44.41,44.35,44.41,16408
10,44.29,44.352,44.28,44.35,21976
11,44.2,44.3,44.2,44.295,48512
12,44.21,44.21,44.13,44.19,34635
13,44.35,44.4101,44.21,44.21,59935
14,44.41,44.44,44.33,44.34,16065
15,44.36,44.4046,44.29,44.4046,18319
16,44.38,44.39,44.31,44.35,26601
17,44.43,44.47,44.39,44.39,16448
18,44.36,44.4373,44.31,44.4373,13967
19,44.3798,44.42,44.34,44.3601,16835
20,44.32,44.38,44.31,44.38,5936
21,44.36,44.36,44.3,44.33,20179
22,44.45,44.45,44.34,44.35,16802
23,44.57,44.57,44.43,44.43,29369
24,44.58,44.66,44.57,44.58,16264
25,44.59,44.65,44.58,44.58,13334
26,44.56,44.59,44.53,44.58,26148
27,44.61,44.64,44.57,44.57,46165
28,44.65,44.67,44.61,44.61,19212
29,44.65,44.66,44.63,44.65,15742
30,44.64,44.71,44.625,44.66,19477
31,44.61,44.69,44.6,44.65,12573
32,44.46,44.6,44.46,44.6,26720
33,44.49,44.495,44.45,44.47,26878
34,44.54,44.57,44.46,44.48,25068
35,44.51,44.57,44.48,44.54,21510
36,44.537,44.56,44.51,44.52,22256
37,44.48,44.53,44.48,44.53,15918
38,44.41,44.48,44.41,44.47,16532
39,44.405,44.45,44.4,44.409,18414
40,44.44,44.45,44.37,44.4,11044
41,44.4,44.45,44.39,44.44,9862
42,44.3101,44.398,44.3101,44.398,22371
43,44.28,44.32,44.2634,44.32,36320
44,44.25,44.3,44.25,44.28,35552
45,44.25,44.266,44.245,44.25,15217
46,44.29,44.32,44.25,44.26,21268
47,44.2756,44.31,44.27,44.29,22947
48,44.335,44.335,44.2653,44.27,17681
49,44.2401,44.33,44.24,44.33,30311
50,44.2,44.24,44.18,44.24,24569
51,44.159,44.21,44.15,44.2,19316
52,44.17,44.175,44.145,44.155,32653
53,44.24,44.265,44.17,44.18,22516
54,44.205,44.2407,44.2,44.23,31097
55,44.16,44.2,44.13,44.2,32407
56,44.13,44.155,44.105,44.155,24096
57,44.15,44.17,44.13,44.13,16415
58,44.22,44.23,44.14,44.15,24012
59,44.22,44.225,44.2,44.225,9889
60,44.3221,44.35,44.23,44.23,16998
61,44.32,44.365,44.32,44.33,12835
62,44.32,44.32,44.29,44.31,7430
63,44.28,44.33,44.27,44.32,13403
64,44.29,44.3,44.27,44.29,7529
65,44.34,44.34,44.29,44.29,8390
66,44.32,44.345,44.315,44.33,8754
67,44.325,44.3434,44.29,44.32,18927
68,44.335,44.35,44.31,44.325,16397
69,44.36,44.37,44.32,44.33,7155
70,44.32,44.355,44.28,44.355,13478
71,44.34,44.34,44.31,44.31,3900
72,44.3,44.35,44.2999,44.34,12825
73,44.29,44.32,44.265,44.31,12347
74,44.3,44.31,44.29,44.29,6807
75,44.26,44.31,44.25,44.3,7415
76,44.235,44.265,44.235,44.25,8400
77,44.24,44.27,44.23,44.24,14881
78,44.19,44.24,44.165,44.24,12900
79,44.175,44.195,44.17,44.185,15631
80,44.125,44.18,44.12,44.17,22123
81,44.09,44.13,44.08,44.13,28432
82,44.13,44.13,44.07,44.08,25800
83,44.14,44.19,44.13,44.14,15804
84,44.11,44.145,44.1,44.14,14507
85,44.09,44.12,44.05,44.11,15712
86,44.1,44.12,44.07,44.089,16929
87,44.11,44.15,44.11,44.11,8685
88,44.2,44.2,44.115,44.12,11113
89,44.2,44.23,44.18,44.2,26789
90,44.225,44.23,44.196,44.205,7850
91,44.26,44.26,44.23,44.23,10346
92,44.24,44.25,44.23,44.25,9246
93,44.2262,44.26,44.22,44.2499,8132
94,44.23,44.245,44.22,44.23,5402
95,44.31,44.315,44.2214,44.23,22185
96,44.23,44.315,44.23,44.31,16720
97,44.27,44.275,44.23,44.23,12959
98,44.29,44.29,44.245,44.26,8700
99,44.25,44.3,44.25,44.2924,8592
100,44.26,44.29,44.25,44.26,8668
101,44.25,44.27,44.24,44.27,10540
102,44.27,44.28,44.245,44.25,5800
103,44.25,44.26,44.23,44.26,11374
104,44.22,44.25,44.21,44.25,15989
105,44.25,44.25,44.21,44.22,17919
106,44.26,44.275,44.23,44.25,12215
107,44.29,44.295,44.25,44.26,10359
108,44.275,44.3,44.27,44.29,5228
109,44.29,44.315,44.28,44.28,22301
110,44.29,44.3,44.28,44.29,12626
111,44.275,44.31,44.275,44.29,23762
112,44.28,44.3,44.26,44.27,13300
113,44.2648,44.29,44.25,44.28,13255
114,44.26,44.28,44.25,44.27,14419
115,44.25,44.29,44.25,44.25,13897
116,44.25,44.28,44.24,44.24,15300
117,44.28,44.295,44.26,44.26,24211
118,44.27,44.3,44.27,44.28,11517
119,44.32,44.32,44.265,44.28,23710
120,44.36,44.39,44.305,44.32,40848
121,44.37,44.38,44.33,44.36,34468
122,44.375,44.385,44.335,44.37,42996
123,44.39,44.41,44.365,44.375,26229
124,44.38,44.39,44.34,44.39,13818
125,44.41,44.43,44.37,44.39,15151
126,44.4,44.43,44.39,44.42,25958
127,44.45,44.46,44.395,44.405,33272
128,44.43,44.46,44.42,44.45,27485
129,44.48,44.48,44.4,44.42,18524
130,44.485,44.495,44.43,44.47,17727
131,44.46,44.48,44.45,44.48,12724
132,44.509,44.51,44.47,44.47,16459
133,44.555,44.58,44.5009,44.515,18327
134,44.54,44.56,44.52,44.55,18661
135,44.55,44.575,44.545,44.545,18733
136,44.545,44.56,44.53,44.54,15433
137,44.54,44.565,44.535,44.545,22029
138,44.54,44.56,44.535,44.545,11506
139,44.51,44.539,44.5,44.539,13042
140,44.51,44.53,44.49,44.52,23508
141,44.48,44.5,44.48,44.5,11600
142,44.485,44.49,44.46,44.48,16456
143,44.46,44.49,44.46,44.49,10200
144,44.49,44.5,44.45,44.46,16283
145,44.42,44.485,44.42,44.485,12788
146,44.43,44.44,44.41,44.43,12716
147,44.46,44.46,44.4301,44.4301,3217
148,44.465,44.49,44.455,44.46,17992
149,44.45,44.48,44.45,44.47,6790
150,44.44,44.45,44.425,44.45,15593
151,44.45,44.46,44.44,44.44,12756
152,44.46,44.48,44.445,44.46,12620
153,44.49,44.51,44.46,44.46,20421
154,44.48,44.505,44.465,44.49,19395
155,44.51,44.52,44.47,44.49,24466
156,44.505,44.53,44.5,44.51,8948
157,44.48,44.5,44.47,44.5,13883
158,44.47,44.485,44.465,44.47,12313
159,44.46,44.49,44.45,44.47,16678
160,44.441,44.455,44.43,44.45,7278
161,44.44,44.4437,44.43,44.44,6938
162,44.42,44.45,44.42,44.44,11500
163,44.445,44.45,44.415,44.42,15435
164,44.425,44.46,44.42,44.45,11667
165,44.41,44.435,44.395,44.42,11585
166,44.435,44.435,44.4,44.41,12886
167,44.41,44.44,44.41,44.4245,9955
168,44.42,44.435,44.41,44.415,9543
169,44.42,44.44,44.405,44.41,6790
170,44.38,44.42,44.38,44.41,13679
171,44.35,44.385,44.34,44.38,12057
172,44.37,44.37,44.34,44.34,5053
173,44.33,44.38,44.325,44.37,5425
174,44.27,44.34,44.27,44.34,9301
175,44.27,44.29,44.25,44.27,21421
176,44.32,44.33,44.26,44.27,13996
177,44.33,44.34,44.295,44.32,13014
178,44.32,44.33,44.28,44.32,10262
179,44.345,44.35,44.3,44.31,6715
180,44.35,44.38,44.32,44.341,11807
181,44.3746,44.3746,44.35,44.35,4856
182,44.36,44.3798,44.355,44.37,7235
183,44.39,44.4,44.365,44.37,9224
184,44.39,44.42,44.37,44.385,8398
185,44.375,44.4,44.37,44.39,6877
186,44.39,44.4,44.37,44.37,5110
187,44.4053,44.42,44.4,44.4,7885
188,44.42,44.42,44.4,44.41,4150
189,44.43,44.43,44.41,44.42,4196
190,44.41,44.435,44.41,44.43,8506
191,44.41,44.43,44.38,44.4,9498
192,44.415,44.42,44.4,44.401,9512
193,44.42,44.42,44.38,44.41,9820
194,44.42,44.435,44.4,44.42,15975
195,44.42,44.43,44.4,44.43,7585
196,44.42,44.44,44.41,44.421,14908
197,44.43,44.44,44.41,44.42,11655
198,44.441,44.445,44.42,44.43,5000
199,44.42,44.44,44.42,44.44,8999
200,44.4,44.43,44.4,44.43,7901
201,44.37,44.41,44.37,44.4,6249
202,44.4,44.43,44.38,44.38,7531
203,44.4,44.44,44.3933,44.3933,14687
204,44.38,44.4,44.375,44.4,8779
205,44.37,44.38,44.36,44.375,11693
206,44.375,44.39,44.36,44.37,6091
207,44.35,44.4,44.35,44.38,9500
208,44.35,44.365,44.33,44.35,12545
209,44.35,44.355,44.345,44.355,5619
210,44.35,44.35,44.32,44.35,9728
211,44.361,44.37,44.35,44.355,7801
212,44.37,44.38,44.36,44.36,7126
213,44.37,44.38,44.36,44.38,5126
214,44.39,44.39,44.35,44.36,11203
215,44.39,44.4,44.37,44.39,6938
216,44.38,44.39,44.37,44.39,9650
217,44.38,44.395,44.38,44.38,8950
218,44.4,44.4,44.38,44.38,4850
219,44.4,44.4,44.381,44.4,4856
220,44.36,44.39,44.36,44.39,5055
221,44.38,44.38,44.35,44.35,9974
222,44.36,44.375,44.36,44.375,6976
223,44.37,44.38,44.36,44.37,6949
224,44.39,44.4,44.36,44.36,5052
225,44.39,44.4,44.37,44.39,7550
226,44.38,44.395,44.38,44.39,8300
227,44.33,44.375,44.32,44.37,10616
228,44.35,44.36,44.33,44.34,10318
229,44.33,44.3453,44.32,44.34,3698
230,44.315,44.3399,44.285,44.33,9559
231,44.315,44.325,44.31,44.31,2500
232,44.31,44.32,44.3,44.31,5253
233,44.31,44.32,44.305,44.31,5441
234,44.31,44.32,44.31,44.31,9543
235,44.31,44.325,44.305,44.31,7275
236,44.29,44.31,44.275,44.31,9662
237,44.26,44.29,44.26,44.28,4000
238,44.29,44.29,44.27,44.27,9112
239,44.2801,44.305,44.28,44.28,7221
240,44.31,44.31,44.275,44.285,8431
241,44.3075,44.32,44.3,44.31,9897
242,44.34,44.36,44.3,44.3,13931
243,44.33,44.35,44.33,44.335,5269
244,44.31,44.32,44.3,44.32,3938
245,44.335,44.345,44.3164,44.32,10188
246,44.325,44.34,44.32,44.33,3500
247,44.325,44.33,44.31,44.32,3900
248,44.32,44.34,44.32,44.321,5315
249,44.32,44.34,44.32,44.339,7311
250,44.35,44.355,44.33,44.33,5348
251,44.33,44.34,44.33,44.34,3710
252,44.35,44.35,44.3344,44.34,7788
253,44.355,44.365,44.34,44.345,6097
254,44.32,44.36,44.31,44.355,5043
255,44.33,44.335,44.3,44.325,9361
256,44.3,44.34,44.3,44.34,6103
257,44.295,44.305,44.28,44.2937,11800
258,44.28,44.31,44.27,44.29,4600
259,44.3,44.31,44.28,44.285,3912
260,44.28,44.305,44.27,44.3,7947
261,44.27,44.275,44.25,44.27,8871
262,44.3,44.3,44.27,44.27,8698
263,44.305,44.31,44.3,44.3,2160
264,44.305,44.315,44.3,44.31,7585
265,44.3,44.31,44.28,44.3,11343
266,44.28,44.305,44.28,44.3,9573
267,44.259,44.27,44.245,44.27,10322
268,44.26,44.2659,44.24,44.26,5423
269,44.275,44.28,44.26,44.26,7380
270,44.24,44.275,44.24,44.27,11300
271,44.195,44.24,44.19,44.24,36005
272,44.171,44.2,44.171,44.195,24432
273,44.18,44.18,44.15,44.175,33312
274,44.22,44.23,44.19,44.19,52996
275,44.22,44.23,44.2,44.21,19391
276,44.22,44.23,44.22,44.22,8921
277,44.21,44.23,44.205,44.22,18644
278,44.2,44.211,44.191,44.21,11067
279,44.1963,44.2,44.19,44.2,12212
280,44.245,44.26,44.2,44.2,26146
281,44.24,44.25,44.235,44.245,8972
282,44.225,44.24,44.22,44.24,19336
283,44.25,44.255,44.221,44.23,15028
284,44.25,44.25,44.24,44.25,7617
285,44.24,44.265,44.24,44.25,23392
286,44.24,44.25,44.22,44.25,11429
287,44.23,44.25,44.22,44.24,16722
288,44.25,44.25,44.23,44.23,11743
289,44.23,44.2565,44.23,44.241,10693
290,44.211,44.235,44.211,44.22,7483
291,44.2033,44.225,44.19,44.22,16646
292,44.2,44.22,44.19,44.2,12523
293,44.2,44.22,44.19,44.2037,12238
294,44.21,44.225,44.2,44.2,14235
295,44.2,44.21,44.185,44.21,10727
296,44.211,44.24,44.1936,44.2,12533
297,44.26,44.26,44.219,44.219,17756
298,44.29,44.295,44.251,44.26,15329
299,44.245,44.28,44.24,44.28,16173
300,44.25,44.255,44.215,44.245,7878
301,44.25,44.27,44.24,44.26,8777
302,44.255,44.26,44.24,44.25,9683
303,44.241,44.26,44.24,44.25,8000
304,44.255,44.265,44.23,44.245,12451
305,44.25,44.265,44.22,44.255,27524
306,44.23,44.25,44.2,44.25,22238
307,44.25,44.26,44.22,44.23,7215
308,44.255,44.26,44.24,44.26,8595
309,44.25,44.2557,44.24,44.25,13996
310,44.255,44.26,44.23,44.2548,13249
311,44.21,44.26,44.21,44.26,21021
312,44.21,44.22,44.2,44.21,6612
313,44.2,44.21,44.19,44.21,9838
314,44.21,44.22,44.19,44.2,8716
315,44.22,44.23,44.21,44.22,2814
316,44.225,44.24,44.22,44.225,9728
317,44.19,44.23,44.19,44.23,11501
318,44.23,44.23,44.19,44.1924,11038
319,44.205,44.25,44.205,44.23,16026
320,44.18,44.21,44.18,44.21,25810
321,44.1912,44.2,44.18,44.18,11762
322,44.18,44.19,44.18,44.19,8430
323,44.24,44.25,44.19,44.19,15537
324,44.23,44.25,44.23,44.25,9310
325,44.21,44.24,44.21,44.235,4383
326,44.21,44.23,44.2,44.21,14356
327,44.22,44.22,44.205,44.2135,7725
328,44.23,44.24,44.22,44.2252,11300
329,44.23,44.23,44.2,44.23,15762
330,44.18,44.23,44.17,44.23,13349
331,44.1635,44.18,44.15,44.17,12779
332,44.165,44.17,44.15,44.16,18913
333,44.14,44.165,44.1301,44.165,31382
334,44.15,44.155,44.135,44.145,17634
335,44.145,44.15,44.14,44.145,3046
336,44.13,44.155,44.13,44.14,20387
337,44.14,44.14,44.125,44.13,16956
338,44.16,44.16,44.12,44.14,14500
339,44.18,44.19,44.15,44.15,22592
340,44.209,44.21,44.17,44.17,7700
341,44.19,44.22,44.185,44.21,23740
342,44.155,44.19,44.155,44.19,8326
343,44.125,44.16,44.12,44.16,17935
344,44.14,44.14,44.12,44.13,21388
345,44.15,44.1667,44.13,44.13,17175
346,44.165,44.17,44.145,44.15,17747
347,44.17,44.175,44.15,44.17,17647
348,44.185,44.185,44.17,44.17,16906
349,44.16,44.18,44.16,44.18,13025
350,44.17,44.18,44.15,44.16,42500
351,44.185,44.19,44.16,44.16,14636
352,44.17,44.19,44.17,44.185,15664
353,44.135,44.17,44.135,44.17,16026
354,44.125,44.14,44.11,44.135,20308
355,44.135,44.135,44.11,44.1256,18163
356,44.14,44.15,44.13,44.13,7149
357,44.13,44.155,44.13,44.145,20473
358,44.11,44.13,44.1,44.13,30035
359,44.105,44.11,44.1001,44.11,4232
360,44.09,44.11,44.09,44.11,29952
361,44.07,44.09,44.065,44.09,30350
362,44.04,44.07,44.04,44.07,21683
363,44.035,44.05,44.03,44.045,36526
364,44.03,44.035,44.01,44.035,30004
365,44.055,44.06,44.02,44.03,28883
366,44.035,44.06,44.02,44.055,54192
367,44.055,44.07,44.01,44.03,61315
368,44.01,44.065,44.01,44.06,33288
369,43.99,44.055,43.99,44.0177,65985
370,43.955,43.999,43.95,43.99,53459
371,43.97,43.99,43.955,43.955,54597
372,43.93,43.975,43.93,43.97,30238
373,43.95,43.95,43.92,43.93,42976
374,43.93,43.95,43.93,43.9495,31408
375,43.9,43.94,43.87,43.935,55927
376,43.93,43.97,43.905,43.905,69432
377,43.89,43.94,43.89,43.94,77494
378,43.88,43.895,43.86,43.89,66171
379,43.96,43.96,43.88,43.88,83346
380,43.91,43.97,43.89,43.955,146420
381,43.93,43.96,43.895,43.9,69503
382,43.935,43.95,43.91,43.93,115824
383,43.93,43.935,43.91,43.93,94295
384,43.93,43.97,43.92,43.935,79417
385,44.02,44.02,43.92,43.92,109615
386,44.01,44.03,44,44.02,96668
387,44.06,44.07,44.01,44.015,110510
388,44.08,44.1,44.06,44.065,138877
389,44.06,44.1,44.06,44.075,79592
390,44.09,44.09,44.05,44.065,200769
