HON,Honeywell Int'l Inc.,Industrials,6,Industrial Conglomerates,102397219945,2534592
a1497533460,133.57,133.57,133.35,133.35,35718
1,133.895,134,133.555,133.61,5523
2,133.765,133.99,133.765,133.9,4522
3,133.88,134,133.73,133.83,3173
4,133.87,133.98,133.87,133.9,1880
5,133.835,133.96,133.83,133.925,1736
6,133.89,133.95,133.84,133.87,4000
7,133.86,133.895,133.84,133.895,2836
8,133.98,133.98,133.89,133.89,708
9,134.01,134.01,133.9,133.935,2926
10,133.98,133.99,133.96,133.97,1536
11,134.07,134.07,133.98,133.99,6589
12,134.055,134.1,134.04,134.07,1700
13,134.015,134.085,134.01,134.085,4554
14,133.94,133.99,133.94,133.99,1600
15,133.94,134,133.94,133.94,3193
16,133.94,133.97,133.92,133.94,3798
17,133.92,133.93,133.89,133.92,2065
18,133.99,134.02,133.94,133.94,2650
19,133.94,133.95,133.93,133.95,1100
20,133.91,133.95,133.88,133.95,3615
21,133.93,133.98,133.85,133.86,5399
22,133.98,133.98,133.91,133.92,1065
23,134.07,134.08,134.02,134.03,1500
24,134.12,134.16,134.05,134.05,2400
25,134.03,134.13,134.03,134.1,1300
26,134.13,134.13,134.04,134.04,1700
27,134.15,134.15,134.1,134.14,1529
28,134.2,134.2,134.14,134.14,2396
29,134.21,134.24,134.17,134.17,2100
30,134.2,134.21,134.16,134.21,3700
31,134.21,134.21,134.17,134.2,2872
32,134.27,134.28,134.22,134.24,2200
33,134.25,134.35,134.25,134.31,3936
34,134.16,134.16,134.15,134.15,1100
35,134.09,134.15,134.09,134.12,600
36,134.1025,134.13,134.08,134.12,4592
37,134.12,134.12,134.1,134.1,1767
38,134.11,134.125,134.09,134.1234,1700
39,134.16,134.16,134.095,134.11,1901
40,134.17,134.1725,134.15,134.16,1100
41,134.11,134.18,134.11,134.1401,2000
42,134.18,134.18,134.14,134.14,1000
43,134.17,134.25,134.17,134.22,1500
44,134.15,134.18,134.15,134.18,3433
45,134.1,134.135,134.07,134.135,2622
46,134.01,134.09,134,134.09,4700
47,134,134.04,134,134.01,1900
48,133.85,133.98,133.85,133.96,2075
49,133.89,133.91,133.81,133.84,4400
50,133.895,133.93,133.89,133.92,1415
51,133.84,133.88,133.84,133.87,1245
52,133.8475,133.8625,133.8,133.833,2738
53,133.85,133.85,133.8,133.8487,1699
54,133.87,133.91,133.8243,133.8299,5684
55,133.805,133.86,133.805,133.86,600
56,133.845,133.85,133.78,133.805,2512
57,133.88,133.89,133.86,133.86,1176
58,133.91,133.91,133.83,133.87,2600
59,133.96,133.96,133.93,133.96,2100
60,134,134,133.945,133.96,2153
61,133.96,133.975,133.95,133.975,1425
62,133.86,133.9525,133.82,133.94,3021
63,133.89,133.91,133.8785,133.8785,2109
64,133.93,133.98,133.88,133.88,3765
65,133.95,133.97,133.95,133.97,1200
66,134,134,133.95,133.95,1716
67,134.02,134.05,133.99,134.05,1100
68,134.063,134.08,134,134,2124
69,134.06,134.11,134.06,134.08,2100
70,134.0398,134.06,134.0398,134.06,2200
71,133.97,134.02,133.97,134.02,757
72,134.05,134.05,133.98,133.98,3862
73,134.05,134.06,134.02,134.03,1600
74,134.0425,134.13,134.04,134.06,4244
75,134.155,134.18,134.08,134.08,4400
76,134.13,134.16,134.13,134.15,4549
77,134.2,134.2,134.1305,134.1305,1700
78,134.18,134.205,134.175,134.205,2910
79,134.22,134.245,134.19,134.2,5262
80,134.24,134.26,134.23,134.25,400
81,134.28,134.288,134.24,134.25,4803
82,134.1844,134.24,134.1844,134.24,878
83,134.24,134.26,134.21,134.21,5418
84,134.22,134.25,134.21,134.23,3043
85,134.25,134.25,134.22,134.235,3400
86,134.33,134.33,134.245,134.25,3012
87,134.3673,134.42,134.31,134.31,3850
88,134.335,134.4,134.3,134.4,1726
89,134.33,134.33,134.3,134.3,200
90,134.37,134.42,134.33,134.36,7023
91,134.34,134.3875,134.33,134.34,2134
92,134.37,134.4,134.34,134.34,3282
93,134.42,134.42,134.3786,134.3786,1736
94,134.4,134.49,134.38,134.4267,3708
95,134.46,134.4699,134.43,134.45,1497
96,134.46,134.48,134.45,134.46,2340
97,134.49,134.49,134.47,134.48,1000
98,134.44,134.4899,134.44,134.4899,800
99,134.4,134.44,134.4,134.43,3137
100,134.4425,134.4599,134.405,134.405,2453
101,134.44,134.45,134.435,134.44,1700
102,134.48,134.51,134.43,134.43,4004
103,134.43,134.5,134.395,134.46,3600
104,134.39,134.47,134.39,134.445,1646
105,134.42,134.42,134.42,134.42,100
106,134.4664,134.4664,134.3925,134.45,6517
107,134.365,134.4125,134.365,134.4,3049
108,134.395,134.4025,134.37,134.3995,3449
109,134.4,134.4,134.37,134.3986,2948
110,134.3825,134.43,134.37,134.385,5600
111,134.4,134.4,134.36,134.36,1300
112,134.41,134.41,134.37,134.39,9572
113,134.3925,134.4,134.37,134.39,1279
114,134.415,134.44,134.38,134.38,5517
115,134.3666,134.41,134.3666,134.4,1813
116,134.45,134.45,134.34,134.39,2460
117,134.45,134.46,134.44,134.45,1872
118,134.38,134.45,134.33,134.45,7051
119,134.45,134.49,134.21,134.36,7600
120,134.42,134.47,134.42,134.4549,4282
121,134.42,134.47,134.42,134.4345,2046
122,134.405,134.49,134.4,134.445,16350
123,134.39,134.4272,134.39,134.395,5811
124,134.39,134.44,134.39,134.4,3400
125,134.38,134.4325,134.38,134.39,5242
126,134.415,134.415,134.38,134.38,1045
127,134.4399,134.4399,134.39,134.39,500
128,134.465,134.48,134.425,134.44,6010
129,134.4344,134.48,134.42,134.48,2257
130,134.43,134.44,134.42,134.43,1402
131,134.46,134.47,134.445,134.46,2879
132,134.46,134.48,134.45,134.46,2540
133,134.44,134.4599,134.43,134.44,1300
134,134.44,134.45,134.43,134.43,2718
135,134.4,134.45,134.395,134.45,2348
136,134.44,134.44,134.4,134.4,2300
137,134.43,134.47,134.42,134.4453,2758
138,134.46,134.46,134.46,134.46,400
139,134.45,134.49,134.43,134.47,2911
140,134.465,134.49,134.445,134.445,500
141,134.4825,134.5,134.47,134.49,3554
142,134.465,134.4748,134.43,134.44,1179
143,134.44,134.48,134.44,134.465,2300
144,134.49,134.49,134.44,134.45,1100
145,134.51,134.52,134.46,134.49,2200
146,134.48,134.52,134.46,134.46,4745
147,134.44,134.5,134.44,134.5,5909
148,134.435,134.45,134.43,134.43,761
149,134.43,134.43,134.4,134.43,2907
150,134.395,134.44,134.38,134.44,2697
151,134.4,134.42,134.395,134.41,1100
152,134.4,134.41,134.4,134.4,900
153,134.39,134.4053,134.39,134.4053,810
154,134.43,134.43,134.405,134.41,1100
155,134.44,134.44,134.44,134.44,900
156,134.44,134.45,134.44,134.44,1200
157,134.43,134.44,134.42,134.43,1700
158,134.41,134.46,134.41,134.46,2301
159,134.395,134.41,134.395,134.41,500
160,134.35,134.38,134.35,134.38,1900
161,134.33,134.34,134.33,134.34,2381
162,134.32,134.33,134.31,134.33,3523
163,134.3,134.33,134.26,134.33,8132
164,134.2871,134.3061,134.2871,134.29,889
165,134.28,134.3,134.28,134.3,1511
166,134.31,134.31,134.28,134.28,1304
167,134.29,134.32,134.29,134.32,1572
168,134.28,134.3,134.28,134.28,400
169,134.26,134.29,134.26,134.29,1600
170,134.2,134.23,134.2,134.23,851
171,134.19,134.2,134.19,134.2,200
172,134.2,134.22,134.18,134.18,1700
173,134.22,134.23,134.205,134.22,1258
174,134.24,134.25,134.22,134.22,1237
175,134.18,134.25,134.18,134.24,2441
176,134.18,134.19,134.18,134.19,200
177,134.19,134.2,134.18,134.19,1000
178,134.15,134.2,134.15,134.2,3688
179,134.15,134.17,134.15,134.17,2240
180,134.15,134.16,134.15,134.16,300
181,134.13,134.145,134.13,134.14,2616
182,134.14,134.14,134.12,134.14,1200
183,134.13,134.14,134.13,134.14,1100
184,134.14,134.15,134.14,134.15,936
185,134.13,134.14,134.13,134.14,800
186,134.2,134.2,134.15,134.15,550
187,134.16,134.19,134.16,134.19,826
188,134.14,134.19,134.14,134.19,800
189,134.19,134.19,134.18,134.19,2900
190,134.21,134.215,134.2,134.2,1210
191,134.18,134.22,134.16,134.22,2897
192,134.25,134.25,134.16,134.19,1903
193,134.23,134.2513,134.23,134.25,1196
194,134.26,134.27,134.23,134.235,1000
195,134.33,134.33,134.27,134.27,3080
196,134.29,134.34,134.29,134.34,1071
197,134.31,134.31,134.31,134.31,300
198,134.3177,134.32,134.3,134.3,1100
199,134.32,134.33,134.3,134.3,1278
200,134.34,134.3499,134.32,134.32,2221
201,134.35,134.35,134.34,134.35,300
202,134.31,134.34,134.31,134.34,2174
203,134.28,134.31,134.28,134.31,1100
204,134.27,134.29,134.27,134.29,400
205,134.275,134.275,134.26,134.27,1100
206,134.27,134.28,134.27,134.28,300
207,134.28,134.29,134.27,134.27,800
208,134.25,134.27,134.24,134.27,1225
209,134.2703,134.2703,134.24,134.27,1100
210,134.26,134.26,134.25,134.26,554
211,134.29,134.29,134.24,134.25,3075
212,134.28,134.28,134.27,134.28,1160
213,134.33,134.35,134.27,134.27,2700
214,134.34,134.36,134.34,134.36,1736
215,134.34,134.35,134.33,134.33,1100
216,134.36,134.365,134.36,134.36,500
217,134.33,134.35,134.33,134.35,500
218,134.33,134.34,134.32,134.34,910
219,134.34,134.37,134.34,134.36,1996
220,134.35,134.35,134.345,134.35,1400
221,134.35,134.36,134.35,134.35,400
222,134.36,134.36,134.3576,134.3576,361
223,134.39,134.41,134.37,134.37,2163
224,134.4241,134.44,134.42,134.42,2232
225,134.41,134.43,134.41,134.43,1293
226,134.39,134.4,134.39,134.39,1177
227,134.4,134.41,134.3876,134.395,2000
228,134.4,134.42,134.4,134.41,900
229,134.41,134.41,134.395,134.41,2014
230,134.39,134.405,134.385,134.4,3414
231,134.395,134.395,134.395,134.395,211
232,134.38,134.38,134.38,134.38,615
233,134.398,134.4,134.37,134.37,2404
234,134.4,134.4,134.38,134.39,1850
235,134.43,134.43,134.42,134.42,700
236,134.43,134.43,134.42,134.42,1400
237,134.45,134.45,134.42,134.435,400
238,134.43,134.48,134.43,134.4586,2286
239,134.4224,134.44,134.36,134.43,5200
240,134.375,134.375,134.35,134.35,200
241,134.41,134.41,134.38,134.39,2389
242,134.395,134.425,134.395,134.425,975
243,134.38,134.3949,134.38,134.3949,539
244,134.41,134.41,134.37,134.41,1400
245,134.42,134.42,134.4,134.42,600
246,134.47,134.47,134.415,134.42,2450
247,134.47,134.4814,134.47,134.48,1055
248,134.46,134.4731,134.46,134.46,700
249,134.4699,134.4699,134.45,134.45,603
250,134.445,134.45,134.44,134.45,800
251,134.41,134.44,134.41,134.44,2200
252,134.42,134.42,134.42,134.42,200
253,134.44,134.44,134.43,134.43,3700
254,134.3799,134.43,134.37,134.43,2586
255,134.36,134.36,134.35,134.35,400
256,134.36,134.36,134.33,134.35,2312
257,134.3493,134.36,134.34,134.3593,3025
258,134.36,134.36,134.34,134.35,778
259,134.34,134.36,134.33,134.34,3850
260,134.33,134.33,134.33,134.33,100
261,134.341,134.36,134.32,134.34,3449
262,134.36,134.36,134.35,134.35,1300
263,134.39,134.4,134.36,134.36,1700
264,134.41,134.42,134.41,134.42,500
265,134.4,134.4414,134.4,134.4,3467
266,134.34,134.39,134.34,134.39,965
267,134.365,134.3699,134.33,134.34,2643
268,134.36,134.36,134.34,134.35,2100
269,134.34,134.36,134.34,134.36,1400
270,134.29,134.33,134.29,134.33,900
271,134.27,134.29,134.27,134.29,400
272,134.31,134.32,134.27,134.2832,4932
273,134.29,134.3,134.29,134.3,227
274,134.285,134.2904,134.27,134.28,1948
275,134.285,134.3,134.27,134.28,1550
276,134.29,134.29,134.27,134.28,1600
277,134.26,134.3,134.26,134.29,2244
278,134.31,134.31,134.27,134.27,1300
279,134.32,134.3431,134.32,134.32,2600
280,134.3,134.3,134.29,134.29,800
281,134.29,134.31,134.29,134.3,1800
282,134.29,134.3,134.28,134.2888,2301
283,134.295,134.295,134.295,134.295,300
284,134.25,134.31,134.25,134.295,5300
285,134.24,134.24,134.2225,134.24,1235
286,134.1935,134.24,134.19,134.24,4888
287,134.163,134.2,134.163,134.2,3119
288,134.1994,134.2,134.17,134.19,2860
289,134.2127,134.2127,134.2,134.2,2557
290,134.25,134.25,134.2079,134.21,2483
291,134.26,134.275,134.24,134.25,2109
292,134.293,134.3,134.2897,134.3,1399
293,134.301,134.301,134.3,134.3,425
294,134.3,134.33,134.29,134.32,2093
295,134.31,134.35,134.31,134.31,2399
296,134.37,134.37,134.315,134.315,1600
297,134.36,134.41,134.36,134.41,1601
298,134.34,134.36,134.33,134.36,704
299,134.35,134.355,134.32,134.33,2701
300,134.36,134.36,134.34,134.34,415
301,134.36,134.37,134.355,134.36,1100
302,134.37,134.37,134.365,134.37,2258
303,134.37,134.38,134.36,134.37,700
304,134.3648,134.38,134.35,134.37,1552
305,134.34,134.35,134.3356,134.35,1824
306,134.35,134.35,134.33,134.34,2055
307,134.35,134.35,134.34,134.345,300
308,134.35,134.36,134.34,134.35,5852
309,134.3375,134.35,134.33,134.34,3381
310,134.33,134.351,134.33,134.35,511
311,134.3492,134.35,134.34,134.35,1408
312,134.36,134.36,134.34,134.36,1400
313,134.375,134.38,134.35,134.35,2100
314,134.36,134.37,134.35,134.37,1750
315,134.38,134.38,134.36,134.36,1050
316,134.38,134.39,134.38,134.38,800
317,134.405,134.41,134.37,134.37,1600
318,134.45,134.47,134.405,134.405,1817
319,134.41,134.45,134.41,134.45,3679
320,134.4,134.44,134.39,134.425,28115
321,134.415,134.415,134.4,134.4,1500
322,134.48,134.49,134.42,134.42,3112
323,134.48,134.495,134.43,134.4872,8150
324,134.458,134.47,134.44,134.46,1140
325,134.45,134.45,134.41,134.45,3370
326,134.468,134.468,134.435,134.435,13238
327,134.468,134.47,134.46,134.46,1100
328,134.45,134.47,134.45,134.47,2632
329,134.47,134.48,134.46,134.46,3931
330,134.49,134.49,134.48,134.48,1200
331,134.53,134.54,134.48,134.49,3944
332,134.54,134.56,134.53,134.53,1958
333,134.57,134.58,134.56,134.57,2425
334,134.53,134.61,134.53,134.58,4872
335,134.51,134.545,134.51,134.545,570
336,134.52,134.53,134.47,134.53,7183
337,134.48,134.535,134.48,134.53,5450
338,134.53,134.55,134.49,134.49,10379
339,134.53,134.53,134.52,134.53,5200
340,134.5,134.53,134.5,134.52,10546
341,134.52,134.53,134.5,134.5,2000
342,134.52,134.54,134.51,134.52,2200
343,134.55,134.58,134.54,134.54,3840
344,134.52,134.565,134.51,134.55,3658
345,134.55,134.56,134.52,134.52,2245
346,134.57,134.57,134.545,134.55,4120
347,134.56,134.585,134.56,134.585,3880
348,134.58,134.59,134.56,134.56,700
349,134.58,134.59,134.56,134.58,5779
350,134.59,134.595,134.58,134.59,2598
351,134.58,134.59,134.56,134.59,3798
352,134.54,134.57,134.54,134.56,4270
353,134.56,134.56,134.54,134.545,18317
354,134.49,134.55,134.49,134.55,10737
355,134.49,134.51,134.48,134.48,6280
356,134.41,134.5,134.4,134.49,44144
357,134.43,134.4575,134.36,134.42,31241
358,134.42,134.44,134.42,134.44,3671
359,134.39,134.42,134.39,134.41,9840
360,134.4,134.43,134.39,134.4,12618
361,134.415,134.4175,134.36,134.39,7839
362,134.385,134.41,134.38,134.41,9877
363,134.3787,134.385,134.36,134.385,7704
364,134.36,134.375,134.35,134.375,5198
365,134.45,134.48,134.36,134.36,15939
366,134.4,134.43,134.38,134.43,21356
367,134.38,134.42,134.37,134.4,39103
368,134.36,134.41,134.36,134.36,8763
369,134.315,134.36,134.3,134.36,8017
370,134.325,134.33,134.32,134.32,2651
371,134.255,134.325,134.255,134.325,56506
372,134.32,134.32,134.255,134.255,10727
373,134.37,134.37,134.32,134.325,34869
374,134.4,134.435,134.38,134.38,9745
375,134.425,134.435,134.37,134.385,9231
376,134.42,134.445,134.42,134.43,6893
377,134.39,134.41,134.385,134.41,7562
378,134.47,134.47,134.39,134.39,6389
379,134.47,134.49,134.45,134.47,9405
380,134.46,134.49,134.445,134.46,6650
381,134.48,134.51,134.44,134.44,11193
382,134.47,134.5,134.45,134.475,46837
383,134.4,134.475,134.3982,134.4746,20125
384,134.38,134.42,134.36,134.405,67792
385,134.37,134.39,134.32,134.375,32517
386,134.38,134.395,134.33,134.365,18841
387,134.33,134.4,134.325,134.385,61914
388,134.385,134.4,134.35,134.36,22997
389,134.47,134.48,134.355,134.39,47202
