L,Loews Corp.,Financials,4,Multi-line Insurance,16141279216,870409
a1497533400,47.52,47.52,47.52,47.52,7614
1,47.52,47.54,47.47,47.54,1918
3,47.63,47.65,47.56,47.6,2657
4,47.59,47.63,47.56,47.61,2394
6,47.6,47.6,47.58,47.58,2514
7,47.61,47.61,47.61,47.61,100
8,47.58,47.58,47.56,47.58,510
9,47.59,47.59,47.58,47.58,900
10,47.6,47.62,47.58,47.58,2400
11,47.61,47.62,47.6086,47.6086,800
12,47.61,47.61,47.6,47.61,4300
13,47.65,47.65,47.61,47.61,3800
14,47.65,47.65,47.6204,47.64,5214
15,47.65,47.65,47.64,47.64,600
16,47.7,47.7,47.66,47.66,1500
17,47.7,47.72,47.7,47.7,1100
18,47.7023,47.7023,47.69,47.69,416
19,47.7,47.72,47.7,47.71,3891
20,47.69,47.71,47.69,47.71,800
21,47.64,47.69,47.64,47.69,6394
22,47.66,47.66,47.66,47.66,850
23,47.67,47.67,47.66,47.66,869
24,47.7,47.7,47.68,47.68,800
25,47.67,47.67,47.67,47.67,406
26,47.675,47.69,47.675,47.69,200
27,47.75,47.75,47.69,47.69,10756
28,47.7498,47.75,47.74,47.75,801
29,47.74,47.75,47.73,47.75,1800
30,47.795,47.795,47.75,47.75,18000
31,47.83,47.83,47.8,47.8,9407
32,47.855,47.855,47.825,47.83,8491
33,47.9,47.9,47.855,47.86,6839
34,47.9,47.92,47.89,47.9,3536
35,47.89,47.9,47.88,47.9,6300
36,47.92,47.92,47.88,47.88,7287
37,47.915,47.915,47.89,47.91,3310
38,47.89,47.9254,47.89,47.915,6000
39,47.92,47.92,47.88,47.89,6720
40,47.9462,47.95,47.925,47.925,4620
41,47.9707,47.9707,47.939,47.95,5360
42,47.9201,47.98,47.91,47.98,8246
43,47.955,47.96,47.94,47.94,1132
44,47.92,47.96,47.91,47.96,3467
45,47.92,47.92,47.91,47.92,2100
46,47.93,47.93,47.91,47.93,1300
47,47.9254,47.93,47.91,47.93,1964
48,47.87,47.92,47.87,47.92,3080
49,47.86,47.86,47.85,47.86,1002
50,47.86,47.87,47.855,47.87,1315
51,47.83,47.86,47.83,47.86,2641
52,47.82,47.85,47.82,47.82,2410
53,47.8,47.82,47.79,47.8186,4823
54,47.81,47.81,47.81,47.81,445
55,47.81,47.82,47.81,47.82,1505
56,47.82,47.835,47.82,47.83,501
57,47.81,47.81,47.79,47.81,2111
58,47.81,47.81,47.8,47.81,868
59,47.8,47.8,47.7801,47.8,1458
60,47.78,47.8,47.78,47.8,511
61,47.81,47.81,47.78,47.78,1921
62,47.84,47.84,47.82,47.82,800
63,47.83,47.83,47.83,47.83,100
64,47.8,47.82,47.8,47.82,3200
65,47.8,47.8,47.8,47.8,500
66,47.8,47.8,47.8,47.8,200
67,47.86,47.86,47.81,47.81,5517
68,47.85,47.87,47.84,47.85,8700
69,47.86,47.86,47.85,47.85,900
70,47.855,47.865,47.85,47.86,3400
71,47.84,47.85,47.84,47.85,613
72,47.845,47.85,47.84,47.84,1300
73,47.85,47.85,47.84,47.84,1301
74,47.83,47.845,47.83,47.84,400
75,47.82,47.83,47.82,47.83,1682
76,47.83,47.83,47.82,47.82,1775
77,47.8,47.84,47.79,47.84,2479
78,47.81,47.81,47.8,47.8,243
79,47.78,47.8,47.78,47.8,2200
80,47.79,47.8,47.79,47.79,1200
81,47.79,47.79,47.79,47.79,300
82,47.785,47.795,47.785,47.79,1300
83,47.77,47.78,47.76,47.78,1701
84,47.75,47.77,47.75,47.77,500
85,47.7308,47.75,47.72,47.74,2640
86,47.75,47.76,47.73,47.73,1100
87,47.79,47.79,47.76,47.76,829
88,47.81,47.82,47.79,47.79,2371
89,47.8,47.81,47.8,47.81,2299
90,47.8,47.8,47.79,47.795,759
91,47.85,47.851,47.81,47.81,2698
92,47.8132,47.846,47.8132,47.84,4250
93,47.81,47.817,47.8,47.817,800
94,47.82,47.82,47.81,47.81,1574
95,47.883,47.885,47.84,47.84,4665
96,47.85,47.8802,47.85,47.88,3802
97,47.86,47.86,47.85,47.85,1600
98,47.89,47.89,47.87,47.87,2920
99,47.87,47.8901,47.87,47.89,3500
101,47.86,47.86,47.855,47.855,1500
103,47.89,47.89,47.87,47.87,3000
104,47.87,47.89,47.87,47.89,2000
105,47.86,47.86,47.86,47.86,600
106,47.86,47.86,47.86,47.86,1828
107,47.86,47.86,47.84,47.85,1200
108,47.85,47.86,47.85,47.86,1801
109,47.85,47.85,47.84,47.8449,600
110,47.86,47.86,47.85,47.85,535
111,47.86,47.88,47.86,47.86,3638
112,47.87,47.87,47.855,47.855,1000
113,47.85,47.86,47.85,47.86,1676
114,47.86,47.86,47.86,47.86,587
115,47.88,47.88,47.87,47.87,1500
116,47.86,47.87,47.86,47.87,900
117,47.86,47.88,47.86,47.86,2000
118,47.85,47.86,47.85,47.86,1100
119,47.88,47.88,47.86,47.86,700
120,47.91,47.91,47.9,47.9,1610
121,47.91,47.91,47.91,47.91,500
122,47.92,47.92,47.91,47.91,977
123,47.92,47.93,47.92,47.9251,2140
124,47.93,47.93,47.925,47.925,700
125,47.94,47.94,47.94,47.94,700
126,47.95,47.95,47.94,47.94,2431
127,47.93,47.94,47.93,47.94,600
128,47.93,47.93,47.93,47.93,285
129,47.94,47.94,47.93,47.93,500
130,47.92,47.94,47.92,47.94,1000
131,47.925,47.925,47.92,47.92,926
132,47.94,47.94,47.93,47.93,830
133,47.94,47.94,47.94,47.94,1489
134,47.94,47.94,47.94,47.94,501
135,47.94,47.94,47.94,47.94,1701
136,47.93,47.95,47.93,47.94,800
137,47.93,47.945,47.93,47.93,1863
138,47.94,47.94,47.94,47.94,500
139,47.93,47.94,47.93,47.94,500
140,47.93,47.93,47.93,47.93,700
142,47.93,47.94,47.93,47.94,1700
143,47.95,47.95,47.94,47.94,558
144,47.93,47.94,47.93,47.94,700
145,47.94,47.94,47.94,47.94,200
146,47.94,47.94,47.94,47.94,300
147,47.94,47.94,47.94,47.94,416
148,47.95,47.96,47.95,47.95,1400
149,47.93,47.93,47.93,47.93,200
150,47.91,47.92,47.91,47.92,501
151,47.91,47.91,47.91,47.91,480
152,47.91,47.92,47.91,47.92,1700
153,47.8943,47.9,47.8943,47.9,895
154,47.89,47.89,47.89,47.89,200
155,47.89,47.89,47.89,47.89,200
156,47.9,47.9,47.9,47.9,200
157,47.885,47.89,47.885,47.89,700
158,47.8801,47.8801,47.8801,47.8801,361
159,47.87,47.89,47.87,47.89,1201
160,47.875,47.875,47.87,47.87,836
161,47.88,47.88,47.88,47.88,371
162,47.85,47.875,47.85,47.871,4049
163,47.86,47.86,47.85,47.86,1835
164,47.86,47.86,47.851,47.86,1120
165,47.85,47.85,47.85,47.85,300
166,47.85,47.85,47.85,47.85,200
167,47.84,47.84,47.84,47.84,670
168,47.82,47.84,47.82,47.84,1390
169,47.81,47.81,47.81,47.81,100
170,47.8,47.81,47.8,47.81,442
171,47.8,47.8,47.8,47.8,200
173,47.785,47.79,47.785,47.79,200
174,47.78,47.78,47.78,47.78,300
175,47.78,47.78,47.78,47.78,100
176,47.76,47.78,47.75,47.78,4247
177,47.77,47.77,47.76,47.76,1390
180,47.76,47.76,47.76,47.76,1200
181,47.76,47.76,47.76,47.76,499
182,47.77,47.77,47.76,47.76,1610
183,47.78,47.78,47.78,47.78,1200
184,47.77,47.78,47.76,47.78,1197
185,47.77,47.77,47.77,47.77,531
186,47.7662,47.7662,47.7662,47.7662,138
187,47.78,47.78,47.77,47.77,1723
188,47.77,47.78,47.77,47.78,300
189,47.78,47.78,47.77,47.77,1904
190,47.79,47.79,47.78,47.78,400
192,47.79,47.79,47.79,47.79,200
193,47.8,47.8,47.79,47.79,400
194,47.8,47.8,47.8,47.8,1434
195,47.81,47.81,47.81,47.81,200
196,47.835,47.835,47.81,47.81,1998
197,47.83,47.83,47.82,47.83,995
198,47.835,47.835,47.835,47.835,225
199,47.83,47.83,47.83,47.83,500
200,47.84,47.84,47.84,47.84,101
202,47.85,47.85,47.84,47.84,484
203,47.85,47.85,47.85,47.85,200
205,47.84,47.85,47.84,47.85,706
206,47.83,47.83,47.83,47.83,100
207,47.84,47.84,47.84,47.84,600
208,47.84,47.84,47.84,47.84,100
209,47.83,47.84,47.83,47.84,597
210,47.84,47.84,47.84,47.84,1527
211,47.84,47.84,47.84,47.84,100
212,47.84,47.84,47.84,47.84,300
213,47.86,47.86,47.85,47.85,1182
214,47.86,47.86,47.85,47.86,2575
215,47.86,47.87,47.86,47.87,400
216,47.85,47.85,47.85,47.85,1000
218,47.84,47.848,47.84,47.848,200
220,47.84,47.85,47.84,47.85,705
221,47.85,47.85,47.85,47.85,100
224,47.86,47.86,47.86,47.86,300
225,47.87,47.88,47.86,47.86,2699
227,47.86,47.87,47.86,47.87,400
228,47.87,47.87,47.87,47.87,300
229,47.88,47.88,47.88,47.88,400
230,47.88,47.88,47.88,47.88,600
231,47.88,47.88,47.88,47.88,600
232,47.88,47.88,47.88,47.88,500
233,47.88,47.88,47.88,47.88,497
235,47.89,47.89,47.89,47.89,600
237,47.89,47.89,47.89,47.89,800
238,47.89,47.89,47.89,47.89,811
240,47.88,47.9,47.88,47.9,1013
241,47.9,47.9,47.885,47.89,526
242,47.93,47.93,47.9,47.9,2127
243,47.92,47.92,47.92,47.92,802
245,47.92,47.92,47.92,47.92,500
247,47.93,47.93,47.93,47.93,698
248,47.93,47.93,47.93,47.93,700
249,47.93,47.93,47.93,47.93,300
250,47.93,47.93,47.93,47.93,200
252,47.93,47.93,47.93,47.93,1000
253,47.94,47.94,47.94,47.94,546
254,47.94,47.94,47.94,47.94,500
255,47.935,47.935,47.93,47.93,400
257,47.94,47.94,47.93,47.93,1431
259,47.95,47.95,47.95,47.95,1800
260,47.93,47.95,47.93,47.95,4284
261,47.93,47.93,47.93,47.93,300
262,47.93,47.93,47.93,47.93,500
263,47.94,47.94,47.93,47.93,1514
264,47.95,47.95,47.945,47.945,1999
265,47.955,47.955,47.955,47.955,100
266,47.96,47.96,47.9501,47.9501,300
267,47.925,47.95,47.925,47.95,3685
268,47.9262,47.9262,47.92,47.92,524
269,47.92,47.92,47.9159,47.92,2073
270,47.93,47.93,47.93,47.93,200
271,47.92,47.92,47.92,47.92,210
272,47.92,47.92,47.92,47.92,500
273,47.93,47.93,47.92,47.92,811
274,47.925,47.93,47.925,47.93,1510
275,47.93,47.93,47.92,47.92,1501
276,47.92,47.94,47.92,47.94,800
277,47.92,47.92,47.92,47.92,300
279,47.95,47.95,47.93,47.93,800
280,47.95,47.95,47.95,47.95,1151
281,47.95,47.96,47.95,47.96,2713
282,47.93,47.95,47.93,47.95,501
283,47.93,47.93,47.93,47.93,200
284,47.92,47.92,47.92,47.92,200
286,47.91,47.92,47.91,47.92,984
287,47.905,47.91,47.905,47.91,500
288,47.91,47.91,47.91,47.91,784
289,47.92,47.92,47.92,47.92,200
290,47.92,47.92,47.92,47.92,201
291,47.94,47.94,47.929,47.929,1708
292,47.95,47.95,47.9467,47.9467,320
293,47.94,47.95,47.93,47.95,1174
294,47.94,47.94,47.94,47.94,698
295,47.94,47.94,47.94,47.94,399
296,47.94,47.95,47.94,47.94,1687
297,47.95,47.95,47.95,47.95,822
298,47.96,47.96,47.96,47.96,530
299,47.95,47.96,47.95,47.96,1048
300,47.94,47.94,47.94,47.94,100
302,47.94,47.95,47.94,47.95,200
303,47.9599,47.9599,47.95,47.95,305
304,47.95,47.95,47.95,47.95,200
305,47.95,47.95,47.95,47.95,896
306,47.94,47.95,47.94,47.95,2210
307,47.94,47.955,47.94,47.945,1100
308,47.94,47.9456,47.94,47.9456,403
309,47.95,47.96,47.94,47.94,3740
310,47.95,47.95,47.95,47.95,700
311,47.96,47.96,47.95,47.96,613
312,47.945,47.95,47.945,47.95,600
313,47.94,47.94,47.94,47.94,382
314,47.95,47.95,47.94,47.94,1714
316,47.95,47.96,47.95,47.96,200
318,47.96,47.96,47.96,47.96,635
319,47.99,48,47.97,47.97,20733
320,48,48.01,47.99,47.9946,29276
321,48,48.005,47.99,48,2245
322,48.03,48.05,48.01,48.01,18805
323,48.0584,48.06,48.04,48.04,2964
324,48.08,48.09,48.06,48.06,3243
325,48.07,48.08,48.07,48.08,4771
326,48.085,48.085,48.07,48.07,2315
327,48.085,48.09,48.08,48.08,400
328,48.09,48.09,48.08,48.08,300
330,48.09,48.09,48.085,48.09,2297
331,48.075,48.08,48.06,48.08,6892
332,48.075,48.075,48.075,48.075,300
333,48.09,48.09,48.075,48.075,3182
334,48.11,48.11,48.09,48.09,3300
335,48.11,48.115,48.105,48.11,3463
336,48.11,48.119,48.1,48.1,3389
337,48.125,48.13,48.1,48.1,8158
338,48.14,48.14,48.125,48.125,3328
339,48.16,48.17,48.13,48.13,13183
340,48.175,48.19,48.16,48.16,12004
341,48.166,48.18,48.1656,48.1764,2061
342,48.1699,48.1699,48.1601,48.1601,600
343,48.18,48.18,48.16,48.17,2931
344,48.15,48.18,48.15,48.176,11098
345,48.175,48.175,48.16,48.16,6522
346,48.165,48.17,48.16,48.17,3801
347,48.16,48.165,48.16,48.16,3702
348,48.155,48.17,48.15,48.165,3533
349,48.16,48.16,48.1559,48.1559,400
350,48.15,48.15,48.15,48.15,200
351,48.13,48.155,48.13,48.155,6519
352,48.1123,48.135,48.11,48.13,9089
353,48.105,48.11,48.105,48.11,1600
354,48.095,48.105,48.09,48.1011,2766
355,48.1,48.1,48.09,48.09,2328
356,48.099,48.1,48.099,48.1,1073
357,48.09,48.0917,48.09,48.0917,400
358,48.08,48.1,48.08,48.095,5129
359,48.085,48.095,48.08,48.09,7661
360,48.0707,48.08,48.07,48.08,8732
361,48.075,48.08,48.07,48.075,2252
362,48.07,48.075,48.07,48.075,1385
363,48.1,48.1,48.075,48.075,10643
364,48.095,48.1,48.09,48.1,2528
365,48.085,48.1,48.075,48.095,12963
366,48.1,48.1,48.085,48.09,5349
367,48.1,48.1,48.09,48.09,753
368,48.07,48.09,48.07,48.09,3991
369,48.075,48.08,48.07,48.07,2616
370,48.05,48.07,48.04,48.07,14765
371,48.055,48.06,48.05,48.06,4615
372,48.03,48.055,48.03,48.055,7790
373,48.01,48.03,48.01,48.03,9875
374,48.015,48.02,48.0138,48.02,3211
375,48.02,48.02,48,48.015,10386
376,48.03,48.04,48.02,48.025,6964
377,48.0301,48.04,48.03,48.035,2000
378,48.02,48.03,48.02,48.03,2786
379,48.05,48.05,48.02,48.02,6607
380,48.0246,48.05,48.02,48.05,6037
381,48.02,48.035,48.02,48.03,5798
382,48.02,48.025,48.01,48.015,5740
383,48.03,48.04,48.02,48.02,3982
384,48.01,48.04,48.01,48.03,3563
385,48.01,48.02,48.01,48.01,4984
386,48.01,48.01,48,48.01,7530
387,48.02,48.02,48.01,48.01,7270
388,48.05,48.06,48.015,48.015,8682
389,48,48.055,48,48.055,27851
390,48.06,48.06,47.995,48,20194
