LUV,Southwest Airlines,Industrials,6,Airlines,36129814881,4486374
a1497447000,59.62,59.62,59.62,59.62,26142
1,59.44,59.62,59.44,59.62,6700
2,59.38,59.425,59.33,59.425,5000
3,59.43,59.45,59.31,59.375,7880
4,59.425,59.425,59.37,59.41,3800
5,59.28,59.4,59.25,59.38,7431
6,59.32,59.3579,59.24,59.24,5702
7,59.27,59.36,59.19,59.32,10096
8,59.17,59.245,59.165,59.245,4491
9,59.16,59.27,59.14,59.15,7519
10,59.2,59.23,59.14,59.14,5100
11,59.09,59.17,59.09,59.15,5100
12,59.05,59.09,59.03,59.05,13650
13,59.14,59.14,59.05,59.08,3785
14,59.16,59.19,59.11,59.14,7410
15,59.25,59.25,59.13,59.16,4877
16,59.31,59.315,59.2,59.2001,8475
17,59.385,59.4,59.31,59.32,21295
18,59.44,59.44,59.35,59.38,18880
19,59.415,59.43,59.41,59.429,1539
20,59.47,59.47,59.385,59.4,9097
21,59.36,59.47,59.34,59.47,11283
22,59.27,59.37,59.27,59.37,3937
23,59.28,59.31,59.231,59.27,11585
24,59.37,59.37,59.28,59.3,2738
25,59.34,59.44,59.33,59.36,7455
26,59.3808,59.4,59.38,59.38,1500
27,59.38,59.4,59.29,59.39,5333
28,59.38,59.391,59.33,59.391,5645
29,59.38,59.38,59.34,59.38,3500
30,59.3,59.38,59.3,59.35,2600
31,59.29,59.31,59.27,59.28,5092
32,59.35,59.35,59.28,59.28,3983
33,59.29,59.35,59.29,59.3388,6802
34,59.27,59.29,59.25,59.29,11592
35,59.25,59.265,59.22,59.26,16895
36,59.36,59.36,59.28,59.28,4551
37,59.39,59.4,59.35,59.35,9000
38,59.38,59.44,59.37,59.385,8762
39,59.36,59.39,59.3293,59.38,17910
40,59.37,59.37,59.34,59.36,4293
41,59.38,59.42,59.35,59.37,8911
42,59.46,59.46,59.38,59.38,4872
43,59.51,59.51,59.465,59.47,20890
44,59.59,59.59,59.5,59.5089,3700
45,59.68,59.68,59.56,59.5808,59314
46,59.63,59.68,59.59,59.68,24049
47,59.63,59.65,59.59,59.62,19368
48,59.62,59.63,59.58,59.63,14110
49,59.64,59.67,59.61,59.62,19540
50,59.59,59.64,59.59,59.64,3900
51,59.515,59.59,59.51,59.59,13917
52,59.53,59.53,59.49,59.51,12091
53,59.51,59.545,59.51,59.54,4309
54,59.53,59.53,59.4868,59.51,10177
55,59.54,59.57,59.53,59.53,5104
56,59.485,59.53,59.485,59.53,4900
57,59.51,59.5165,59.47,59.48,5982
58,59.52,59.525,59.5,59.5,4900
59,59.545,59.56,59.52,59.52,5400
60,59.54,59.56,59.52,59.54,10820
61,59.57,59.57,59.51,59.53,6677
62,59.56,59.6,59.56,59.57,18191
63,59.59,59.59,59.55,59.57,7300
64,59.61,59.62,59.58,59.59,8851
65,59.59,59.62,59.59,59.61,2700
66,59.56,59.6,59.53,59.6,7356
67,59.58,59.5809,59.55,59.55,8444
68,59.57,59.5749,59.54,59.57,16719
69,59.57,59.6,59.56,59.56,12491
70,59.6,59.63,59.5625,59.57,11614
71,59.54,59.62,59.54,59.61,5719
72,59.56,59.56,59.54,59.54,4781
73,59.6,59.61,59.56,59.57,5457
74,59.635,59.65,59.59,59.6,17568
75,59.69,59.69,59.64,59.64,6963
76,59.65,59.685,59.63,59.685,3447
77,59.6,59.64,59.58,59.64,4125
78,59.63,59.64,59.61,59.61,2516
79,59.59,59.63,59.59,59.62,4592
80,59.57,59.585,59.565,59.577,3799
81,59.59,59.59,59.56,59.57,5544
82,59.58,59.59,59.58,59.58,1700
83,59.59,59.6,59.545,59.56,7049
84,59.595,59.61,59.59,59.59,5513
85,59.6,59.61,59.5847,59.59,3367
86,59.55,59.615,59.545,59.59,7193
87,59.57,59.58,59.55,59.56,8022
88,59.53,59.57,59.52,59.57,7600
89,59.51,59.545,59.49,59.54,28199
90,59.485,59.515,59.485,59.5,14373
91,59.485,59.51,59.48,59.49,6400
92,59.49,59.505,59.47,59.49,9938
93,59.49,59.51,59.48,59.49,11132
94,59.47,59.49,59.46,59.49,7151
95,59.46,59.46,59.43,59.46,13206
96,59.52,59.52,59.48,59.48,5598
97,59.52,59.54,59.5,59.51,4620
98,59.5401,59.57,59.52,59.52,8709
99,59.53,59.565,59.52,59.54,16000
100,59.55,59.555,59.54,59.54,5000
101,59.58,59.585,59.54,59.55,7010
102,59.55,59.58,59.55,59.58,8177
103,59.6,59.6,59.55,59.555,7859
104,59.62,59.64,59.595,59.6,16019
105,59.58,59.61,59.58,59.61,4800
106,59.6,59.62,59.59,59.59,3620
107,59.6,59.62,59.595,59.6,2923
108,59.62,59.62,59.59,59.61,6469
109,59.61,59.625,59.61,59.62,12284
110,59.595,59.615,59.575,59.615,7174
111,59.61,59.635,59.6,59.6,12858
112,59.6,59.63,59.6,59.61,3600
113,59.575,59.595,59.57,59.59,1200
114,59.59,59.6,59.57,59.57,7236
115,59.61,59.62,59.58,59.59,4916
116,59.6049,59.62,59.59,59.61,2970
117,59.625,59.635,59.61,59.61,2550
118,59.62,59.64,59.62,59.625,1750
119,59.63,59.6357,59.62,59.62,2523
120,59.64,59.6522,59.61,59.62,15972
121,59.66,59.66,59.62,59.64,9651
122,59.72,59.73,59.66,59.67,33792
123,59.73,59.735,59.7,59.72,17257
124,59.795,59.795,59.72,59.72,32370
125,59.77,59.785,59.754,59.78,12689
126,59.845,59.845,59.765,59.77,20756
127,59.83,59.8499,59.82,59.84,10624
128,59.83,59.84,59.815,59.83,6902
129,59.86,59.86,59.8331,59.8331,3329
130,59.83,59.855,59.8199,59.85,9208
131,59.87,59.87,59.82,59.83,6139
132,59.91,59.91,59.87,59.87,9708
133,59.94,59.945,59.91,59.92,10596
134,59.88,59.93,59.88,59.93,13272
135,59.825,59.88,59.825,59.88,7504
136,59.8544,59.88,59.82,59.82,5959
137,59.88,59.88,59.84,59.85,4090
138,59.88,59.88,59.86,59.87,4603
139,59.87,59.89,59.86,59.88,11776
140,59.855,59.865,59.825,59.86,7877
141,59.88,59.905,59.855,59.86,7249
142,59.91,59.91,59.88,59.88,2800
143,59.915,59.92,59.91,59.91,3602
144,59.93,59.93,59.91,59.92,4414
145,59.93,59.93,59.91,59.92,12150
146,59.92,59.93,59.9,59.93,10384
147,59.9,59.93,59.9,59.915,3896
148,59.9,59.9,59.88,59.9,5811
149,59.89,59.91,59.885,59.9,7900
150,59.93,59.935,59.895,59.8952,7302
151,59.92,59.93,59.91,59.92,7451
152,59.885,59.93,59.885,59.9142,2534
153,59.91,59.91,59.89,59.89,4000
154,59.9,59.9,59.89,59.9,2227
155,59.86,59.89,59.86,59.89,3300
156,59.87,59.87,59.8499,59.86,3670
157,59.89,59.89,59.85,59.87,3405
158,59.85,59.89,59.85,59.89,3200
159,59.84,59.86,59.84,59.85,3197
160,59.79,59.83,59.79,59.83,3257
161,59.79,59.81,59.79,59.8,5465
162,59.76,59.795,59.76,59.79,1052
163,59.74,59.75,59.73,59.75,3841
164,59.74,59.74,59.711,59.73,5588
165,59.76,59.76,59.73,59.73,1500
166,59.785,59.785,59.75,59.75,2800
167,59.78,59.78,59.75,59.77,3250
168,59.785,59.79,59.78,59.78,1400
169,59.74,59.78,59.7168,59.78,5300
170,59.73,59.73,59.73,59.73,300
171,59.75,59.75,59.7332,59.74,4405
172,59.75,59.75,59.74,59.74,1425
173,59.785,59.8,59.76,59.76,6071
174,59.78,59.79,59.774,59.775,9205
175,59.79,59.79,59.75,59.77,3900
176,59.82,59.82,59.79,59.8,2400
177,59.81,59.82,59.8,59.82,2900
178,59.79,59.815,59.79,59.815,1020
179,59.82,59.83,59.8,59.8,1682
180,59.84,59.84,59.82,59.82,1800
181,59.84,59.86,59.8363,59.8363,3415
182,59.88,59.88,59.84,59.84,8300
183,59.93,59.93,59.88,59.885,10872
184,59.9714,59.98,59.93,59.93,17240
185,59.99,59.99,59.96,59.96,4162
186,60.05,60.08,59.98,59.98,109526
187,60.02,60.04,60.02,60.04,5996
188,59.98,60.02,59.98,60.02,4700
189,59.95,59.97,59.95,59.97,3400
190,59.96,59.965,59.9299,59.94,6134
191,59.9,59.9543,59.9,59.95,13072
192,59.9,59.9,59.88,59.895,1730
193,59.88,59.8922,59.87,59.8922,3795
194,59.88,59.88,59.87,59.875,2300
195,59.89,59.89,59.88,59.89,4100
196,59.915,59.915,59.89,59.895,10202
197,59.96,59.96,59.91,59.91,3283
198,59.97,59.98,59.96,59.96,4847
199,59.98,59.98,59.96,59.97,2781
200,59.96,59.9847,59.96,59.9847,1800
201,59.96,59.96,59.95,59.95,2542
202,59.93,59.965,59.92,59.965,5465
203,59.9,59.93,59.9,59.93,3800
204,59.88,59.91,59.88,59.89,1300
205,59.89,59.89,59.84,59.87,12100
206,59.8852,59.89,59.8852,59.89,1067
207,59.86,59.89,59.86,59.88,3496
208,59.84,59.855,59.84,59.855,800
209,59.84,59.85,59.83,59.8343,5317
210,59.85,59.86,59.84,59.85,7600
211,59.84,59.87,59.84,59.86,1865
212,59.87,59.88,59.85,59.85,1930
213,59.9,59.91,59.88,59.88,3100
214,59.93,59.93,59.91,59.91,981
215,59.95,59.97,59.94,59.94,7052
216,59.94,59.97,59.94,59.96,2952
217,59.92,59.951,59.92,59.95,2935
218,59.93,59.94,59.92,59.92,3044
219,59.88,59.91,59.88,59.91,1433
220,59.898,59.91,59.88,59.89,4479
221,59.84,59.87,59.84,59.87,600
222,59.83,59.84,59.83,59.84,1400
223,59.825,59.84,59.82,59.83,1200
224,59.82,59.825,59.79,59.82,7905
225,59.85,59.85,59.83,59.83,4660
226,59.85,59.87,59.83,59.84,4065
227,59.87,59.87,59.85,59.85,1265
228,59.86,59.86,59.85,59.86,2600
229,59.85,59.87,59.84,59.86,2311
230,59.81,59.84,59.8,59.84,3850
231,59.82,59.82,59.805,59.81,600
232,59.84,59.84,59.83,59.83,1241
233,59.8568,59.86,59.84,59.84,2000
234,59.8604,59.88,59.86,59.86,2800
235,59.84,59.855,59.84,59.855,1248
236,59.87,59.87,59.85,59.85,3741
237,59.84,59.865,59.84,59.865,1654
238,59.871,59.871,59.84,59.84,2690
239,59.86,59.88,59.86,59.87,1200
240,59.85,59.87,59.84,59.86,5100
241,59.85,59.86,59.81,59.84,7000
242,59.86,59.86,59.84,59.84,5308
243,59.89,59.89,59.8699,59.87,1200
244,59.8867,59.91,59.8867,59.89,3900
245,59.85,59.88,59.8448,59.88,3674
246,59.84,59.85,59.82,59.85,4810
247,59.818,59.835,59.81,59.835,3320
248,59.8122,59.82,59.8,59.8,700
249,59.79,59.805,59.78,59.8,4405
250,59.805,59.82,59.805,59.805,3350
251,59.85,59.85,59.81,59.81,1123
252,59.8493,59.86,59.84,59.85,4900
253,59.88,59.88,59.86,59.87,1800
254,59.88,59.9,59.87,59.87,17356
255,59.89,59.905,59.8899,59.8899,3872
256,59.88,59.89,59.88,59.885,4400
257,59.91,59.91,59.89,59.89,3336
258,59.92,59.92,59.91,59.91,1500
259,59.94,59.94,59.91,59.915,7080
260,59.96,59.97,59.93,59.93,3525
261,59.98,59.98,59.96,59.97,12532
262,59.94,59.98,59.94,59.97,3800
263,59.98,59.98,59.95,59.95,6573
264,59.98,59.985,59.96,59.98,3400
265,59.95,59.985,59.95,59.98,3001
266,59.96,59.98,59.96,59.96,4499
267,59.98,59.98,59.96,59.97,5601
268,59.9899,60.01,59.97,59.97,19505
269,60.01,60.01,59.985,59.99,3614
270,59.99,60,59.97,59.99,9723
271,59.975,59.98,59.93,59.98,9944
272,59.95,59.96,59.93,59.945,1700
273,59.93,59.95,59.87,59.94,14273
274,59.94,59.94,59.9,59.915,8715
275,59.89,59.91,59.89,59.91,2481
276,59.96,59.98,59.905,59.92,12100
277,59.93,60.01,59.93,59.9578,7629
278,59.96,59.96,59.91,59.92,5405
279,59.9,59.95,59.9,59.95,3550
280,59.83,59.88,59.83,59.88,2729
281,59.92,59.93,59.83,59.83,10371
282,59.88,59.915,59.865,59.91,4900
283,59.9,59.9,59.87,59.88,6413
284,59.8732,59.89,59.8732,59.89,1000
285,59.87,59.89,59.855,59.86,11844
286,59.84,59.9,59.84,59.89,8447
287,59.78,59.85,59.76,59.84,20242
288,59.755,59.8,59.75,59.77,4867
289,59.74,59.745,59.69,59.74,17402
290,59.73,59.76,59.71,59.73,5964
291,59.76,59.77,59.73,59.73,5444
292,59.765,59.77,59.73,59.76,6750
293,59.745,59.78,59.73,59.77,2550
294,59.77,59.77,59.7301,59.7301,4256
295,59.77,59.81,59.77,59.78,5080
296,59.81,59.82,59.76,59.769,8000
297,59.82,59.82,59.79,59.7902,3800
298,59.81,59.82,59.8,59.82,2400
299,59.8453,59.8453,59.806,59.81,10020
300,59.86,59.87,59.85,59.85,5200
301,59.82,59.86,59.8,59.86,6395
302,59.8,59.81,59.79,59.79,900
303,59.82,59.82,59.8,59.81,5817
304,59.8,59.82,59.78,59.815,9617
305,59.85,59.87,59.79,59.79,6900
306,59.805,59.865,59.805,59.85,10677
307,59.75,59.8,59.75,59.8,7237
308,59.78,59.785,59.74,59.74,6050
309,59.77,59.78,59.76,59.78,5162
310,59.82,59.82,59.78,59.78,6685
311,59.82,59.85,59.81,59.81,6543
312,59.84,59.86,59.81,59.825,19575
313,59.78,59.86,59.78,59.85,15168
314,59.71,59.78,59.7,59.77,20663
315,59.615,59.709,59.6,59.7,35804
316,59.58,59.64,59.56,59.63,21200
317,59.56,59.59,59.53,59.58,39123
318,59.54,59.55,59.505,59.54,19267
319,59.58,59.6,59.52,59.54,16663
320,59.56,59.58,59.56,59.58,6800
321,59.54,59.565,59.525,59.555,9075
322,59.58,59.585,59.55,59.55,6214
323,59.59,59.59,59.57,59.58,5120
324,59.62,59.6358,59.59,59.59,10092
325,59.6431,59.65,59.61,59.62,10727
326,59.63,59.66,59.63,59.64,4052
327,59.6,59.65,59.595,59.64,5800
328,59.62,59.63,59.6,59.6,6734
329,59.61,59.64,59.61,59.62,6100
330,59.57,59.61,59.57,59.61,8631
331,59.54,59.57,59.53,59.5635,9736
332,59.53,59.545,59.52,59.54,8213
333,59.49,59.535,59.4801,59.535,4900
334,59.49,59.5,59.455,59.5,18257
335,59.5,59.5177,59.49,59.49,15399
336,59.515,59.52,59.49,59.5,7999
337,59.48,59.51,59.47,59.51,7889
338,59.49,59.516,59.49,59.49,4511
339,59.46,59.5,59.46,59.49,9180
340,59.37,59.45,59.365,59.45,20303
341,59.29,59.375,59.29,59.37,27534
342,59.29,59.31,59.24,59.3,10757
343,59.31,59.31,59.275,59.285,6601
344,59.346,59.346,59.3,59.32,14622
345,59.325,59.35,59.3,59.35,14791
346,59.365,59.375,59.31,59.31,9187
347,59.42,59.42,59.365,59.37,11421
348,59.44,59.46,59.41,59.42,8591
349,59.46,59.46,59.435,59.44,5932
350,59.47,59.475,59.45,59.47,6380
351,59.48,59.49,59.455,59.47,6674
352,59.46,59.475,59.45,59.47,5931
353,59.5,59.51,59.46,59.465,6200
354,59.545,59.545,59.51,59.51,5449
355,59.56,59.575,59.53,59.545,19483
356,59.52,59.55,59.505,59.55,4420
357,59.48,59.53,59.48,59.53,9203
358,59.49,59.5,59.455,59.48,8255
359,59.52,59.53,59.49,59.49,6537
360,59.5001,59.51,59.49,59.51,6520
361,59.51,59.535,59.5,59.5,7750
362,59.475,59.53,59.47,59.512,12047
363,59.48,59.5,59.45,59.475,15542
364,59.49,59.49,59.47,59.48,3304
365,59.58,59.58,59.485,59.485,12074
366,59.58,59.615,59.57,59.58,15386
367,59.59,59.615,59.575,59.59,14016
368,59.6,59.61,59.57,59.6,5986
369,59.59,59.6,59.555,59.6,8921
370,59.615,59.62,59.585,59.59,9524
371,59.615,59.62,59.59,59.615,10933
372,59.595,59.62,59.59,59.61,7337
373,59.57,59.59,59.55,59.59,14354
374,59.52,59.57,59.52,59.565,12404
375,59.52,59.53,59.5,59.52,17263
376,59.5,59.53,59.5,59.5,18244
377,59.485,59.52,59.47,59.5,15523
378,59.47,59.5,59.45,59.49,28074
379,59.49,59.5,59.47,59.47,10272
380,59.55,59.55,59.49,59.49,10490
381,59.51,59.58,59.51,59.55,10267
382,59.49,59.52,59.48,59.51,10671
383,59.53,59.54,59.49,59.49,15273
384,59.57,59.58,59.53,59.53,13319
385,59.5425,59.585,59.54,59.57,24714
386,59.52,59.565,59.51,59.535,29136
387,59.53,59.535,59.5,59.51,28755
388,59.53,59.55,59.52,59.525,28047
389,59.53,59.54,59.51,59.53,71234
390,59.54,59.56,59.52,59.52,102297
