MCHP,Microchip Technology,Information Technology,7,Semiconductors,18981711138,2686033
a1497447000,83.8,83.94,83.66,83.9,12594
1,83.98,83.99,83.8,83.99,1900
2,83.83,84.1,83.76,83.99,3994
3,83.815,83.815,83.81,83.81,300
4,83.73,83.98,83.73,83.81,1500
5,83.82,83.82,83.78,83.79,500
6,83.62,83.715,83.62,83.68,1500
8,83.5,83.56,83.47,83.56,4300
9,83.27,83.44,83.25,83.43,1400
10,83.25,83.38,83.25,83.2957,1275
11,83.24,83.37,83.24,83.27,1300
12,83.39,83.39,83.3,83.3,660
13,83.3299,83.3899,83.31,83.32,1325
14,83.29,83.33,83.29,83.32,807
15,83.2923,83.2923,83.22,83.27,1888
16,83.46,83.48,83.37,83.37,660
17,83.59,83.59,83.42,83.425,3500
18,83.415,83.52,83.415,83.51,4365
19,83.56,83.57,83.49,83.49,2325
20,83.47,83.59,83.47,83.56,2100
21,83.45,83.495,83.39,83.48,1700
22,83.51,83.57,83.49,83.49,500
23,83.395,83.53,83.38,83.495,4945
24,83.4534,83.4534,83.36,83.36,1659
25,83.4,83.5,83.4,83.445,2552
26,83.44,83.44,83.38,83.385,700
27,83.49,83.49,83.41,83.41,1887
28,83.5,83.61,83.5,83.53,2300
29,83.43,83.52,83.43,83.52,1900
30,83.35,83.47,83.35,83.41,2906
31,83.425,83.512,83.35,83.35,4449
32,83.54,83.54,83.4669,83.49,741
33,83.475,83.54,83.44,83.505,2600
34,83.33,83.475,83.33,83.475,1300
35,83.47,83.47,83.35,83.36,4416
36,83.36,83.47,83.36,83.445,1200
37,83.45,83.47,83.42,83.42,1200
38,83.4,83.48,83.38,83.445,7300
39,83.34,83.36,83.34,83.36,1455
40,83.38,83.4299,83.36,83.37,4698
41,83.22,83.42,83.16,83.4,14250
42,83.26,83.3,83.2257,83.2257,2270
43,83.23,83.26,83.23,83.25,1200
44,83.185,83.26,83.185,83.26,8025
45,83.12,83.21,83.1,83.16,7100
46,83.11,83.16,83.07,83.155,7200
47,83.18,83.18,83.08,83.11,2665
48,83.185,83.266,83.18,83.21,9255
49,83.195,83.27,83.185,83.21,44250
50,83.205,83.24,83.19,83.19,4128
51,83.22,83.27,83.18,83.19,2300
52,83.275,83.28,83.18,83.28,3203
53,83.2687,83.3,83.24,83.28,13899
54,83.295,83.295,83.225,83.24,4800
55,83.17,83.295,83.14,83.295,2886
56,83.21,83.22,83.14,83.1508,7700
57,83.16,83.26,83.16,83.21,3254
58,83.17,83.17,83.15,83.15,800
59,83.27,83.27,83.155,83.17,900
60,83.14,83.31,83.14,83.28,3400
61,83.24,83.26,83.14,83.19,2200
62,83.32,83.39,83.24,83.24,2642
63,83.315,83.34,83.31,83.32,1500
64,83.26,83.32,83.255,83.32,3400
65,83.24,83.31,83.24,83.26,2400
66,83.11,83.16,83.11,83.16,3911
67,83.19,83.22,83.14,83.14,3319
68,83.2,83.2293,83.15,83.1598,3022
69,83.23,83.23,83.21,83.22,1300
70,83.29,83.29,83.22,83.24,1700
71,83.25,83.31,83.22,83.3,3120
72,83.29,83.29,83.2318,83.25,1146
73,83.29,83.33,83.28,83.33,1500
74,83.29,83.32,83.27,83.32,3600
75,83.325,83.35,83.2985,83.303,5508
76,83.23,83.34,83.23,83.34,4879
77,83.2,83.22,83.19,83.22,2000
78,83.22,83.3,83.2,83.21,5190
79,83.23,83.23,83.19,83.21,4708
80,83.29,83.29,83.215,83.215,1300
81,83.29,83.3,83.27,83.3,7228
82,83.26,83.3,83.24,83.285,5975
83,83.34,83.34,83.24,83.24,2600
84,83.33,83.36,83.32,83.35,2700
85,83.29,83.34,83.29,83.34,3171
86,83.27,83.33,83.25,83.3,3700
87,83.29,83.33,83.27,83.27,1925
88,83.11,83.26,83.11,83.26,2336
89,83.15,83.2054,83.13,83.13,3650
90,83.165,83.23,83.15,83.15,1800
91,83.19,83.19,83.13,83.18,1690
92,83.14,83.18,83.13,83.15,4701
93,83.08,83.13,83.08,83.13,800
94,83.097,83.097,83.04,83.07,2170
95,83.09,83.11,83.04,83.1,1600
96,83.01,83.07,83,83.07,2310
97,83.05,83.05,83,83.01,2800
98,83.05,83.09,83.04,83.07,1500
99,82.99,83.05,82.99,83.03,3406
100,83.04,83.06,82.96,82.98,3079
101,83.075,83.075,83.03,83.04,2850
102,83.07,83.07,83.03,83.06,2200
103,83.16,83.17,83.09,83.11,2300
104,83.13,83.175,83.12,83.17,2124
105,83.07,83.15,83.06,83.135,2767
106,83.14,83.14,83.08,83.08,1600
107,83.08,83.15,83.08,83.14,2614
108,83.16,83.16,83.1,83.1,2700
109,83.14,83.2,83.14,83.16,2500
110,83.18,83.18,83.14,83.15,2130
111,83.24,83.24,83.19,83.19,2600
112,83.29,83.3,83.2434,83.2434,3900
113,83.3,83.32,83.28,83.3,3004
114,83.225,83.29,83.22,83.28,2600
115,83.22,83.23,83.18,83.21,2600
116,83.17,83.215,83.17,83.215,3562
117,83.16,83.19,83.15,83.175,1710
118,83.12,83.17,83.12,83.155,1400
119,83.13,83.15,83.08,83.115,2300
120,83.175,83.2,83.13,83.1499,3221
121,83.17,83.2,83.14,83.2,1500
122,83.16,83.17,83.13,83.14,3109
123,83.17,83.19,83.15,83.16,7742
124,83.165,83.18,83.12,83.18,3781
125,83.18,83.207,83.16,83.17,2603
126,83.13,83.1946,83.13,83.17,8941
127,83.11,83.145,83.11,83.145,1962
128,83.12,83.15,83.11,83.12,1411
129,83.22,83.22,83.13,83.13,2200
130,83.2,83.235,83.195,83.2003,2714
131,83.235,83.24,83.21,83.21,1946
132,83.28,83.28,83.24,83.28,1600
133,83.23,83.29,83.23,83.28,1700
134,83.189,83.25,83.189,83.23,2350
135,83.16,83.22,83.16,83.18,2078
136,83.135,83.145,83.12,83.123,600
137,83.17,83.17,83.114,83.123,2473
138,83.15,83.19,83.14,83.17,4100
139,83.16,83.2,83.15,83.15,3600
140,83.195,83.2025,83.15,83.1747,6946
141,83.297,83.297,83.17,83.195,1925
142,83.36,83.37,83.29,83.31,2250
143,83.39,83.39,83.36,83.36,768
144,83.42,83.44,83.385,83.44,1469
145,83.454,83.475,83.4,83.4,1300
146,83.49,83.5,83.4623,83.5,1884
147,83.45,83.51,83.45,83.48,2205
148,83.4,83.46,83.4,83.46,2200
149,83.42,83.46,83.42,83.42,2600
150,83.54,83.54,83.43,83.43,1223
151,83.55,83.55,83.5,83.5,1025
152,83.55,83.55,83.51,83.52,800
153,83.58,83.616,83.56,83.56,1000
154,83.65,83.677,83.57,83.57,4196
155,83.6,83.62,83.6,83.62,570
156,83.65,83.65,83.614,83.62,900
157,83.555,83.67,83.555,83.67,1200
158,83.57,83.585,83.515,83.57,5457
159,83.505,83.55,83.505,83.55,1316
160,83.48,83.48,83.45,83.48,572
161,83.41,83.445,83.39,83.43,1600
162,83.38,83.41,83.38,83.39,1500
163,83.303,83.37,83.3,83.37,1400
164,83.365,83.365,83.3,83.315,2253
165,83.39,83.4,83.355,83.36,843
166,83.33,83.3738,83.33,83.35,890
167,83.32,83.32,83.3,83.3,1680
168,83.28,83.32,83.27,83.32,1500
169,83.21,83.26,83.21,83.26,600
170,83.325,83.33,83.22,83.22,3200
171,83.36,83.37,83.31,83.33,2293
172,83.35,83.35,83.32,83.32,867
173,83.34,83.34,83.3,83.34,1700
174,83.265,83.3,83.26,83.3,600
175,83.3,83.3,83.26,83.26,400
176,83.33,83.33,83.29,83.29,300
177,83.41,83.41,83.35,83.35,2100
178,83.4833,83.5,83.43,83.43,5415
179,83.54,83.56,83.47,83.47,3810
180,83.5,83.56,83.5,83.56,700
181,83.49,83.53,83.49,83.52,2131
182,83.52,83.53,83.47,83.49,5115
183,83.53,83.53,83.49,83.51,1720
184,83.51,83.52,83.5,83.52,1600
185,83.5,83.525,83.5,83.525,200
186,83.54,83.55,83.51,83.51,900
187,83.5,83.53,83.5,83.53,900
188,83.485,83.5,83.485,83.49,600
189,83.53,83.53,83.5,83.5,1200
190,83.5,83.54,83.485,83.54,2203
191,83.51,83.51,83.49,83.51,1375
192,83.55,83.55,83.5,83.5,950
193,83.53,83.56,83.53,83.54,800
194,83.53,83.53,83.51,83.53,1000
195,83.52,83.5641,83.52,83.55,2049
196,83.515,83.52,83.49,83.52,2600
197,83.57,83.57,83.52,83.53,600
198,83.51,83.55,83.51,83.53,1000
199,83.5,83.53,83.5,83.53,788
200,83.52,83.54,83.52,83.52,1600
201,83.51,83.53,83.5,83.53,700
202,83.51,83.51,83.475,83.49,1400
203,83.45,83.52,83.43,83.52,2444
204,83.46,83.466,83.4,83.44,1350
205,83.435,83.46,83.43,83.46,827
206,83.445,83.475,83.445,83.45,1000
207,83.39,83.42,83.38,83.42,2177
208,83.355,83.39,83.34,83.39,800
209,83.29,83.34,83.29,83.34,3111
210,83.23,83.29,83.23,83.29,1300
211,83.22,83.26,83.2,83.2,600
212,83.28,83.28,83.25,83.25,400
213,83.32,83.347,83.31,83.31,1889
214,83.36,83.36,83.32,83.32,960
215,83.38,83.384,83.35,83.35,1240
216,83.36,83.39,83.345,83.36,1400
217,83.3,83.355,83.3,83.355,1100
218,83.35,83.35,83.29,83.29,1000
219,83.3,83.32,83.3,83.32,800
220,83.26,83.31,83.26,83.31,400
221,83.26,83.28,83.24,83.27,2226
222,83.292,83.292,83.26,83.28,1200
223,83.29,83.3,83.29,83.29,1726
224,83.2396,83.295,83.2396,83.295,1800
225,83.24,83.24,83.24,83.24,200
226,83.21,83.25,83.2,83.2201,1017
227,83.195,83.2,83.165,83.18,2549
228,83.2,83.2,83.17,83.185,1200
229,83.18,83.19,83.16,83.1764,1400
230,83.16,83.18,83.15,83.17,400
231,83.14,83.17,83.13,83.1673,769
232,83.12,83.13,83.11,83.115,1950
233,83.1,83.115,83.1,83.105,1100
234,83.1,83.13,83.1,83.12,1800
235,83.12,83.13,83.11,83.13,1311
236,83.12,83.13,83.12,83.13,1303
237,83.115,83.12,83.1047,83.11,420
238,83.1,83.12,83.09,83.12,700
239,83.075,83.1113,83.07,83.1,1700
240,83.06,83.075,83.06,83.075,500
241,83.03,83.06,83,83.06,2900
242,83.03,83.04,83.025,83.04,1800
243,83.04,83.06,83.035,83.035,1500
244,83.037,83.04,83.03,83.04,1300
245,83,83.03,82.95,83.03,18966
246,82.95,83.01,82.92,83,4700
247,82.97,82.97,82.91,82.93,2600
248,82.91,82.985,82.9,82.97,5002
249,82.89,82.92,82.89,82.92,2802
250,82.9,82.91,82.87,82.905,1900
251,82.9,82.915,82.8794,82.89,1759
252,82.92,82.94,82.86,82.91,4486
253,82.8858,82.94,82.8601,82.915,2957
254,82.875,82.88,82.875,82.88,400
255,82.88,82.9,82.86,82.89,1348
256,82.87,82.9,82.865,82.89,700
257,82.88,82.89,82.86,82.88,3600
258,82.85,82.86,82.84,82.85,700
259,82.83,82.86,82.83,82.86,1300
260,82.8662,82.87,82.84,82.84,2474
261,82.845,82.86,82.82,82.86,1600
262,82.84,82.85,82.84,82.85,1100
263,82.845,82.86,82.845,82.85,500
264,82.86,82.87,82.84,82.85,1799
265,82.835,82.85,82.82,82.84,2433
266,82.85,82.86,82.84,82.86,600
267,82.805,82.8569,82.79,82.85,2587
268,82.76,82.78,82.74,82.78,3282
269,82.81,82.81,82.77,82.79,2220
270,82.82,82.8301,82.82,82.82,1242
271,82.84,82.85,82.82,82.84,1975
272,82.72,82.86,82.72,82.85,3863
273,82.7242,82.76,82.62,82.62,2825
274,82.82,82.83,82.73,82.745,5155
275,82.8,82.83,82.74,82.83,3383
276,82.89,82.89,82.8,82.8,9021
277,82.85,82.92,82.84,82.9,7314
278,82.83,82.9,82.8,82.81,8120
279,82.9,82.915,82.89,82.9,2702
280,82.86,82.9,82.85,82.9,7316
281,82.96,82.96,82.86,82.87,6167
282,82.76,82.93,82.76,82.92,2500
283,82.89,82.89,82.8,82.8,2215
284,82.92,82.93,82.9,82.9,1625
285,82.95,82.97,82.9,82.94,2300
286,82.83,82.95,82.83,82.93,2937
287,82.74,82.86,82.74,82.85,2700
288,82.69,82.73,82.69,82.73,700
289,82.715,82.72,82.54,82.65,2500
290,82.76,82.795,82.67,82.715,2800
291,82.81,82.81,82.72,82.72,600
292,82.83,82.83,82.76,82.8,705
293,82.7554,82.83,82.73,82.83,1821
294,82.81,82.815,82.79,82.79,600
295,82.815,82.89,82.815,82.84,2700
296,82.85,82.85,82.7989,82.82,1084
297,82.89,82.9,82.88,82.88,2590
298,82.88,82.9,82.88,82.89,7620
299,82.89,82.9,82.88,82.88,900
300,82.885,82.9,82.87,82.9,2503
301,82.8,82.87,82.78,82.87,1800
302,82.82,82.83,82.78,82.78,2011
303,82.75,82.84,82.73,82.84,1622
304,82.79,82.79,82.74,82.74,900
305,82.79,82.84,82.77,82.82,2000
306,82.67,82.83,82.67,82.81,5400
307,82.58,82.6944,82.45,82.6944,2477
308,82.64,82.66,82.6,82.62,1120
309,82.56,82.655,82.56,82.64,1300
310,82.61,82.65,82.57,82.57,2991
311,82.66,82.68,82.62,82.63,2000
312,82.5753,82.67,82.54,82.6466,3484
313,82.46,82.6,82.46,82.6,3493
314,82.5,82.53,82.4,82.41,4737
315,82.32,82.46,82.22,82.46,8864
316,82.24,82.34,82.21,82.337,3500
317,82.2199,82.22,82.14,82.22,2236
318,82.09,82.17,82.08,82.17,1411
319,82.22,82.2225,82.12,82.13,7809
320,82.2,82.3,82.15,82.23,2842
321,82.19,82.21,82.13,82.15,2651
322,82.1852,82.25,82.17,82.22,1700
323,82.22,82.22,82.12,82.16,2400
324,82.32,82.35,82.2,82.23,2857
325,82.305,82.37,82.301,82.301,1160
326,82.29,82.33,82.28,82.3,2450
327,82.31,82.36,82.31,82.31,3400
328,82.23,82.33,82.23,82.29,1650
329,82.305,82.33,82.25,82.25,1600
330,82.2,82.3,82.17,82.3,5364
331,82.22,82.275,82.17,82.19,4733
332,82.17,82.21,82.14,82.19,4116
333,82.12,82.17,82.08,82.17,4528
334,82.18,82.2,82.14,82.15,3367
335,82.23,82.25,82.18,82.19,2550
336,82.19,82.22,82.17,82.22,2800
337,82.1,82.19,82.1,82.15,4913
338,82.09,82.14,82.09,82.1,3727
339,82.06,82.11,82.04,82.11,4689
340,81.98,82.08,81.98,82.06,8733
341,81.65,81.9909,81.65,81.97,10389
342,81.53,81.66,81.45,81.6,9531
343,81.65,81.735,81.51,81.5201,4606
344,81.6075,81.7057,81.575,81.67,3359
345,81.39,81.6,81.38,81.6,8229
346,81.5,81.56,81.4,81.41,10737
347,81.57,81.68,81.53,81.5662,7587
348,81.65,81.68,81.55,81.62,10905
349,81.58,81.64,81.46,81.64,7323
350,81.66,81.68,81.58,81.6,7600
351,81.64,81.66,81.57,81.6354,10612
352,81.73,81.75,81.63,81.63,5550
353,81.73,81.8,81.71,81.74,16022
354,81.78,81.8,81.69,81.74,4970
355,81.81,81.81,81.73,81.77,3528
356,81.74,81.8,81.72,81.76,11132
357,81.7,81.72,81.68,81.71,6370
358,81.76,81.7851,81.67,81.72,2266
359,81.84,81.91,81.79,81.79,2100
360,81.81,81.85,81.78,81.85,2200
361,81.88,81.88,81.8,81.8,6122
362,81.81,81.91,81.76,81.86,6675
363,81.77,81.86,81.77,81.81,8057
364,81.75,81.81,81.74,81.79,9285
365,81.945,81.95,81.75,81.75,12412
366,81.935,81.96,81.88,81.95,11866
367,81.995,82.005,81.9574,81.96,2901
368,81.99,82,81.935,82,5473
369,81.97,82.005,81.95,82,4033
370,82.01,82.04,81.98,82.02,6570
371,81.95,82.03,81.95,82.03,6800
372,81.95,81.98,81.94,81.96,5840
373,81.85,81.96,81.85,81.95,13077
374,81.84,81.87,81.8,81.85,19219
375,81.92,81.93,81.81,81.825,8765
376,81.98,82.01,81.89,81.91,8116
377,82.015,82.05,81.99,82,6700
378,81.98,82.01,81.95,82.01,4900
379,81.99,81.99,81.95,81.99,8418
380,82.06,82.15,81.98,81.99,26172
381,82.04,82.11,82.03,82.08,94345
382,82.02,82.06,82.01,82.04,17281
383,82.13,82.13,82.02,82.04,12048
384,82.19,82.21,82.11,82.13,7539
385,82.14,82.21,82.14,82.19,15190
386,82.19,82.2,82.13,82.16,12407
387,82.16,82.195,82.13,82.19,17039
388,82.2,82.2,82.16,82.18,8916
389,82.215,82.24,82.18,82.2,21023
390,82.3,82.31,82.21,82.21,204196
