MHK,Mohawk Industries,Consumer Discretionary,1,Home Furnishings,18300767487,386714
a1497447000,243.44,243.44,243.44,243.44,4406
1,243.37,243.37,243.37,243.37,100
2,242.74,243.0955,242.74,243.0955,200
6,242.74,243.11,242.5,243.11,1100
8,242.77,242.77,242.77,242.77,100
9,242.25,242.67,242.07,242.52,2000
10,242.275,242.57,242.12,242.19,12371
11,243.13,243.13,242.39,242.66,5915
12,243.11,243.13,243.11,243.13,300
13,243.305,243.305,242.94,243.01,1200
14,243.48,243.48,243.23,243.23,400
15,243.31,243.315,243.31,243.315,200
16,243.445,243.445,243.445,243.445,100
17,243.69,243.69,243.42,243.47,900
18,244.43,244.56,243.78,243.78,2602
19,244.57,244.73,244.55,244.73,2849
20,244.55,244.67,244.51,244.67,2900
21,244.55,244.73,244.55,244.73,400
22,244.81,244.81,244.67,244.67,1100
23,244.84,244.84,244.72,244.73,1400
24,245.05,245.32,244.87,244.87,2100
25,245.18,245.18,245.18,245.18,200
26,245.27,245.27,245.27,245.27,200
27,245.08,245.08,244.81,245.08,1404
28,244.92,245.02,244.92,245,600
30,244.64,245.07,244.64,245.07,3900
31,245.08,245.08,244.71,244.71,500
32,245.05,245.19,244.83,245.1,4629
33,244.89,244.89,244.81,244.84,400
34,245.01,245.015,245,245,1609
35,244.9,244.92,244.82,244.9,1095
36,244.8725,244.8725,244.76,244.865,500
37,244.6,244.76,244.6,244.75,1094
38,244.77,244.77,244.7,244.7,300
39,244.52,244.52,244.52,244.52,100
41,244.6,244.731,244.6,244.66,550
42,244.94,244.94,244.6,244.6,1300
43,244.88,244.922,244.79,244.8,857
44,244.95,244.95,244.921,244.921,200
45,244.93,245.03,244.93,244.96,1557
46,245.09,245.09,244.94,244.94,300
47,245.16,245.23,244.99,244.99,1722
48,245.19,245.19,245.0401,245.0401,600
49,245.2425,245.2425,245.2425,245.2425,100
50,245.31,245.33,245.2,245.2,300
51,245.14,245.17,245.05,245.17,1317
52,245.01,245.1,244.97,245.09,1900
53,244.92,244.97,244.745,244.94,1600
54,245.06,245.11,244.97,244.97,1500
55,245.31,245.31,245.105,245.105,400
56,245.26,245.37,245.26,245.27,600
57,245.29,245.39,245.25,245.25,860
61,245.35,245.35,245.16,245.26,1100
62,245.38,245.38,245.3275,245.35,497
63,245.33,245.38,245.25,245.38,700
64,245.26,245.26,245.205,245.205,464
65,245.46,245.46,245.38,245.41,1444
67,245.45,245.62,245.365,245.43,3100
68,245.39,245.39,245.39,245.39,100
69,245.475,245.475,245.475,245.475,100
70,245.1,245.43,245.02,245.43,5600
71,245.06,245.06,245.06,245.06,100
72,245,245,245,245,500
73,244.92,244.96,244.92,244.96,287
74,244.93,244.93,244.93,244.93,300
75,244.92,244.935,244.92,244.935,200
76,244.97,245.08,244.91,244.94,2834
78,245.01,245.13,244.985,245.015,4800
79,245,245.05,244.95,245,1239
80,245.0699,245.08,244.972,245.05,500
81,245.19,245.19,245,245.07,1500
84,244.94,245.33,244.94,245.33,8050
85,244.71,244.8,244.57,244.8,1603
86,244.72,244.72,244.69,244.69,200
87,244.74,244.74,244.71,244.71,400
88,244.88,244.89,244.61,244.61,1763
90,244.93,244.93,244.83,244.87,1600
92,244.92,244.93,244.79,244.79,1141
94,245,245.01,245,245,1000
95,245.14,245.14,245.095,245.1,400
96,245.18,245.27,245.115,245.17,1366
97,244.99,245.1875,244.99,245.15,2678
98,245.06,245.08,245.06,245.07,350
99,245.1,245.18,245.1,245.18,318
101,245.12,245.12,245.12,245.12,100
102,245.06,245.125,245,245.125,1983
103,244.62,244.62,244.62,244.62,100
104,244.84,244.87,244.82,244.82,900
105,244.88,244.94,244.88,244.94,300
107,244.78,244.83,244.78,244.83,1000
109,244.91,244.96,244.85,244.86,1300
110,244.92,244.92,244.87,244.87,200
111,245.13,245.13,244.99,244.99,425
113,245.15,245.15,245.15,245.15,200
114,245.19,245.19,245.09,245.14,1300
115,245.2,245.2,245.19,245.19,300
116,245.28,245.28,245.17,245.17,200
117,245.2999,245.2999,245.29,245.29,400
118,245.235,245.29,245.235,245.24,500
119,245,245.21,244.94,245.19,5380
120,245.14,245.14,245.12,245.12,300
121,245.15,245.22,245.15,245.16,300
122,245.08,245.08,244.97,245.07,2324
125,245.09,245.09,245.09,245.09,100
126,245.075,245.1,244.96,245.1,1628
127,245.195,245.23,245.0701,245.16,6894
128,245.2,245.29,245.2,245.25,1400
129,245.11,245.27,245.11,245.2,2343
130,245,245.19,244.92,245.19,1536
131,245.37,245.37,245.1,245.1,700
132,245.5,245.6,245.45,245.45,1303
133,245.38,245.68,245.38,245.64,5022
135,245.39,245.39,245.32,245.32,200
136,245.335,245.39,245.335,245.39,200
137,245.38,245.38,245.38,245.38,200
138,245.56,245.56,245.27,245.42,1800
139,245.45,245.61,245.345,245.56,6000
140,245.59,245.67,245.45,245.45,2967
141,245.68,245.68,245.505,245.505,921
142,245.74,245.74,245.74,245.74,271
143,245.685,245.82,245.685,245.81,600
144,245.79,245.8,245.79,245.8,300
145,245.685,245.685,245.685,245.685,100
146,245.675,245.77,245.675,245.69,300
147,245.59,245.59,245.59,245.59,300
148,245.425,245.425,245.425,245.425,100
149,245.35,245.39,245.35,245.36,900
150,245.5,245.5,245.36,245.39,1378
151,245.6,245.6,245.6,245.6,100
152,245.51,245.53,245.5,245.53,400
153,245.75,245.75,245.5,245.5,1400
154,245.9,245.9,245.62,245.73,1661
155,245.53,245.782,245.53,245.782,700
156,245.63,245.63,245.63,245.63,100
157,245.53,245.54,245.53,245.54,200
159,245.555,245.555,245.48,245.5533,415
160,245.515,245.515,245.515,245.515,100
162,245.43,245.525,245.43,245.525,200
163,245.52,245.57,245.52,245.52,300
164,245.38,245.505,245.38,245.42,500
166,245.38,245.38,245.37,245.37,200
168,245.445,245.5,245.38,245.38,600
169,245.42,245.51,245.42,245.51,200
170,245.47,245.52,245.47,245.5,700
171,245.34,245.46,245.34,245.42,1300
172,245.4,245.4,245.29,245.38,500
174,245.34,245.34,245.33,245.33,300
175,245.35,245.35,245.35,245.35,200
176,245.39,245.39,245.25,245.25,400
177,245.42,245.42,245.42,245.42,200
178,245.4352,245.4352,245.345,245.345,200
180,245.365,245.52,245.365,245.425,813
181,245.5,245.5,245.49,245.49,400
182,245.5,245.5,245.5,245.5,100
183,245.43,245.5,245.39,245.5,1160
185,245.39,245.47,245.3,245.38,2503
186,245.51,245.51,245.31,245.46,2000
187,245.38,245.5,245.38,245.49,800
188,245.39,245.39,245.39,245.39,100
189,245.39,245.48,245.39,245.48,300
190,245.34,245.34,245.34,245.34,200
191,245.4,245.4,245.26,245.26,200
192,245.28,245.28,245.28,245.28,100
194,245.34,245.41,245.27,245.27,400
195,245.41,245.41,245.29,245.29,200
197,245.32,245.375,245.32,245.36,1079
198,245.175,245.175,245.175,245.175,100
199,245.11,245.175,245.11,245.175,200
200,245.01,245.11,245.01,245.11,1100
201,244.93,244.99,244.83,244.99,1300
203,244.975,244.975,244.88,244.885,300
204,244.9185,244.9185,244.9185,244.9185,150
205,244.98,244.98,244.915,244.915,200
207,244.95,244.95,244.9,244.9,200
209,244.9,244.94,244.9,244.94,200
210,244.95,245.05,244.95,244.95,1946
211,245.02,245.1,245,245.1,800
212,245.29,245.29,245.14,245.14,500
213,245.17,245.265,245.17,245.265,200
214,245.345,245.43,245.23,245.3,2000
216,245.335,245.38,245.26,245.38,300
217,245.335,245.335,245.335,245.335,200
218,245,245.3,245,245.3,1600
220,244.89,244.89,244.825,244.825,700
222,244.865,244.865,244.865,244.865,100
223,244.93,244.93,244.93,244.93,100
224,245.07,245.08,245,245,668
226,245.09,245.09,244.99,245.02,1400
227,244.97,245.09,244.97,245.045,400
228,244.97,244.97,244.97,244.97,200
229,244.881,244.98,244.881,244.98,700
230,245,245.04,244.93,244.93,1100
232,244.9843,244.9843,244.9843,244.9843,100
233,245,245,244.95,244.95,200
234,245,245.05,245,245,500
236,244.9966,244.9966,244.9966,244.9966,100
237,245.005,245.05,244.97,244.97,700
238,245.01,245.01,245,245,400
239,245.06,245.06,245.06,245.06,100
240,245.03,245.03,245.03,245.03,100
241,245,245.13,245,245.07,1988
242,245.14,245.27,245.14,245.15,800
243,245.11,245.17,245.11,245.11,400
245,245.15,245.15,245.15,245.15,100
246,245.13,245.155,245.1,245.12,1276
247,245.1019,245.19,245.1019,245.18,600
248,245.14,245.23,245.14,245.23,900
250,245.07,245.07,245.07,245.07,100
251,245.01,245.13,245.01,245.13,400
252,245.07,245.075,245.07,245.075,200
253,245.075,245.075,245.02,245.02,200
254,245.11,245.13,245.05,245.13,1152
255,244.92,245.05,244.88,245.05,2410
256,244.88,244.88,244.88,244.88,100
257,244.9,244.95,244.9,244.95,600
258,244.9,244.9,244.87,244.87,215
259,245,245,244.92,244.96,600
262,244.97,244.97,244.96,244.96,300
263,244.98,244.98,244.98,244.98,200
264,245.09,245.11,244.97,244.97,3091
265,244.955,245.09,244.955,245.09,1189
267,244.94,244.94,244.94,244.94,100
268,245.035,245.035,244.94,244.99,1000
269,245.09,245.09,245.02,245.08,700
270,244.89,245,244.89,245,2150
271,244.57,244.865,244.57,244.8,1297
272,244.39,244.8,244.39,244.7,3300
273,244.6,244.6,244.6,244.6,100
274,244.65,244.65,244.49,244.49,300
275,244.71,244.715,244.71,244.715,200
276,245.15,245.19,244.76,244.8,1803
277,245.43,245.51,245.22,245.27,2300
278,245.35,245.53,245.35,245.53,760
279,245.175,245.44,245.175,245.405,1914
280,245.3075,245.42,245.3075,245.42,200
281,245.53,245.54,245.21,245.21,1425
282,245.22,245.69,245,245.41,8118
283,245.28,245.28,244.98,244.98,500
284,245.16,245.16,245.145,245.145,300
285,245.26,245.31,245.17,245.17,700
286,245.17,245.21,245.16,245.21,905
287,245.28,245.28,245.28,245.28,100
288,245.27,245.27,245.19,245.19,200
289,244.92,245.12,244.44,245.12,1000
290,244.48,244.48,244.48,244.48,100
291,244.51,244.68,244.51,244.68,200
292,244.7575,244.82,244.7575,244.81,800
293,244.875,244.88,244.8,244.8,1100
294,244.93,244.93,244.93,244.93,100
295,244.92,244.92,244.88,244.91,2300
297,245.02,245.02,244.945,244.99,1200
298,245.14,245.14,245,245,300
299,245.06,245.06,245.06,245.06,200
300,245.14,245.14,245.14,245.14,100
301,244.98,245.04,244.98,245.01,2069
302,245.11,245.11,244.96,244.96,1400
303,245.18,245.18,245.18,245.18,100
304,245.19,245.23,245.19,245.23,300
305,245.35,245.35,245.21,245.21,1102
306,245.25,245.27,245.17,245.22,2804
307,245.11,245.2,245.11,245.2,400
310,244.92,245.14,244.92,245.14,300
311,244.94,245.1,244.94,245.1,200
312,244.81,245.02,244.81,245,1400
313,244.685,245.01,244.67,244.97,3175
314,244.76,244.81,244.73,244.73,300
315,244.58,244.77,244.58,244.63,500
316,244.51,244.57,244.51,244.56,1300
317,244.51,244.51,244.4,244.42,1626
318,244.345,244.46,244.3111,244.3111,1000
319,244.69,244.71,244.46,244.46,2382
320,244.8862,244.8862,244.67,244.7,710
321,244.7606,244.8394,244.7606,244.8394,329
322,244.64,244.67,244.64,244.64,500
323,244.52,244.54,244.41,244.54,2400
324,244.66,244.66,244.66,244.66,200
325,244.98,244.98,244.98,244.98,100
326,244.875,244.875,244.77,244.77,500
327,244.73,244.73,244.73,244.73,100
328,244.71,244.73,244.71,244.73,300
329,244.72,244.72,244.72,244.72,100
330,244.63,244.72,244.63,244.72,1500
331,244.44,244.49,244.4,244.48,1000
332,244.62,244.62,244.16,244.16,2801
333,244.6,244.62,244.34,244.62,1000
335,244.86,244.86,244.45,244.45,1500
336,244.82,244.86,244.8,244.86,300
337,244.56,244.71,244.56,244.71,1300
338,244.71,244.71,244.52,244.52,1300
339,244.87,244.87,244.7,244.71,500
340,244.33,244.78,244.33,244.78,1442
341,244.17,244.17,244.17,244.17,200
342,243.86,244.091,243.81,244.09,2300
343,243.92,243.96,243.75,243.86,5650
344,244.01,244.07,243.8975,243.96,3200
345,243.78,244.03,243.78,244.03,1500
346,244.14,244.29,243.9775,244.05,2100
347,244.225,244.29,244,244.03,2300
348,244.225,244.225,244.225,244.225,300
349,244.03,244.2,244.03,244.2,400
350,244.06,244.16,243.98,244.16,1000
351,244,244,243.98,243.98,648
352,243.87,243.91,243.87,243.91,300
353,244.09,244.13,243.955,244.03,2100
354,244.18,244.18,244.18,244.18,100
355,244.07,244.07,244.02,244.02,600
356,243.78,244.06,243.78,244,1700
357,243.85,243.85,243.78,243.78,200
358,243.77,243.82,243.73,243.79,1250
359,243.87,243.91,243.77,243.84,1350
360,243.61,243.87,243.61,243.87,1200
361,243.67,243.7,243.67,243.7,300
362,243.6,243.6,243.49,243.6,765
363,243.63,243.63,243.54,243.565,500
364,243.54,243.55,243.54,243.55,200
365,243.94,243.94,243.65,243.67,2639
366,243.96,243.97,243.87,243.95,2141
367,244.02,244.06,243.97,243.97,3638
368,244.04,244.04,243.94,243.94,400
369,243.97,244.04,243.97,244,1400
370,243.99,243.99,243.88,243.88,1000
371,243.93,243.95,243.87,243.95,500
372,243.84,243.88,243.83,243.88,1000
373,243.81,243.81,243.81,243.81,200
374,243.88,243.89,243.81,243.81,800
375,243.78,243.82,243.78,243.82,700
376,243.69,243.75,243.69,243.74,3500
377,243.78,243.82,243.65,243.68,2427
378,243.8425,243.85,243.74,243.74,1500
379,243.96,243.96,243.86,243.86,1432
380,243.98,244,243.89,243.89,2000
381,243.91,244,243.83,244,1100
382,243.74,243.86,243.74,243.85,4179
383,243.76,243.85,243.72,243.76,2315
384,243.915,243.93,243.865,243.865,1300
385,244.14,244.255,243.95,243.95,3300
386,243.88,244.12,243.82,244.05,4089
387,243.795,243.88,243.73,243.88,3789
388,243.73,243.85,243.73,243.795,3428
389,243.73,243.85,243.68,243.85,4015
390,243.83,243.85,243.69,243.79,7758
