NWL,Newell Brands,Consumer Discretionary,1,Housewares & Specialties,26862807224,3856049
a1497533460,54.52,54.69,54.45,54.55,41529
1,54.605,54.605,54.49,54.51,5173
2,54.49,54.605,54.45,54.605,5384
3,54.49,54.52,54.45,54.475,8007
4,54.5154,54.52,54.5,54.5,3160
5,54.45,54.5193,54.45,54.5193,12030
6,54.37,54.48,54.37,54.47,10372
7,54.28,54.41,54.28,54.41,16278
8,54.24,54.29,54.22,54.28,4406
9,54.31,54.34,54.2552,54.26,2422
10,54.29,54.315,54.27,54.315,2700
11,54.36,54.37,54.29,54.29,5026
12,54.2825,54.37,54.27,54.355,2034
13,54.25,54.275,54.22,54.275,9582
14,54.25,54.29,54.195,54.25,18900
15,54.335,54.335,54.28,54.28,3451
16,54.25,54.36,54.24,54.34,7786
17,54.24,54.25,54.18,54.25,8099
18,54.22,54.235,54.21,54.23,5800
19,54.24,54.245,54.22,54.22,2000
20,54.23,54.24,54.215,54.23,11898
21,54.295,54.33,54.22,54.23,7550
22,54.31,54.36,54.285,54.3012,6825
23,54.29,54.325,54.29,54.31,7000
24,54.12,54.29,54.12,54.29,17149
25,54.115,54.125,54.05,54.1,13528
26,54.2,54.2,54.115,54.115,6108
27,54.3,54.325,54.185,54.205,15129
28,54.34,54.34,54.26,54.28,2100
29,54.38,54.395,54.3,54.33,40344
30,54.39,54.41,54.37,54.37,5250
31,54.41,54.46,54.39,54.3937,9931
32,54.4,54.41,54.375,54.41,18400
33,54.41,54.455,54.41,54.41,6500
34,54.39,54.41,54.37,54.405,3000
35,54.4,54.44,54.36,54.37,32400
36,54.3205,54.395,54.32,54.38,59007
37,54.27,54.33,54.27,54.32,7281
38,54.22,54.28,54.21,54.28,3588
39,54.27,54.3,54.225,54.225,27662
40,54.25,54.275,54.25,54.27,6100
41,54.22,54.27,54.22,54.27,15636
42,54.28,54.28,54.225,54.225,6540
43,54.28,54.305,54.28,54.3,6598
44,54.24,54.285,54.22,54.28,13530
45,54.195,54.25,54.195,54.24,13419
46,54.17,54.185,54.145,54.18,11208
47,54.13,54.17,54.13,54.17,59382
48,54.15,54.15,54.1008,54.13,13875
49,54.2,54.2,54.1301,54.14,16162
50,54.175,54.205,54.14,54.205,13611
51,54.16,54.2162,54.155,54.17,13301
52,54.085,54.18,54.08,54.175,30454
53,54.17,54.18,54.085,54.085,22862
54,54.16,54.185,54.16,54.18,6796
55,54.22,54.23,54.16,54.165,9356
56,54.24,54.26,54.22,54.225,15100
57,54.16,54.245,54.16,54.245,23542
58,54.18,54.2,54.15,54.17,60193
59,54.2,54.22,54.19,54.19,20160
60,54.295,54.3,54.18,54.19,13035
61,54.39,54.54,54.25,54.29,74300
62,54.38,54.415,54.37,54.385,13031
63,54.44,54.4574,54.39,54.39,11916
64,54.36,54.44,54.36,54.44,5400
65,54.415,54.415,54.37,54.37,4662
66,54.4,54.43,54.39,54.415,48527
67,54.445,54.46,54.4,54.4,9820
68,54.435,54.45,54.42,54.445,13759
69,54.43,54.45,54.42,54.435,8959
70,54.425,54.435,54.41,54.43,6439
71,54.33,54.425,54.32,54.425,9679
72,54.345,54.36,54.33,54.33,6814
73,54.325,54.35,54.3,54.345,8383
74,54.34,54.34,54.32,54.32,2891
75,54.37,54.37,54.345,54.35,5246
76,54.28,54.37,54.28,54.37,11421
77,54.34,54.34,54.27,54.29,11874
78,54.38,54.38,54.34,54.35,11540
79,54.5,54.5,54.38,54.38,23677
80,54.47,54.48,54.455,54.48,7685
81,54.53,54.55,54.46,54.465,11243
82,54.5,54.54,54.49,54.54,5976
83,54.53,54.57,54.48,54.5,10660
84,54.535,54.55,54.53,54.55,3388
85,54.55,54.555,54.52,54.54,6606
86,54.54,54.59,54.535,54.56,7600
87,54.6,54.605,54.545,54.545,4750
88,54.545,54.6,54.545,54.58,3125
89,54.56,54.56,54.51,54.53,8671
90,54.58,54.58,54.53,54.56,10318
91,54.585,54.59,54.58,54.58,3961
92,54.52,54.575,54.52,54.575,4313
93,54.5135,54.5135,54.5,54.51,4120
94,54.62,54.67,54.515,54.52,37773
95,54.54,54.612,54.54,54.61,4226
96,54.6,54.6,54.56,54.56,7065
97,54.585,54.615,54.575,54.61,5554
98,54.62,54.6399,54.58,54.585,13317
99,54.64,54.655,54.61,54.62,8221
100,54.6,54.635,54.59,54.63,6581
101,54.62,54.625,54.59,54.595,5708
102,54.66,54.67,54.61,54.615,7312
103,54.655,54.66,54.64,54.66,4000
104,54.66,54.66,54.64,54.655,5800
105,54.685,54.685,54.65,54.665,4917
106,54.74,54.74,54.68,54.685,18182
107,54.77,54.78,54.72,54.7325,11591
108,54.78,54.78,54.75,54.75,3400
109,54.78,54.785,54.75,54.78,11600
110,54.79,54.8,54.78,54.78,6005
111,54.76,54.78,54.7,54.77,55917
112,54.75,54.76,54.73,54.75,13168
113,54.7202,54.74,54.71,54.725,4041
114,54.73,54.74,54.72,54.74,4986
115,54.73,54.73,54.7,54.72,11823
116,54.78,54.8,54.72,54.72,16976
117,54.7396,54.79,54.732,54.78,4670
118,54.7601,54.78,54.7354,54.74,9013
119,54.82,54.825,54.77,54.77,23887
120,54.84,54.87,54.8182,54.83,9533
121,54.8001,54.84,54.8001,54.835,5255
122,54.83,54.9,54.8,54.805,33749
123,54.89,54.95,54.82,54.83,18618
124,54.895,54.91,54.88,54.91,6200
125,54.9467,54.96,54.9,54.9,11827
126,54.93,54.95,54.93,54.95,1400
127,54.91,54.925,54.9,54.925,9306
128,54.9093,54.91,54.88,54.89,43726
129,54.9028,54.91,54.89,54.9,44190
130,54.91,54.91,54.88,54.9,8935
131,54.89,54.945,54.88,54.92,20195
132,54.9034,54.9198,54.9,54.9,2800
133,54.9046,54.91,54.88,54.9024,5406
134,54.88,54.905,54.86,54.905,5738
135,54.8,54.885,54.8,54.885,6696
136,54.84,54.84,54.793,54.8,7633
137,54.8,54.835,54.794,54.835,8491
138,54.79,54.81,54.772,54.8035,7751
139,54.78,54.795,54.753,54.795,14913
140,54.745,54.79,54.74,54.79,8078
141,54.75,54.77,54.74,54.74,10710
142,54.78,54.78,54.73,54.75,5270
143,54.77,54.8,54.76,54.785,10094
144,54.77,54.785,54.75,54.775,13332
145,54.745,54.775,54.745,54.77,5800
146,54.75,54.76,54.74,54.745,9148
147,54.75,54.755,54.74,54.755,4052
148,54.705,54.745,54.7,54.745,20025
149,54.674,54.72,54.66,54.705,15816
150,54.695,54.73,54.67,54.68,33117
151,54.73,54.73,54.6726,54.695,11492
152,54.7351,54.75,54.725,54.725,18042
153,54.7835,54.79,54.73,54.74,11582
154,54.76,54.785,54.746,54.78,11754
155,54.7444,54.75,54.74,54.745,3700
156,54.715,54.75,54.715,54.74,12120
157,54.7,54.725,54.7,54.715,12903
158,54.715,54.715,54.6915,54.6915,3500
159,54.715,54.725,54.7145,54.715,2300
160,54.725,54.73,54.715,54.715,3200
161,54.69,54.73,54.674,54.725,17679
162,54.696,54.7,54.69,54.69,3627
163,54.69,54.7,54.68,54.7,3334
164,54.655,54.685,54.65,54.684,4154
165,54.695,54.7,54.66,54.66,5865
166,54.7,54.71,54.7,54.7,41626
167,54.72,54.74,54.71,54.71,10057
168,54.6901,54.71,54.69,54.71,1760
169,54.71,54.72,54.7,54.7,4900
170,54.674,54.7,54.67,54.7,1600
171,54.635,54.6701,54.63,54.67,4572
172,54.69,54.69,54.64,54.64,8019
173,54.7,54.7,54.68,54.69,3453
174,54.7,54.73,54.7,54.73,3400
175,54.67,54.7,54.67,54.69,2900
176,54.68,54.68,54.67,54.675,4613
177,54.65,54.675,54.649,54.675,3300
178,54.62,54.65,54.61,54.65,5898
179,54.62,54.64,54.61,54.615,6120
180,54.65,54.67,54.64,54.67,11697
181,54.635,54.66,54.63,54.65,21800
182,54.63,54.65,54.63,54.64,14368
183,54.62,54.64,54.614,54.63,5146
184,54.6125,54.62,54.59,54.61,62525
185,54.6,54.62,54.585,54.62,7630
186,54.625,54.625,54.6,54.6,9750
187,54.61,54.64,54.61,54.625,6686
188,54.6,54.61,54.58,54.6,5874
189,54.55,54.61,54.55,54.6,9800
190,54.56,54.57,54.54,54.56,7109
191,54.54,54.58,54.54,54.57,9531
192,54.54,54.57,54.53,54.55,5756
193,54.54,54.56,54.52,54.55,160197
194,54.495,54.54,54.48,54.54,10850
195,54.53,54.54,54.4849,54.49,9756
196,54.53,54.535,54.52,54.535,8949
197,54.52,54.5444,54.51,54.52,7732
198,54.505,54.53,54.5,54.53,13072
199,54.52,54.52,54.49,54.51,6607
200,54.51,54.54,54.51,54.52,5400
201,54.52,54.525,54.51,54.52,2635
202,54.54,54.54,54.525,54.53,7232
203,54.53,54.55,54.51,54.55,4752
204,54.56,54.56,54.53,54.53,2100
205,54.555,54.56,54.55,54.555,7068
206,54.54,54.56,54.5301,54.5523,6581
207,54.52,54.555,54.52,54.55,6473
208,54.54,54.54,54.51,54.52,2500
209,54.57,54.58,54.545,54.55,12936
210,54.56,54.58,54.56,54.57,3225
211,54.54,54.56,54.54,54.555,2300
212,54.5235,54.5435,54.519,54.54,6974
213,54.545,54.545,54.52,54.53,8245
214,54.52,54.55,54.51,54.55,3100
215,54.54,54.54,54.5121,54.515,14307
216,54.54,54.55,54.54,54.54,2829
217,54.53,54.57,54.53,54.5421,7173
218,54.5,54.53,54.49,54.53,3986
219,54.49,54.52,54.49,54.51,4978
220,54.485,54.49,54.48,54.48,600
221,54.51,54.51,54.48,54.48,2500
222,54.47,54.51,54.47,54.5,7163
223,54.5,54.5,54.47,54.47,5557
224,54.5,54.515,54.495,54.495,8776
225,54.49,54.5,54.48,54.5,2821
226,54.5,54.5,54.47,54.4901,6086
227,54.49,54.5,54.4744,54.5,4200
228,54.5,54.51,54.49,54.49,4946
229,54.5052,54.515,54.5,54.505,5800
230,54.5101,54.515,54.5,54.5098,3822
231,54.52,54.525,54.515,54.515,2800
232,54.53,54.53,54.52,54.53,4804
233,54.535,54.54,54.53,54.53,1850
234,54.53,54.535,54.52,54.53,7950
235,54.54,54.54,54.534,54.5346,1050
236,54.54,54.54,54.5293,54.54,9015
237,54.5554,54.56,54.54,54.5498,5320
238,54.57,54.57,54.54,54.56,10025
239,54.575,54.58,54.55,54.57,27578
240,54.51,54.565,54.5,54.5644,6216
241,54.525,54.53,54.51,54.515,5113
242,54.55,54.55,54.52,54.52,3518
243,54.56,54.56,54.54,54.55,2914
244,54.57,54.57,54.56,54.57,7408
245,54.57,54.57,54.56,54.5652,3630
246,54.56,54.58,54.56,54.57,8177
247,54.5146,54.55,54.51,54.55,2825
248,54.55,54.55,54.52,54.52,6323
249,54.56,54.56,54.55,54.56,2849
250,54.57,54.57,54.56,54.56,4581
251,54.57,54.575,54.56,54.57,11356
252,54.57,54.57,54.56,54.57,1500
253,54.5501,54.58,54.55,54.565,14380
254,54.5299,54.56,54.5244,54.56,5543
255,54.53,54.53,54.52,54.52,6801
256,54.53,54.53,54.51,54.525,7140
257,54.56,54.57,54.5216,54.525,19402
258,54.565,54.57,54.55,54.56,7554
259,54.58,54.58,54.565,54.565,3300
260,54.565,54.57,54.56,54.57,3642
261,54.5635,54.57,54.5635,54.57,1325
262,54.565,54.57,54.56,54.57,6010
263,54.565,54.57,54.56,54.57,1400
264,54.56,54.565,54.53,54.565,6885
265,54.58,54.58,54.56,54.56,10395
266,54.64,54.64,54.57,54.57,12603
267,54.68,54.68,54.645,54.65,5448
268,54.71,54.71,54.675,54.68,3250
269,54.7043,54.72,54.7043,54.72,5190
270,54.66,54.705,54.66,54.7,4260
271,54.7,54.7,54.67,54.67,4722
272,54.68,54.72,54.68,54.7,4608
273,54.66,54.7,54.66,54.68,2900
274,54.66,54.66,54.65,54.66,5170
275,54.61,54.66,54.61,54.66,3628
276,54.63,54.64,54.61,54.62,7108
277,54.635,54.635,54.63,54.63,2992
278,54.625,54.64,54.62,54.635,3838
279,54.67,54.67,54.63,54.63,6645
280,54.64,54.665,54.64,54.66,3903
281,54.65,54.65,54.63,54.64,9910
282,54.685,54.685,54.6515,54.6515,4267
283,54.68,54.69,54.675,54.69,7519
284,54.7,54.71,54.69,54.69,4911
285,54.69,54.7,54.69,54.7,2584
286,54.6899,54.69,54.67,54.68,6920
287,54.71,54.71,54.6821,54.6821,4565
288,54.705,54.715,54.705,54.71,4821
289,54.7,54.71,54.68,54.71,13643
290,54.73,54.73,54.71,54.71,4423
291,54.72,54.73,54.71,54.725,8827
292,54.735,54.735,54.725,54.73,2000
293,54.7,54.75,54.7,54.74,6437
294,54.71,54.71,54.7,54.7,1222
295,54.72,54.735,54.705,54.705,10245
296,54.75,54.75,54.72,54.72,3750
297,54.75,54.76,54.745,54.75,15458
298,54.715,54.755,54.71,54.75,4924
299,54.705,54.715,54.7,54.715,1424
300,54.7,54.71,54.7,54.7,2503
301,54.69,54.705,54.69,54.705,4671
302,54.705,54.71,54.695,54.7,3791
303,54.71,54.71,54.69,54.71,5917
304,54.705,54.73,54.7,54.71,6460
305,54.695,54.705,54.69,54.7,1999
306,54.685,54.695,54.68,54.69,3000
307,54.67,54.69,54.67,54.6835,3688
308,54.67,54.68,54.65,54.67,10757
309,54.66,54.67,54.65,54.67,2800
310,54.62,54.66,54.61,54.66,4100
311,54.6,54.62,54.6,54.615,3122
312,54.61,54.61,54.58,54.6,8718
313,54.64,54.645,54.605,54.605,5700
314,54.65,54.65,54.635,54.635,1800
315,54.64,54.65,54.64,54.65,3300
316,54.63,54.65,54.63,54.65,6897
317,54.63,54.63,54.61,54.62,4465
318,54.67,54.67,54.64,54.64,5334
319,54.65,54.67,54.64,54.665,3194
320,54.64,54.65,54.64,54.645,2700
321,54.62,54.635,54.62,54.63,6915
322,54.65,54.65,54.625,54.625,4802
323,54.65,54.65,54.6457,54.65,1939
324,54.6467,54.65,54.62,54.645,12062
325,54.65,54.67,54.63,54.65,6676
326,54.67,54.68,54.65,54.65,7542
327,54.68,54.68,54.6637,54.67,4950
328,54.65,54.69,54.65,54.68,8860
329,54.67,54.68,54.655,54.655,20369
330,54.63,54.67,54.63,54.66,8497
331,54.675,54.68,54.64,54.64,8721
332,54.7,54.7,54.67,54.6772,8243
333,54.7,54.7,54.67,54.695,11327
334,54.72,54.73,54.695,54.7,7593
335,54.72,54.72,54.72,54.72,700
336,54.7,54.715,54.69,54.715,9621
337,54.7,54.71,54.695,54.7,2500
338,54.73,54.74,54.68,54.69,15524
339,54.74,54.74,54.7283,54.73,3300
340,54.69,54.74,54.69,54.74,8549
341,54.675,54.69,54.67,54.69,1200
342,54.7,54.7,54.675,54.68,11246
343,54.705,54.71,54.69,54.7,2500
344,54.72,54.72,54.68,54.71,15316
345,54.73,54.73,54.72,54.72,3833
346,54.73,54.73,54.73,54.73,1500
347,54.7,54.73,54.7,54.725,7826
348,54.695,54.71,54.69,54.71,5674
349,54.7,54.7,54.69,54.695,3029
350,54.715,54.72,54.69,54.695,8450
351,54.71,54.725,54.71,54.72,10270
352,54.67,54.71,54.67,54.71,11826
353,54.65,54.7,54.65,54.68,13520
354,54.64,54.66,54.63,54.65,5658
355,54.63,54.64,54.63,54.635,6956
356,54.605,54.63,54.6,54.62,6489
357,54.67,54.67,54.61,54.61,10588
358,54.63,54.67,54.63,54.67,7525
359,54.63,54.64,54.62,54.64,4700
360,54.615,54.63,54.615,54.63,6539
361,54.605,54.615,54.59,54.615,11914
362,54.54,54.61,54.54,54.61,14238
363,54.62,54.62,54.54,54.54,20917
364,54.62,54.62,54.595,54.615,10732
365,54.615,54.625,54.61,54.625,6886
366,54.59,54.615,54.585,54.615,16962
367,54.56,54.59,54.55,54.59,9387
368,54.53,54.555,54.53,54.555,9710
369,54.51,54.53,54.505,54.52,15686
370,54.5,54.52,54.5,54.515,11779
371,54.51,54.51,54.475,54.5,20772
372,54.51,54.51,54.49,54.51,13538
373,54.54,54.54,54.52,54.52,7990
374,54.54,54.55,54.53,54.54,14099
375,54.56,54.56,54.535,54.535,13429
376,54.565,54.57,54.55,54.56,17506
377,54.58,54.59,54.565,54.57,20290
378,54.61,54.61,54.58,54.58,11909
379,54.62,54.62,54.6,54.605,13095
380,54.61,54.62,54.6,54.62,14629
381,54.65,54.65,54.607,54.61,27953
382,54.635,54.66,54.635,54.6425,39718
383,54.595,54.64,54.59,54.64,19193
384,54.615,54.62,54.59,54.595,27284
385,54.565,54.615,54.55,54.615,48713
386,54.545,54.56,54.53,54.56,25879
387,54.55,54.57,54.54,54.55,39586
388,54.55,54.56,54.55,54.555,26101
389,54.68,54.68,54.55,54.56,63267
