PPL,PPL Corp.,Utilities,11,Electric Utilities,27158698732,3282253
a1497533460,39.23,39.24,39.12,39.24,32521
1,39.165,39.19,39.165,39.18,3703
2,39.23,39.23,39.18,39.18,2900
3,39.3,39.3,39.2347,39.2347,7157
4,39.38,39.38,39.31,39.3199,8620
5,39.357,39.4,39.33,39.39,12401
6,39.3,39.345,39.3,39.34,5635
7,39.36,39.36,39.31,39.31,4500
8,39.315,39.38,39.315,39.37,22102
9,39.32,39.34,39.305,39.32,9800
10,39.34,39.34,39.315,39.3168,4960
11,39.37,39.37,39.33,39.35,2200
12,39.36,39.38,39.36,39.37,3710
13,39.36,39.385,39.35,39.35,7905
14,39.36,39.37,39.35,39.36,5956
15,39.41,39.41,39.35,39.35,13862
16,39.41,39.42,39.39,39.41,4611
17,39.41,39.42,39.41,39.42,2633
18,39.39,39.415,39.39,39.41,7042
19,39.42,39.42,39.4,39.4,2468
20,39.36,39.4125,39.36,39.41,6420
21,39.38,39.385,39.36,39.36,4511
22,39.35,39.39,39.35,39.39,3312
23,39.3716,39.405,39.36,39.36,11946
24,39.38,39.3823,39.37,39.38,3348
25,39.41,39.42,39.38,39.38,4545
26,39.39,39.41,39.38,39.41,3390
27,39.395,39.4056,39.39,39.4,6188
28,39.35,39.385,39.35,39.3846,6911
29,39.34,39.36,39.325,39.35,7272
30,39.395,39.4,39.3308,39.3308,10441
31,39.4,39.41,39.38,39.39,8407
32,39.36,39.4,39.355,39.4,13554
33,39.39,39.3901,39.355,39.36,11318
34,39.385,39.39,39.355,39.39,7625
35,39.4,39.4,39.38,39.385,3275
36,39.3863,39.41,39.3863,39.4,8454
37,39.4138,39.42,39.39,39.39,8703
38,39.385,39.42,39.365,39.42,13336
39,39.36,39.385,39.36,39.38,7827
40,39.35,39.36,39.33,39.36,10918
41,39.37,39.37,39.345,39.35,9218
42,39.39,39.39,39.3653,39.3653,3906
43,39.375,39.39,39.36,39.39,9233
44,39.35,39.3745,39.35,39.37,4930
45,39.31,39.355,39.31,39.35,8280
46,39.3245,39.33,39.315,39.32,3280
47,39.3,39.325,39.3,39.32,10100
48,39.3,39.315,39.29,39.3,4625
49,39.305,39.31,39.2961,39.3,1600
50,39.29,39.315,39.28,39.305,10792
51,39.28,39.29,39.26,39.29,6557
52,39.28,39.3089,39.28,39.28,8005
53,39.28,39.29,39.28,39.285,2854
54,39.25,39.28,39.25,39.28,15520
55,39.2,39.255,39.2,39.25,6170
56,39.19,39.22,39.18,39.2,22809
57,39.21,39.21,39.2,39.2,4690
58,39.2,39.235,39.2,39.22,15294
59,39.19,39.21,39.18,39.2067,80187
60,39.235,39.235,39.19,39.195,9595
61,39.24,39.245,39.23,39.23,5457
62,39.255,39.255,39.23,39.24,3518
63,39.255,39.27,39.245,39.26,5220
64,39.29,39.29,39.26,39.26,5288
65,39.295,39.295,39.28,39.285,2700
66,39.3,39.31,39.295,39.295,3816
67,39.32,39.325,39.305,39.305,4508
68,39.305,39.33,39.305,39.32,2856
69,39.31,39.315,39.3,39.305,2929
70,39.31,39.325,39.29,39.3,4880
71,39.305,39.32,39.29,39.31,12950
72,39.3052,39.3052,39.29,39.305,5004
73,39.305,39.3152,39.3,39.31,14545
74,39.32,39.32,39.305,39.31,1609
75,39.33,39.335,39.325,39.33,5299
76,39.33,39.335,39.325,39.325,3100
77,39.305,39.336,39.305,39.336,9324
78,39.31,39.32,39.305,39.31,3054
79,39.32,39.325,39.31,39.315,4890
80,39.32,39.33,39.31,39.32,6672
81,39.325,39.33,39.31,39.32,10224
82,39.345,39.36,39.33,39.3338,8134
83,39.355,39.36,39.35,39.35,8543
84,39.355,39.375,39.355,39.36,13862
85,39.37,39.37,39.35,39.3599,4055
86,39.35,39.37,39.35,39.37,2002
87,39.375,39.38,39.3553,39.36,4673
88,39.365,39.38,39.36,39.375,1900
89,39.38,39.385,39.37,39.37,4300
90,39.35,39.38,39.35,39.38,2931
91,39.365,39.37,39.36,39.36,1800
92,39.37,39.37,39.3638,39.37,2231
93,39.365,39.37,39.365,39.3697,300
94,39.37,39.38,39.36,39.365,4364
95,39.38,39.38,39.37,39.37,2489
96,39.39,39.39,39.38,39.38,608
97,39.4,39.4,39.3838,39.3838,2355
98,39.4001,39.41,39.395,39.405,4346
99,39.426,39.426,39.4,39.405,6495
100,39.425,39.43,39.42,39.42,2450
101,39.42,39.44,39.42,39.43,3700
102,39.415,39.42,39.41,39.415,1500
103,39.39,39.415,39.39,39.415,17823
104,39.405,39.41,39.38,39.39,8958
105,39.415,39.415,39.4,39.405,4700
106,39.41,39.41,39.4,39.41,5697
107,39.405,39.41,39.4,39.41,5800
108,39.42,39.425,39.4,39.4,6353
109,39.42,39.4201,39.41,39.42,4242
110,39.41,39.425,39.4,39.415,8100
111,39.41,39.42,39.4,39.41,3027
112,39.415,39.425,39.41,39.42,5167
113,39.405,39.415,39.4,39.41,2206
114,39.41,39.41,39.39,39.4,16151
115,39.42,39.42,39.41,39.42,7600
116,39.39,39.415,39.39,39.415,19367
117,39.4018,39.4062,39.395,39.395,9872
118,39.38,39.405,39.375,39.405,5867
119,39.385,39.4,39.37,39.38,16496
120,39.385,39.39,39.375,39.38,5906
121,39.385,39.4,39.38,39.385,3261
122,39.39,39.415,39.39,39.39,7288
123,39.4,39.4,39.39,39.395,1400
124,39.39,39.3974,39.385,39.39,2593
125,39.4,39.405,39.399,39.399,2196
126,39.3953,39.41,39.38,39.41,9993
127,39.4,39.409,39.39,39.39,2699
128,39.39,39.41,39.39,39.4,3456
129,39.41,39.415,39.4,39.4,6913
130,39.41,39.415,39.41,39.41,700
131,39.4,39.42,39.4,39.42,1410
132,39.405,39.405,39.4,39.4,1266
133,39.3975,39.41,39.3975,39.405,2401
134,39.395,39.4,39.39,39.395,700
135,39.4,39.41,39.395,39.395,4343
136,39.4,39.4056,39.39,39.405,2000
137,39.395,39.4,39.39,39.4,847
138,39.39,39.4,39.39,39.395,1869
139,39.395,39.395,39.395,39.395,200
140,39.3945,39.4,39.39,39.395,1500
141,39.395,39.405,39.39,39.395,11171
142,39.4,39.4,39.3901,39.4,6969
143,39.4,39.4,39.395,39.395,400
144,39.3761,39.395,39.37,39.395,8465
145,39.37,39.38,39.37,39.37,5712
146,39.37,39.375,39.37,39.37,1233
147,39.365,39.375,39.36,39.37,1300
148,39.3668,39.38,39.3647,39.37,2968
149,39.36,39.369,39.36,39.36,557
150,39.37,39.37,39.36,39.37,2000
151,39.37,39.37,39.37,39.37,900
152,39.365,39.37,39.36,39.3653,1469
153,39.36,39.3654,39.3582,39.36,2429
154,39.36,39.36,39.3538,39.3538,881
155,39.37,39.37,39.35,39.36,1676
156,39.36,39.36,39.36,39.36,329
157,39.35,39.355,39.344,39.355,5170
158,39.35,39.3569,39.35,39.35,1576
159,39.35,39.35,39.345,39.345,200
160,39.34,39.35,39.34,39.3401,400
161,39.36,39.36,39.345,39.345,1814
162,39.3577,39.3577,39.35,39.35,456
163,39.36,39.36,39.345,39.35,3862
164,39.355,39.355,39.35,39.35,700
165,39.38,39.38,39.36,39.36,1606
166,39.37,39.38,39.37,39.375,3858
167,39.4,39.4,39.37,39.37,6378
168,39.4,39.41,39.39,39.39,15355
169,39.4,39.405,39.395,39.4,2100
170,39.38,39.39,39.38,39.39,1600
171,39.38,39.39,39.375,39.39,4585
172,39.3801,39.385,39.37,39.3833,3379
173,39.395,39.395,39.3845,39.3845,3600
174,39.395,39.4,39.39,39.395,1926
175,39.405,39.41,39.395,39.4,5415
176,39.4,39.41,39.4,39.4,2700
177,39.39,39.4,39.39,39.4,2537
178,39.39,39.39,39.385,39.39,7500
179,39.399,39.4,39.3886,39.3886,2234
180,39.4,39.4,39.39,39.4,11583
181,39.3999,39.3999,39.39,39.39,649
182,39.39,39.395,39.38,39.39,2710
183,39.38,39.385,39.38,39.385,300
184,39.39,39.39,39.39,39.39,1300
185,39.3999,39.4,39.39,39.39,1600
186,39.39,39.3935,39.39,39.3935,2810
187,39.37,39.385,39.37,39.38,2521
188,39.375,39.38,39.37,39.38,1100
189,39.39,39.39,39.38,39.38,1898
190,39.38,39.38,39.3768,39.38,1105
191,39.375,39.385,39.37,39.38,5665
192,39.3757,39.3757,39.37,39.375,730
193,39.35,39.37,39.35,39.37,3509
194,39.36,39.365,39.34,39.35,3154
195,39.37,39.37,39.36,39.36,1600
197,39.363,39.38,39.363,39.3799,2207
198,39.3685,39.37,39.36,39.365,5114
199,39.38,39.38,39.365,39.365,2706
200,39.37,39.37,39.37,39.37,1100
201,39.37,39.375,39.37,39.37,500
202,39.37,39.37,39.37,39.37,500
203,39.3501,39.37,39.3501,39.36,2715
204,39.35,39.3556,39.345,39.35,1970
205,39.35,39.35,39.35,39.35,975
206,39.35,39.35,39.34,39.35,1812
207,39.36,39.365,39.36,39.36,2100
208,39.375,39.375,39.3554,39.36,3025
209,39.37,39.375,39.37,39.37,1797
210,39.375,39.3761,39.37,39.375,3423
211,39.385,39.385,39.37,39.375,4269
212,39.39,39.39,39.38,39.38,200
213,39.4,39.4,39.39,39.39,3600
214,39.395,39.4,39.39,39.4,1700
215,39.39,39.4,39.39,39.4,2954
216,39.39,39.4,39.39,39.395,1000
217,39.4,39.4,39.395,39.3953,400
218,39.38,39.4,39.38,39.4,4546
219,39.39,39.395,39.385,39.385,2200
220,39.39,39.39,39.39,39.39,1400
221,39.395,39.395,39.39,39.39,900
222,39.39,39.395,39.39,39.39,800
223,39.4,39.41,39.4,39.4,3194
224,39.4,39.41,39.4,39.4,700
225,39.4,39.4,39.39,39.4,1576
226,39.4,39.405,39.39,39.39,4200
227,39.39,39.39,39.39,39.39,1480
228,39.4,39.4,39.39,39.39,1800
229,39.4,39.4,39.39,39.4,1900
230,39.39,39.4,39.39,39.4,900
231,39.39,39.39,39.38,39.38,1300
232,39.3841,39.39,39.3841,39.39,932
233,39.395,39.4,39.39,39.39,903
235,39.395,39.4,39.39,39.4,1449
236,39.39,39.395,39.39,39.395,600
237,39.3939,39.395,39.3939,39.395,634
238,39.3915,39.4,39.39,39.4,1435
239,39.39,39.4,39.39,39.4,3300
240,39.38,39.39,39.38,39.39,8803
241,39.37,39.38,39.37,39.38,5100
242,39.37,39.38,39.37,39.38,600
243,39.375,39.38,39.37,39.375,3308
244,39.37,39.3759,39.37,39.37,901
245,39.37,39.385,39.37,39.38,8313
246,39.3747,39.3747,39.37,39.37,490
247,39.36,39.37,39.355,39.37,7838
248,39.36,39.37,39.36,39.37,10974
249,39.36,39.3687,39.36,39.36,1095
250,39.37,39.37,39.3641,39.3641,1095
251,39.36,39.37,39.36,39.3623,3466
252,39.345,39.365,39.34,39.36,29284
253,39.365,39.365,39.345,39.345,4597
254,39.3699,39.3699,39.36,39.36,700
255,39.36,39.37,39.36,39.37,1230
256,39.355,39.365,39.34,39.36,5914
257,39.34,39.355,39.34,39.35,8335
258,39.37,39.37,39.35,39.35,4400
259,39.385,39.385,39.36,39.37,5000
260,39.385,39.39,39.3735,39.39,2107
261,39.39,39.4,39.38,39.38,2500
262,39.39,39.3999,39.39,39.39,2358
263,39.38,39.4,39.38,39.39,7400
264,39.4,39.405,39.3828,39.39,3100
265,39.4046,39.4046,39.4,39.4,472
266,39.4,39.41,39.3901,39.405,3821
267,39.4163,39.4163,39.4077,39.4095,2473
268,39.41,39.425,39.41,39.42,2764
269,39.42,39.4287,39.415,39.4165,2383
270,39.4027,39.425,39.4027,39.425,3646
271,39.41,39.419,39.4,39.4,3178
272,39.42,39.42,39.4071,39.41,5100
273,39.415,39.415,39.41,39.41,400
274,39.42,39.43,39.42,39.42,10935
275,39.43,39.43,39.41,39.425,2674
276,39.445,39.45,39.43,39.43,4357
277,39.46,39.4693,39.44,39.44,5732
278,39.47,39.47,39.46,39.46,900
279,39.459,39.475,39.45,39.47,10026
280,39.459,39.46,39.45,39.459,2114
281,39.46,39.47,39.455,39.455,2200
282,39.47,39.47,39.46,39.46,800
283,39.469,39.47,39.46,39.4699,8909
284,39.46,39.4699,39.45,39.4699,4750
285,39.46,39.46,39.45,39.46,2600
286,39.4599,39.47,39.45,39.455,6500
287,39.46,39.47,39.45,39.46,4040
288,39.465,39.465,39.46,39.46,600
289,39.475,39.475,39.46,39.46,2494
290,39.4869,39.4869,39.47,39.48,4524
291,39.475,39.4864,39.47,39.4832,3833
292,39.46,39.475,39.46,39.4738,3350
293,39.46,39.46,39.46,39.46,1502
294,39.47,39.47,39.46,39.46,2272
295,39.48,39.48,39.47,39.47,2127
296,39.48,39.48,39.47,39.47,500
297,39.48,39.485,39.47,39.475,4218
298,39.48,39.48,39.47,39.48,5122
299,39.465,39.48,39.46,39.48,1802
300,39.46,39.47,39.46,39.47,4038
301,39.44,39.46,39.44,39.46,3437
302,39.45,39.45,39.44,39.45,700
303,39.44,39.45,39.44,39.45,8431
304,39.44,39.445,39.435,39.435,4040
305,39.43,39.4356,39.4266,39.435,3688
306,39.42,39.435,39.42,39.43,11634
307,39.425,39.43,39.42,39.42,2007
308,39.43,39.43,39.42,39.425,4900
309,39.43,39.44,39.43,39.43,5249
310,39.43,39.45,39.43,39.44,5214
311,39.44,39.445,39.432,39.439,1450
312,39.44,39.45,39.44,39.4467,6311
313,39.44,39.445,39.44,39.4401,1933
314,39.42,39.44,39.42,39.44,4174
315,39.43,39.44,39.421,39.4233,3680
316,39.425,39.43,39.42,39.43,300
317,39.43,39.43,39.42,39.42,700
318,39.43,39.43,39.42,39.43,1600
319,39.425,39.425,39.42,39.42,1300
320,39.43,39.43,39.42,39.43,900
321,39.43,39.435,39.42,39.4235,7303
322,39.46,39.46,39.43,39.435,6534
323,39.4501,39.46,39.45,39.45,1218
324,39.45,39.46,39.45,39.45,2379
325,39.47,39.4786,39.45,39.459,6850
326,39.47,39.47,39.46,39.4662,1311
327,39.47,39.475,39.46,39.46,5023
328,39.46,39.46,39.45,39.46,3000
329,39.47,39.47,39.46,39.46,2050
330,39.45,39.47,39.45,39.47,2120
331,39.4541,39.46,39.45,39.46,725
332,39.44,39.455,39.435,39.455,7442
333,39.43,39.44,39.43,39.44,4112
334,39.445,39.45,39.4335,39.435,4503
335,39.44,39.45,39.44,39.45,2848
336,39.45,39.45,39.4343,39.4343,2393
337,39.45,39.455,39.4453,39.45,7336
338,39.45,39.45,39.435,39.4401,5542
339,39.465,39.465,39.4441,39.4441,5298
340,39.45,39.4656,39.45,39.46,3653
341,39.45,39.455,39.45,39.45,2131
342,39.45,39.455,39.445,39.45,4533
343,39.48,39.48,39.44,39.45,7219
344,39.47,39.475,39.465,39.47,4361
345,39.475,39.475,39.47,39.47,994
346,39.47,39.475,39.465,39.47,2400
347,39.47,39.47,39.46,39.465,1100
348,39.465,39.47,39.46,39.465,1200
349,39.475,39.48,39.465,39.47,4988
350,39.455,39.475,39.45,39.47,7894
351,39.45,39.46,39.45,39.45,1900
352,39.445,39.45,39.44,39.45,10071
353,39.445,39.45,39.44,39.445,988
354,39.45,39.45,39.44,39.445,500
355,39.485,39.485,39.44,39.45,13323
356,39.47,39.49,39.47,39.49,5885
357,39.47,39.475,39.47,39.47,1100
358,39.475,39.475,39.47,39.47,1715
359,39.475,39.48,39.47,39.47,1700
360,39.46,39.475,39.46,39.47,8912
361,39.465,39.47,39.46,39.46,5600
362,39.49,39.49,39.465,39.465,12799
363,39.49,39.495,39.48,39.485,10217
364,39.49,39.5,39.49,39.49,4258
365,39.47,39.5,39.47,39.495,15003
366,39.475,39.48,39.47,39.475,10334
367,39.46,39.475,39.46,39.47,6909
368,39.4657,39.47,39.46,39.47,1918
369,39.475,39.48,39.46,39.465,11449
370,39.4734,39.48,39.47,39.475,3055
371,39.49,39.49,39.4787,39.4787,7707
372,39.49,39.49,39.48,39.49,3528
373,39.51,39.51,39.485,39.49,9662
374,39.515,39.52,39.5,39.51,10118
375,39.46,39.515,39.46,39.515,29294
376,39.45,39.47,39.45,39.465,28575
377,39.445,39.455,39.44,39.451,5490
378,39.4445,39.445,39.44,39.445,3920
379,39.465,39.465,39.44,39.44,20290
380,39.455,39.47,39.45,39.47,16053
381,39.485,39.485,39.455,39.46,20283
382,39.44,39.49,39.43,39.485,77848
383,39.41,39.435,39.4,39.435,47450
384,39.42,39.43,39.405,39.41,24535
385,39.44,39.44,39.42,39.425,20603
386,39.44,39.45,39.435,39.435,16963
387,39.45,39.45,39.44,39.445,13569
388,39.45,39.45,39.44,39.4454,19670
389,39.49,39.49,39.44,39.45,71822
