PRU,Prudential Financial,Financials,4,Life & Health Insurance,46622030393,2004289
a1497533400,107.28,107.28,107.28,107.28,26291
1,107.16,107.375,106.94,107.375,2717
2,107.216,107.32,107.15,107.15,1659
3,107.36,107.36,107.15,107.2,6015
4,107.35,107.44,107.35,107.39,1337
5,107.59,107.59,107.42,107.42,2200
6,107.529,107.62,107.46,107.46,4100
7,107.46,107.52,107.46,107.52,2103
8,107.55,107.55,107.5181,107.52,9388
9,107.64,107.67,107.59,107.5964,4332
10,107.735,107.735,107.68,107.68,1300
11,107.94,107.95,107.79,107.79,2825
12,107.86,108.01,107.79,107.97,3753
13,107.92,107.92,107.85,107.85,1600
14,107.89,107.92,107.86,107.91,2009
15,107.84,107.855,107.81,107.84,646
16,107.81,107.85,107.81,107.8118,687
17,107.86,107.87,107.81,107.81,1963
18,107.77,107.89,107.75,107.83,2356
19,107.89,107.9,107.86,107.86,600
20,107.84,107.92,107.84,107.91,1378
21,107.85,107.85,107.77,107.84,2104
22,107.85,107.85,107.82,107.82,400
23,107.9,107.9,107.85,107.85,900
24,107.94,107.94,107.915,107.93,800
25,107.9452,107.95,107.87,107.88,1247
26,108.01,108.01,107.9555,107.9555,1700
27,108.26,108.26,108.01,108.03,4965
28,108.18,108.26,108.18,108.24,1999
29,108.22,108.22,108.157,108.18,700
30,108.34,108.34,108.26,108.27,3634
31,108.269,108.36,108.21,108.34,4690
32,108.29,108.36,108.258,108.27,5752
33,108.37,108.38,108.28,108.28,1200
34,108.31,108.38,108.31,108.36,1717
35,108.25,108.25,108.25,108.25,729
36,108.21,108.25,108.21,108.22,2308
37,108.185,108.23,108.185,108.22,1200
38,108.15,108.21,108.15,108.2,1301
39,108.205,108.205,108.09,108.13,2300
40,108.21,108.21,108.18,108.2,3550
41,108.3,108.32,108.21,108.21,2700
42,108.195,108.326,108.195,108.326,1800
43,108.145,108.175,108.14,108.14,1700
44,108.07,108.12,108.06,108.12,1000
45,108.14,108.14,108.05,108.05,1613
46,108.18,108.21,108.12,108.13,3200
47,108.13,108.16,108.09,108.16,800
48,108.03,108.1,108.015,108.1,1800
49,108,108.02,107.97,108.01,2018
50,108.035,108.05,108,108,2717
51,107.96,108.01,107.96,107.99,1651
52,108.04,108.09,107.96,107.96,6249
53,108.03,108.05,107.99,108.02,1000
54,108.02,108.08,107.99,108.0497,6400
55,108.05,108.05,108,108.03,1900
56,107.99,108.08,107.97,108.06,1795
57,108.04,108.04,107.97,107.98,1500
58,108.005,108.05,108,108.05,1798
59,108.03,108.03,107.98,108.02,1000
60,108.06,108.1,108.04,108.04,1607
61,108.155,108.155,108.08,108.08,2163
62,108.21,108.22,108.17,108.17,3050
63,108.12,108.21,108.12,108.2,2800
64,108.1,108.13,108.095,108.1,2100
65,108.06,108.08,108.03,108.07,1940
66,108.075,108.075,108.03,108.05,1800
67,108.15,108.18,108.07,108.08,4028
68,108.21,108.25,108.14,108.16,2707
69,108.29,108.3,108.23,108.24,1525
70,108.32,108.34,108.29,108.29,12692
71,108.29,108.34,108.22,108.3192,6002
72,108.24,108.29,108.23,108.24,3034
73,108.17,108.21,108.14,108.21,2250
74,108.06,108.175,108.06,108.175,3000
75,107.98,108.085,107.98,108.085,1324
76,107.98,108.01,107.93,107.96,4300
77,107.86,107.965,107.86,107.96,2800
78,107.84,107.9,107.84,107.86,17081
79,107.77,107.89,107.76,107.89,10393
80,107.81,107.83,107.78,107.78,3300
81,107.795,107.83,107.78,107.81,1993
82,107.85,107.89,107.79,107.79,6195
83,107.79,107.856,107.78,107.83,3200
84,107.735,107.795,107.7299,107.79,3065
85,107.68,107.74,107.6,107.726,3740
86,107.655,107.72,107.65,107.69,4962
87,107.83,107.83,107.68,107.68,3000
88,107.94,107.96,107.83,107.84,6911
89,107.96,107.98,107.9,107.91,2188
90,107.95,107.95,107.885,107.93,2300
91,108.08,108.11,107.97,107.97,4200
92,108.13,108.13,108.05,108.1,5472
93,108.09,108.125,108.05,108.11,5227
94,108.16,108.17,108.06,108.09,3367
95,108.29,108.29,108.13,108.13,5113
96,108.34,108.345,108.24,108.27,7246
97,108.28,108.32,108.27,108.3,1875
98,108.32,108.32,108.26,108.28,3425
99,108.24,108.31,108.24,108.3,1950
100,108.16,108.23,108.16,108.23,2000
101,108.12,108.19,108.12,108.15,3000
102,108.13,108.15,108.12,108.12,2849
103,108.23,108.25,108.14,108.14,4772
104,108.17,108.22,108.13,108.2,3700
105,108.11,108.205,108.11,108.205,2291
106,108.17,108.17,108.105,108.11,2400
107,108.15,108.16,108.13,108.14,1731
108,108.12,108.145,108.11,108.14,4002
109,108.06,108.1,108.05,108.1,3700
110,108.135,108.135,108.05,108.06,7125
111,108.18,108.21,108.11,108.135,7200
112,108.26,108.26,108.1742,108.1742,3350
113,108.22,108.27,108.1852,108.24,3487
114,108.23,108.24,108.2,108.215,2628
115,108.29,108.33,108.26,108.26,3650
116,108.26,108.27,108.23,108.25,1100
117,108.3,108.33,108.2408,108.2408,5763
118,108.29,108.3,108.26,108.3,2142
119,108.355,108.36,108.3,108.3,3722
120,108.43,108.43,108.34,108.35,16209
121,108.42,108.42,108.355,108.4,4874
122,108.43,108.45,108.37,108.41,4505
123,108.41,108.45,108.36,108.45,4053
124,108.44,108.44,108.39,108.41,5011
125,108.44,108.47,108.41,108.44,2950
126,108.4,108.45,108.4,108.44,5517
127,108.355,108.42,108.355,108.4,2000
128,108.37,108.39,108.36,108.36,2300
129,108.39,108.395,108.34,108.34,1900
130,108.34,108.39,108.3001,108.39,1800
131,108.33,108.36,108.33,108.35,2506
132,108.38,108.42,108.33,108.33,5065
133,108.38,108.43,108.3763,108.38,2545
134,108.42,108.44,108.39,108.4,4008
135,108.41,108.43,108.36,108.41,3089
136,108.36,108.43,108.36,108.425,2189
137,108.39,108.4,108.35,108.38,3600
138,108.42,108.42,108.37,108.37,3948
139,108.36,108.4,108.34,108.4,3400
140,108.35,108.38,108.35,108.38,1431
141,108.36,108.38,108.34,108.35,1800
142,108.36,108.37,108.35,108.37,2835
143,108.34,108.38,108.34,108.37,1100
144,108.285,108.32,108.285,108.32,1600
145,108.32,108.32,108.2801,108.3,2348
146,108.27,108.34,108.27,108.32,1200
147,108.32,108.32,108.27,108.27,400
148,108.27,108.335,108.27,108.32,2500
149,108.22,108.27,108.22,108.27,1300
150,108.17,108.24,108.1486,108.2,2850
151,108.21,108.21,108.18,108.19,2997
152,108.17,108.21,108.17,108.21,1900
153,108.16,108.19,108.15,108.16,2366
154,108.09,108.14,108.09,108.14,1200
155,108.12,108.13,108.1,108.115,1610
156,108.11,108.12,108.11,108.12,800
157,108.03,108.08,108.01,108.08,1700
158,108.03,108.05,108.03,108.05,901
159,108,108.07,108,108.06,3000
160,108.02,108.02,108.01,108.02,1125
161,107.99,107.99,107.99,107.99,600
162,107.96,108,107.93,108,2600
163,107.92,107.94,107.87,107.94,2250
164,107.91,107.98,107.91,107.95,1273
165,107.94,107.96,107.88,107.88,600
166,107.97,107.97,107.93,107.93,400
167,107.94,107.96,107.91,107.95,1800
168,107.9,107.96,107.9,107.96,1900
170,107.91,107.93,107.89,107.89,1500
171,107.87,107.92,107.87,107.92,1000
172,107.81,107.86,107.81,107.86,800
173,107.8,107.82,107.8,107.82,1100
174,107.79,107.79,107.79,107.79,800
175,107.77,107.77,107.76,107.77,1552
176,107.69,107.75,107.68,107.75,3348
177,107.75,107.75,107.72,107.72,1200
178,107.75,107.79,107.75,107.79,800
179,107.79,107.83,107.76,107.79,1400
180,107.77,107.8,107.77,107.79,1300
181,107.81,107.82,107.8,107.8,1408
182,107.87,107.87,107.79,107.81,2100
183,107.9092,107.9092,107.85,107.86,1300
184,107.85,107.87,107.85,107.87,600
185,107.86,107.86,107.83,107.83,1501
186,107.84,107.84,107.84,107.84,100
187,107.89,107.89,107.84,107.84,1500
188,107.85,107.87,107.84,107.87,1600
189,107.89,107.9,107.855,107.855,1113
190,107.88,107.88,107.84,107.87,1300
191,107.88,107.91,107.88,107.89,1200
192,107.885,107.885,107.85,107.88,1026
193,107.96,107.99,107.885,107.885,2689
194,108.01,108.01,107.97,107.99,1700
195,108.07,108.07,108.01,108.01,2297
196,108.11,108.12,108.05,108.07,3000
197,108.06,108.09,108.06,108.09,1002
198,108.07,108.07,108.05,108.06,700
199,108.05,108.06,108.02,108.06,1953
200,108.03,108.05,108.03,108.05,2779
201,108.01,108.02,108.01,108.01,600
202,108.06,108.06,107.99,107.99,2700
203,108.04,108.05,108.02,108.04,1100
204,108.01,108.03,108.01,108.03,1617
205,108.03,108.03,108,108.01,1677
206,108.01,108.02,108,108,1800
207,107.98,107.98,107.98,107.98,200
208,107.94,108.02,107.94,107.9983,3678
209,107.94,107.98,107.91,107.96,1250
210,107.9,107.95,107.9,107.91,1500
211,107.93,107.93,107.88,107.92,2705
212,107.95,107.95,107.92,107.9238,1869
213,108.0015,108.0015,108.0015,108.0015,111
214,108.03,108.05,107.9763,108.02,3200
215,108.04,108.08,108.02,108.06,2500
216,108.03,108.04,108.02,108.02,1600
217,108.03,108.03,108.03,108.03,301
218,108.03,108.03,108.03,108.03,300
219,108.07,108.07,108.055,108.06,600
220,108.03,108.08,108.03,108.06,7164
221,108.05,108.06,108.03,108.03,900
222,108.07,108.07,108.05,108.06,1600
223,108.05,108.07,108.05,108.07,400
224,108.06,108.09,108.06,108.065,1600
225,108.0915,108.13,108.09,108.09,3145
226,108.07,108.0899,108.07,108.08,1102
227,108,108.06,108,108.06,1285
228,108.04,108.04,107.985,107.985,2350
229,108.03,108.0599,108.03,108.03,2270
230,108,108.06,108,108.06,2703
231,108.08,108.08,107.99,108.01,1750
232,108.06,108.0882,108.06,108.0882,914
233,108.06,108.07,108.045,108.07,2569
234,108.06,108.09,108.05,108.05,2000
235,108.07,108.07,108.06,108.06,1050
236,108.07,108.09,108.07,108.09,700
237,108.06,108.06,108.05,108.06,900
238,108.04,108.06,108.03,108.0401,2938
240,107.97,108.02,107.94,108.02,3200
241,108.02,108.02,107.99,107.99,1400
242,108.05,108.09,108.01,108.02,2800
243,108.06,108.06,108.03,108.03,1449
244,108,108.0498,108,108.0498,1194
245,108.03,108.065,108.01,108.01,2100
246,108.035,108.04,108.035,108.04,200
247,108.07,108.07,108.03,108.03,2950
248,108.06,108.1,108.06,108.1,1400
249,108.055,108.06,108.04,108.06,1000
250,108.03,108.04,108.03,108.04,1300
251,108.05,108.06,108.04,108.04,1351
252,108.06,108.07,108.05,108.05,2287
253,108.05,108.0501,108.04,108.05,1436
254,108,108.04,107.99,108.04,1980
255,107.95,107.98,107.95,107.98,3200
256,107.92,107.96,107.92,107.96,2121
257,107.96,107.96,107.905,107.905,1700
258,107.99,107.99,107.94,107.95,1592
259,108.01,108.01,107.98,107.99,2200
260,108.01,108.025,108.01,108.01,1500
261,108.04,108.04,108.01,108.02,1200
262,107.985,108.01,107.96,108.01,2500
263,108,108.01,107.99,107.99,2372
264,108,108.01,107.99,108.01,2152
265,108.02,108.035,108.015,108.02,3300
266,108.02,108.06,108.02,108.0213,2600
267,107.96,108.01,107.94,108.01,10175
268,107.955,107.98,107.94,107.97,4201
269,107.961,107.961,107.93,107.94,2022
270,107.9453,107.97,107.93,107.97,1364
271,107.9,107.93,107.9,107.93,4008
272,107.905,107.91,107.9,107.91,600
273,107.94,107.94,107.87,107.89,3768
274,107.89,107.93,107.89,107.91,2400
275,107.89,107.9,107.87,107.87,2400
276,107.89,107.97,107.89,107.95,1508
277,107.91,107.91,107.88,107.88,1100
278,107.94,107.94,107.91,107.92,1100
279,107.99,107.99,107.94,107.95,3401
280,108.015,108.015,107.98,108.01,1200
281,108,108.01,108,108,700
282,107.945,107.99,107.94,107.99,4000
283,107.945,107.945,107.945,107.945,100
284,107.945,107.96,107.93,107.95,3300
285,107.96,107.97,107.95,107.96,2674
286,107.965,107.98,107.955,107.98,2334
287,107.92,107.95,107.92,107.95,2423
288,107.9276,107.94,107.907,107.93,2209
289,107.94,107.95,107.93,107.95,2400
290,107.97,107.97,107.94,107.94,1120
291,108.01,108.02,107.97,107.98,2900
292,108.06,108.06,108.0065,108.0065,3068
293,108.0387,108.08,108.02,108.06,3065
294,108.0335,108.05,108,108.05,2790
295,107.97,108.05,107.97,108.05,3058
296,108.005,108.05,107.99,107.995,3023
297,108.03,108.07,107.98,107.98,2327
298,108.026,108.07,108.026,108.07,950
299,108.01,108.03,107.97,108.03,3402
300,107.98,107.98,107.98,107.98,100
302,108.02,108.02,107.98,107.98,1119
303,108.01,108.02,108,108.01,3325
304,108,108.01,107.97,108,3131
305,107.92,107.99,107.92,107.99,1080
306,107.925,107.96,107.92,107.94,2800
307,107.93,107.955,107.93,107.94,3244
308,107.924,107.924,107.92,107.92,1015
309,107.95,107.95,107.901,107.94,3874
310,107.96,107.96,107.92,107.94,2880
311,107.96,107.99,107.96,107.97,1600
312,107.96,107.97,107.955,107.97,2100
313,107.96,107.97,107.94,107.97,1686
314,107.97,107.99,107.96,107.965,2187
315,107.99,107.99,107.96,107.96,1000
316,107.96,107.98,107.96,107.98,1562
317,107.99,108.02,107.97,107.97,2100
318,108.03,108.03,107.98,107.98,2600
319,108.02,108.06,108.01,108.03,3131
320,108,108.02,108,108.01,1700
321,108.009,108.009,107.98,107.98,1036
322,107.99,108.04,107.99,108.01,1600
323,108.03,108.03,107.99,107.99,2100
324,108.04,108.05,108.04,108.04,700
325,108.015,108.04,108.015,108.04,1200
326,108.0164,108.04,107.98,107.99,3410
327,108.005,108.03,108.0011,108.02,1700
328,108.02,108.03,108.01,108.01,2300
329,108.005,108.03,108.005,108.03,1300
330,108.015,108.03,108.01,108.03,1920
331,108,108.0199,107.97,108.0199,2835
332,108,108.02,108,108.01,1700
333,108.05,108.05,108,108,2100
334,108.055,108.06,108.045,108.045,1200
335,108.03,108.06,108.015,108.055,5331
336,108.06,108.08,108.04,108.04,2400
337,108.12,108.12,108.035,108.06,4020
338,108.1,108.125,108.09,108.125,2805
339,108.17,108.215,108.07,108.07,6093
340,108.22,108.23,108.175,108.175,2206
341,108.17,108.2,108.16,108.2,1400
342,108.16,108.185,108.16,108.17,1995
343,108.17,108.18,108.15,108.155,2100
344,108.15,108.17,108.14,108.17,2400
345,108.16,108.16,108.16,108.16,500
346,108.17,108.17,108.14,108.15,12210
347,108.24,108.24,108.16,108.16,4800
348,108.18,108.23,108.18,108.23,5900
349,108.16,108.2,108.16,108.18,1200
350,108.2,108.2,108.16,108.16,5700
351,108.24,108.27,108.19,108.2,5168
352,108.25,108.25,108.24,108.24,1400
353,108.23,108.25,108.215,108.24,3345
354,108.21,108.24,108.21,108.23,1600
355,108.21,108.22,108.17,108.22,3831
356,108.2,108.23,108.2,108.2,5900
357,108.22,108.23,108.2,108.2,3601
358,108.24,108.24,108.2,108.22,4853
359,108.18,108.27,108.16,108.25,11938
360,108.19,108.19,108.16,108.16,2300
361,108.16,108.18,108.15,108.16,3845
362,108.21,108.21,108.16,108.16,4885
363,108.25,108.27,108.215,108.215,3734
364,108.26,108.26,108.24,108.24,1900
365,108.23,108.26,108.23,108.26,2683
366,108.23,108.24,108.21,108.24,3397
367,108.19,108.22,108.19,108.22,3200
368,108.13,108.18,108.12,108.18,3907
369,108.16,108.18,108.14,108.14,9100
370,108.13,108.16,108.11,108.16,5482
371,108.08,108.13,108.07,108.12,7373
372,108.03,108.07,108.025,108.07,7466
373,108.03,108.04,107.99,108.04,15194
374,108.07,108.07,108.02,108.02,13001
375,108.11,108.14,108.07,108.09,14539
376,108.125,108.14,108.09,108.1,14117
377,108.1,108.12,108.09,108.12,6641
378,108.14,108.14,108.07,108.1,9270
379,108.18,108.19,108.13,108.14,19446
380,108.16,108.2,108.16,108.185,8322
381,108.11,108.18,108.1,108.17,15937
382,108.18,108.18,108.11,108.11,7721
383,108.16,108.18,108.14,108.16,11429
384,108.14,108.2,108.13,108.17,17768
385,108.125,108.15,108.11,108.14,14562
386,108.155,108.16,108.1,108.125,28338
387,108.16,108.17,108.14,108.16,20841
388,108.17,108.17,108.15,108.16,11155
389,108.21,108.21,108.16,108.18,13887
390,108.28,108.33,108.2,108.21,35627
