SLB,Schlumberger Ltd.,Energy,3,Oil & Gas Equipment & Services,94789205463,7884416
a1497447000,69.01,69.06,69.01,69.06,71226
1,68.78,69.015,68.78,69.01,12959
2,68.8,68.86,68.7,68.79,21765
3,68.96,69,68.78,68.8148,17590
4,68.9301,69,68.92,69,6300
5,68.85,68.96,68.77,68.93,18360
6,68.85,68.93,68.81,68.855,12639
7,68.855,68.88,68.82,68.84,16091
8,68.79,68.84,68.77,68.84,19036
9,68.86,68.875,68.76,68.79,18440
10,68.9899,69.025,68.86,68.86,24001
11,69.01,69.02,68.965,68.98,15212
12,69.06,69.07,68.98,68.98,15846
13,69.05,69.09,69.02,69.06,12346
14,69.01,69.08,69.01,69.04,13616
15,69.025,69.05,69.01,69.025,15089
16,68.93,69.0262,68.92,69.0201,14602
17,69,69.01,68.86,68.925,23789
18,69.03,69.04,68.98,69,14904
19,68.99,69.04,68.98,69.03,7949
20,69,69,68.95,69,6844
21,69,69.025,68.98,69,9720
22,68.95,68.99,68.94,68.99,15083
23,69.03,69.03,68.95,68.96,25745
24,68.93,69.035,68.93,69.035,17114
25,68.88,68.935,68.87,68.93,10211
26,68.8,68.94,68.8,68.88,13042
27,68.78,68.85,68.75,68.81,11407
28,68.76,68.7801,68.73,68.77,20469
29,68.77,68.78,68.75,68.77,13565
30,68.76,68.76,68.68,68.76,19178
31,68.72,68.77,68.72,68.77,12661
32,68.74,68.75,68.71,68.72,9443
33,68.67,68.745,68.65,68.745,9124
34,68.67,68.71,68.66,68.68,12195
35,68.6,68.67,68.55,68.67,45883
36,68.61,68.61,68.56,68.59,13727
37,68.64,68.6501,68.6,68.62,15319
38,68.72,68.72,68.63,68.64,9651
39,68.69,68.72,68.66,68.71,15559
40,68.5501,68.71,68.5501,68.7,12316
41,68.57,68.59,68.51,68.57,16163
42,68.62,68.62,68.5451,68.57,5500
43,68.63,68.67,68.6099,68.63,16605
44,68.58,68.64,68.58,68.63,5898
45,68.56,68.57,68.54,68.57,11312
46,68.57,68.62,68.55,68.57,14130
47,68.56,68.57,68.53,68.57,10660
48,68.51,68.57,68.5,68.57,9561
49,68.54,68.56,68.52,68.52,13448
50,68.54,68.57,68.52,68.53,14949
51,68.63,68.63,68.52,68.545,34126
52,68.67,68.68,68.5999,68.62,23214
53,68.635,68.67,68.62,68.67,17054
54,68.62,68.6567,68.615,68.63,20268
55,68.615,68.65,68.61,68.62,22149
56,68.57,68.625,68.55,68.61,21069
57,68.53,68.57,68.51,68.57,9343
58,68.54,68.58,68.52,68.52,9620
59,68.525,68.55,68.51,68.53,25080
60,68.71,68.73,68.525,68.54,33722
61,68.41,68.725,68.29,68.72,80777
62,68.33,68.44,68.23,68.43,29499
63,68.355,68.39,68.27,68.32,29757
64,68.32,68.35,68.29,68.35,13113
65,68.31,68.37,68.28,68.32,20496
66,68.28,68.325,68.22,68.325,54215
67,68.24,68.29,68.2,68.29,41632
68,68.165,68.26,68.16,68.2442,38217
69,68.17,68.2399,68.16,68.17,20093
70,68.09,68.16,68.08,68.15,40912
71,68.04,68.12,68.04,68.1,58041
72,68.0276,68.06,67.96,68.05,74856
73,67.96,68.03,67.91,68.01,54654
74,67.9975,68.03,67.95,67.96,26751
75,67.91,68,67.89,67.995,45776
76,67.77,67.915,67.74,67.91,78109
77,67.59,67.771,67.57,67.771,92647
78,67.57,67.62,67.53,67.6,59300
79,67.64,67.67,67.53,67.57,72178
80,67.76,67.82,67.63,67.64,62594
81,67.84,67.86,67.73,67.76,31071
82,67.83,67.86,67.77,67.845,43419
83,67.7,67.83,67.66,67.83,28207
84,67.7,67.73,67.67,67.69,17316
85,67.63,67.71,67.63,67.7,41467
86,67.6,67.64,67.57,67.63,29139
87,67.69,67.7093,67.59,67.5948,65539
88,67.7025,67.735,67.67,67.68,20149
89,67.67,67.71,67.63,67.7,21082
90,67.69,67.7,67.62,67.65,41367
91,67.66,67.705,67.64,67.6801,35418
92,67.705,67.72,67.65,67.65,21111
93,67.71,67.76,67.67,67.7,24545
94,67.705,67.71,67.65,67.71,18929
95,67.66,67.705,67.59,67.705,19405
96,67.69,67.73,67.65,67.66,19751
97,67.66,67.7,67.63,67.69,28008
98,67.67,67.67,67.64,67.65,28453
99,67.62,67.67,67.6,67.67,55955
100,67.52,67.63,67.51,67.61,35265
101,67.4,67.52,67.4,67.51,68569
102,67.41,67.41,67.34,67.4,126465
103,67.426,67.4475,67.37,67.41,13314
104,67.45,67.45,67.385,67.4201,17950
105,67.445,67.459,67.41,67.445,11916
106,67.395,67.48,67.38,67.45,20618
107,67.515,67.53,67.371,67.3951,22941
108,67.61,67.63,67.5233,67.53,24434
109,67.7,67.72,67.605,67.605,22981
110,67.68,67.705,67.62,67.705,25484
111,67.6,67.68,67.59,67.68,12197
112,67.62,67.62,67.56,67.59,13005
113,67.57,67.615,67.56,67.615,7168
114,67.63,67.65,67.57,67.57,11917
115,67.54,67.62,67.54,67.62,11300
116,67.5801,67.64,67.55,67.55,26622
117,67.57,67.6,67.54,67.5863,30899
118,67.6,67.65,67.58,67.59,23499
119,67.57,67.61,67.55,67.59,15192
120,67.53,67.57,67.49,67.57,20653
121,67.6,67.63,67.51,67.525,21911
122,67.575,67.59,67.54,67.59,17699
123,67.675,67.71,67.58,67.58,24628
124,67.72,67.73,67.66,67.675,40149
125,67.74,67.76,67.7,67.7,16794
126,67.7,67.78,67.7,67.73,16170
127,67.745,67.755,67.71,67.71,16793
128,67.8,67.8,67.73,67.75,22212
129,67.795,67.811,67.77,67.81,21884
130,67.8,67.82,67.79,67.8,19731
131,67.8,67.8399,67.79,67.8,10363
132,67.805,67.84,67.79,67.81,21841
133,67.78,67.82,67.77,67.81,18505
134,67.7208,67.785,67.72,67.77,19238
135,67.7,67.735,67.7,67.73,31100
136,67.66,67.7,67.62,67.7,15241
137,67.69,67.69,67.63,67.66,15385
138,67.665,67.685,67.66,67.685,18022
139,67.59,67.665,67.58,67.665,26995
140,67.555,67.59,67.53,67.59,24617
141,67.5167,67.55,67.48,67.55,26586
142,67.49,67.52,67.46,67.51,10428
143,67.509,67.53,67.46,67.485,16930
144,67.49,67.55,67.48,67.5,37944
145,67.489,67.51,67.45,67.5,13436
146,67.49,67.51,67.47,67.48,19655
147,67.49,67.53,67.47,67.48,58021
148,67.46,67.49,67.46,67.47,7924
149,67.455,67.48,67.45,67.47,15299
150,67.4075,67.479,67.4,67.46,26623
151,67.425,67.43,67.3939,67.41,9124
152,67.445,67.469,67.43,67.43,20089
153,67.44,67.47,67.43,67.44,21667
154,67.47,67.48,67.43,67.45,9497
155,67.48,67.505,67.4657,67.4712,11040
156,67.46,67.485,67.46,67.48,8005
157,67.475,67.475,67.44,67.46,13796
158,67.41,67.4652,67.41,67.4652,7740
159,67.41,67.4299,67.395,67.4,18867
160,67.42,67.44,67.4,67.405,11654
161,67.43,67.4352,67.4093,67.415,7618
162,67.44,67.45,67.42,67.43,7852
163,67.4999,67.505,67.45,67.45,43865
164,67.6,67.62,67.4958,67.5,34184
165,67.53,67.6,67.53,67.59,14254
166,67.56,67.57,67.52,67.535,9514
167,67.6,67.6,67.55,67.5599,5425
168,67.66,67.66,67.595,67.6,9990
169,67.66,67.689,67.63,67.66,12800
170,67.65,67.665,67.615,67.66,9676
171,67.6,67.65,67.59,67.64,13065
172,67.605,67.62,67.6,67.61,3129
173,67.605,67.615,67.59,67.61,7979
174,67.6,67.61,67.595,67.6,9922
175,67.5601,67.6,67.55,67.5933,5746
176,67.57,67.58,67.55,67.56,5902
177,67.57,67.6,67.566,67.58,21144
178,67.5965,67.61,67.57,67.575,19661
179,67.59,67.609,67.59,67.5948,26220
180,67.605,67.61,67.58,67.6,9678
181,67.61,67.6563,67.59,67.6,13490
182,67.63,67.6327,67.6,67.61,10286
183,67.6167,67.64,67.61,67.64,5549
184,67.69,67.71,67.63,67.63,31047
185,67.695,67.7001,67.68,67.7,11297
186,67.66,67.695,67.64,67.695,20417
187,67.66,67.66,67.635,67.65,9296
188,67.66,67.685,67.66,67.6656,4950
189,67.61,67.65,67.61,67.65,11513
190,67.6,67.61,67.59,67.61,7989
191,67.67,67.69,67.6029,67.61,5124
192,67.67,67.69,67.66,67.68,7138
193,67.685,67.685,67.675,67.6788,3655
194,67.67,67.705,67.67,67.685,12212
195,67.6685,67.68,67.65,67.67,7860
196,67.66,67.6764,67.64,67.66,7306
197,67.6328,67.65,67.625,67.65,11760
198,67.63,67.643,67.615,67.64,5409
199,67.59,67.63,67.58,67.63,9661
200,67.575,67.61,67.575,67.59,10862
201,67.6,67.6,67.57,67.585,21350
202,67.65,67.66,67.605,67.605,13398
203,67.66,67.66,67.63,67.64,8754
204,67.6737,67.68,67.645,67.655,5200
205,67.645,67.679,67.645,67.67,4386
206,67.645,67.665,67.64,67.64,8743
207,67.65,67.69,67.63,67.645,12370
208,67.635,67.6561,67.6225,67.65,8356
209,67.6358,67.64,67.625,67.635,9035
210,67.678,67.68,67.64,67.64,7543
211,67.66,67.675,67.63,67.675,14544
212,67.7,67.7,67.64,67.66,49769
213,67.65,67.71,67.65,67.69,19771
214,67.69,67.69,67.63,67.6579,12169
215,67.6934,67.715,67.68,67.7,28678
216,67.8,67.8,67.69,67.695,24643
217,67.835,67.855,67.79,67.79,34455
218,67.83,67.85,67.83,67.84,12164
219,67.85,67.86,67.795,67.835,13317
220,67.935,67.935,67.85,67.855,14982
221,67.905,67.935,67.905,67.93,13585
222,67.93,67.945,67.9,67.9,6800
223,67.91,67.96,67.91,67.925,11806
224,67.8848,67.915,67.88,67.915,5540
225,67.83,67.88,67.8253,67.87,5865
226,67.825,67.86,67.82,67.8266,17174
227,67.83,67.84,67.8062,67.835,22745
228,67.79,67.827,67.78,67.82,23670
229,67.81,67.81,67.77,67.795,7417
230,67.78,67.826,67.765,67.82,14307
231,67.805,67.81,67.76,67.76,6705
232,67.78,67.8099,67.765,67.8099,5599
233,67.765,67.79,67.76,67.78,5090
234,67.7753,67.8,67.7575,67.765,10855
235,67.74,67.78,67.72,67.7747,57566
236,67.805,67.805,67.73,67.74,38986
237,67.789,67.81,67.765,67.805,21317
238,67.785,67.805,67.77,67.79,19286
239,67.76,67.8,67.755,67.78,11070
240,67.7,67.77,67.6989,67.7601,13500
241,67.76,67.77,67.6844,67.695,24622
242,67.753,67.785,67.7349,67.76,9337
243,67.74,67.77,67.731,67.77,7352
244,67.78,67.78,67.738,67.7399,15711
245,67.795,67.8,67.765,67.77,5070
246,67.78,67.8,67.7599,67.79,18227
247,67.735,67.77,67.735,67.77,6914
248,67.69,67.75,67.68,67.74,9155
249,67.745,67.76,67.7,67.7,13608
250,67.76,67.77,67.74,67.75,10620
251,67.7331,67.775,67.72,67.769,12005
252,67.75,67.775,67.72,67.735,14028
253,67.8,67.8,67.74,67.74,11135
254,67.805,67.8212,67.8,67.8,9121
255,67.84,67.86,67.805,67.805,11291
256,67.855,67.88,67.835,67.84,6822
257,67.875,67.8761,67.85,67.86,7272
258,67.84,67.88,67.83,67.875,7600
259,67.85,67.85,67.81,67.84,7651
260,67.79,67.87,67.79,67.86,31627
261,67.78,67.8,67.77,67.8,10204
262,67.755,67.79,67.75,67.775,10382
263,67.745,67.7775,67.745,67.76,7616
264,67.7099,67.75,67.7,67.75,7299
265,67.68,67.71,67.675,67.705,6329
266,67.69,67.73,67.67,67.68,13458
267,67.67,67.71,67.67,67.68,8736
268,67.75,67.75,67.69,67.69,9276
269,67.76,67.78,67.74,67.7466,5116
270,67.85,67.87,67.77,67.77,7066
271,67.82,67.87,67.8,67.855,10079
272,67.7772,67.82,67.75,67.82,10274
273,67.74,67.76,67.6848,67.76,9018
274,67.8,67.8,67.74,67.74,7559
275,67.79,67.81,67.78,67.7968,4496
276,67.8389,67.85,67.78,67.7884,8753
277,67.83,67.86,67.82,67.825,7953
278,67.845,67.86,67.82,67.83,9235
279,67.8,67.84,67.8,67.84,4653
280,67.74,67.82,67.72,67.8,17512
281,67.74,67.7756,67.71,67.72,10364
282,67.685,67.745,67.65,67.745,20479
283,67.695,67.7158,67.68,67.69,4996
284,67.723,67.7462,67.695,67.7,13468
285,67.83,67.83,67.66,67.73,18049
286,67.75,67.8539,67.74,67.83,18378
287,67.74,67.77,67.71,67.77,8728
288,67.72,67.76,67.69,67.73,10714
289,67.72,67.73,67.695,67.717,9858
290,67.71,67.74,67.69,67.71,18655
291,67.75,67.77,67.705,67.71,4811
292,67.73,67.755,67.725,67.75,9590
293,67.7,67.73,67.69,67.73,6776
294,67.725,67.74,67.69,67.7,3952
295,67.74,67.7512,67.725,67.73,6882
296,67.72,67.76,67.68,67.731,9404
297,67.755,67.755,67.705,67.72,7533
298,67.7247,67.76,67.72,67.755,7979
299,67.785,67.8,67.735,67.74,10174
300,67.83,67.83,67.775,67.78,9106
301,67.92,67.9237,67.835,67.835,21578
302,67.8404,67.925,67.84,67.925,40490
303,67.845,67.86,67.81,67.84,8545
304,67.805,67.85,67.8,67.84,6038
305,67.78,67.825,67.78,67.805,9227
306,67.73,67.776,67.72,67.776,12401
307,67.71,67.74,67.705,67.73,8160
308,67.6658,67.72,67.655,67.705,13328
309,67.71,67.71,67.66,67.67,9505
310,67.77,67.77,67.715,67.715,6213
311,67.735,67.77,67.73,67.7685,5723
312,67.825,67.83,67.7356,67.7356,13413
313,67.74,67.83,67.74,67.825,8629
314,67.7,67.74,67.69,67.74,13217
315,67.72,67.755,67.7,67.7,16353
316,67.76,67.785,67.715,67.715,23225
317,67.805,67.81,67.76,67.76,9825
318,67.85,67.8539,67.8,67.8,11926
319,67.855,67.87,67.81,67.84,14600
320,67.87,67.87,67.83,67.85,8335
321,67.87,67.87,67.8401,67.86,4241
322,67.89,67.9,67.8601,67.88,14986
323,67.89,67.89,67.8801,67.885,7108
324,67.9,67.905,67.86,67.89,12464
325,67.845,67.89,67.845,67.89,5038
326,67.835,67.85,67.82,67.85,13231
327,67.78,67.83,67.775,67.83,8548
328,67.7599,67.791,67.745,67.78,14900
329,67.77,67.7967,67.76,67.76,7125
330,67.82,67.84,67.765,67.765,13600
331,67.79,67.83,67.76,67.8271,13120
332,67.83,67.84,67.78,67.79,12002
333,67.8156,67.84,67.8,67.84,7047
334,67.8485,67.8485,67.82,67.82,6600
335,67.87,67.92,67.86,67.86,35119
336,67.94,67.94,67.86,67.88,10218
337,67.93,67.985,67.93,67.9401,44680
338,67.91,67.96,67.91,67.92,24065
339,67.93,67.94,67.905,67.91,20274
340,67.95,67.95,67.92,67.935,19798
341,68.05,68.069,67.95,67.9519,37721
342,68.11,68.11,68.06,68.06,21918
343,68.035,68.13,68.03,68.11,17306
344,68.07,68.08,68.04,68.04,11372
345,68.07,68.1,68.04,68.06,22690
346,68.02,68.075,68.02,68.07,12471
347,67.9928,68.03,67.98,68.03,25691
348,67.96,68,67.96,67.98,10047
349,67.94,67.965,67.94,67.96,29394
350,67.9,67.93,67.9,67.93,8326
351,67.885,67.929,67.88,67.9048,13435
352,67.86,67.9,67.85,67.8861,10990
353,67.84,67.87,67.82,67.87,13599
354,67.89,67.89,67.83,67.85,18191
355,67.915,67.9198,67.885,67.89,8947
356,67.885,67.91,67.865,67.91,9500
357,67.91,67.92,67.88,67.89,10884
358,67.865,67.915,67.8634,67.915,7411
359,67.88,67.885,67.855,67.8605,23591
360,67.9671,67.97,67.89,67.89,20727
361,67.935,67.965,67.93,67.96,21146
362,67.95,67.97,67.92,67.931,35279
363,67.895,67.95,67.87,67.95,18616
364,67.885,67.9199,67.88,67.885,15848
365,67.8999,67.9,67.87,67.885,14091
366,67.89,67.93,67.885,67.895,22361
367,67.895,67.92,67.89,67.895,29022
368,67.92,67.92,67.89,67.899,24376
369,67.909,67.93,67.89,67.915,25569
370,67.945,67.945,67.905,67.905,24350
371,67.955,67.96,67.94,67.945,23330
372,67.955,67.96,67.93,67.955,23440
373,67.965,67.97,67.94,67.955,21777
374,67.94,67.97,67.94,67.965,41186
375,67.97,67.97,67.94,67.945,45298
376,67.995,68,67.94,67.965,62137
377,67.985,67.995,67.96,67.995,45583
378,68.04,68.06,67.98,67.98,67494
379,68.08,68.08,68.03,68.0447,115117
380,68.075,68.11,68.07,68.07,26063
381,68.0662,68.08,68.06,68.07,39775
382,68.09,68.105,68.06,68.065,48744
383,68.14,68.14,68.09,68.1,19425
384,68.105,68.14,68.08,68.14,39804
385,68.15,68.15,68.105,68.11,41202
386,68.19,68.2,68.14,68.145,86505
387,68.165,68.225,68.16,68.19,174013
388,68.13,68.17,68.125,68.16,103071
389,68.16,68.185,68.13,68.135,146930
390,68.17,68.29,68.16,68.17,388477
