STI,SunTrust Banks,Financials,4,Regional Banks,27175836149,3356492
a1497533460,56,56.01,55.77,56,8505
1,56.09,56.11,56.01,56.01,28680
2,56.1775,56.19,56.05,56.05,1970
3,56.13,56.17,56.12,56.15,2800
4,56.19,56.2,56.14,56.17,2376
5,56.22,56.25,56.13,56.19,18911
6,56.165,56.25,56.14,56.25,16256
7,56.16,56.16,56.14,56.16,1200
8,56.26,56.26,56.16,56.19,20458
9,56.25,56.26,56.21,56.26,18823
10,56.325,56.33,56.26,56.27,19452
11,56.26,56.33,56.22,56.32,15891
12,56.35,56.35,56.25,56.25,2731
13,56.33,56.37,56.3,56.355,4295
14,56.31,56.34,56.27,56.34,2650
15,56.3,56.35,56.3,56.34,2850
16,56.25,56.29,56.25,56.29,8786
17,56.3,56.3,56.23,56.255,15512
18,56.36,56.38,56.3,56.31,7434
19,56.26,56.36,56.25,56.36,16787
20,56.3,56.31,56.22,56.26,11764
21,56.23,56.3,56.23,56.3,3945
22,56.33,56.33,56.23,56.23,7445
23,56.325,56.38,56.325,56.34,4151
24,56.3,56.345,56.28,56.3269,35492
25,56.3,56.34,56.29,56.3,4270
26,56.39,56.39,56.31,56.31,7355
27,56.37,56.43,56.37,56.39,5004
28,56.42,56.42,56.35,56.38,2534
29,56.46,56.46,56.4,56.4173,6250
30,56.38,56.47,56.36,56.46,8925
31,56.425,56.44,56.363,56.38,5260
32,56.49,56.52,56.42,56.43,10369
33,56.46,56.5,56.44,56.5,4299
34,56.41,56.44,56.39,56.44,7342
35,56.37,56.42,56.36,56.41,5548
36,56.35,56.38,56.33,56.37,4706
37,56.3,56.36,56.3,56.36,6071
38,56.31,56.31,56.28,56.3,3242
39,56.32,56.33,56.3,56.33,3800
40,56.34,56.37,56.3,56.33,6935
41,56.22,56.32,56.2,56.32,5029
42,56.19,56.24,56.19,56.21,3100
43,56.15,56.21,56.15,56.19,5151
44,56.16,56.16,56.11,56.14,4219
45,56.185,56.185,56.13,56.17,8842
46,56.11,56.19,56.11,56.19,3352
47,56.06,56.08,56.05,56.08,5194
48,56.06,56.06,56,56.05,3080
49,56.02,56.06,56.02,56.05,25500
50,55.98,56.0153,55.98,56.01,6603
51,56.01,56.03,55.98,55.98,2226
52,56.02,56.03,55.98,56,3600
53,56.01,56.01,55.97,56.01,3260
54,56.055,56.06,55.97,56.01,8370
55,55.97,56.06,55.95,56.05,7172
56,56.02,56.03,55.94,55.97,4050
57,56.02,56.02,55.99,56.01,2600
58,56,56.025,55.95,56.02,6631
59,56.02,56.055,56,56,5135
60,56.025,56.07,56.02,56.02,27118
61,56.035,56.06,55.99,56.03,45136
62,56,56.04,56,56.02,19555
63,55.965,56,55.96,56,10233
64,55.95,55.96,55.93,55.95,9759
65,55.93,55.95,55.93,55.95,11668
66,55.97,55.99,55.92,55.94,10674
67,55.995,56.01,55.97,55.97,7900
68,56.02,56.03,55.99,56,8361
69,56,56.025,55.99,56.02,12330
70,55.92,55.99,55.92,55.99,11804
71,55.905,55.92,55.9,55.915,10076
72,55.89,55.9,55.86,55.9,7201
73,55.825,55.88,55.82,55.88,5436
74,55.77,55.83,55.755,55.83,16883
75,55.815,55.82,55.77,55.775,7600
76,55.76,55.81,55.75,55.81,3502
77,55.75,55.795,55.73,55.76,7102
78,55.72,55.745,55.7034,55.745,17296
79,55.735,55.77,55.72,55.73,8200
80,55.71,55.75,55.7,55.75,5699
81,55.71,55.75,55.71,55.71,4081
82,55.69,55.71,55.68,55.7,4800
83,55.61,55.68,55.6,55.68,6757
84,55.59,55.6,55.54,55.6,8206
85,55.56,55.6,55.56,55.59,3587
86,55.67,55.67,55.57,55.57,3941
87,55.67,55.73,55.66,55.66,7023
88,55.73,55.74,55.685,55.685,3320
89,55.7,55.73,55.68,55.73,2000
90,55.8,55.81,55.715,55.715,7150
91,55.8,55.81,55.77,55.78,3036
92,55.78,55.79,55.76,55.79,3655
93,55.83,55.83,55.7647,55.7647,1400
94,55.88,55.89,55.82,55.83,7890
95,55.89,55.89,55.845,55.89,17326
96,55.88,55.88,55.87,55.88,2800
97,55.86,55.89,55.85,55.89,4949
98,55.81,55.87,55.81,55.87,2500
99,55.77,55.81,55.76,55.81,2570
100,55.75,55.77,55.74,55.77,2868
101,55.78,55.78,55.75,55.75,3187
102,55.84,55.86,55.77,55.77,6711
103,55.78,55.84,55.77,55.84,5515
104,55.76,55.8,55.76,55.8,2078
105,55.79,55.8,55.75,55.75,2600
106,55.81,55.81,55.7844,55.7844,1600
107,55.81,55.82,55.81,55.82,8264
108,55.815,55.82,55.81,55.81,3855
109,55.86,55.86,55.79,55.81,5726
110,55.91,55.935,55.865,55.87,5756
111,55.965,55.98,55.91,55.91,5447
112,55.955,55.97,55.925,55.97,9482
113,55.96,55.97,55.94,55.95,3909
114,55.94,56.01,55.94,55.98,5654
115,55.945,55.95,55.93,55.95,3300
116,55.97,55.98,55.94,55.94,10777
117,55.99,55.99,55.97,55.97,3100
118,56.025,56.0362,55.99,55.99,6062
119,56.04,56.08,56,56.02,15885
120,56.05,56.07,56.04,56.04,5022
121,56.06,56.06,56.01,56.055,5999
122,56.03,56.06,56.02,56.06,3431
123,56.08,56.08,56.03,56.03,3703
124,56.07,56.08,56.06,56.08,5277
125,56.03,56.07,56.03,56.07,3360
126,56,56.03,55.98,56.02,9155
127,55.98,56.02,55.98,56.02,3457
128,56.03,56.03,55.98,55.98,3753
129,55.99,56.03,55.98,56.03,2496
130,55.995,56,55.99,56,1512
131,56.01,56.04,55.98,55.98,8581
132,56.01,56.03,56.01,56.02,2049
133,56.025,56.03,56.01,56.02,2300
134,56.01,56.02,55.99,56.02,5501
135,55.98,56.02,55.98,56.01,4427
136,56.03,56.04,55.98,55.98,2790
137,56.04,56.04,56.01,56.03,2653
138,56.02,56.03,56.02,56.03,1800
139,56.03,56.04,56.02,56.04,4425
140,56.04,56.04,56.01,56.02,3599
141,56.03,56.05,56.025,56.05,11600
142,56.02,56.04,56.01,56.03,3000
143,56.01,56.03,56.01,56.02,2285
144,56.04,56.04,56.02,56.02,2800
145,56.03,56.05,56.03,56.04,1500
146,56.0444,56.05,56.02,56.02,6400
147,56.04,56.06,56.04,56.05,1954
148,56.02,56.03,56.02,56.03,2896
149,56.01,56.02,56,56.02,1500
150,56.04,56.05,56.02,56.02,2733
151,55.99,56.04,55.99,56.03,2417
152,56,56.01,56,56,1300
153,55.99,56.01,55.98,56.005,2885
154,56,56,55.98,55.99,2155
155,56,56,56,56,900
156,55.97,55.99,55.97,55.99,6662
157,55.97,55.97,55.95,55.97,1100
158,55.95,55.99,55.945,55.97,5499
159,55.97,55.97,55.96,55.96,1600
160,55.97,55.97,55.97,55.97,750
161,55.92,55.97,55.915,55.97,9088
162,55.91,55.92,55.88,55.92,14182
163,55.9,55.945,55.89,55.91,10231
164,55.9,55.91,55.9,55.9,2900
165,55.91,55.91,55.9,55.9,700
166,55.925,55.925,55.91,55.91,2600
167,55.88,55.93,55.88,55.93,4100
168,55.91,55.92,55.87,55.87,18966
169,55.92,55.93,55.901,55.91,6253
170,55.9175,55.93,55.91,55.93,2000
171,55.92,55.92,55.895,55.91,24835
172,55.91,55.93,55.89,55.91,9589
173,55.92,55.925,55.9,55.9,4800
174,55.89,55.92,55.89,55.91,3796
175,55.86,55.88,55.85,55.88,3616
176,55.9,55.9,55.86,55.86,1902
177,55.89,55.91,55.87,55.91,4238
178,55.89,55.9,55.889,55.89,1407
179,55.88,55.91,55.88,55.91,500
180,55.88,55.885,55.88,55.88,900
181,55.93,55.93,55.87,55.87,7847
182,55.94,55.95,55.925,55.93,1459
183,55.92,55.94,55.92,55.94,17900
184,55.91,55.91,55.905,55.91,1000
185,55.92,55.92,55.91,55.91,1857
186,55.93,55.93,55.92,55.92,2700
187,55.93,55.93,55.915,55.92,1200
188,55.93,55.94,55.925,55.93,9352
189,55.91,55.93,55.8845,55.93,4081
190,55.91,55.92,55.9,55.9,2072
191,55.92,55.92,55.905,55.91,1000
192,55.96,55.97,55.92,55.92,13748
193,55.99,55.99,55.97,55.97,3085
194,56.01,56.01,55.97,55.99,3280
195,56.02,56.03,56,56,3729
196,56.01,56.02,56.01,56.02,1400
197,56.01,56.02,56,56.01,1100
198,56.01,56.01,55.99,56.01,2800
199,56.01,56.01,55.99,56,1000
200,55.99,56.01,55.99,56.01,900
201,56.045,56.05,56,56,5100
202,56.03,56.04,56.03,56.04,2900
203,56.025,56.025,56.01,56.02,1453
204,56.03,56.05,56.03,56.03,900
205,56.03,56.03,56.03,56.03,700
206,56.02,56.03,56.02,56.03,1500
207,56.01,56.035,56.01,56.03,4800
208,56.01,56.03,56.01,56.03,2715
209,56,56.03,56,56.02,2000
210,56.01,56.02,55.99,56.01,2000
211,56.035,56.035,56.01,56.015,2230
212,56.06,56.07,56.03,56.03,1400
213,56.085,56.085,56.05,56.06,3961
214,56.085,56.1,56.085,56.09,2750
215,56.1,56.1,56.075,56.09,1700
216,56.08,56.1,56.08,56.1,2100
217,56.07,56.09,56.07,56.07,1900
218,56.065,56.09,56.06,56.07,1994
219,56.06,56.09,56.06,56.09,1699
220,56.06,56.06,56.06,56.06,1474
221,56.06,56.07,56.055,56.055,1766
222,56.07,56.07,56.055,56.06,1500
223,56.07,56.085,56.06,56.07,2800
224,56.0938,56.1,56.08,56.08,2290
225,56.08,56.1,56.08,56.09,3029
226,56.05,56.085,56.05,56.08,1500
227,56.1,56.1,56.05,56.05,3352
228,56.08,56.08,56.065,56.075,1400
229,56.045,56.07,56.03,56.07,3288
230,56.08,56.085,56.05,56.05,3216
231,56.06,56.09,56.06,56.09,2215
232,56.07,56.08,56.07,56.07,2000
233,56.06,56.08,56.06,56.08,1206
234,56.08,56.08,56.05,56.06,2300
235,56.09,56.1,56.09,56.09,1500
236,56.07,56.09,56.06,56.09,3650
237,56.08,56.08,56.07,56.07,2000
238,56.06,56.08,56.06,56.08,2495
239,56.05,56.075,56.0442,56.07,4638
240,56.08,56.085,56.06,56.06,2500
241,56.13,56.13,56.08,56.08,3494
242,56.12,56.13,56.12,56.12,2800
243,56.1,56.12,56.1,56.12,3563
244,56.11,56.13,56.1,56.1,1800
245,56.11,56.12,56.1,56.11,900
246,56.16,56.16,56.1099,56.11,2199
247,56.12,56.16,56.12,56.16,4653
248,56.12,56.13,56.12,56.12,800
249,56.11,56.12,56.11,56.11,600
250,56.12,56.12,56.11,56.11,200
251,56.12,56.12,56.11,56.11,1800
252,56.1,56.115,56.1,56.11,2864
253,56.06,56.105,56.06,56.105,4143
254,56.05,56.07,56.05,56.06,2200
255,56.04,56.055,56.04,56.05,2306
256,56.05,56.055,56.03,56.03,1553
257,56.07,56.07,56.05,56.05,8816
258,56.07,56.08,56.055,56.07,4720
259,56.09,56.09,56.07,56.07,1200
260,56.095,56.11,56.09,56.09,3010
261,56.07,56.085,56.055,56.085,3680
262,56.08,56.09,56.065,56.065,3477
263,56.085,56.1,56.075,56.08,3233
264,56.1,56.1,56.065,56.085,6000
265,56.1,56.11,56.1,56.1,1836
266,56.07,56.105,56.07,56.1,1722
267,56.065,56.0743,56.06,56.07,1620
268,56.06,56.07,56.04,56.07,5850
269,56.05,56.06,56.05,56.06,996
270,56.03,56.05,56.02,56.0438,3257
271,56.03,56.04,56.03,56.03,3851
272,56.08,56.08,56.03,56.03,4328
273,56.04,56.075,56.03,56.075,4272
274,56.05,56.055,56.025,56.03,4216
275,56.03,56.065,56.03,56.05,3951
276,56.03,56.03,56.02,56.02,1300
277,56.05,56.055,56.0275,56.03,2800
278,56.07,56.085,56.055,56.06,2400
279,56.1,56.105,56.08,56.08,3308
280,56.09,56.105,56.08,56.1,3344
281,56.04,56.08,56.04,56.08,3900
282,56.05,56.06,56.035,56.04,3673
283,56.035,56.05,56.03,56.05,1500
284,56.03,56.05,56.025,56.04,2972
285,56.02,56.035,56.02,56.03,2049
286,55.995,56.02,55.97,56.02,14548
287,56,56.01,56,56.01,3156
288,56.01,56.01,55.995,56,3237
289,56.01,56.03,56.005,56.01,6652
290,56.07,56.07,56.02,56.02,9979
291,56.095,56.095,56.06,56.07,3404
292,56.09,56.1,56.07,56.09,5795
293,56.11,56.11,56.0833,56.09,3358
294,56.07,56.12,56.07,56.115,4001
295,56.09,56.1,56.075,56.08,3702
296,56.12,56.12,56.07,56.07,2600
297,56.1,56.12,56.1,56.12,2495
298,56.09,56.11,56.06,56.11,8791
299,56.09,56.09,56.08,56.08,3077
300,56.08,56.095,56.08,56.09,2300
301,56.09,56.1,56.08,56.08,5424
302,56.11,56.11,56.095,56.1,2480
303,56.09,56.105,56.08,56.1,4572
304,56.075,56.095,56.075,56.095,3640
305,56.09,56.1,56.08,56.08,2714
306,56.12,56.13,56.09,56.09,3719
307,56.105,56.11,56.1,56.11,1400
308,56.09,56.1,56.075,56.1,6355
309,56.09,56.09,56.07,56.08,3519
310,56.09,56.1,56.085,56.085,3267
311,56.1,56.1,56.09,56.09,3267
312,56.105,56.105,56.1,56.1,200
313,56.11,56.125,56.1,56.105,3600
314,56.12,56.12,56.12,56.12,300
315,56.11,56.12,56.11,56.12,2500
316,56.14,56.14,56.11,56.11,4900
317,56.16,56.16,56.12,56.135,3276
318,56.16,56.17,56.155,56.155,6334
319,56.14,56.17,56.14,56.16,5474
320,56.13,56.14,56.115,56.14,4513
321,56.13,56.15,56.13,56.14,2503
322,56.15,56.16,56.125,56.13,2588
323,56.14,56.15,56.14,56.14,1204
324,56.11,56.14,56.11,56.14,2471
325,56.11,56.11,56.09,56.11,5749
326,56.12,56.12,56.1,56.105,1771
327,56.115,56.125,56.11,56.11,4644
328,56.11,56.12,56.11,56.115,2159
329,56.11,56.1299,56.1,56.12,3768
330,56.12,56.12,56.105,56.105,4274
331,56.14,56.15,56.13,56.13,3187
332,56.16,56.17,56.14,56.14,5741
333,56.16,56.16,56.15,56.16,1974
334,56.13,56.17,56.13,56.17,4700
335,56.12,56.13,56.12,56.13,800
336,56.1338,56.145,56.11,56.12,5325
337,56.135,56.14,56.135,56.14,3085
338,56.21,56.21,56.14,56.14,5344
339,56.215,56.22,56.2,56.21,2600
340,56.19,56.21,56.185,56.21,4957
341,56.19,56.2,56.18,56.19,3418
342,56.2,56.2,56.185,56.2,2107
343,56.19,56.19,56.17,56.19,4608
344,56.1869,56.19,56.18,56.19,3105
345,56.17,56.18,56.16,56.18,4055
346,56.185,56.19,56.155,56.175,26957
347,56.1301,56.185,56.13,56.185,21549
348,56.13,56.1311,56.1175,56.13,4340
349,56.14,56.15,56.115,56.12,5947
350,56.16,56.17,56.14,56.14,3123
351,56.16,56.17,56.15,56.15,2921
352,56.16,56.18,56.16,56.16,3109
353,56.13,56.17,56.13,56.17,2700
354,56.13,56.13,56.12,56.13,1391
355,56.13,56.13,56.12,56.13,2527
356,56.14,56.14,56.13,56.13,700
357,56.13,56.13,56.12,56.13,2508
358,56.1247,56.145,56.1247,56.14,6210
359,56.11,56.12,56.101,56.12,5744
360,56.095,56.105,56.09,56.105,7580
361,56.08,56.09,56.08,56.08,3210
362,56.1,56.11,56.08,56.08,9036
363,56.11,56.11,56.095,56.1,2700
364,56.07,56.105,56.07,56.105,7020
365,56.07,56.07,56.05,56.07,6732
366,56.06,56.075,56.06,56.075,4520
367,56.03,56.06,56.02,56.06,11116
368,56.02,56.04,56.02,56.03,6000
369,56.01,56.03,56,56.03,28054
370,55.98,56.0075,55.97,56.0075,22686
371,55.94,55.975,55.94,55.97,8706
372,55.93,55.94,55.91,55.94,10210
373,55.93,55.935,55.91,55.93,15826
374,55.91,55.93,55.91,55.93,5319
375,55.925,55.93,55.9,55.91,10884
376,55.9198,55.93,55.91,55.92,7927
377,55.92,55.94,55.91,55.92,9951
378,55.95,55.95,55.92,55.93,11802
379,55.93,55.97,55.92,55.96,12913
380,55.91,55.94,55.9,55.93,11718
381,55.93,55.93,55.9,55.91,10495
382,55.91,55.94,55.9,55.94,13127
383,55.865,55.92,55.86,55.915,13147
384,55.885,55.89,55.85,55.865,25054
385,55.895,55.91,55.88,55.89,16273
386,55.9,55.91,55.885,55.89,19042
387,55.94,55.95,55.9,55.9,20859
388,55.95,55.95,55.94,55.945,10940
389,56.02,56.03,55.94,55.945,69943
