SWK,Stanley Black & Decker,Consumer Discretionary,1,Household Appliances,22122857993,1060786
a1497447000,141.89,141.89,141.89,141.89,6240
2,141.805,141.88,141.76,141.76,691
3,141.825,141.88,141.825,141.88,500
4,141.84,141.89,141.84,141.85,1200
5,141.65,141.85,141.65,141.85,1800
6,141.61,141.66,141.58,141.64,1100
7,141.54,141.608,141.525,141.59,2200
8,141.48,141.54,141.48,141.54,200
9,141.32,141.55,141.21,141.53,2600
10,141.39,141.39,141.34,141.36,900
11,141.4075,141.45,141.32,141.41,3250
12,141.5,141.5,141.5,141.5,200
13,141.4925,141.55,141.4925,141.55,1207
14,141.61,141.61,141.52,141.52,1200
15,141.55,141.57,141.55,141.57,400
16,141.63,141.63,141.55,141.56,1400
18,141.59,141.59,141.54,141.56,1350
21,141.54,141.54,141.54,141.54,100
22,141.53,141.55,141.5,141.55,1000
23,141.52,141.58,141.52,141.53,1900
24,141.62,141.62,141.58,141.58,800
25,141.66,141.71,141.62,141.62,1825
26,141.56,141.68,141.56,141.67,1600
27,141.59,141.59,141.59,141.59,300
28,141.47,141.62,141.45,141.6,5217
29,141.46,141.55,141.46,141.48,1455
30,141.52,141.52,141.35,141.4748,3220
31,141.5,141.51,141.5,141.51,200
32,141.46,141.53,141.46,141.49,2000
33,141.55,141.55,141.475,141.475,1600
34,141.47,141.49,141.47,141.49,1400
35,141.47,141.47,141.45,141.47,400
36,141.57,141.57,141.47,141.5,2270
37,141.59,141.59,141.57,141.57,990
38,141.62,141.62,141.61,141.61,700
39,141.55,141.62,141.47,141.62,2700
40,141.51,141.52,141.51,141.52,300
41,141.42,141.53,141.42,141.53,1850
42,141.53,141.55,141.46,141.49,950
43,141.55,141.58,141.515,141.515,1100
44,141.7,141.7,141.57,141.58,1900
45,141.725,141.75,141.725,141.75,200
46,141.7,141.74,141.66,141.71,1860
47,141.78,141.78,141.67,141.72,2550
48,141.7,141.78,141.7,141.78,400
49,141.71,141.76,141.69,141.69,1290
50,141.47,141.7,141.47,141.7,3600
51,141.48,141.48,141.39,141.46,2200
52,141.39,141.455,141.38,141.42,1793
53,141.31,141.395,141.31,141.395,900
54,141.275,141.3,141.26,141.3,1600
55,141.21,141.27,141.21,141.25,900
56,141.1401,141.205,141.1401,141.2,800
57,141.22,141.24,141.12,141.14,2815
58,141.3,141.3,141.235,141.27,1351
59,141.3,141.3,141.3,141.3,300
60,141.2,141.26,141.16,141.23,2560
61,141.29,141.29,141.22,141.22,1300
62,141.25,141.3,141.22,141.3,4700
63,141.31,141.31,141.28,141.29,1307
64,141.31,141.31,141.27,141.27,800
65,141.42,141.42,141.33,141.33,1600
66,141.4,141.4,141.38,141.39,1350
67,141.43,141.45,141.41,141.43,1152
68,141.46,141.48,141.455,141.455,400
69,141.4,141.45,141.4,141.44,2400
70,141.34,141.4,141.34,141.4,1400
71,141.275,141.37,141.25,141.37,1901
72,141.28,141.28,141.23,141.25,1900
73,141.275,141.3,141.2507,141.3,700
74,141.36,141.36,141.3,141.3,1300
75,141.4,141.4,141.37,141.37,800
76,141.32,141.42,141.3,141.42,3149
77,141.21,141.3,141.2,141.3,7057
78,141.34,141.34,141.22,141.22,5176
79,141.315,141.34,141.315,141.315,400
80,141.56,141.56,141.34,141.34,3200
81,141.485,141.56,141.48,141.56,1500
82,141.45,141.46,141.43,141.45,2744
83,141.39,141.44,141.37,141.44,2510
85,141.375,141.39,141.35,141.39,500
86,141.285,141.365,141.28,141.365,1200
87,141.255,141.28,141.23,141.23,700
88,141.26,141.26,141.23,141.26,2037
89,141.16,141.245,141.16,141.245,3800
90,141.23,141.23,141.16,141.16,1300
91,141.29,141.31,141.21,141.23,1800
92,141.3,141.32,141.28,141.32,400
94,141.19,141.275,141.18,141.275,1500
95,141.3,141.3,141.24,141.25,4600
96,141.365,141.395,141.35,141.35,1800
97,141.38,141.38,141.35,141.35,400
98,141.4,141.41,141.395,141.4,900
99,141.3891,141.41,141.38,141.38,1205
100,141.42,141.42,141.395,141.395,400
101,141.42,141.42,141.395,141.395,600
102,141.41,141.43,141.37,141.4,28973
103,141.6,141.6,141.4,141.41,7451
104,141.76,141.76,141.6,141.6,1800
105,141.565,141.75,141.565,141.74,6572
106,141.56,141.58,141.55,141.555,500
107,141.45,141.52,141.44,141.52,1551
108,141.525,141.54,141.48,141.48,1800
109,141.61,141.61,141.525,141.525,1700
110,141.57,141.58,141.57,141.58,700
111,141.78,141.78,141.545,141.55,5992
112,141.63,141.8,141.6,141.745,12315
113,141.61,141.63,141.58,141.63,955
114,141.69,141.69,141.64,141.64,500
115,141.65,141.65,141.65,141.65,100
116,141.65,141.65,141.64,141.64,200
117,141.67,141.67,141.59,141.62,1921
118,141.59,141.635,141.59,141.635,700
119,141.605,141.605,141.605,141.605,100
120,141.64,141.64,141.485,141.58,5000
121,141.66,141.72,141.61,141.61,3300
122,141.695,141.73,141.67,141.67,1200
123,141.695,141.695,141.695,141.695,100
124,141.65,141.69,141.65,141.69,400
125,141.58,141.66,141.555,141.65,2100
126,141.68,141.68,141.57,141.57,1700
128,141.645,141.645,141.645,141.645,100
129,141.83,141.83,141.635,141.635,2632
130,141.665,141.75,141.62,141.73,600
131,141.72,141.72,141.69,141.69,1267
132,141.73,141.73,141.73,141.73,100
133,141.69,141.76,141.69,141.71,700
134,141.71,141.75,141.71,141.75,1205
135,141.71,141.73,141.7,141.715,1000
136,141.72,141.72,141.72,141.72,100
137,141.665,141.665,141.645,141.65,800
138,141.78,141.78,141.68,141.69,1649
139,141.78,141.78,141.78,141.78,200
140,141.74,141.74,141.72,141.72,300
141,141.72,141.75,141.71,141.735,600
142,141.73,141.76,141.71,141.735,1100
143,141.81,141.83,141.73,141.73,2200
144,142,142,141.81,141.81,3300
145,142.01,142.02,141.95,142.01,2500
146,142.03,142.03,141.98,142.01,500
147,141.96,142.02,141.95,142.02,4505
148,141.985,142,141.96,141.98,1450
149,141.99,142.01,141.93,141.99,3352
150,142.04,142.04,141.98,141.98,900
151,141.92,142,141.92,142,1200
152,141.88,141.9,141.88,141.89,800
153,141.99,141.99,141.92,141.94,2399
154,141.97,141.97,141.97,141.97,300
155,141.89,141.97,141.89,141.97,1900
156,141.915,141.93,141.89,141.89,300
157,141.92,141.93,141.9,141.9,1300
158,141.9,141.97,141.9,141.96,1400
159,141.84,141.9,141.84,141.9,1300
160,141.74,141.82,141.74,141.82,700
161,141.77,141.78,141.75,141.78,2305
162,141.82,141.83,141.81,141.81,1700
163,141.96,142,141.86,141.86,2933
164,141.96,141.96,141.96,141.96,1099
165,141.96,141.98,141.96,141.97,1500
166,142.01,142.01,141.96,141.96,1503
167,141.97,141.9895,141.97,141.9895,320
168,141.97,141.98,141.93,141.97,900
169,141.93,141.93,141.93,141.93,100
170,141.93,141.93,141.93,141.93,800
171,141.93,141.99,141.93,141.99,600
172,141.99,142.06,141.93,141.93,5791
173,141.97,142.01,141.97,142.01,2095
174,141.95,142,141.95,141.985,3325
175,141.86,141.94,141.86,141.94,1857
176,141.88,141.88,141.8201,141.87,2625
177,141.88,141.88,141.88,141.88,100
178,141.9,141.9,141.875,141.88,700
179,141.93,141.93,141.89,141.93,500
182,141.845,141.94,141.845,141.94,2250
183,141.87,141.91,141.85,141.85,1100
184,141.86,141.86,141.86,141.86,600
185,141.835,141.86,141.83,141.86,35500
186,141.84,141.84,141.76,141.76,500
187,141.78,141.85,141.78,141.85,738
188,141.7,141.78,141.7,141.78,900
189,141.52,141.7,141.48,141.7,2102
190,141.51,141.51,141.46,141.49,1400
191,141.55,141.55,141.43,141.43,2811
192,141.57,141.57,141.56,141.56,500
193,141.55,141.56,141.55,141.56,600
194,141.51,141.55,141.51,141.5275,300
196,141.435,141.495,141.42,141.48,1950
197,141.57,141.57,141.44,141.44,5251
198,141.51,141.52,141.51,141.52,506
199,141.45,141.4732,141.45,141.4732,200
200,141.46,141.49,141.46,141.48,400
201,141.51,141.53,141.45,141.45,2300
202,141.495,141.495,141.495,141.495,100
203,141.495,141.495,141.495,141.495,100
204,141.4975,141.4975,141.495,141.495,200
205,141.61,141.61,141.53,141.53,1415
207,141.595,141.595,141.595,141.595,200
208,141.555,141.58,141.555,141.58,900
209,141.59,141.59,141.545,141.545,900
210,141.61,141.61,141.6,141.6,800
211,141.65,141.65,141.65,141.65,300
212,141.71,141.73,141.6725,141.68,1400
213,141.76,141.76,141.76,141.76,200
214,141.78,141.83,141.77,141.83,1500
215,141.77,141.81,141.77,141.81,300
216,141.84,141.88,141.77,141.77,2000
217,141.82,141.82,141.82,141.82,100
218,141.8,141.86,141.8,141.85,1650
219,141.78,141.78,141.78,141.78,100
220,141.795,141.795,141.795,141.795,100
221,141.79,141.79,141.76,141.77,1498
222,141.84,141.84,141.81,141.81,400
223,141.78,141.78,141.78,141.78,100
224,141.77,141.8,141.72,141.79,3290
225,141.65,141.71,141.65,141.71,800
226,141.61,141.61,141.61,141.61,127
227,141.64,141.64,141.5784,141.61,2455
229,141.61,141.62,141.61,141.62,200
230,141.605,141.605,141.57,141.59,300
231,141.51,141.58,141.51,141.55,800
232,141.525,141.525,141.5,141.5,300
233,141.49,141.52,141.49,141.49,600
234,141.6899,141.6899,141.54,141.54,1772
235,141.61,141.61,141.61,141.61,100
236,141.53,141.59,141.53,141.56,400
237,141.545,141.545,141.53,141.53,400
238,141.535,141.54,141.51,141.52,700
239,141.59,141.59,141.54,141.56,1500
240,141.54,141.54,141.49,141.51,1100
241,141.56,141.56,141.56,141.56,200
243,141.545,141.545,141.545,141.545,200
244,141.49,141.51,141.49,141.51,500
246,141.36,141.475,141.36,141.44,1400
247,141.47,141.47,141.32,141.36,1550
248,141.58,141.59,141.5,141.5,1600
250,141.59,141.59,141.55,141.55,800
251,141.56,141.56,141.54,141.54,1000
252,141.56,141.56,141.56,141.56,100
253,141.56,141.56,141.56,141.56,100
254,141.6,141.66,141.57,141.58,1500
255,141.55,141.6,141.55,141.6,400
256,141.51,141.51,141.51,141.51,100
257,141.54,141.56,141.495,141.51,2100
258,141.54,141.54,141.54,141.54,600
259,141.565,141.58,141.565,141.57,800
260,141.56,141.56,141.56,141.56,100
261,141.475,141.53,141.475,141.53,1200
262,141.93,141.93,141.48,141.48,7100
263,141.73,141.84,141.7,141.84,1600
264,141.705,141.705,141.6411,141.6411,300
265,141.62,141.64,141.62,141.64,500
266,141.68,141.76,141.59,141.6,1700
267,141.615,141.62,141.59,141.61,865
268,141.58,141.615,141.58,141.615,1125
269,141.66,141.66,141.53,141.54,1311
270,141.67,141.67,141.58,141.62,1600
271,141.455,141.465,141.455,141.465,600
272,141.53,141.575,141.46,141.46,1400
273,141.585,141.585,141.455,141.53,1200
274,141.66,141.66,141.505,141.51,1000
275,141.49,141.63,141.46,141.58,1100
276,141.62,141.62,141.44,141.4401,1264
277,141.675,141.795,141.61,141.64,1200
278,141.64,141.645,141.6,141.645,500
279,141.545,141.6,141.545,141.6,500
280,141.52,141.52,141.425,141.46,1500
281,141.69,141.69,141.52,141.52,1100
282,141.575,141.63,141.5301,141.63,1050
283,141.46,141.47,141.41,141.47,2100
284,141.51,141.57,141.48,141.49,2600
285,141.6,141.6,141.525,141.525,700
286,141.425,141.55,141.425,141.54,1000
287,141.4,141.47,141.39,141.46,1780
288,141.43,141.55,141.41,141.44,2450
289,141.42,141.42,141.37,141.395,1100
290,141.4,141.45,141.36,141.45,1199
291,141.43,141.43,141.36,141.4,1062
292,141.43,141.43,141.39,141.39,400
293,141.37,141.37,141.33,141.33,1600
294,141.41,141.41,141.32,141.32,1700
295,141.46,141.47,141.42,141.44,1200
296,141.44,141.44,141.365,141.43,1400
297,141.44,141.44,141.37,141.44,879
298,141.455,141.46,141.455,141.46,200
299,141.455,141.455,141.455,141.455,200
300,141.5,141.5,141.45,141.46,1606
301,141.55,141.55,141.48,141.52,1600
303,141.525,141.555,141.525,141.555,1300
304,141.5,141.5,141.47,141.48,1281
305,141.56,141.61,141.53,141.53,1900
306,141.46,141.57,141.46,141.57,1600
307,141.4,141.4233,141.4,141.4233,400
308,141.4,141.44,141.36,141.36,1300
310,141.46,141.46,141.39,141.42,1700
311,141.445,141.47,141.41,141.46,1400
312,141.45,141.45,141.35,141.4,2800
313,141.44,141.48,141.44,141.45,600
314,141.355,141.39,141.33,141.37,1400
315,141.31,141.4125,141.31,141.355,1986
316,141.34,141.34,141.3,141.3,500
317,141.37,141.37,141.3,141.31,700
318,141.42,141.44,141.39,141.39,3300
319,141.54,141.55,141.41,141.41,1900
320,141.54,141.56,141.53,141.56,2300
321,141.51,141.59,141.5,141.5,1185
322,141.6,141.6,141.57,141.57,400
323,141.5599,141.5599,141.52,141.52,511
324,141.575,141.6,141.56,141.59,1489
325,141.59,141.6,141.58,141.58,2000
326,141.58,141.6,141.58,141.6,400
327,141.66,141.7,141.62,141.62,2500
328,141.71,141.71,141.66,141.68,2300
329,141.7,141.78,141.7,141.74,2450
330,141.66,141.71,141.66,141.69,1400
331,141.56,141.57,141.54,141.57,1600
332,141.67,141.67,141.58,141.58,1900
334,141.67,141.72,141.63,141.65,3230
335,141.645,141.69,141.621,141.66,2601
336,141.65,141.65,141.62,141.62,200
337,141.63,141.69,141.62,141.65,4200
338,141.72,141.72,141.6,141.64,3179
339,141.68,141.73,141.68,141.7,1800
340,141.56,141.675,141.56,141.675,1900
341,141.55,141.55,141.51,141.54,2000
342,141.54,141.57,141.49,141.52,1900
343,141.56,141.58,141.52,141.56,1500
344,141.6,141.6,141.57,141.58,750
345,141.57,141.58,141.54,141.57,2500
346,141.56,141.62,141.56,141.58,2300
347,141.585,141.61,141.56,141.56,2300
348,141.54,141.58,141.54,141.57,900
349,141.56,141.58,141.53,141.54,1307
350,141.59,141.6,141.56,141.56,400
351,141.55,141.6,141.54,141.55,4427
352,141.55,141.57,141.53,141.57,2000
353,141.6,141.6,141.555,141.555,1100
354,141.5725,141.58,141.55,141.55,1100
355,141.53,141.57,141.51,141.565,4500
356,141.55,141.55,141.53,141.55,1900
357,141.54,141.54,141.515,141.515,600
358,141.54,141.54,141.46,141.535,1000
359,141.5,141.5,141.5,141.5,100
360,141.46,141.51,141.44,141.51,3100
361,141.45,141.5,141.44,141.465,9269
362,141.39,141.47,141.36,141.45,6150
363,141.36,141.39,141.36,141.39,1415
364,141.37,141.4,141.37,141.38,689
365,141.49,141.49,141.4,141.4,1955
366,141.48,141.5,141.46,141.5,4428
367,141.51,141.53,141.49,141.49,3455
368,141.535,141.55,141.5,141.51,3917
369,141.47,141.535,141.47,141.535,2902
370,141.51,141.51,141.485,141.49,1200
371,141.49,141.495,141.475,141.495,2419
372,141.47,141.48,141.46,141.47,1402
373,141.42,141.47,141.41,141.47,1002
374,141.42,141.42,141.41,141.41,800
375,141.39,141.41,141.36,141.4,4147
376,141.41,141.41,141.34,141.4,3263
377,141.48,141.48,141.41,141.42,2700
378,141.49,141.5,141.47,141.48,2720
379,141.53,141.53,141.49,141.49,3930
380,141.52,141.53,141.5,141.53,8105
381,141.47,141.55,141.4501,141.52,5051
382,141.42,141.465,141.42,141.465,2500
383,141.44,141.44,141.41,141.42,4318
384,141.53,141.53,141.44,141.44,3200
385,141.56,141.6,141.49,141.51,4264
386,141.51,141.59,141.51,141.55,3469
387,141.55,141.55,141.5,141.52,4469
388,141.54,141.56,141.52,141.55,4300
389,141.54,141.56,141.5,141.55,8169
390,141.57,141.62,141.55,141.57,13779
