TDC,Teradata Corp.,Information Technology,7,Application Software,3727125636,1423987
a1497447060,28.44,28.44,28.43,28.43,13302
1,28.4,28.48,28.4,28.48,1100
2,28.38,28.39,28.37,28.39,700
4,28.29,28.34,28.28,28.28,500
5,28.33,28.36,28.31,28.33,1500
6,28.37,28.37,28.31,28.31,500
7,28.32,28.32,28.32,28.32,300
8,28.32,28.32,28.3,28.31,1100
9,28.25,28.31,28.25,28.31,1500
10,28.27,28.27,28.27,28.27,100
11,28.32,28.32,28.27,28.27,900
12,28.36,28.36,28.33,28.33,900
13,28.36,28.38,28.36,28.37,1100
14,28.37,28.37,28.37,28.37,200
15,28.36,28.36,28.36,28.36,200
16,28.36,28.43,28.34,28.39,4106
17,28.41,28.41,28.39,28.39,700
18,28.4738,28.49,28.38,28.41,9806
19,28.4697,28.4697,28.4697,28.4697,700
20,28.51,28.53,28.48,28.48,2600
21,28.44,28.46,28.44,28.46,300
22,28.47,28.47,28.47,28.47,100
23,28.4401,28.4401,28.4401,28.4401,100
25,28.5,28.5,28.47,28.47,1900
26,28.49,28.5,28.485,28.49,1100
27,28.505,28.52,28.49,28.49,4659
28,28.56,28.56,28.51,28.51,1500
29,28.55,28.57,28.53,28.57,2488
30,28.55,28.58,28.54,28.54,2100
31,28.54,28.54,28.54,28.54,100
32,28.54,28.56,28.53,28.53,4200
33,28.62,28.62,28.54,28.54,7100
34,28.57,28.59,28.57,28.58,1900
35,28.56,28.57,28.56,28.57,200
36,28.56,28.56,28.56,28.56,1110
37,28.55,28.57,28.55,28.55,2100
38,28.54,28.55,28.54,28.55,1200
39,28.55,28.56,28.55,28.55,1558
40,28.52,28.55,28.52,28.55,1900
41,28.51,28.52,28.51,28.52,200
43,28.52,28.52,28.52,28.52,100
44,28.57,28.57,28.52,28.52,3800
45,28.54,28.56,28.54,28.56,2479
47,28.57,28.57,28.55,28.55,1500
48,28.6,28.6,28.565,28.565,1600
49,28.68,28.7,28.61,28.61,9888
50,28.63,28.66,28.63,28.66,3500
51,28.61,28.62,28.61,28.62,1000
53,28.59,28.605,28.59,28.59,1396
54,28.62,28.62,28.6,28.6,1300
55,28.61,28.61,28.61,28.61,1900
56,28.58,28.6,28.58,28.6,617
57,28.58,28.585,28.58,28.585,1100
58,28.57,28.58,28.57,28.58,900
59,28.59,28.6,28.58,28.58,2100
60,28.605,28.605,28.58,28.5925,1400
61,28.58,28.61,28.58,28.6,1800
62,28.5759,28.5759,28.5759,28.5759,1117
63,28.57,28.57,28.57,28.57,100
64,28.57,28.58,28.57,28.58,2381
65,28.57,28.575,28.57,28.57,2000
66,28.57,28.58,28.57,28.58,1900
67,28.52,28.56,28.52,28.56,1300
68,28.52,28.52,28.5168,28.5168,1169
69,28.52,28.525,28.52,28.52,1900
70,28.51,28.52,28.51,28.51,500
72,28.485,28.49,28.48,28.49,1400
73,28.49,28.49,28.48,28.48,1000
74,28.505,28.505,28.495,28.495,800
75,28.475,28.52,28.475,28.51,4200
76,28.46,28.47,28.46,28.47,1000
77,28.4739,28.4739,28.465,28.465,559
78,28.475,28.475,28.46,28.47,1600
79,28.465,28.47,28.46,28.47,1387
80,28.47,28.47,28.46,28.46,300
81,28.475,28.475,28.47,28.47,500
82,28.46,28.475,28.42,28.47,17724
83,28.445,28.455,28.445,28.455,723
84,28.44,28.455,28.44,28.445,1900
85,28.41,28.43,28.41,28.43,500
86,28.385,28.41,28.385,28.4,2840
87,28.37,28.38,28.37,28.38,1049
88,28.38,28.39,28.36,28.36,2474
89,28.385,28.385,28.37,28.37,600
90,28.38,28.385,28.38,28.38,700
91,28.39,28.39,28.39,28.39,600
92,28.405,28.405,28.4,28.4,600
93,28.44,28.44,28.4,28.405,5340
94,28.445,28.45,28.44,28.45,1900
95,28.42,28.44,28.42,28.44,900
96,28.42,28.42,28.42,28.42,1300
97,28.425,28.425,28.41,28.41,3400
98,28.42,28.42,28.41,28.41,600
99,28.39,28.4,28.3604,28.4,1500
100,28.4,28.4,28.4,28.4,400
101,28.395,28.4,28.395,28.4,1900
102,28.38,28.38,28.38,28.38,500
103,28.37,28.37,28.36,28.36,200
104,28.36,28.36,28.36,28.36,100
105,28.395,28.395,28.3701,28.38,3000
106,28.37,28.4,28.37,28.395,3000
107,28.35,28.36,28.35,28.36,800
108,28.35,28.35,28.34,28.34,600
109,28.345,28.345,28.34,28.34,300
110,28.36,28.36,28.345,28.35,1998
111,28.365,28.365,28.355,28.355,1900
112,28.37,28.37,28.365,28.37,500
113,28.35,28.365,28.34,28.36,4000
114,28.37,28.37,28.36,28.36,500
115,28.36,28.365,28.35,28.36,2547
116,28.355,28.355,28.355,28.355,200
118,28.415,28.42,28.36,28.36,27678
119,28.435,28.435,28.41,28.41,2400
120,28.415,28.43,28.41,28.43,3300
121,28.45,28.45,28.41,28.41,2400
122,28.48,28.48,28.445,28.445,4045
123,28.47,28.48,28.46,28.475,3200
124,28.51,28.51,28.48,28.48,2694
125,28.51,28.52,28.51,28.51,2665
126,28.51,28.515,28.51,28.51,1200
127,28.525,28.53,28.52,28.52,2699
128,28.54,28.545,28.53,28.53,3019
129,28.53,28.54,28.53,28.54,1809
130,28.57,28.57,28.53,28.53,4754
131,28.57,28.57,28.57,28.57,2064
132,28.57,28.57,28.565,28.57,2500
133,28.56,28.58,28.56,28.57,1900
134,28.57,28.57,28.555,28.555,1349
135,28.54,28.55,28.53,28.55,1800
136,28.55,28.55,28.54,28.54,1133
137,28.56,28.56,28.56,28.56,300
138,28.57,28.58,28.56,28.56,3600
139,28.58,28.58,28.57,28.57,2072
140,28.56,28.57,28.56,28.57,2900
141,28.55,28.56,28.54,28.56,3020
142,28.55,28.55,28.55,28.55,100
143,28.56,28.56,28.56,28.56,1100
144,28.55,28.565,28.55,28.56,3500
145,28.55,28.55,28.55,28.55,1735
146,28.55,28.555,28.55,28.555,1000
147,28.55,28.55,28.55,28.55,1000
148,28.56,28.56,28.56,28.56,900
149,28.575,28.575,28.57,28.57,699
150,28.585,28.59,28.58,28.58,3900
151,28.57,28.57,28.57,28.57,100
152,28.58,28.58,28.58,28.58,100
153,28.59,28.59,28.57,28.57,800
154,28.6,28.61,28.59,28.59,7874
155,28.595,28.605,28.595,28.6,4064
156,28.585,28.595,28.585,28.59,2194
157,28.56,28.57,28.56,28.57,900
158,28.53,28.54,28.53,28.54,600
159,28.51,28.51,28.51,28.51,100
160,28.51,28.51,28.5,28.5,900
161,28.51,28.515,28.51,28.51,3255
162,28.515,28.515,28.51,28.515,1400
163,28.53,28.53,28.52,28.52,1800
164,28.54,28.545,28.53,28.535,4108
165,28.535,28.54,28.535,28.54,200
166,28.56,28.56,28.53,28.53,6428
167,28.56,28.56,28.55,28.555,900
168,28.565,28.565,28.56,28.56,4241
169,28.57,28.57,28.56,28.565,2163
170,28.57,28.58,28.57,28.57,1300
171,28.58,28.58,28.575,28.58,1100
172,28.58,28.585,28.58,28.585,400
173,28.575,28.585,28.57,28.58,3700
174,28.59,28.59,28.57,28.575,4918
175,28.6,28.6,28.59,28.595,4100
176,28.61,28.61,28.61,28.61,900
177,28.605,28.615,28.605,28.615,3331
178,28.61,28.61,28.605,28.605,986
179,28.615,28.615,28.615,28.615,100
180,28.64,28.64,28.615,28.615,6336
181,28.645,28.65,28.64,28.645,1000
182,28.635,28.65,28.63,28.645,3018
183,28.64,28.64,28.63,28.635,300
184,28.65,28.65,28.63,28.635,2800
185,28.64,28.65,28.64,28.64,2598
186,28.64,28.64,28.635,28.64,1400
187,28.64,28.64,28.64,28.64,400
188,28.65,28.65,28.64,28.64,2100
189,28.65,28.655,28.65,28.65,800
190,28.64,28.64,28.64,28.64,500
191,28.645,28.65,28.64,28.645,2600
192,28.655,28.655,28.655,28.655,100
194,28.67,28.67,28.66,28.66,2200
195,28.66,28.66,28.65,28.66,4606
196,28.67,28.67,28.67,28.67,1300
197,28.68,28.68,28.68,28.68,445
199,28.67,28.675,28.665,28.675,2048
200,28.66,28.67,28.66,28.66,1179
201,28.635,28.65,28.63,28.65,1300
202,28.61,28.63,28.61,28.63,1802
205,28.615,28.615,28.615,28.615,100
206,28.61,28.61,28.6,28.61,2000
207,28.62,28.62,28.615,28.615,800
208,28.625,28.625,28.62,28.62,900
209,28.64,28.645,28.63,28.63,2800
211,28.66,28.66,28.65,28.65,1586
212,28.685,28.69,28.67,28.67,7497
213,28.68,28.68,28.68,28.68,700
214,28.7011,28.705,28.69,28.69,2603
215,28.705,28.705,28.695,28.7,3524
216,28.705,28.705,28.7,28.7,900
217,28.7,28.7,28.7,28.7,1500
218,28.69,28.7,28.69,28.7,400
219,28.68,28.68,28.68,28.68,200
220,28.69,28.69,28.685,28.685,1800
221,28.695,28.695,28.69,28.69,1619
222,28.705,28.705,28.69,28.69,2293
223,28.69,28.7,28.69,28.7,1100
224,28.69,28.69,28.6834,28.69,2400
225,28.699,28.699,28.68,28.69,2100
226,28.699,28.699,28.699,28.699,100
227,28.695,28.695,28.695,28.695,400
228,28.685,28.7,28.685,28.7,3100
229,28.69,28.69,28.685,28.685,400
230,28.69,28.69,28.69,28.69,300
231,28.6925,28.695,28.675,28.69,4294
232,28.675,28.68,28.67,28.675,2937
233,28.68,28.685,28.675,28.675,2479
234,28.68,28.68,28.67,28.67,500
235,28.67,28.675,28.66,28.67,1101
236,28.665,28.67,28.665,28.67,700
237,28.66,28.67,28.66,28.67,600
238,28.67,28.67,28.66,28.665,600
239,28.67,28.68,28.67,28.67,2299
240,28.66,28.675,28.645,28.675,5464
241,28.66,28.66,28.66,28.66,800
242,28.68,28.68,28.66,28.66,1100
243,28.68,28.68,28.68,28.68,800
244,28.695,28.695,28.69,28.69,4475
245,28.68,28.69,28.68,28.69,2600
246,28.68,28.685,28.68,28.685,800
247,28.6925,28.6925,28.69,28.69,1900
249,28.695,28.695,28.69,28.695,400
250,28.705,28.705,28.695,28.695,3221
251,28.7,28.705,28.695,28.7,3712
252,28.7032,28.7078,28.7,28.7,459
253,28.72,28.73,28.71,28.71,6785
254,28.7,28.715,28.695,28.71,1300
255,28.69,28.69,28.685,28.69,700
257,28.65,28.695,28.65,28.695,2799
258,28.65,28.66,28.65,28.655,1300
259,28.65,28.655,28.645,28.645,1200
261,28.66,28.67,28.66,28.66,3138
262,28.64,28.66,28.64,28.66,1320
263,28.635,28.64,28.635,28.64,500
264,28.635,28.64,28.635,28.64,600
265,28.65,28.65,28.64,28.64,3136
266,28.67,28.67,28.66,28.66,3802
267,28.7,28.73,28.68,28.68,11167
268,28.72,28.73,28.72,28.72,3435
269,28.71,28.725,28.71,28.72,900
270,28.69,28.69,28.69,28.69,200
271,28.695,28.7,28.6925,28.7,1200
272,28.68,28.69,28.64,28.69,3900
273,28.7,28.7,28.68,28.68,1500
274,28.69,28.7,28.68,28.688,4130
275,28.69,28.7,28.67,28.68,1800
276,28.73,28.74,28.69,28.69,2500
277,28.74,28.75,28.73,28.74,3600
278,28.7,28.74,28.69,28.74,900
279,28.71,28.71,28.69,28.69,1200
280,28.74,28.75,28.72,28.72,2771
281,28.65,28.745,28.65,28.74,1900
282,28.67,28.67,28.65,28.66,2500
283,28.67,28.67,28.67,28.67,300
284,28.72,28.72,28.67,28.67,6186
285,28.67,28.72,28.67,28.72,2150
286,28.67,28.685,28.67,28.67,2900
287,28.665,28.665,28.66,28.665,900
288,28.655,28.66,28.63,28.65,2642
289,28.67,28.67,28.64,28.655,3546
290,28.66,28.66,28.65,28.65,700
291,28.65,28.66,28.65,28.66,1100
292,28.63,28.65,28.63,28.65,2015
293,28.64,28.64,28.63,28.63,800
294,28.67,28.675,28.66,28.66,2800
295,28.66,28.665,28.655,28.665,3284
296,28.655,28.655,28.65,28.65,910
297,28.645,28.655,28.635,28.655,2700
298,28.65,28.66,28.645,28.65,1600
299,28.68,28.68,28.655,28.66,2200
300,28.665,28.685,28.66,28.68,3909
301,28.68,28.68,28.67,28.67,1500
302,28.665,28.7,28.665,28.685,3500
303,28.67,28.685,28.67,28.67,3800
304,28.675,28.69,28.67,28.67,3132
305,28.63,28.68,28.63,28.675,5217
306,28.56,28.63,28.555,28.63,7027
307,28.55,28.59,28.535,28.56,8251
308,28.535,28.545,28.52,28.54,4545
309,28.54,28.55,28.525,28.53,4333
310,28.53,28.55,28.53,28.54,1608
311,28.52,28.53,28.49,28.53,5755
312,28.47,28.53,28.47,28.52,5181
313,28.485,28.485,28.42,28.46,9081
314,28.44,28.485,28.41,28.485,5864
315,28.4,28.455,28.39,28.45,4642
316,28.4,28.4,28.345,28.39,5400
317,28.38,28.415,28.38,28.415,3601
318,28.42,28.42,28.4,28.4,4534
319,28.4,28.435,28.4,28.43,2918
320,28.385,28.4,28.385,28.4,2100
321,28.41,28.41,28.39,28.39,1200
322,28.41,28.415,28.39,28.405,3700
323,28.47,28.47,28.41,28.42,4400
324,28.47,28.48,28.465,28.465,1579
325,28.45,28.46,28.44,28.46,2010
326,28.455,28.465,28.45,28.46,2400
327,28.4,28.455,28.399,28.455,5709
328,28.43,28.435,28.41,28.41,2300
329,28.3901,28.43,28.39,28.43,5050
330,28.385,28.4,28.375,28.39,4136
331,28.39,28.39,28.365,28.38,3220
332,28.39,28.395,28.38,28.39,4101
333,28.39,28.395,28.38,28.395,2287
334,28.43,28.435,28.39,28.39,5861
335,28.47,28.47,28.44,28.44,2500
336,28.465,28.47,28.455,28.47,8928
337,28.49,28.51,28.46,28.46,7688
338,28.485,28.49,28.48,28.49,2956
339,28.425,28.485,28.42,28.485,4000
340,28.38,28.42,28.38,28.42,6247
341,28.37,28.375,28.345,28.37,4956
342,28.405,28.405,28.37,28.37,4018
343,28.39,28.405,28.375,28.405,7013
344,28.38,28.395,28.355,28.39,5894
345,28.395,28.405,28.375,28.375,3099
346,28.4,28.405,28.39,28.39,1691
347,28.38,28.405,28.38,28.4,8667
348,28.37,28.38,28.365,28.37,4480
349,28.39,28.39,28.38,28.38,1100
350,28.37,28.39,28.36,28.385,9109
351,28.375,28.38,28.37,28.37,900
352,28.42,28.42,28.38,28.38,4215
353,28.415,28.42,28.41,28.41,6450
354,28.43,28.43,28.395,28.41,8168
355,28.41,28.43,28.41,28.43,3179
356,28.39,28.42,28.39,28.415,5512
357,28.44,28.44,28.37,28.39,8493
358,28.435,28.45,28.435,28.44,6155
359,28.4,28.435,28.39,28.435,5297
360,28.385,28.41,28.38,28.405,5198
361,28.365,28.395,28.36,28.39,9441
362,28.39,28.39,28.365,28.365,3611
363,28.395,28.4,28.39,28.39,3200
364,28.42,28.42,28.395,28.4,4372
365,28.43,28.44,28.42,28.42,11934
366,28.435,28.45,28.43,28.43,7790
367,28.42,28.435,28.4,28.43,15906
368,28.42,28.44,28.41,28.415,5200
369,28.45,28.45,28.42,28.42,4111
370,28.45,28.455,28.44,28.45,4183
371,28.46,28.46,28.44,28.445,14300
372,28.43,28.46,28.43,28.46,5131
373,28.44,28.44,28.43,28.44,1489
374,28.415,28.44,28.41,28.435,16961
375,28.42,28.425,28.4,28.41,10686
376,28.4,28.42,28.4,28.41,4813
377,28.4,28.4,28.4,28.4,3365
378,28.42,28.42,28.4,28.405,10798
379,28.44,28.44,28.425,28.425,4339
380,28.44,28.45,28.435,28.435,7736
381,28.445,28.45,28.44,28.44,8957
382,28.445,28.45,28.445,28.45,3735
383,28.445,28.45,28.44,28.445,8515
384,28.48,28.505,28.445,28.445,25956
385,28.465,28.48,28.46,28.47,9045
386,28.455,28.465,28.44,28.46,22851
387,28.465,28.47,28.45,28.455,17164
388,28.45,28.47,28.445,28.465,15808
389,28.45,28.47,28.45,28.455,31640
