TXN,Texas Instruments,Information Technology,7,Semiconductors,79806201855,4338682
a1497447000,81.31,81.49,81.06,81.26,36521
1,81.18,81.44,81.0601,81.31,4565
2,80.99,81.2,80.98,81.18,6650
3,80.93,81.01,80.91,80.95,4150
4,80.9,81,80.87,80.94,7574
5,80.96,80.99,80.84,80.89,4389
6,80.88,81.01,80.85,80.98,5850
7,80.88,80.91,80.87,80.87,3300
8,80.96,80.96,80.87,80.87,2128
9,80.88,80.99,80.84,80.92,8083
10,80.78,80.9,80.78,80.85,4550
11,80.78,80.8299,80.71,80.78,5726
12,80.8699,80.8699,80.785,80.8,6235
13,80.8661,80.91,80.84,80.867,2900
14,80.87,80.88,80.81,80.855,5019
15,80.82,80.85,80.77,80.85,2350
16,80.8499,80.88,80.78,80.84,8600
17,80.975,80.98,80.82,80.8364,11524
18,80.9626,80.985,80.92,80.97,4917
19,81.01,81.04,80.98,80.98,3749
20,80.95,81.0236,80.95,81.0236,5552
21,80.86,80.96,80.86,80.942,3794
22,80.94,80.94,80.89,80.91,2300
23,80.88,80.94,80.85,80.91,4300
24,80.95,80.96,80.85,80.87,5646
25,80.92,81.02,80.92,80.96,9950
26,80.97,80.99,80.93,80.94,4968
27,80.9677,80.97,80.94,80.97,2800
28,80.96,81.02,80.96,80.99,4478
29,81,81,80.95,80.96,3650
30,81.02,81.08,81,81,10617
31,80.99,81.06,80.99,80.99,8399
32,81.03,81.07,81.01,81.01,4950
33,81.02,81.0435,81.01,81.03,3878
34,80.98,81.02,80.96,81.02,5321
35,81.04,81.04,80.97,80.98,3150
36,81.01,81.04,81.01,81.04,2802
37,80.99,81.05,80.99,81.01,11360
38,81.02,81.04,81,81,7900
39,81.03,81.04,81.01,81.03,7460
40,81.11,81.12,81.03,81.0329,8039
41,81.03,81.16,80.99,81.12,17716
42,81.06,81.07,81.03,81.055,4071
43,80.985,81.06,80.985,81.06,3836
44,81.01,81.03,80.97,80.98,7480
45,81.01,81.01,80.97,81,6700
46,80.93,81,80.91,80.99,12618
47,80.9376,80.9376,80.91,80.925,658
48,80.95,80.97,80.93,80.94,7224
49,80.99,80.995,80.96,80.965,3022
50,81,81.02,80.995,81,8411
51,81,81,80.97,81,6100
52,80.95,81,80.93,81,5603
53,80.9294,80.96,80.915,80.96,3691
54,80.94,80.98,80.93,80.93,3705
55,80.92,80.96,80.9031,80.93,4526
56,80.89,80.94,80.88,80.93,3200
57,80.87,80.91,80.87,80.91,5577
58,80.88,80.885,80.86,80.87,2190
59,80.9,80.9,80.885,80.8862,1608
60,80.89,80.9,80.86,80.89,17763
61,80.96,80.98,80.87,80.8867,11688
62,80.99,81.05,80.96,80.96,3850
63,80.94,81,80.94,81,2993
64,80.9,80.92,80.86,80.92,5205
65,80.88,80.96,80.88,80.92,7250
66,80.85,80.9,80.85,80.88,13067
67,80.905,80.95,80.87,80.87,3700
68,80.93,80.96,80.91,80.91,5099
69,80.955,80.96,80.935,80.94,3200
70,80.98,80.98,80.935,80.95,4600
71,80.965,80.99,80.94,80.985,6150
72,81.01,81.02,80.95,80.965,3061
73,81.01,81.04,80.99,81.01,2400
74,81.08,81.08,81.0084,81.025,4450
75,81.14,81.14,81.07,81.0791,6591
76,81.07,81.1376,81.07,81.1302,4901
77,81.02,81.069,81.01,81.069,5152
78,81.04,81.09,81,81.02,5032
79,81.04,81.05,81.0366,81.04,2738
80,81.06,81.06,81.04,81.04,3017
81,81.14,81.15,81.06,81.06,4989
82,81.1,81.14,81.1,81.13,3500
83,81.18,81.19,81.1,81.1,8200
84,81.17,81.2,81.17,81.18,4924
85,81.14,81.19,81.14,81.155,4400
86,81.06,81.1512,81.06,81.13,5600
87,81.08,81.13,81.065,81.065,5170
88,80.995,81.07,80.96,81.07,7200
89,81.04,81.04,81,81,5334
90,81.07,81.1,81.04,81.04,3017
91,81.08,81.085,81.04,81.07,4100
92,81.1,81.1,81.075,81.08,2363
93,81.04,81.09,81.04,81.09,6100
94,81.065,81.065,81,81.06,14040
95,81.02,81.06,81.02,81.06,3318
96,80.975,81.0175,80.975,81.0101,15980
97,80.99,80.99,80.97,80.98,2000
98,81,81.035,80.98,80.98,4307
99,80.9865,81.01,80.98,80.99,2500
100,81.05,81.06,80.99,81,7180
101,81.1,81.1,81.02,81.04,4572
102,81.08,81.1,81.06,81.1,3722
103,81.16,81.16,81.09,81.09,7150
104,81.15,81.18,81.13,81.17,5933
105,81.09,81.1551,81.08,81.1551,5122
106,81.17,81.17,81.11,81.11,3900
107,81.13,81.17,81.12,81.17,5200
108,81.19,81.19,81.125,81.13,4277
109,81.2,81.24,81.18,81.19,4750
110,81.18,81.1984,81.18,81.19,3628
111,81.25,81.25,81.19,81.19,4401
112,81.26,81.27,81.25,81.25,3825
113,81.23,81.25,81.22,81.25,4400
114,81.1834,81.215,81.16,81.21,3736
115,81.17,81.19,81.14,81.19,2900
116,81.185,81.19,81.16,81.17,6436
117,81.19,81.21,81.18,81.185,3503
118,81.14,81.18,81.14,81.18,2500
119,81.12,81.13,81.11,81.13,3420
120,81.16,81.16,81.1,81.12,3356
121,81.12,81.183,81.12,81.18,4100
122,81.155,81.155,81.13,81.13,4499
123,81.14,81.15,81.12,81.15,4100
124,81.16,81.16,81.13,81.13,4200
125,81.15,81.17,81.15,81.16,2200
126,81.17,81.18,81.15,81.15,4893
127,81.15,81.16,81.14,81.16,2300
128,81.16,81.17,81.14,81.15,5175
129,81.18,81.18,81.15,81.16,3472
130,81.17,81.2,81.17,81.17,6469
131,81.23,81.23,81.18,81.18,4173
132,81.2,81.24,81.2,81.2363,4575
133,81.14,81.19,81.14,81.19,3196
134,81.125,81.15,81.12,81.14,2500
135,81.12,81.1501,81.12,81.13,5569
136,81.1,81.11,81.09,81.11,1300
137,81.08,81.11,81.05,81.09,9004
138,81.09,81.1,81.08,81.09,3364
139,81.1156,81.13,81.09,81.09,3692
140,81.12,81.13,81.1,81.12,5825
141,81.16,81.16,81.12,81.12,2658
142,81.138,81.15,81.13,81.15,2800
143,81.14,81.16,81.14,81.15,2654
144,81.15,81.15,81.13,81.14,3650
145,81.18,81.18,81.13,81.15,5947
146,81.1853,81.19,81.18,81.18,2599
147,81.19,81.19,81.18,81.18,1800
148,81.13,81.195,81.13,81.19,6410
149,81.14,81.16,81.13,81.14,6375
150,81.19,81.19,81.14,81.14,5776
151,81.18,81.18,81.17,81.18,2485
152,81.19,81.19,81.17,81.17,3810
153,81.19,81.22,81.185,81.185,5492
154,81.18,81.2,81.18,81.18,6479
155,81.19,81.19,81.18,81.19,1300
156,81.225,81.225,81.17,81.19,8647
157,81.18,81.23,81.18,81.21,8447
158,81.17,81.19,81.16,81.18,11402
159,81.17,81.18,81.15,81.18,7092
160,81.13,81.16,81.13,81.16,4849
161,81.09,81.12,81.06,81.12,5700
162,81.02,81.09,81.01,81.09,7655
163,80.97,81.03,80.96,81.03,2106
164,81,81.01,80.96,80.96,3800
165,81.02,81.02,80.98,80.99,4251
166,80.98,81.02,80.98,81.02,5160
167,81.01,81.01,80.96,80.97,7169
168,80.95,81.02,80.935,81.01,5491
169,80.91,80.95,80.89,80.95,4600
170,80.97,80.97,80.92,80.92,4996
171,80.98,81,80.96,80.97,3193
172,80.93,80.97,80.92,80.97,2764
173,80.93,80.95,80.93,80.94,2700
174,80.83,80.93,80.83,80.93,2600
175,80.89,80.89,80.845,80.845,3784
176,80.905,80.905,80.8634,80.89,7099
177,80.95,80.96,80.91,80.91,3294
178,80.98,80.99,80.9545,80.9545,4398
179,81.0001,81.01,80.99,80.993,3085
180,80.99,81.01,80.99,81.01,2400
181,80.97,80.99,80.97,80.99,1925
182,80.97,80.98,80.94,80.96,3900
183,80.95,80.96,80.95,80.96,1131
184,80.96,80.96,80.945,80.95,1800
185,81,81,80.96,80.97,3380
186,81.03,81.03,80.99,81,3914
187,81.04,81.04,81.01,81.03,1900
188,81.03,81.05,81.02,81.0362,6157
189,81.0499,81.05,81.03,81.03,2820
190,81.04,81.04,81.03,81.04,2400
191,81,81.04,81,81.04,2912
192,81.06,81.06,81,81,3659
193,81.04,81.05,81.04,81.05,1200
194,81.06,81.06,81.04,81.04,1300
195,81.03,81.07,81.03,81.07,1907
196,81.03,81.04,81.01,81.03,9058
197,81.05,81.05,81.03,81.03,760
198,81.03,81.05,81.03,81.04,2207
199,81.03,81.05,81.03,81.04,3214
200,81.05,81.06,81.02,81.02,3401
201,81.04,81.06,81.04,81.06,2800
202,81.03,81.05,81.003,81.04,5689
203,80.98,81.03,80.96,81.03,4324
204,80.975,81,80.975,80.9799,2540
205,81,81,80.98,80.98,3300
206,80.99,81.0001,80.99,81,2745
207,80.97,80.98,80.95,80.98,3900
208,80.94,80.96,80.94,80.96,2205
209,80.91,80.945,80.91,80.9434,7819
210,80.9,80.92,80.89,80.9,3700
211,80.89,80.92,80.8701,80.89,8000
212,80.96,80.96,80.9,80.9,3115
213,80.94,80.98,80.94,80.97,2380
214,80.995,80.995,80.95,80.95,3598
215,80.98,81.01,80.97,81,7116
216,80.97,81,80.96,80.98,4027
217,80.96,81,80.96,80.98,5364
218,80.99,81,80.95,80.955,7706
219,80.96,80.98,80.955,80.98,7143
220,80.97,81,80.955,80.97,11306
221,80.97,81,80.96,80.97,13434
222,81,81.01,80.98,80.98,4025
223,81.04,81.04,80.985,80.99,13460
224,80.98,81.04,80.95,81.035,17450
225,80.98,81.02,80.98,80.98,6286
226,80.905,80.98,80.905,80.98,11101
227,80.905,80.91,80.89,80.91,3248
228,80.9,80.92,80.9,80.91,1700
229,80.88,80.91,80.875,80.91,3200
230,80.88,80.89,80.86,80.89,6460
231,80.9,80.9034,80.8875,80.89,1400
232,80.84,80.89,80.84,80.89,2463
233,80.85,80.86,80.84,80.85,2800
234,80.85,80.89,80.85,80.86,3813
235,80.85,80.85,80.845,80.85,1197
236,80.86,80.87,80.835,80.85,6587
237,80.86,80.87,80.86,80.87,3700
238,80.89,80.9,80.86,80.86,8617
239,80.845,80.89,80.845,80.89,3038
240,80.84,80.87,80.84,80.85,3930
241,80.87,80.87,80.79,80.83,5395
242,80.85,80.87,80.85,80.87,2645
243,80.8401,80.85,80.84,80.845,760
244,80.8,80.85,80.8,80.85,4134
245,80.81,80.82,80.81,80.81,1100
246,80.765,80.81,80.74,80.81,8839
247,80.74,80.765,80.73,80.765,3544
248,80.76,80.79,80.76,80.78,2175
249,80.76,80.76,80.74,80.75,3403
250,80.76,80.78,80.76,80.77,3196
251,80.79,80.795,80.755,80.755,3393
252,80.8,80.8177,80.8,80.8,2300
253,80.7835,80.82,80.76,80.81,9457
254,80.78,80.7999,80.77,80.7835,3524
255,80.78,80.79,80.76,80.78,2100
256,80.79,80.79,80.77,80.79,3189
257,80.8128,80.83,80.79,80.8,8174
258,80.78,80.79,80.775,80.78,1900
259,80.82,80.82,80.78,80.78,5925
260,80.85,80.86,80.815,80.815,11209
261,80.835,80.84,80.82,80.84,2621
262,80.825,80.86,80.82,80.84,3870
263,80.84,80.84,80.83,80.84,400
264,80.83,80.85,80.83,80.84,3063
265,80.81,80.83,80.8,80.83,2507
266,80.81,80.8272,80.81,80.82,1633
267,80.75,80.81,80.75,80.81,6536
268,80.75,80.75,80.7,80.7457,4231
269,80.8,80.8036,80.76,80.76,3510
270,80.79,80.81,80.76,80.8,4308
271,80.751,80.81,80.751,80.81,3498
272,80.67,80.78,80.67,80.77,5940
273,80.71,80.73,80.62,80.66,6430
274,80.86,80.87,80.72,80.72,4451
275,80.78,80.85,80.77,80.85,5172
276,80.87,80.89,80.79,80.79,4199
277,80.87,80.93,80.87,80.88,4168
278,80.85,80.87,80.83,80.8619,4200
279,80.8,80.85,80.8,80.85,3360
280,80.81,80.83,80.74,80.8,6885
281,80.84,80.8801,80.81,80.81,5300
282,80.72,80.82,80.71,80.82,5699
283,80.72,80.74,80.69,80.74,4555
284,80.75,80.76,80.73,80.74,2230
285,80.78,80.79,80.74,80.75,7900
286,80.7,80.78,80.7,80.78,7120
287,80.6,80.71,80.57,80.71,31710
288,80.52,80.605,80.51,80.605,18735
289,80.55,80.55,80.44,80.51,10170
290,80.57,80.6,80.52,80.55,6300
291,80.59,80.61,80.57,80.57,13066
292,80.6,80.6,80.55,80.58,6104
293,80.52,80.59,80.485,80.59,6299
294,80.56,80.56,80.52,80.53,6877
295,80.54,80.6,80.54,80.57,12900
296,80.55,80.55,80.5,80.54,17833
297,80.58,80.58,80.54,80.57,5555
298,80.59,80.61,80.59,80.59,4225
299,80.6,80.61,80.59,80.6,3100
300,80.65,80.65,80.6,80.6,5427
301,80.57,80.6427,80.57,80.64,8826
302,80.58,80.59,80.56,80.57,2300
303,80.53,80.6,80.525,80.59,5932
304,80.58,80.58,80.54,80.54,1700
305,80.61,80.63,80.57,80.57,5932
306,80.44,80.61,80.44,80.6,11726
307,80.35,80.46,80.3,80.44,16809
308,80.41,80.42,80.33,80.35,6570
309,80.32,80.41,80.32,80.41,6351
310,80.37,80.39,80.3332,80.3332,6532
311,80.4,80.41,80.38,80.38,3445
312,80.35,80.405,80.27,80.4,17404
313,80.24,80.368,80.23,80.34,15825
314,80.29,80.32,80.19,80.22,12913
315,80.18,80.28,80.07,80.28,26567
316,80.05,80.21,80.04,80.19,11450
317,80.06,80.1,79.97,80.0792,21600
318,79.98,80.05,79.92,80.05,19230
319,80.14,80.14,79.94,79.95,11509
320,80.07,80.15,80.06,80.13,6311
321,80.13,80.13,80.03,80.04,10348
322,80.09,80.18,80.07,80.13,6006
323,80.1,80.1,80.05,80.1,5699
324,80.19,80.21,80.09,80.12,13559
325,80.18,80.21,80.18,80.18,7399
326,80.16,80.17,80.15,80.17,6427
327,80.15,80.21,80.15,80.17,6488
328,80.11,80.19,80.1,80.16,7540
329,80.15,80.1701,80.1204,80.1204,4061
330,80.02,80.13,80.02,80.13,16924
331,80.01,80.07,79.99,80.03,7897
332,80.02,80.02,79.94,80.0046,11736
333,79.99,80,79.95,80,5806
334,80.04,80.04,79.97,79.97,4500
335,80.06,80.08,80.04,80.04,3600
336,80.05,80.07,80.01,80.06,6125
337,79.99,80.055,79.99,80.05,7719
338,80.02,80.04,79.99,79.99,7326
339,80,80.03,79.98,80.01,6864
340,79.89,80.0001,79.88,80,14211
341,79.61,79.88,79.61,79.8701,36528
342,79.56,79.64,79.51,79.6,18908
343,79.59,79.62,79.5,79.55,12631
344,79.58,79.65,79.53,79.61,15298
345,79.51,79.6,79.44,79.6,38080
346,79.56,79.58,79.4723,79.49,15819
347,79.63,79.66,79.55,79.55,13151
348,79.65,79.68,79.6,79.64,18117
349,79.59,79.64,79.49,79.64,19215
350,79.59,79.65,79.58,79.6,10842
351,79.63,79.63,79.54,79.59,16056
352,79.69,79.705,79.64,79.64,11191
353,79.74,79.8,79.68,79.71,8500
354,79.7801,79.805,79.74,79.75,6852
355,79.7601,79.78,79.7,79.78,35596
356,79.765,79.7869,79.75,79.765,10625
357,79.73,79.765,79.69,79.765,10935
358,79.8,79.8029,79.72,79.75,16944
359,79.92,79.935,79.805,79.81,26031
360,79.88,79.94,79.83,79.93,10241
361,79.88,79.9,79.8689,79.87,10489
362,79.8,79.9,79.77,79.885,8718
363,79.83,79.86,79.8,79.8,13759
364,79.865,79.87,79.81,79.83,4500
365,79.99,79.99,79.87,79.87,14267
366,79.97,80.02,79.96,80,11679
367,79.975,80.01,79.9501,79.98,7392
368,79.95,80,79.88,79.98,23586
369,79.95,79.97,79.94,79.95,4925
370,80.01,80.02,79.955,79.96,13454
371,79.93,80.01,79.93,80.01,13272
372,79.97,79.98,79.93,79.94,10556
373,79.91,79.97,79.91,79.97,11235
374,79.91,79.92,79.89,79.92,7942
375,79.97,79.98,79.9,79.91,10000
376,79.97,79.98,79.94,79.96,13421
377,79.98,80.01,79.96,79.97,11270
378,80,80.005,79.965,79.99,7886
379,80.02,80.02,80,80,8791
380,80.09,80.1,80.03,80.03,22827
381,80.06,80.12,80.06,80.09,30476
382,80.04,80.06,80.03,80.05,14235
383,80.09,80.1,80.04,80.05,16408
384,80.13,80.135,80.08,80.09,12211
385,80.16,80.18,80.11,80.12,27853
386,80.13,80.175,80.13,80.16,22558
387,80.13,80.14,80.06,80.13,34363
388,80.11,80.13,80.08,80.12,20447
389,80.1,80.14,80.07,80.12,39336
390,80.16,80.19,80.105,80.105,527618
