ULTA,Ulta Salon Cosmetics & Fragrance Inc,Consumer Discretionary,1,Specialty Stores,18588288939,797530
a1497533400,300.73,300.73,300.73,300.73,4902
1,300.62,300.74,300.31,300.74,800
2,300.2125,300.46,300.02,300.02,400
3,300.17,300.17,300.17,300.17,100
5,299.68,300.16,299.6,300.16,600
6,299.25,300.15,299.25,300.04,4932
8,299.2,299.5055,299.2,299.5055,1250
9,299.2264,299.2264,299.13,299.2,600
10,299.7837,299.7837,299.11,299.11,200
11,299.5,299.9826,299.5,299.62,316
12,299.16,299.595,299.16,299.595,500
13,298.73,299.04,298.66,299.04,1379
14,298.929,298.929,298.6,298.71,1336
15,298.62,298.62,298.35,298.6,1393
16,298.17,298.4582,297.76,298.4582,1525
18,298.06,298.39,297.995,298.0353,2400
19,298.35,298.47,298.325,298.44,1100
20,298.82,298.84,298.43,298.46,1252
21,298.48,298.525,298.48,298.52,300
23,298.48,298.48,298.4581,298.4581,200
24,298.35,298.44,298.3042,298.34,2400
25,297.62,298,297.62,298,1722
26,298.19,298.19,297.641,297.71,4567
27,298.19,298.19,298.19,298.19,100
28,298.3868,298.74,298.3868,298.74,250
30,299.095,299.095,298.6075,298.73,400
32,299.27,299.27,299.135,299.135,200
33,299.75,299.83,299.2252,299.2252,4040
34,299.84,299.84,299.84,299.84,300
35,299.73,299.81,299.73,299.81,500
36,299.53,299.705,299.53,299.705,300
37,299.3252,299.3252,299.3252,299.3252,500
38,299.27,299.48,299.16,299.27,3100
39,299.55,299.55,299.55,299.55,100
40,299.79,299.79,299.59,299.59,400
42,299.68,299.85,299.68,299.75,900
44,299.84,300.0814,299.66,299.76,2031
45,299.67,299.81,299.67,299.7,700
46,299.3952,299.43,299.3952,299.43,267
47,299.3,299.45,299.3,299.45,600
48,299.46,299.46,299.3775,299.44,1100
49,298.9,298.951,298.67,298.84,1317
50,298.85,298.85,298.85,298.85,100
52,298.71,298.83,298.71,298.83,400
53,298.5,298.5,298.5,298.5,315
54,298.25,298.52,297.93,298.36,5480
55,298.43,298.43,298.43,298.43,100
56,297.895,297.92,297.895,297.92,536
58,298.0415,298.0415,298.0415,298.0415,100
59,297.94,298.17,297.89,298.17,600
60,298.21,298.21,298.005,298.13,700
61,298.13,298.13,297.85,298.07,900
62,298.19,298.19,298.19,298.19,200
63,298.05,298.05,298.0365,298.0365,200
64,297.77,298.0989,297.77,297.99,600
65,297.85,297.9152,297.6301,297.9152,794
66,297.9177,298.04,297.89,297.89,1803
67,297.85,298.02,297.78,297.78,1725
68,297.86,297.9479,297.86,297.9479,300
69,298.015,298.05,297.9575,298.02,500
70,297.87,297.87,297.87,297.87,200
71,297.89,298.04,297.89,298.04,200
72,297.98,297.99,297.82,297.89,700
73,297.965,298.02,297.965,298.01,1429
74,297.66,297.83,297.66,297.83,1200
75,297.81,297.93,297.81,297.93,266
76,297.91,297.91,297.76,297.76,2200
77,297.94,298.01,297.8598,297.91,1150
79,297.78,297.9,297.78,297.9,650
80,297.88,297.88,297.71,297.78,500
81,297.74,297.93,297.74,297.93,500
83,297.425,297.58,297.425,297.58,935
84,297.15,297.41,297.15,297.41,1700
85,297.3,297.47,297.2025,297.2025,2146
86,297.34,297.34,297.34,297.34,101
87,297.48,297.48,297.48,297.48,100
88,297.86,297.86,297.68,297.68,1900
90,297.65,297.71,297.61,297.71,500
91,297.37,297.65,297.37,297.57,977
94,297.57,297.57,297.57,297.57,100
95,297.69,297.71,297.69,297.71,400
96,297.84,298.04,297.84,297.93,400
97,297.82,297.96,297.77,297.78,2800
98,297.69,297.85,297.69,297.84,1600
99,297.6186,297.6186,297.6186,297.6186,120
100,297.78,297.78,297.78,297.78,100
102,297.76,297.76,297.52,297.52,300
104,297.77,297.77,297.72,297.72,600
106,297.62,297.62,297.62,297.62,100
107,297.46,297.46,297.46,297.46,100
109,297.51,297.51,297.51,297.51,100
111,297.13,297.38,297.12,297.31,853
112,297.02,297.12,297.02,297.11,830
113,297.135,297.28,297,297.02,3501
114,297.33,297.33,297.0907,297.0907,1199
115,297.58,297.62,297.41,297.41,1100
116,297.2,297.2,297.2,297.2,100
117,297.18,297.18,297.18,297.18,100
118,297.02,297.19,297.02,297.19,700
119,297,297.03,296.94,297.03,1261
120,297.37,297.38,297.2,297.38,302
122,297.2,297.2,297.2,297.2,842
123,297.67,297.67,297.34,297.34,700
128,297.8,297.8,297.67,297.69,400
130,297.685,297.685,297.685,297.685,100
132,297.77,297.77,297.74,297.74,1372
134,298.21,298.21,298.0128,298.0128,1200
136,298,298.2,297.99,298.04,1000
137,298.15,298.19,298.139,298.139,650
138,298.095,298.1,298.03,298.1,700
139,298.2,298.2,298.2,298.2,100
140,298.12,298.21,298.12,298.2,500
141,298.48,298.48,298.34,298.41,500
144,298.25,298.43,298.25,298.43,500
145,298.15,298.16,298.15,298.16,400
146,298.14,298.24,298.14,298.2299,500
147,298.28,298.36,298.17,298.34,1600
149,298.27,298.27,298.26,298.26,200
150,298.175,298.175,298.175,298.175,100
152,298.46,298.46,298.14,298.141,400
154,298.4,298.4,298.4,298.4,100
157,298.35,298.35,298.16,298.1601,720
159,298.29,298.37,298.26,298.26,1300
160,298.6,298.61,298.58,298.6,400
161,298.82,298.82,298.61,298.61,300
163,298.77,298.77,298.698,298.698,200
164,298.845,298.88,298.547,298.82,4085
166,298.87,298.87,298.87,298.87,100
167,299,299,298.9,298.9,1141
168,299.29,299.29,299.12,299.12,300
169,299.13,299.154,299.13,299.154,400
170,299.05,299.07,299.04,299.07,400
172,299.24,299.24,299.23,299.23,200
173,299.205,299.24,299.07,299.24,1000
174,299.11,299.145,299.07,299.13,3864
175,299.175,299.4,299.175,299.21,4001
178,298.91,299.31,298.91,299.17,900
180,298.84,298.84,298.84,298.84,100
181,298.9904,298.9904,298.9904,298.9904,167
183,298.86,298.97,298.86,298.97,200
184,298.8253,298.8253,298.8253,298.8253,100
185,298.85,298.95,298.775,298.775,600
186,298.95,298.95,298.95,298.95,100
188,298.825,298.87,298.82,298.87,400
189,298.87,298.87,298.87,298.87,100
190,298.94,298.94,298.92,298.92,200
191,299,299,298.791,298.791,600
192,299.05,299.05,299.02,299.04,700
193,299.08,299.08,299.08,299.08,100
194,299.09,299.1,299.09,299.1,385
197,299.33,299.33,299.33,299.33,100
201,299.26,299.26,299.26,299.26,100
204,299.26,299.26,299.17,299.17,255
205,299.17,299.27,299.17,299.27,1100
207,299.355,299.355,299.355,299.355,200
208,299.43,299.43,299.43,299.43,100
210,299.33,299.52,299.3,299.46,1600
211,299.33,299.4,299.33,299.4,700
214,299.31,299.31,299.3,299.31,500
215,299.311,299.311,299.311,299.311,131
216,299.31,299.31,299.31,299.31,200
217,299.38,299.38,299.38,299.38,100
218,299.26,299.4109,299.26,299.4109,300
219,299.22,299.3928,299.22,299.3928,7100
221,299.2,299.2,299.2,299.2,483
222,299.28,299.28,299.28,299.28,100
224,299.44,299.48,299.29,299.43,1400
225,299.675,299.835,299.3,299.46,2500
226,299.46,299.675,299.46,299.675,400
227,299.43,299.43,299.43,299.43,100
229,299.29,299.35,299.29,299.35,747
230,299.23,299.23,299.23,299.23,100
231,299.17,299.17,299.08,299.17,600
242,299.19,299.24,299.135,299.22,1600
245,299.27,299.27,299.27,299.27,100
246,299.23,299.3,299.11,299.29,800
250,299.275,299.275,299.275,299.275,100
251,299.12,299.13,299.12,299.13,200
252,299.11,299.11,299.11,299.11,100
253,299.115,299.115,299.115,299.115,100
254,298.845,299.01,298.845,299.01,300
255,298.84,298.84,298.84,298.84,200
257,298.8,298.8,298.8,298.8,100
259,298.99,298.99,298.96,298.96,200
260,298.98,298.98,298.98,298.98,100
261,298.74,298.84,298.74,298.84,500
262,298.6,298.73,298.59,298.73,1155
264,298.64,298.64,298.62,298.62,200
266,298.55,298.55,298.55,298.55,100
267,298.72,298.72,298.72,298.72,100
268,298.78,298.81,298.7,298.705,1606
269,298.74,298.74,298.74,298.74,100
270,298.65,298.65,298.65,298.65,100
272,298.76,298.76,298.76,298.76,100
273,298.87,298.87,298.78,298.78,400
274,298.83,298.86,298.83,298.86,300
275,299.09,299.09,298.86,298.86,800
276,299.25,299.26,299.12,299.1599,1000
278,299.28,299.28,299.2597,299.2597,350
279,299.34,299.34,299.15,299.15,900
280,299.17,299.28,299.14,299.18,3298
281,299.2,299.33,299.08,299.33,2108
282,298.9801,299.0001,298.9801,299.0001,300
283,298.97,299.01,298.97,299.01,300
285,299.2099,299.21,299.07,299.07,800
286,299.21,299.21,299.21,299.21,100
288,299.3,299.3,299.3,299.3,100
290,299.31,299.31,299.31,299.31,100
291,299.11,299.13,299.11,299.13,200
292,299.325,299.325,299.07,299.27,2600
293,299.2888,299.375,299.2888,299.375,1450
295,299.31,299.31,299.19,299.19,600
296,299.22,299.49,299.2,299.42,1500
298,299.4903,299.4903,299.4903,299.4903,100
299,299.7,299.7,299.52,299.58,600
300,299.65,299.65,299.51,299.51,200
301,299.47,299.51,299.47,299.51,200
304,299.6,299.65,299.44,299.61,800
306,299.56,299.58,299.56,299.58,800
309,299.47,299.59,299.47,299.58,830
310,299.42,299.67,299.42,299.67,600
312,299.58,299.58,299.56,299.56,200
313,299.41,299.42,299.41,299.42,400
314,299.64,299.64,299.64,299.64,100
315,299.73,299.73,299.66,299.66,700
316,299.62,299.7,299.5901,299.5901,600
317,299.64,299.785,299.64,299.785,700
318,299.48,299.64,299.48,299.55,4069
319,299.58,299.71,299.58,299.61,400
320,299.79,299.79,299.59,299.59,1787
321,299.63,299.72,299.63,299.72,300
322,299.711,299.711,299.711,299.711,100
323,299.6,299.67,299.6,299.6,400
325,299.605,299.605,299.605,299.605,100
326,299.83,299.83,299.68,299.68,500
327,299.68,299.72,299.67,299.67,400
328,299.85,299.86,299.63,299.86,1400
329,299.55,299.59,299.47,299.48,2000
330,299.73,299.73,299.72,299.72,400
331,299.77,299.77,299.77,299.77,118
333,299.7025,299.84,299.56,299.77,1900
335,299.64,299.89,299.64,299.79,1500
336,299.8,299.8,299.8,299.8,500
337,299.5,299.673,299.49,299.673,1200
338,299.6,299.73,299.49,299.64,800
339,299.79,299.89,299.46,299.69,2100
340,299.895,299.895,299.52,299.725,1100
341,299.71,299.71,299.71,299.71,200
344,299.82,299.82,299.701,299.701,200
345,299.67,299.67,299.67,299.67,100
346,299.6897,299.78,299.64,299.64,500
348,299.8125,299.82,299.77,299.77,1239
350,299.88,299.88,299.88,299.88,100
351,299.89,299.89,299.89,299.89,100
352,299.89,299.89,299.89,299.89,100
354,299.72,299.78,299.72,299.78,400
356,299.8,299.8,299.74,299.74,400
358,299.94,299.94,299.94,299.94,100
359,299.77,299.77,299.77,299.77,300
360,299.78,299.78,299.78,299.78,100
362,299.85,299.85,299.78,299.78,1300
363,299.75,299.75,299.75,299.75,100
364,299.85,299.85,299.7497,299.7497,200
365,299.85,299.85,299.85,299.85,100
366,299.79,299.88,299.76,299.85,1400
367,299.66,299.74,299.66,299.7,400
368,299.49,299.68,299.49,299.64,1116
369,299.31,299.48,299.3,299.48,500
370,299.12,299.31,299.12,299.3,700
371,299.27,299.27,299.1,299.1,767
372,299.36,299.36,299.32,299.32,300
373,299.23,299.43,299.23,299.37,800
374,299.26,299.26,299.26,299.26,300
375,299.25,299.28,299.2472,299.28,700
376,299.28,299.35,299.18,299.23,2100
377,299.05,299.47,299.05,299.46,3490
378,299.02,299.18,299.01,299.18,950
379,299.32,299.39,298.95,299.01,2607
380,299.24,299.4,299.24,299.4,1000
381,299.14,299.22,299.1,299.22,500
382,299.2,299.27,299.01,299.15,3000
383,299.12,299.13,299.04,299.13,700
384,299.12,299.19,299.04,299.09,4523
385,299.39,299.43,299.12,299.12,6901
386,299.8397,299.87,299.39,299.39,2916
387,299.85,299.95,299.69,299.75,4400
388,300.09,300.09,299.8897,299.8897,4110
389,300.1888,300.1888,300.01,300.1,5094
390,300.13,300.24,299.98,300.21,24189
