VZ,Verizon Communications,Telecommunication Services,10,Integrated Telecommunication Services,187519362465,14473393
a1497447060,46.5592,46.64,46.5,46.63,267454
1,46.51,46.57,46.5,46.53,18093
2,46.53,46.55,46.49,46.52,40183
3,46.4896,46.54,46.48,46.5292,20006
4,46.485,46.5,46.443,46.49,37964
5,46.4899,46.49,46.45,46.485,25672
6,46.49,46.5,46.475,46.4866,89043
7,46.47,46.485,46.44,46.485,33195
8,46.47,46.49,46.46,46.47,34059
9,46.51,46.52,46.47,46.47,72537
10,46.53,46.54,46.51,46.51,19371
11,46.54,46.56,46.5242,46.5242,47890
12,46.544,46.55,46.5201,46.53,4767
13,46.54,46.55,46.535,46.545,11295
14,46.535,46.5493,46.535,46.54,16607
15,46.51,46.56,46.51,46.535,38809
16,46.4751,46.52,46.4751,46.515,19129
17,46.5034,46.52,46.4501,46.475,41455
18,46.4738,46.51,46.46,46.505,13510
19,46.5,46.505,46.465,46.47,13165
20,46.54,46.54,46.495,46.5,22120
21,46.5459,46.5459,46.53,46.54,16398
22,46.5346,46.55,46.52,46.54,16063
23,46.5338,46.54,46.5302,46.535,8212
24,46.55,46.565,46.53,46.54,14843
25,46.5159,46.555,46.51,46.5543,12779
26,46.495,46.52,46.485,46.5162,14923
27,46.54,46.55,46.49,46.5,13547
28,46.525,46.56,46.515,46.542,31696
29,46.505,46.54,46.5,46.53,26389
30,46.49,46.51,46.49,46.505,27441
31,46.5,46.51,46.49,46.4962,23866
32,46.4643,46.5043,46.46,46.5043,23153
33,46.46,46.46,46.45,46.46,7605
34,46.455,46.47,46.43,46.455,31174
35,46.4702,46.48,46.455,46.455,13349
36,46.45,46.48,46.44,46.48,25050
37,46.475,46.48,46.45,46.45,23593
38,46.48,46.48,46.465,46.4756,18197
39,46.48,46.48,46.47,46.48,7516
40,46.445,46.48,46.44,46.48,22706
41,46.49,46.49,46.44,46.445,15273
42,46.51,46.52,46.49,46.49,13830
43,46.5092,46.52,46.485,46.51,17599
44,46.53,46.54,46.48,46.4899,13056
45,46.53,46.54,46.52,46.54,18997
46,46.5638,46.57,46.535,46.54,12638
47,46.56,46.57,46.555,46.57,19909
48,46.58,46.595,46.56,46.57,18159
49,46.6,46.6,46.56,46.58,23250
50,46.565,46.595,46.565,46.595,14607
51,46.54,46.57,46.54,46.561,18042
52,46.535,46.55,46.53,46.55,15588
53,46.53,46.55,46.53,46.5353,7712
54,46.5358,46.55,46.52,46.5363,15028
55,46.53,46.54,46.52,46.54,7003
56,46.5447,46.5488,46.52,46.53,12161
57,46.52,46.545,46.52,46.545,17125
58,46.5278,46.53,46.52,46.525,4480
59,46.5252,46.53,46.51,46.52,15045
60,46.5103,46.525,46.51,46.52,2894
61,46.515,46.52,46.51,46.5168,3211
62,46.53,46.53,46.5135,46.519,19738
63,46.52,46.54,46.52,46.53,12002
64,46.52,46.54,46.51,46.53,10588
65,46.535,46.535,46.513,46.52,9664
66,46.53,46.55,46.5234,46.5351,12717
67,46.53,46.54,46.53,46.535,4997
68,46.51,46.53,46.51,46.53,5459
69,46.51,46.52,46.51,46.5166,21797
70,46.5,46.515,46.5,46.51,22640
71,46.5003,46.52,46.49,46.5001,31569
72,46.5053,46.515,46.5,46.51,7175
73,46.5,46.51,46.5,46.507,860
74,46.4629,46.5076,46.4629,46.505,14519
75,46.4456,46.47,46.43,46.465,24154
76,46.47,46.47,46.43,46.44,27306
77,46.465,46.48,46.46,46.461,12776
78,46.45,46.465,46.44,46.465,10398
79,46.46,46.46,46.43,46.4444,24523
80,46.445,46.4566,46.44,46.45,7249
81,46.45,46.47,46.443,46.45,15781
82,46.445,46.455,46.445,46.4503,5845
83,46.435,46.45,46.43,46.4473,8746
84,46.4301,46.44,46.43,46.435,3225
85,46.42,46.44,46.415,46.43,28674
86,46.4242,46.45,46.42,46.4299,12339
87,46.44,46.45,46.415,46.42,13195
88,46.46,46.46,46.44,46.444,7007
89,46.445,46.46,46.44,46.4542,10555
90,46.45,46.46,46.445,46.45,14264
91,46.445,46.455,46.44,46.45,6751
92,46.455,46.46,46.44,46.449,20325
93,46.48,46.495,46.453,46.46,31155
94,46.46,46.48,46.46,46.4738,11583
95,46.4501,46.47,46.45,46.46,3248
96,46.445,46.46,46.445,46.4539,5133
97,46.46,46.48,46.44,46.4442,30845
98,46.465,46.47,46.46,46.47,10159
99,46.49,46.495,46.4642,46.4642,20307
100,46.495,46.5,46.48,46.485,12915
101,46.5,46.5,46.48,46.495,11329
102,46.49,46.5,46.49,46.495,18893
103,46.495,46.5,46.49,46.495,16846
104,46.5249,46.53,46.495,46.495,28664
105,46.5366,46.56,46.51,46.525,37971
106,46.56,46.56,46.53,46.535,9738
107,46.541,46.56,46.54,46.5558,8929
108,46.565,46.565,46.5415,46.55,15554
109,46.565,46.57,46.55,46.56,13569
110,46.575,46.58,46.56,46.565,27392
111,46.596,46.6,46.575,46.577,18570
112,46.595,46.6,46.59,46.595,9054
113,46.5899,46.6,46.58,46.59,65465
114,46.585,46.59,46.581,46.585,8265
115,46.585,46.59,46.58,46.585,21988
116,46.585,46.59,46.58,46.585,14936
117,46.6156,46.62,46.58,46.59,30306
118,46.605,46.62,46.6,46.62,15984
119,46.6099,46.61,46.6,46.6,31223
120,46.61,46.62,46.6,46.605,42129
121,46.64,46.64,46.61,46.61,36727
122,46.6242,46.645,46.62,46.64,18884
123,46.635,46.64,46.6136,46.63,25869
124,46.62,46.64,46.61,46.63,10569
125,46.61,46.625,46.6,46.61,16858
126,46.61,46.61,46.6,46.609,5229
127,46.61,46.61,46.6001,46.605,8833
128,46.6,46.61,46.59,46.61,31719
129,46.595,46.6,46.59,46.6,10970
130,46.6135,46.6199,46.6,46.6,11784
131,46.59,46.6164,46.59,46.6164,12398
132,46.5934,46.6,46.59,46.59,29466
133,46.605,46.61,46.595,46.6,14285
134,46.595,46.6058,46.59,46.6058,13925
135,46.6,46.61,46.59,46.59,27932
136,46.6067,46.61,46.59,46.605,11016
137,46.61,46.61,46.6,46.6,6349
138,46.595,46.605,46.59,46.6,6826
139,46.6,46.6,46.59,46.5966,6467
140,46.57,46.6,46.57,46.5933,26363
141,46.567,46.59,46.565,46.575,23730
142,46.569,46.57,46.56,46.57,4621
143,46.54,46.57,46.54,46.5656,11584
144,46.559,46.56,46.54,46.54,18317
145,46.565,46.57,46.5525,46.555,5807
146,46.565,46.57,46.56,46.565,25578
147,46.585,46.59,46.57,46.57,8047
148,46.585,46.59,46.58,46.585,8604
149,46.585,46.59,46.5842,46.5862,7160
150,46.6,46.61,46.581,46.5898,17392
151,46.61,46.61,46.6,46.6038,4638
152,46.59,46.61,46.59,46.61,28538
153,46.605,46.61,46.59,46.59,15557
154,46.61,46.61,46.6,46.6,4210
155,46.61,46.61,46.6,46.607,16468
156,46.5901,46.605,46.59,46.6033,8611
157,46.595,46.6,46.585,46.59,17333
158,46.63,46.63,46.59,46.59,26799
159,46.6142,46.6268,46.605,46.6268,17673
160,46.6,46.62,46.59,46.62,11658
161,46.591,46.6,46.59,46.595,17725
162,46.595,46.6,46.59,46.6,4689
163,46.585,46.5956,46.58,46.595,20405
164,46.62,46.63,46.59,46.59,17574
165,46.615,46.62,46.61,46.611,5747
166,46.61,46.6162,46.6,46.61,11416
167,46.585,46.605,46.585,46.605,14378
168,46.5951,46.6,46.585,46.6,18747
169,46.5971,46.6,46.585,46.5901,8630
170,46.59,46.6,46.585,46.591,12818
171,46.61,46.62,46.59,46.595,26019
172,46.5999,46.615,46.5999,46.61,11250
173,46.595,46.6,46.59,46.6,2551
174,46.595,46.6,46.59,46.595,9070
175,46.5942,46.5999,46.59,46.595,6150
176,46.595,46.6,46.59,46.5902,9277
177,46.595,46.6,46.59,46.6,3518
178,46.6,46.6,46.59,46.6,7528
179,46.6,46.6,46.59,46.5954,8947
180,46.6061,46.61,46.595,46.595,15642
181,46.605,46.61,46.6,46.6,9045
182,46.6,46.61,46.6,46.605,12183
183,46.58,46.607,46.58,46.605,26130
184,46.59,46.59,46.58,46.5871,9647
185,46.595,46.6,46.5817,46.5817,14751
186,46.6,46.6,46.59,46.595,5252
187,46.595,46.6,46.59,46.5901,8932
188,46.595,46.6,46.59,46.595,5194
189,46.595,46.6,46.59,46.595,3567
190,46.59,46.6,46.59,46.6,9130
191,46.595,46.6,46.59,46.6,10793
192,46.585,46.6,46.58,46.595,18885
193,46.58,46.59,46.58,46.59,3303
194,46.5893,46.59,46.58,46.585,9394
195,46.585,46.59,46.58,46.585,6657
196,46.585,46.59,46.58,46.5828,3754
197,46.59,46.59,46.58,46.585,7050
198,46.585,46.59,46.58,46.585,9884
199,46.59,46.59,46.58,46.585,12359
200,46.61,46.61,46.58,46.589,32251
201,46.595,46.61,46.59,46.61,17591
202,46.625,46.63,46.59,46.595,26056
203,46.62,46.63,46.62,46.625,4064
204,46.61,46.63,46.61,46.625,11364
205,46.607,46.6195,46.6,46.61,7544
206,46.6057,46.61,46.6,46.6,2151
207,46.605,46.61,46.6,46.6034,3375
208,46.6,46.61,46.6,46.61,10271
209,46.61,46.61,46.6,46.6,11196
210,46.6,46.61,46.6,46.61,27411
211,46.615,46.6199,46.6001,46.61,23300
212,46.6157,46.62,46.61,46.615,5623
213,46.61,46.62,46.6,46.619,11456
214,46.6,46.62,46.6,46.61,10890
215,46.6,46.61,46.6,46.6,17757
216,46.6025,46.61,46.6,46.6068,7516
217,46.6,46.61,46.6,46.6,11361
218,46.61,46.61,46.6,46.601,9205
219,46.6,46.61,46.595,46.6,34131
220,46.605,46.61,46.6,46.61,9944
221,46.6,46.6072,46.6,46.6,9966
222,46.6,46.61,46.6,46.605,6925
223,46.6032,46.61,46.6,46.605,20855
224,46.63,46.63,46.6,46.6099,22779
225,46.61,46.63,46.61,46.63,19951
226,46.6,46.61,46.6,46.605,9265
227,46.6038,46.61,46.6,46.6,14613
228,46.61,46.61,46.595,46.61,21587
229,46.6151,46.62,46.605,46.61,7827
230,46.61,46.6198,46.61,46.6166,3686
231,46.6065,46.615,46.6,46.61,11211
232,46.5947,46.609,46.591,46.6045,19575
233,46.5802,46.5904,46.5742,46.59,10902
234,46.575,46.5899,46.5748,46.58,163933
235,46.5524,46.57,46.55,46.57,15503
236,46.55,46.56,46.55,46.56,4036
237,46.55,46.56,46.55,46.56,3703
238,46.56,46.56,46.55,46.56,2963
239,46.57,46.57,46.5535,46.56,9663
240,46.57,46.57,46.54,46.567,67037
241,46.5799,46.58,46.5633,46.57,3360
242,46.5699,46.58,46.56,46.575,7525
243,46.5643,46.5699,46.56,46.569,3767
244,46.56,46.57,46.56,46.56,5418
245,46.5553,46.57,46.55,46.5697,11094
246,46.5435,46.5561,46.54,46.55,3008
247,46.545,46.55,46.54,46.5469,7406
248,46.545,46.55,46.54,46.54,97993
249,46.565,46.57,46.5438,46.545,18633
250,46.5535,46.565,46.5535,46.565,21261
251,46.555,46.56,46.55,46.555,11386
252,46.5502,46.56,46.55,46.555,10207
253,46.545,46.5563,46.54,46.555,17192
254,46.5462,46.549,46.54,46.545,4942
255,46.5458,46.55,46.54,46.54,37515
256,46.5447,46.55,46.54,46.5434,3543
257,46.535,46.54,46.525,46.54,11678
258,46.535,46.54,46.53,46.535,2767
259,46.535,46.54,46.53,46.535,5022
260,46.5358,46.54,46.53,46.535,6256
261,46.55,46.55,46.53,46.535,14967
262,46.5334,46.545,46.53,46.545,9226
263,46.54,46.54,46.5302,46.54,6430
264,46.54,46.54,46.53,46.535,3120
265,46.53,46.54,46.53,46.535,3933
266,46.53,46.54,46.525,46.53,8970
267,46.52,46.53,46.52,46.52,3749
268,46.525,46.53,46.52,46.52,12169
269,46.53,46.54,46.52,46.52,16177
270,46.52,46.53,46.51,46.53,9522
271,46.46,46.52,46.46,46.51,16985
272,46.5266,46.53,46.45,46.47,34564
273,46.561,46.561,46.5261,46.529,15681
274,46.54,46.56,46.535,46.56,5255
275,46.5561,46.5653,46.54,46.54,7440
276,46.5462,46.58,46.5462,46.56,9887
277,46.5612,46.57,46.55,46.55,6509
278,46.565,46.57,46.543,46.5698,10117
279,46.56,46.58,46.56,46.5643,16234
280,46.56,46.56,46.5401,46.5544,10381
281,46.54,46.56,46.54,46.55,12906
282,46.56,46.56,46.54,46.54,8552
283,46.555,46.5664,46.551,46.5664,3302
284,46.57,46.58,46.56,46.56,20909
285,46.555,46.579,46.55,46.5763,19034
286,46.5201,46.56,46.5201,46.55,14546
287,46.5257,46.53,46.5142,46.52,10840
288,46.52,46.5299,46.5016,46.525,16247
289,46.515,46.53,46.51,46.52,26625
290,46.52,46.52,46.51,46.51,9723
291,46.495,46.52,46.4901,46.51,10660
292,46.49,46.51,46.49,46.5,11976
293,46.53,46.53,46.49,46.49,10822
294,46.54,46.55,46.525,46.53,11619
295,46.52,46.54,46.511,46.54,9473
296,46.54,46.54,46.52,46.52,22227
297,46.53,46.55,46.52,46.55,18692
298,46.5201,46.5295,46.51,46.525,8746
299,46.52,46.53,46.52,46.53,2844
300,46.53,46.53,46.5,46.52,25958
301,46.545,46.55,46.5229,46.525,10636
302,46.5201,46.545,46.515,46.545,24144
303,46.524,46.53,46.524,46.53,6786
304,46.48,46.54,46.48,46.52,25377
305,46.48,46.49,46.45,46.48,23900
306,46.49,46.5,46.47,46.475,19561
307,46.51,46.51,46.4844,46.4853,19210
308,46.517,46.517,46.49,46.51,16305
309,46.515,46.525,46.51,46.51,12788
310,46.5088,46.52,46.5,46.515,31071
311,46.49,46.5,46.47,46.5,30239
312,46.453,46.505,46.453,46.49,28927
313,46.49,46.5,46.41,46.46,71957
314,46.48,46.505,46.465,46.49,48610
315,46.4801,46.51,46.47,46.485,21957
316,46.515,46.52,46.48,46.485,46950
317,46.545,46.545,46.51,46.515,19390
318,46.545,46.56,46.525,46.54,47452
319,46.5,46.55,46.5,46.545,20763
320,46.5,46.51,46.49,46.5,31634
321,46.515,46.5358,46.505,46.51,30443
322,46.5312,46.54,46.5138,46.5154,11136
323,46.53,46.54,46.52,46.5342,14605
324,46.51,46.5262,46.5,46.52,11558
325,46.4963,46.51,46.49,46.51,6544
326,46.515,46.53,46.49,46.495,15800
327,46.5099,46.52,46.5,46.51,6410
328,46.505,46.51,46.501,46.505,3730
329,46.5,46.51,46.49,46.5,17769
330,46.49,46.505,46.4843,46.505,16642
331,46.5057,46.51,46.48,46.485,15004
332,46.49,46.51,46.49,46.51,5710
333,46.53,46.53,46.495,46.495,10610
334,46.515,46.53,46.51,46.525,13119
335,46.505,46.52,46.5,46.5143,15431
336,46.525,46.53,46.5036,46.505,12648
337,46.5246,46.53,46.51,46.5263,14935
338,46.53,46.53,46.52,46.52,3452
339,46.51,46.53,46.51,46.5297,12274
340,46.5413,46.55,46.51,46.52,37693
341,46.53,46.555,46.53,46.545,32248
342,46.5634,46.57,46.53,46.5362,24596
343,46.58,46.58,46.565,46.5661,16050
344,46.59,46.6,46.5629,46.5831,20224
345,46.58,46.59,46.57,46.58,30060
346,46.59,46.59,46.57,46.5865,27892
347,46.5817,46.59,46.565,46.585,42052
348,46.6048,46.61,46.58,46.5838,62295
349,46.62,46.62,46.6,46.61,20319
350,46.63,46.64,46.61,46.615,28057
351,46.63,46.63,46.615,46.63,42378
352,46.645,46.65,46.6358,46.6358,5469
353,46.61,46.65,46.61,46.65,23345
354,46.64,46.64,46.6,46.6,43641
355,46.645,46.65,46.633,46.64,13181
356,46.65,46.65,46.64,46.65,11571
357,46.69,46.6997,46.6442,46.65,47136
358,46.71,46.715,46.6997,46.7,58147
359,46.66,46.71,46.66,46.71,34024
360,46.6412,46.6699,46.615,46.66,62646
361,46.66,46.67,46.645,46.645,38629
362,46.6634,46.685,46.66,46.67,22923
363,46.6628,46.67,46.6616,46.67,7795
364,46.665,46.67,46.66,46.665,8955
365,46.655,46.67,46.64,46.665,39253
366,46.665,46.67,46.65,46.66,15704
367,46.684,46.69,46.66,46.67,16032
368,46.675,46.69,46.675,46.69,22011
369,46.685,46.69,46.67,46.675,14437
370,46.705,46.71,46.68,46.685,23476
371,46.7034,46.71,46.7,46.7,22009
372,46.705,46.71,46.7,46.71,29655
373,46.71,46.71,46.7,46.71,17034
374,46.695,46.71,46.695,46.705,38222
375,46.695,46.7,46.69,46.69,24798
376,46.72,46.72,46.69,46.695,32248
377,46.71,46.72,46.71,46.715,35519
378,46.728,46.73,46.71,46.72,51648
379,46.725,46.73,46.72,46.725,34614
380,46.725,46.73,46.72,46.73,29871
381,46.7229,46.73,46.72,46.725,40417
382,46.7268,46.73,46.72,46.72,33781
383,46.745,46.75,46.72,46.725,62024
384,46.765,46.78,46.74,46.745,116507
385,46.7,46.765,46.7,46.765,164870
386,46.68,46.71,46.68,46.7,84860
387,46.67,46.69,46.67,46.68,87862
388,46.67,46.68,46.67,46.67,88279
389,46.695,46.7,46.67,46.67,178083
