YUM,Yum! Brands Inc,Consumer Discretionary,1,Restaurants,25708536429,2495601
a1497533400,72.6,72.69,72.6,72.67,12889
1,72.65,72.68,72.6,72.68,2045
2,72.65,72.66,72.64,72.65,1056
3,72.575,72.62,72.54,72.62,700
4,72.565,72.565,72.54,72.54,300
5,72.58,72.58,72.54,72.54,1307
6,72.575,72.59,72.575,72.59,400
7,72.575,72.585,72.5601,72.585,444
8,72.52,72.57,72.52,72.56,4100
9,72.54,72.57,72.54,72.55,2200
10,72.55,72.57,72.54,72.555,1900
11,72.56,72.56,72.53,72.56,1287
12,72.56,72.57,72.54,72.55,1400
13,72.525,72.56,72.52,72.56,1950
14,72.48,72.525,72.47,72.525,1501
15,72.405,72.47,72.405,72.465,2900
16,72.39,72.42,72.39,72.42,5679
17,72.32,72.39,72.32,72.38,2400
18,72.3223,72.33,72.31,72.32,4100
19,72.35,72.36,72.33,72.34,1100
20,72.37,72.4,72.35,72.36,2902
21,72.305,72.37,72.29,72.37,3734
22,72.27,72.305,72.27,72.305,4200
23,72.29,72.31,72.26,72.2785,3178
24,72.29,72.295,72.28,72.29,1400
25,72.29,72.3,72.29,72.3,200
26,72.29,72.3,72.28,72.29,1000
27,72.29,72.3,72.29,72.29,3200
28,72.29,72.29,72.28,72.29,2100
29,72.33,72.35,72.3,72.3,2562
30,72.35,72.35,72.34,72.34,500
31,72.4,72.405,72.35,72.355,3881
32,72.45,72.46,72.4,72.4,3300
33,72.495,72.495,72.44,72.445,3062
34,72.5161,72.53,72.51,72.52,3500
35,72.48,72.515,72.48,72.51,3100
36,72.45,72.48,72.45,72.48,2800
37,72.29,72.47,72.29,72.45,19960
38,72.3,72.3,72.3,72.3,100
39,72.29,72.31,72.26,72.301,2600
40,72.35,72.35,72.29,72.29,1881
41,72.32,72.34,72.32,72.34,500
42,72.28,72.31,72.28,72.31,1720
43,72.3191,72.33,72.3,72.3,1327
44,72.36,72.36,72.35,72.35,500
45,72.33,72.35,72.33,72.35,802
46,72.31,72.36,72.3,72.35,3183
47,72.32,72.33,72.31,72.33,1100
48,72.38,72.38,72.35,72.35,1700
49,72.35,72.38,72.33,72.38,1200
50,72.38,72.38,72.3467,72.35,1300
51,72.37,72.37,72.37,72.37,200
52,72.35,72.35,72.33,72.35,2200
53,72.33,72.35,72.33,72.35,2414
54,72.36,72.36,72.32,72.33,5072
55,72.35,72.35,72.35,72.35,1400
56,72.35,72.36,72.34,72.36,3804
57,72.37,72.38,72.34,72.34,2454
58,72.345,72.39,72.345,72.39,3200
59,72.35,72.36,72.34,72.345,1816
60,72.35,72.36,72.35,72.36,900
61,72.36,72.36,72.34,72.36,5194
62,72.38,72.39,72.37,72.37,1319
63,72.3548,72.37,72.3548,72.37,1900
64,72.35,72.35,72.35,72.35,3400
65,72.355,72.355,72.33,72.35,2180
66,72.34,72.35,72.34,72.35,1257
67,72.34,72.345,72.335,72.345,900
68,72.37,72.37,72.35,72.35,1010
69,72.39,72.41,72.36,72.37,2775
70,72.4,72.4,72.39,72.4,1991
71,72.38,72.4,72.38,72.39,1600
73,72.38,72.38,72.36,72.37,700
74,72.4,72.415,72.38,72.38,2627
75,72.41,72.42,72.39,72.41,6173
76,72.42,72.42,72.41,72.41,4300
77,72.4,72.42,72.4,72.42,1700
78,72.42,72.42,72.3796,72.39,3050
79,72.4,72.42,72.4,72.42,900
80,72.42,72.42,72.4,72.4,2100
81,72.4,72.41,72.39,72.41,3800
82,72.4,72.4,72.4,72.4,500
83,72.41,72.41,72.39,72.39,2200
84,72.39,72.4,72.36,72.39,4823
85,72.4,72.4,72.37,72.4,1800
86,72.43,72.43,72.41,72.41,200
87,72.45,72.46,72.45,72.46,1401
88,72.53,72.58,72.49,72.49,2200
89,72.525,72.54,72.525,72.54,1400
90,72.481,72.55,72.48,72.54,6374
91,72.52,72.52,72.47,72.47,1130
92,72.51,72.52,72.51,72.52,343
93,72.51,72.51,72.51,72.51,600
94,72.48,72.5039,72.48,72.5,1072
95,72.5,72.51,72.48,72.49,1510
96,72.5,72.5,72.5,72.5,500
97,72.4876,72.49,72.4876,72.49,201
98,72.46,72.48,72.46,72.48,1200
99,72.46,72.47,72.45,72.47,1300
100,72.4322,72.45,72.4322,72.45,992
101,72.46,72.46,72.435,72.435,1140
102,72.46,72.4798,72.46,72.47,700
103,72.49,72.505,72.455,72.455,2400
104,72.49,72.51,72.48,72.48,800
105,72.48,72.5,72.48,72.49,2200
106,72.51,72.51,72.49,72.49,1500
107,72.51,72.5299,72.5,72.5299,2776
108,72.51,72.52,72.51,72.52,700
109,72.52,72.52,72.49,72.505,2449
110,72.53,72.53,72.53,72.53,200
111,72.56,72.56,72.53,72.53,2099
112,72.56,72.57,72.55,72.55,1400
113,72.55,72.56,72.55,72.56,600
114,72.52,72.54,72.51,72.54,2289
115,72.54,72.55,72.54,72.55,1600
116,72.54,72.55,72.53,72.55,3470
117,72.54,72.54,72.52,72.52,800
118,72.51,72.53,72.51,72.53,2100
119,72.55,72.55,72.51,72.51,6097
120,72.6,72.63,72.53,72.54,8193
121,72.56,72.6,72.56,72.6,2100
122,72.6065,72.6065,72.57,72.57,1860
123,72.6256,72.6256,72.62,72.62,593
124,72.62,72.62,72.62,72.62,100
125,72.62,72.63,72.62,72.63,500
126,72.59,72.615,72.58,72.615,2100
127,72.59,72.59,72.59,72.59,500
128,72.577,72.59,72.577,72.59,200
129,72.5788,72.5788,72.5788,72.5788,252
131,72.58,72.595,72.58,72.5833,4518
132,72.58,72.58,72.58,72.58,426
133,72.57,72.59,72.57,72.59,1000
134,72.58,72.58,72.575,72.58,400
135,72.58,72.58,72.58,72.58,300
136,72.56,72.58,72.56,72.5701,2376
137,72.55,72.56,72.55,72.55,1700
138,72.57,72.57,72.56,72.56,400
139,72.56,72.58,72.56,72.57,1100
140,72.58,72.585,72.56,72.56,2018
141,72.58,72.58,72.57,72.57,1100
142,72.56,72.58,72.56,72.58,3016
143,72.53,72.55,72.48,72.55,9670
144,72.52,72.53,72.51,72.53,3041
145,72.53,72.54,72.52,72.52,3458
146,72.53,72.53,72.52,72.53,992
147,72.52,72.52,72.51,72.52,2700
148,72.518,72.5299,72.518,72.5299,635
149,72.5,72.51,72.5,72.51,800
150,72.5,72.5075,72.5,72.5075,600
152,72.47,72.48,72.46,72.48,2650
153,72.47,72.47,72.47,72.47,100
154,72.46,72.47,72.46,72.47,1000
155,72.43,72.45,72.42,72.45,3200
156,72.44,72.44,72.44,72.44,1079
157,72.42,72.45,72.41,72.45,1552
158,72.42,72.43,72.42,72.42,3948
159,72.4,72.42,72.4,72.41,1182
160,72.38,72.39,72.38,72.39,1702
161,72.37,72.383,72.37,72.38,600
162,72.37,72.38,72.37,72.37,400
163,72.36,72.37,72.35,72.37,2955
164,72.375,72.375,72.37,72.37,300
165,72.365,72.375,72.36,72.375,800
166,72.38,72.38,72.365,72.37,1600
167,72.395,72.4,72.39,72.395,1500
168,72.4,72.4,72.39,72.39,7495
169,72.38,72.4,72.38,72.4,2551
170,72.4,72.41,72.37,72.375,3072
171,72.38,72.39,72.38,72.39,900
172,72.34,72.39,72.34,72.39,3045
173,72.33,72.36,72.33,72.34,3933
174,72.33,72.33,72.31,72.32,1869
175,72.32,72.34,72.32,72.34,671
176,72.31,72.32,72.3,72.32,1304
177,72.32,72.32,72.31,72.31,200
178,72.33,72.33,72.32,72.32,900
179,72.33,72.33,72.31,72.31,700
180,72.32,72.32,72.32,72.32,400
181,72.33,72.33,72.33,72.33,100
182,72.33,72.33,72.32,72.325,800
183,72.345,72.35,72.33,72.33,1307
184,72.35,72.35,72.34,72.35,6179
185,72.37,72.37,72.35,72.35,1597
186,72.38,72.38,72.36,72.37,2429
187,72.365,72.38,72.36,72.38,2756
188,72.35,72.365,72.35,72.36,3001
189,72.355,72.355,72.35,72.35,600
190,72.36,72.36,72.355,72.355,1001
191,72.35,72.36,72.35,72.36,600
192,72.36,72.36,72.355,72.355,400
193,72.38,72.38,72.35,72.36,1600
194,72.38,72.39,72.38,72.39,400
196,72.42,72.42,72.38,72.38,4799
197,72.41,72.41,72.41,72.41,200
198,72.42,72.42,72.42,72.42,700
199,72.415,72.42,72.415,72.42,300
200,72.39,72.41,72.385,72.41,3917
201,72.38,72.39,72.38,72.39,1872
203,72.38,72.38,72.375,72.38,2800
204,72.36,72.38,72.345,72.38,4559
205,72.36,72.36,72.36,72.36,100
206,72.36,72.365,72.36,72.36,1100
207,72.36,72.36,72.355,72.36,300
208,72.35,72.35,72.35,72.35,100
209,72.36,72.365,72.345,72.35,3606
210,72.37,72.38,72.35,72.37,5134
211,72.375,72.375,72.36,72.37,1140
212,72.37,72.375,72.36,72.375,1527
213,72.37,72.37,72.37,72.37,700
214,72.38,72.38,72.36,72.36,1103
215,72.395,72.4099,72.385,72.385,2931
216,72.395,72.395,72.395,72.395,100
218,72.4,72.4,72.39,72.39,1106
219,72.4,72.4,72.4,72.4,100
220,72.38,72.4,72.37,72.395,4950
221,72.375,72.38,72.37,72.37,1000
222,72.385,72.39,72.38,72.39,1700
223,72.38,72.38,72.38,72.38,100
224,72.4,72.4,72.39,72.39,1200
225,72.395,72.41,72.39,72.41,10001
226,72.39,72.41,72.39,72.395,3301
227,72.385,72.405,72.385,72.4,4080
228,72.365,72.38,72.36,72.38,10685
229,72.35,72.36,72.345,72.36,6000
230,72.355,72.37,72.345,72.345,7400
231,72.36,72.37,72.36,72.36,1100
232,72.36,72.365,72.36,72.365,969
233,72.335,72.3501,72.335,72.3501,1935
234,72.34,72.345,72.335,72.34,3100
235,72.345,72.35,72.345,72.35,400
236,72.345,72.35,72.345,72.35,1100
237,72.36,72.36,72.34,72.34,2100
238,72.36,72.36,72.355,72.36,800
239,72.355,72.36,72.355,72.355,500
240,72.34,72.35,72.33,72.35,5394
241,72.36,72.36,72.335,72.34,1800
242,72.35,72.36,72.35,72.36,4823
243,72.36,72.36,72.35,72.35,1100
244,72.345,72.35,72.345,72.35,644
245,72.3435,72.3435,72.34,72.34,1507
246,72.36,72.36,72.345,72.35,600
247,72.38,72.38,72.37,72.37,400
248,72.36,72.375,72.36,72.375,1200
249,72.36,72.37,72.34,72.36,8420
250,72.36,72.37,72.36,72.36,800
251,72.36,72.365,72.36,72.36,700
252,72.365,72.37,72.36,72.36,800
253,72.365,72.365,72.365,72.365,100
254,72.35,72.36,72.35,72.36,2075
255,72.35,72.35,72.35,72.35,900
256,72.36,72.36,72.345,72.35,8032
257,72.35,72.35,72.35,72.35,700
258,72.359,72.359,72.35,72.35,213
259,72.35,72.36,72.35,72.36,500
260,72.355,72.36,72.35,72.35,5128
261,72.3563,72.36,72.355,72.36,1700
262,72.355,72.36,72.35,72.36,1300
263,72.35,72.35,72.34,72.35,3508
264,72.37,72.37,72.355,72.36,2200
265,72.39,72.39,72.365,72.37,1800
266,72.41,72.42,72.39,72.39,2500
267,72.41,72.415,72.41,72.41,1350
268,72.405,72.41,72.405,72.41,1988
269,72.38,72.41,72.38,72.41,3305
270,72.3875,72.39,72.3875,72.39,400
271,72.3835,72.39,72.3801,72.3801,1000
272,72.355,72.38,72.355,72.38,5412
273,72.4,72.4,72.37,72.37,2814
274,72.39,72.4,72.39,72.4,2150
275,72.41,72.41,72.4,72.4,4700
276,72.38,72.41,72.38,72.41,4415
277,72.39,72.39,72.38,72.39,1298
278,72.405,72.405,72.395,72.4,1600
279,72.4,72.41,72.4,72.41,200
280,72.425,72.425,72.41,72.41,2092
281,72.43,72.43,72.43,72.43,1100
282,72.415,72.42,72.415,72.42,2000
283,72.425,72.425,72.42,72.42,900
284,72.4202,72.4202,72.4202,72.4202,100
285,72.42,72.42,72.42,72.42,2647
286,72.43,72.43,72.42,72.42,1686
287,72.4275,72.43,72.4275,72.43,200
288,72.43,72.43,72.42,72.43,1100
289,72.455,72.455,72.42,72.4201,5197
290,72.48,72.48,72.46,72.46,1200
291,72.48,72.49,72.4736,72.49,5632
292,72.47,72.49,72.47,72.48,4565
293,72.475,72.49,72.47,72.48,1969
294,72.47,72.47,72.46,72.47,700
295,72.47,72.47,72.47,72.47,500
296,72.45,72.475,72.43,72.47,11396
297,72.47,72.47,72.45,72.45,2500
298,72.48,72.48,72.47,72.48,1600
299,72.47,72.47,72.47,72.47,2428
300,72.46,72.46,72.45,72.46,2968
301,72.46,72.46,72.46,72.46,1000
302,72.47,72.475,72.455,72.46,4474
303,72.49,72.49,72.475,72.475,2339
304,72.52,72.52,72.49,72.49,900
305,72.51,72.52,72.51,72.52,1953
306,72.54,72.55,72.505,72.51,8046
307,72.56,72.57,72.54,72.54,2861
308,72.565,72.565,72.56,72.56,400
309,72.56,72.571,72.55,72.565,4355
310,72.58,72.58,72.56,72.56,2255
311,72.59,72.59,72.58,72.58,1003
312,72.62,72.625,72.595,72.595,4727
313,72.61,72.61,72.61,72.61,100
314,72.625,72.625,72.615,72.62,1861
315,72.65,72.65,72.63,72.63,3593
316,72.63,72.645,72.63,72.64,1400
317,72.63,72.64,72.62,72.63,1802
318,72.645,72.645,72.62,72.62,2500
319,72.67,72.67,72.64,72.64,2100
320,72.655,72.665,72.655,72.665,1108
321,72.645,72.65,72.645,72.65,1339
322,72.63,72.645,72.63,72.645,2201
323,72.625,72.63,72.62,72.62,1963
324,72.625,72.625,72.625,72.625,100
325,72.63,72.63,72.63,72.63,2600
326,72.61,72.62,72.59,72.62,5061
327,72.605,72.61,72.6,72.61,2512
328,72.61,72.61,72.61,72.61,1200
329,72.59,72.6,72.59,72.6,1100
330,72.6,72.6,72.6,72.6,388
331,72.61,72.61,72.6,72.61,1100
332,72.62,72.62,72.62,72.62,1855
333,72.63,72.63,72.615,72.62,2700
334,72.65,72.65,72.635,72.64,2947
335,72.6756,72.68,72.655,72.66,2695
336,72.665,72.68,72.665,72.68,3337
337,72.665,72.67,72.65,72.66,3642
338,72.65,72.67,72.65,72.67,1200
339,72.68,72.68,72.655,72.655,3547
340,72.69,72.69,72.68,72.69,1300
341,72.67,72.68,72.66,72.68,8546
342,72.665,72.665,72.66,72.66,400
343,72.665,72.67,72.665,72.67,1600
344,72.66,72.67,72.64,72.67,4690
345,72.64,72.65,72.64,72.65,1497
346,72.63,72.635,72.63,72.63,700
347,72.635,72.64,72.63,72.63,1900
348,72.64,72.64,72.64,72.64,1000
349,72.64,72.64,72.64,72.64,1400
350,72.635,72.64,72.635,72.64,300
351,72.621,72.63,72.621,72.63,4687
353,72.6,72.62,72.6,72.62,5365
354,72.575,72.59,72.57,72.59,5103
355,72.58,72.58,72.58,72.58,500
356,72.585,72.585,72.575,72.575,2890
357,72.6,72.6,72.56,72.58,6821
358,72.59,72.605,72.59,72.6,1230
359,72.5744,72.59,72.57,72.59,2379
360,72.56,72.57,72.56,72.57,1746
361,72.57,72.57,72.56,72.56,2321
362,72.57,72.585,72.57,72.58,5000
363,72.57,72.57,72.565,72.57,2227
364,72.575,72.58,72.57,72.57,830
365,72.565,72.5775,72.56,72.57,3727
366,72.585,72.585,72.56,72.565,7989
367,72.6,72.6,72.59,72.59,2900
368,72.6,72.6,72.6,72.6,2000
369,72.6,72.615,72.6,72.6,6648
370,72.59,72.6,72.59,72.6,5913
371,72.595,72.6,72.595,72.6,2600
372,72.57,72.6,72.57,72.6,5142
373,72.575,72.58,72.57,72.58,2500
374,72.585,72.59,72.5702,72.578,3700
375,72.59,72.59,72.585,72.59,3000
376,72.6,72.6,72.59,72.6,1500
377,72.57,72.6,72.57,72.595,9505
378,72.555,72.57,72.55,72.57,3030
379,72.55,72.55,72.53,72.55,7829
380,72.545,72.55,72.54,72.55,1000
381,72.53,72.55,72.53,72.55,6059
382,72.57,72.57,72.525,72.53,14213
383,72.55,72.57,72.54,72.57,4867
384,72.53,72.56,72.53,72.55,8488
385,72.54,72.55,72.53,72.54,7084
386,72.54,72.545,72.53,72.54,7086
387,72.55,72.55,72.535,72.535,6500
388,72.585,72.585,72.54,72.54,9600
389,72.58,72.59,72.57,72.585,15554
390,72.63,72.63,72.585,72.59,40800
