AJG,Arthur J. Gallagher & Co.,Financials,4,Insurance Brokers,10115402925,906868
a149944500045,56.2850,56.3100,56.2850,56.3100,1000
346,56.3000,56.3000,56.2900,56.2900,1530
347,56.2900,56.2900,56.2850,56.2850,1400
348,56.2800,56.2800,56.2750,56.2750,1512
349,56.2800,56.3200,56.2800,56.3150,2880
350,56.3100,56.3100,56.3000,56.3000,1430
351,56.3000,56.3000,56.2950,56.2950,817
352,56.3200,56.3200,56.3150,56.3200,300
353,56.3200,56.3200,56.2900,56.2900,7149
354,56.3000,56.3100,56.2900,56.3050,2138
355,56.3200,56.3200,56.3100,56.3100,500
356,56.3200,56.3350,56.3150,56.3300,3000
357,56.3250,56.3250,56.3000,56.3000,1205
358,56.3000,56.3100,56.2950,56.3100,2578
359,56.3100,56.3100,56.2800,56.2800,1636
360,56.2800,56.2900,56.2750,56.2900,2372
361,56.2900,56.2900,56.2600,56.2700,4436
362,56.2700,56.2700,56.2650,56.2650,400
363,56.2600,56.2800,56.2600,56.2700,6099
364,56.2600,56.2600,56.2500,56.2500,900
365,56.2500,56.2500,56.2300,56.2450,2644
366,56.2400,56.2400,56.2300,56.2400,2300
367,56.2300,56.2400,56.2300,56.2400,1534
368,56.2550,56.2550,56.2500,56.2500,700
369,56.2500,56.2600,56.2400,56.2550,3997
370,56.2500,56.2600,56.2500,56.2600,1500
371,56.2700,56.2700,56.2650,56.2650,678
372,56.2700,56.2700,56.2500,56.2500,5904
373,56.2500,56.2500,56.2400,56.2450,1600
374,56.2400,56.2400,56.2400,56.2400,1800
375,56.2300,56.2400,56.2300,56.2400,5101
376,56.2500,56.2500,56.2350,56.2400,5875
377,56.2400,56.2400,56.2300,56.2392,2700
378,56.2300,56.2300,56.2250,56.2251,2521
379,56.2200,56.2300,56.2200,56.2200,1800
380,56.2200,56.2250,56.2100,56.2100,3259
381,56.2100,56.2350,56.2050,56.2200,11915
382,56.2200,56.2350,56.2150,56.2350,1400
383,56.2400,56.2400,56.2100,56.2100,4826
384,56.2200,56.2200,56.2100,56.2100,1604
385,56.2150,56.2200,56.2100,56.2100,2500
386,56.2100,56.2200,56.1850,56.2000,8385
387,56.1950,56.2050,56.1900,56.2050,2227
388,56.2050,56.2300,56.2050,56.2300,7481
389,56.2250,56.2700,56.2250,56.2650,14564
390,56.2600,56.2800,56.2400,56.2500,15045
1,56.4900,56.4900,56.4700,56.4700,12393
2,56.2250,56.4700,56.2250,56.4700,200
3,56.4900,56.4900,56.4900,56.4900,100
4,56.4600,56.4600,56.4600,56.4600,100
5,56.4400,56.4400,56.3500,56.3692,2550
6,56.3800,56.3800,56.3800,56.3800,100
7,56.4000,56.4000,56.3900,56.3900,300
8,56.4100,56.4100,56.4100,56.4100,100
10,56.4100,56.4300,56.4100,56.4300,200
11,56.4100,56.4100,56.3700,56.3950,5707
12,56.4000,56.4000,56.4000,56.4000,600
13,56.4300,56.4400,56.4300,56.4400,900
14,56.4300,56.4450,56.4200,56.4300,1300
15,56.3900,56.4200,56.3900,56.3900,300
16,56.4200,56.4400,56.4200,56.4300,900
17,56.4300,56.4300,56.4150,56.4200,700
18,56.4500,56.4600,56.4500,56.4600,300
19,56.4800,56.5000,56.4700,56.4800,1300
20,56.5000,56.5100,56.4900,56.5100,3295
21,56.5200,56.5200,56.4400,56.4400,1900
22,56.4400,56.4700,56.4400,56.4400,1158
23,56.4600,56.5000,56.4600,56.5000,601
24,56.4950,56.5300,56.4950,56.5100,800
25,56.5250,56.5300,56.5150,56.5300,1600
26,56.5400,56.5400,56.5200,56.5300,2647
27,56.5300,56.5600,56.5300,56.5600,500
28,56.5600,56.5700,56.5600,56.5700,402
29,56.5750,56.5850,56.5690,56.5700,1400
30,56.5300,56.6000,56.5300,56.6000,3100
31,56.6000,56.6300,56.6000,56.6300,400
32,56.6200,56.6200,56.6100,56.6200,2100
33,56.6300,56.6300,56.6300,56.6300,100
34,56.6200,56.6250,56.5900,56.5950,2313
35,56.5800,56.5875,56.5700,56.5875,800
37,56.6000,56.6400,56.6000,56.6400,700
38,56.6400,56.6500,56.6300,56.6400,2800
39,56.6425,56.7100,56.6425,56.7000,6544
40,56.7100,56.7400,56.7100,56.7400,2009
41,56.7400,56.7700,56.7200,56.7297,11591
42,56.7300,56.7550,56.7200,56.7550,800
43,56.7500,56.7800,56.7500,56.7650,3100
44,56.7600,56.7700,56.7600,56.7600,500
45,56.7750,56.7900,56.7600,56.7750,1500
46,56.7750,56.7750,56.7100,56.7300,5100
47,56.7200,56.7700,56.7200,56.7400,2000
48,56.7500,56.7550,56.7400,56.7497,1700
49,56.7600,56.7650,56.7400,56.7400,5835
50,56.7400,56.7400,56.7400,56.7400,100
51,56.7400,56.7500,56.7200,56.7250,1800
52,56.7300,56.7375,56.7200,56.7200,1200
53,56.7100,56.7200,56.7000,56.7000,3300
54,56.7000,56.7100,56.6700,56.6800,5300
55,56.6800,56.6800,56.6600,56.6700,2500
56,56.6700,56.6700,56.6300,56.6300,1700
57,56.6200,56.6250,56.6100,56.6100,1200
58,56.6150,56.6300,56.6100,56.6125,3187
59,56.6150,56.6200,56.6000,56.6000,1200
60,56.6100,56.6100,56.5600,56.5600,2600
61,56.5500,56.5700,56.5300,56.5300,2706
63,56.5500,56.5600,56.5200,56.5250,1224
64,56.5400,56.5600,56.5300,56.5600,1200
65,56.5600,56.6000,56.5600,56.5900,1600
66,56.6000,56.6000,56.6000,56.6000,200
67,56.6050,56.6050,56.6050,56.6050,100
68,56.6200,56.6200,56.5750,56.5900,2330
69,56.6000,56.6200,56.6000,56.6200,1300
70,56.6250,56.6300,56.6250,56.6300,1100
71,56.6300,56.6399,56.5800,56.6000,1928
72,56.6000,56.6300,56.5900,56.6300,4153
73,56.6100,56.6200,56.5950,56.6100,2500
74,56.6100,56.6100,56.6100,56.6100,600
75,56.6000,56.6000,56.5800,56.5900,1200
76,56.6075,56.6100,56.6075,56.6100,200
77,56.6300,56.6300,56.6200,56.6200,1100
78,56.6400,56.6700,56.6200,56.6500,1481
79,56.6300,56.6300,56.6200,56.6200,700
80,56.6300,56.6400,56.6300,56.6400,700
81,56.6600,56.6600,56.6390,56.6400,740
82,56.6300,56.6400,56.6300,56.6400,200
83,56.6600,56.6650,56.6500,56.6500,604
84,56.6495,56.6495,56.6495,56.6495,190
85,56.6600,56.6850,56.6600,56.6700,2000
86,56.6700,56.7025,56.6700,56.6800,1400
88,56.7000,56.7000,56.6700,56.6800,1948
89,56.7000,56.7000,56.7000,56.7000,400
90,56.6900,56.7000,56.6900,56.7000,400
91,56.7000,56.7000,56.6900,56.6900,1250
92,56.7000,56.7000,56.6900,56.6900,200
93,56.7100,56.7300,56.7100,56.7300,1200
94,56.7200,56.7200,56.6900,56.7000,2713
95,56.7100,56.7250,56.7100,56.7200,1400
96,56.7200,56.7200,56.7200,56.7200,302
97,56.7200,56.7200,56.7200,56.7200,100
98,56.7200,56.7300,56.7200,56.7300,1000
99,56.7400,56.7500,56.7400,56.7400,500
100,56.7400,56.7450,56.7300,56.7300,2392
101,56.7300,56.7300,56.7300,56.7300,100
102,56.7300,56.7300,56.7300,56.7300,100
103,56.7200,56.7450,56.7200,56.7300,2393
104,56.7300,56.7300,56.7300,56.7300,200
105,56.7300,56.7400,56.7200,56.7200,500
106,56.7400,56.7400,56.7333,56.7400,387
107,56.7400,56.7400,56.7400,56.7400,200
108,56.7400,56.7400,56.7400,56.7400,300
109,56.7400,56.7450,56.7300,56.7400,2000
110,56.7400,56.7400,56.7400,56.7400,500
111,56.7400,56.7500,56.7300,56.7350,1800
112,56.7300,56.7300,56.7300,56.7300,900
113,56.7300,56.7300,56.7200,56.7250,700
114,56.7300,56.7350,56.7300,56.7350,300
115,56.7400,56.7400,56.7400,56.7400,100
116,56.7400,56.7400,56.7300,56.7348,400
117,56.7400,56.7400,56.7200,56.7300,1639
118,56.7300,56.7350,56.7200,56.7300,1000
119,56.7283,56.7283,56.7100,56.7100,1200
120,56.7200,56.7200,56.7200,56.7200,100
121,56.7010,56.7010,56.7000,56.7000,1006
122,56.7100,56.7200,56.7100,56.7200,855
123,56.7100,56.7100,56.7000,56.7100,801
124,56.7200,56.7200,56.7200,56.7200,200
125,56.7200,56.7200,56.6800,56.6900,2655
126,56.7000,56.7067,56.7000,56.7067,1172
127,56.7000,56.7100,56.6800,56.7000,3500
129,56.7000,56.7000,56.6800,56.6900,400
130,56.6900,56.6900,56.6800,56.6800,500
131,56.6850,56.6850,56.6800,56.6803,1400
132,56.6800,56.6800,56.6700,56.6700,1400
134,56.6700,56.6750,56.6700,56.6750,1156
136,56.6800,56.6900,56.6800,56.6820,1700
137,56.6800,56.6900,56.6700,56.6800,2800
138,56.6800,56.6800,56.6700,56.6700,900
139,56.6700,56.6800,56.6700,56.6800,408
140,56.6850,56.6850,56.6800,56.6850,1000
141,56.6900,56.6999,56.6900,56.6999,1374
142,56.6924,56.7500,56.6924,56.7500,2517
143,56.7499,56.7500,56.7400,56.7500,600
144,56.7500,56.7500,56.7500,56.7500,100
145,56.7400,56.7650,56.7300,56.7400,3884
146,56.7500,56.7700,56.7500,56.7700,3556
147,56.7800,56.7900,56.7800,56.7900,598
148,56.7800,56.7900,56.7800,56.7800,700
149,56.7900,56.8050,56.7800,56.8000,3566
150,56.8000,56.8500,56.8000,56.8500,2986
151,56.8500,56.8550,56.8500,56.8550,700
152,56.8500,56.8650,56.8400,56.8600,4785
153,56.8500,56.8500,56.8450,56.8450,300
154,56.8500,56.8500,56.8400,56.8450,800
155,56.8400,56.8500,56.8400,56.8500,300
157,56.8500,56.8600,56.8500,56.8500,400
158,56.8600,56.8600,56.8500,56.8500,600
159,56.8500,56.8600,56.8300,56.8600,3349
160,56.8400,56.8500,56.8300,56.8300,1000
161,56.8350,56.8350,56.8100,56.8200,1600
162,56.8100,56.8100,56.8100,56.8100,266
163,56.8042,56.8042,56.8042,56.8042,211
164,56.8030,56.8200,56.8030,56.8200,1025
165,56.8100,56.8100,56.8100,56.8100,100
166,56.8100,56.8100,56.7900,56.7900,1900
167,56.8000,56.8000,56.8000,56.8000,100
170,56.7900,56.8100,56.7900,56.8100,3920
171,56.8100,56.8400,56.8100,56.8300,2045
172,56.8400,56.8400,56.8400,56.8400,400
173,56.8300,56.8300,56.8300,56.8300,800
174,56.8500,56.8500,56.8300,56.8300,600
175,56.8400,56.8400,56.8100,56.8100,3460
176,56.8200,56.8300,56.8200,56.8300,700
177,56.8300,56.8300,56.8300,56.8300,200
178,56.8300,56.8300,56.8200,56.8200,1200
179,56.8200,56.8200,56.8200,56.8200,200
180,56.8200,56.8200,56.8100,56.8100,1200
181,56.8100,56.8100,56.8000,56.8000,340
182,56.8000,56.8000,56.8000,56.8000,200
183,56.7850,56.7900,56.7850,56.7900,500
184,56.8000,56.8000,56.8000,56.8000,400
185,56.7900,56.7900,56.7900,56.7900,100
186,56.7900,56.7900,56.7900,56.7900,700
187,56.7913,56.8000,56.7913,56.8000,1404
189,56.7800,56.8000,56.7800,56.8000,300
191,56.8000,56.8100,56.7800,56.8100,3100
192,56.8100,56.8300,56.8000,56.8300,2680
193,56.8300,56.8400,56.8200,56.8300,1585
194,56.8400,56.8400,56.8400,56.8400,384
195,56.8400,56.8600,56.8400,56.8600,600
196,56.8600,56.8650,56.8400,56.8400,2400
197,56.8400,56.8400,56.8400,56.8400,300
198,56.8350,56.8350,56.7900,56.7900,3602
199,56.7902,56.8100,56.7902,56.8050,1490
200,56.8000,56.8000,56.8000,56.8000,200
201,56.7900,56.8000,56.7800,56.7800,1600
202,56.7500,56.7700,56.7500,56.7700,950
204,56.7600,56.7600,56.7600,56.7600,100
206,56.7800,56.7800,56.7665,56.7700,830
207,56.7634,56.7900,56.7600,56.7900,1381
208,56.8000,56.8000,56.7900,56.7900,900
209,56.8000,56.8100,56.8000,56.8100,400
210,56.8100,56.8200,56.8000,56.8100,2265
211,56.8130,56.8200,56.7900,56.7900,1498
212,56.8000,56.8100,56.8000,56.8100,1147
213,56.8100,56.8200,56.8000,56.8000,1853
214,56.8000,56.8100,56.8000,56.8000,1700
215,56.8200,56.8200,56.8000,56.8000,1565
216,56.7900,56.8000,56.7800,56.7800,500
217,56.7900,56.8100,56.7900,56.7900,1400
218,56.7900,56.7950,56.7900,56.7916,1132
220,56.7800,56.7850,56.7500,56.7500,3055
221,56.7600,56.7700,56.7600,56.7700,1014
223,56.7800,56.8000,56.7800,56.8000,1300
224,56.8000,56.8000,56.7800,56.7800,400
225,56.7900,56.7900,56.7800,56.7800,1622
226,56.7800,56.7900,56.7800,56.7900,200
227,56.7900,56.7900,56.7600,56.7600,3340
228,56.7600,56.7600,56.7600,56.7600,1000
229,56.7600,56.7600,56.7500,56.7600,900
230,56.7600,56.7800,56.7500,56.7700,2355
231,56.7600,56.7600,56.7400,56.7500,448
233,56.7600,56.7600,56.7600,56.7600,900
234,56.7600,56.7652,56.7600,56.7600,2307
235,56.7700,56.8000,56.7700,56.7932,2973
237,56.7800,56.8100,56.7800,56.8100,1533
238,56.8100,56.8100,56.7900,56.7986,2740
240,56.8000,56.8000,56.7900,56.7900,500
241,56.8000,56.8100,56.8000,56.8100,1000
242,56.8100,56.8250,56.8100,56.8250,1155
243,56.8300,56.8350,56.8200,56.8200,2136
244,56.8300,56.8300,56.8300,56.8300,200
245,56.8200,56.8300,56.8200,56.8300,600
246,56.8400,56.8500,56.8300,56.8400,633
247,56.8500,56.8500,56.8500,56.8500,100
248,56.8500,56.8500,56.8300,56.8300,1695
249,56.8300,56.8500,56.8300,56.8500,1440
250,56.8500,56.8550,56.8400,56.8400,700
251,56.8350,56.8350,56.8200,56.8300,1285
252,56.8400,56.8700,56.8300,56.8700,2045
253,56.8700,56.8750,56.8600,56.8700,1400
254,56.8700,56.8800,56.8700,56.8757,848
255,56.8700,56.8800,56.8700,56.8800,1516
256,56.8900,56.8900,56.8886,56.8886,200
257,56.8900,56.9000,56.8900,56.9000,2591
258,56.9100,56.9100,56.8700,56.8800,3712
259,56.8900,56.9000,56.8900,56.9000,1200
260,56.9000,56.9250,56.9000,56.9100,1905
261,56.9100,56.9100,56.9000,56.9000,600
262,56.9100,56.9200,56.9000,56.9000,1800
263,56.9000,56.9200,56.9000,56.9200,896
264,56.9200,56.9250,56.9100,56.9200,1000
265,56.9300,56.9300,56.9100,56.9100,1673
266,56.9200,56.9200,56.9200,56.9200,100
267,56.9300,56.9600,56.9200,56.9600,1300
268,56.9600,56.9800,56.9400,56.9400,3685
269,56.9600,56.9600,56.9400,56.9600,300
270,56.9300,56.9400,56.9300,56.9400,1015
271,56.9300,56.9300,56.9200,56.9200,600
272,56.9250,56.9250,56.9200,56.9200,300
273,56.9250,56.9300,56.9250,56.9300,1586
274,56.9300,56.9300,56.9200,56.9300,1230
275,56.9300,56.9500,56.9250,56.9450,4600
276,56.9403,56.9550,56.9403,56.9500,2100
277,56.9500,56.9500,56.9400,56.9400,1622
278,56.9500,56.9800,56.9500,56.9800,1575
279,56.9700,56.9800,56.9700,56.9750,800
280,56.9700,56.9700,56.9600,56.9600,700
281,56.9600,56.9700,56.9600,56.9700,1472
282,56.9600,56.9625,56.9500,56.9600,2000
283,56.9700,56.9800,56.9700,56.9800,824
284,56.9857,56.9857,56.9857,56.9857,127
285,56.9800,56.9900,56.9800,56.9900,300
286,56.9800,56.9850,56.9650,56.9650,1900
287,56.9700,56.9700,56.9600,56.9600,600
288,56.9600,56.9700,56.9600,56.9700,1300
289,56.9700,56.9700,56.9600,56.9650,1400
290,56.9700,56.9800,56.9700,56.9800,700
291,56.9800,56.9800,56.9600,56.9700,1700
292,56.9700,56.9700,56.9600,56.9700,703
293,56.9700,56.9800,56.9700,56.9800,232
294,56.9700,56.9750,56.9600,56.9700,2600
295,56.9800,56.9900,56.9700,56.9900,2452
296,56.9800,57.0050,56.9800,57.0000,2388
297,56.9900,57.0050,56.9800,56.9925,2194
298,57.0000,57.0100,57.0000,57.0100,1100
299,57.0100,57.0400,57.0100,57.0400,2955
300,57.0300,57.0400,57.0300,57.0400,300
302,57.0500,57.0600,57.0500,57.0600,2068
303,57.0700,57.0800,57.0650,57.0800,2884
304,57.0700,57.0750,57.0700,57.0750,3735
305,57.0800,57.0900,57.0800,57.0900,600
306,57.0800,57.0900,57.0800,57.0800,615
307,57.0800,57.0850,57.0600,57.0650,4504
308,57.0600,57.0650,57.0500,57.0600,1900
309,57.0500,57.0550,57.0400,57.0400,500
310,57.0500,57.0700,57.0500,57.0700,1914
311,57.0700,57.0800,57.0700,57.0800,1000
312,57.0700,57.0800,57.0700,57.0800,1000
313,57.0900,57.1000,57.0700,57.0758,2700
314,57.0800,57.0850,57.0800,57.0850,600
315,57.0900,57.1000,57.0900,57.1000,2513
316,57.1000,57.1150,57.0900,57.1150,3202
317,57.1200,57.1200,57.1200,57.1200,555
318,57.1200,57.1300,57.1100,57.1100,1800
319,57.1300,57.1400,57.1200,57.1200,1900
320,57.1300,57.1400,57.1300,57.1300,900
321,57.1300,57.1300,57.1200,57.1200,700
322,57.1300,57.1400,57.1200,57.1400,1839
323,57.1300,57.1400,57.1100,57.1100,3795
324,57.1100,57.1150,57.0900,57.0900,2100
325,57.1000,57.1000,57.1000,57.1000,1095
326,57.1000,57.1000,57.0800,57.0800,1100
327,57.0800,57.0850,57.0600,57.0700,2100
328,57.0650,57.0800,57.0650,57.0800,833
329,57.0800,57.0900,57.0800,57.0800,500
330,57.0900,57.1000,57.0800,57.0900,1301
331,57.1000,57.1000,57.1000,57.1000,300
332,57.1000,57.1100,57.1000,57.1100,1500
333,57.1100,57.1100,57.0700,57.0800,3821
334,57.0800,57.0950,57.0800,57.0800,1700
335,57.0800,57.0800,57.0700,57.0700,800
336,57.0800,57.0850,57.0700,57.0800,1938
337,57.0800,57.0900,57.0400,57.0400,5915
338,57.0400,57.0400,57.0300,57.0300,700
339,57.0250,57.0300,57.0250,57.0300,1368
340,57.0300,57.0300,56.9800,56.9850,3196
341,56.9850,56.9850,56.9700,56.9700,1100
342,56.9700,56.9850,56.9600,56.9700,3485
343,56.9600,56.9600,56.9600,56.9600,300
344,56.9600,56.9600,56.9400,56.9500,1700
345,56.9400,56.9550,56.9400,56.9550,1369
346,56.9600,56.9600,56.9600,56.9600,300
347,56.9500,56.9600,56.9300,56.9350,4791
348,56.9300,56.9350,56.9200,56.9300,900
349,56.9300,56.9400,56.9250,56.9400,2890
350,56.9300,56.9500,56.9300,56.9500,1900
351,56.9500,56.9750,56.9450,56.9750,3283
352,56.9800,56.9950,56.9800,56.9800,3600
353,56.9900,56.9900,56.9800,56.9800,3108
354,56.9700,56.9700,56.9700,56.9700,100
355,56.9700,56.9700,56.9600,56.9700,1600
356,57.0000,57.0000,57.0000,57.0000,400
357,57.0000,57.0200,57.0000,57.0200,650
358,57.0300,57.0350,57.0200,57.0200,1764
360,57.0200,57.0200,57.0200,57.0200,400
361,57.0200,57.0200,57.0200,57.0200,100
362,57.0200,57.0200,57.0200,57.0200,400
363,57.0100,57.0100,57.0000,57.0000,484
364,56.9900,56.9900,56.9900,56.9900,100
365,56.9900,56.9900,56.9900,56.9900,700