BBT,BB&T Corporation,Financials,4,Regional Banks,34097329693,3491284
a149944500068,41.9700,42.0000,41.9600,42.0000,11137
369,41.9900,42.0000,41.9800,41.9850,50765
370,41.9700,41.9800,41.9700,41.9700,5420
371,41.9700,41.9750,41.9550,41.9550,19320
372,41.9550,41.9800,41.9550,41.9700,14197
373,41.9700,41.9800,41.9700,41.9750,5202
374,41.9750,41.9750,41.9600,41.9600,12592
375,41.9650,41.9650,41.9300,41.9300,26208
376,41.9350,41.9400,41.9300,41.9350,10711
377,41.9350,41.9400,41.9300,41.9300,5825
378,41.9300,41.9350,41.9300,41.9350,14316
379,41.9350,41.9350,41.9100,41.9100,15514
380,41.9100,41.9200,41.8900,41.8900,13635
381,41.8900,41.9100,41.8900,41.8900,38445
382,41.8850,41.9000,41.8800,41.8950,15157
383,41.8950,41.9000,41.8900,41.8950,13342
384,41.8900,41.9000,41.8900,41.8900,9885
385,41.9000,41.9000,41.8700,41.8750,35807
386,41.8700,41.8900,41.8700,41.8700,30743
387,41.8750,41.8900,41.8700,41.8900,27210
388,41.8850,41.9050,41.8850,41.9000,34904
389,41.9050,41.9350,41.9000,41.9250,51608
390,41.9250,41.9500,41.9200,41.9350,118033
0,42.0600,42.1500,42.0600,42.1500,29269
1,42.1400,42.2199,42.0500,42.0500,4018
2,42.0200,42.0500,41.9800,41.9800,4800
3,41.9900,42.0000,41.9850,41.9850,2374
4,41.9800,42.0100,41.9700,42.0100,8662
5,42.0100,42.0100,41.9900,42.0100,14232
6,41.9901,42.0900,41.9901,42.0800,13433
7,42.0850,42.1400,42.0850,42.1400,6229
8,42.1400,42.1400,42.1050,42.1050,5862
9,42.1100,42.1300,42.1100,42.1200,5757
10,42.1200,42.1355,42.1000,42.1355,2716
11,42.1400,42.1450,42.1200,42.1400,20346
12,42.1400,42.1500,42.1250,42.1500,9169
13,42.1500,42.1500,42.1150,42.1200,7187
14,42.1200,42.1300,42.0750,42.0900,20385
15,42.0850,42.0850,42.0200,42.0500,34223
16,42.0500,42.0600,42.0300,42.0350,29640
17,42.0350,42.0400,42.0000,42.0300,37266
18,42.0250,42.0900,42.0096,42.0850,37662
19,42.0900,42.1200,42.0900,42.1200,19287
20,42.1200,42.1500,42.1200,42.1400,7177
21,42.1400,42.1500,42.0800,42.0900,23435
22,42.0900,42.1400,42.0900,42.1300,45904
23,42.1300,42.1600,42.1300,42.1600,20009
24,42.1700,42.2200,42.1700,42.2200,12848
25,42.2200,42.2300,42.2000,42.2293,30921
26,42.2300,42.2400,42.2000,42.2400,10991
27,42.2500,42.2600,42.2000,42.2100,28489
28,42.2100,42.2500,42.2100,42.2500,23410
29,42.2499,42.2500,42.2300,42.2400,16951
30,42.2300,42.2400,42.2200,42.2300,9105
31,42.2300,42.2300,42.2100,42.2100,52531
32,42.2000,42.2500,42.1700,42.2500,36508
33,42.2400,42.2550,42.1750,42.2500,256060
34,42.2500,42.2500,42.1800,42.1900,24334
35,42.1950,42.2000,42.1600,42.1650,10400
36,42.1700,42.1900,42.1600,42.1800,4488
37,42.1814,42.1900,42.1400,42.1400,3962
38,42.1350,42.1350,42.1000,42.1150,18670
39,42.1200,42.1550,42.1200,42.1500,6649
40,42.1400,42.1400,42.1200,42.1300,18628
41,42.1300,42.1700,42.1300,42.1550,9940
42,42.1600,42.1800,42.1400,42.1400,17921
43,42.1400,42.1800,42.1350,42.1800,16783
44,42.1800,42.1900,42.1600,42.1600,8629
45,42.1600,42.1600,42.1500,42.1500,8688
46,42.1500,42.1500,42.1300,42.1400,15294
47,42.1400,42.1600,42.1300,42.1600,14225
48,42.1600,42.2200,42.1550,42.2100,48215
49,42.2200,42.2500,42.2200,42.2451,34976
50,42.2500,42.2500,42.2300,42.2500,10111
51,42.2500,42.2800,42.2350,42.2500,52020
52,42.2400,42.2600,42.2400,42.2550,26971
53,42.2500,42.2600,42.2300,42.2500,16900
54,42.2500,42.3100,42.2500,42.3000,26862
55,42.3000,42.3000,42.2700,42.2800,44261
56,42.2800,42.2900,42.2800,42.2800,2532
57,42.2800,42.2900,42.2700,42.2750,8411
58,42.2800,42.3200,42.2800,42.3050,23114
59,42.3000,42.3100,42.2900,42.3000,28590
60,42.3100,42.3500,42.3100,42.3400,15300
61,42.3400,42.3500,42.3000,42.3000,32493
62,42.3000,42.3100,42.2350,42.2400,26466
63,42.2400,42.2600,42.2350,42.2450,19406
64,42.2450,42.2500,42.2200,42.2353,27075
65,42.2400,42.2400,42.2200,42.2300,15082
66,42.2300,42.2300,42.2000,42.2200,12373
67,42.2200,42.2400,42.2100,42.2400,11950
68,42.2500,42.2500,42.2100,42.2100,10778
69,42.2200,42.2500,42.2200,42.2400,32300
70,42.2300,42.2800,42.2300,42.2600,5593
71,42.2550,42.2600,42.2350,42.2400,65940
72,42.2400,42.3100,42.2400,42.2900,28109
73,42.2900,42.3000,42.2500,42.2750,20875
74,42.2800,42.2800,42.2500,42.2500,11448
75,42.2400,42.2500,42.2250,42.2500,9516
76,42.2600,42.2650,42.2400,42.2500,25867
77,42.2400,42.3300,42.2300,42.3200,21095
78,42.3200,42.3700,42.3200,42.3600,39260
79,42.3550,42.3550,42.3250,42.3400,10313
80,42.3450,42.3700,42.3250,42.3400,15038
81,42.3500,42.3550,42.3050,42.3200,11485
82,42.3200,42.3800,42.3050,42.3700,27979
83,42.3700,42.3700,42.3300,42.3400,48797
84,42.3467,42.3600,42.3400,42.3400,5256
85,42.3400,42.3400,42.3200,42.3400,9715
86,42.3400,42.4000,42.3400,42.4000,41762
87,42.3900,42.4000,42.3700,42.3901,5311
88,42.4000,42.4000,42.3600,42.3700,3744
89,42.3750,42.3900,42.3700,42.3800,17776
90,42.3700,42.3700,42.3300,42.3300,4300
91,42.3300,42.3300,42.3190,42.3268,5431
92,42.3290,42.3300,42.3000,42.3000,15439
93,42.3000,42.3200,42.3000,42.3100,18628
94,42.3100,42.3100,42.2650,42.2800,4650
95,42.2800,42.2900,42.2741,42.2900,2315
96,42.2900,42.3000,42.2600,42.2600,5384
97,42.2650,42.2650,42.2490,42.2500,3034
98,42.2400,42.2500,42.2200,42.2300,5939
99,42.2400,42.2400,42.2200,42.2350,2501
100,42.2400,42.2400,42.2100,42.2200,6983
101,42.2300,42.2400,42.2300,42.2300,3116
102,42.2265,42.2300,42.2100,42.2250,3348
103,42.2300,42.2700,42.2300,42.2700,5382
104,42.2800,42.3000,42.2800,42.2800,2900
105,42.2900,42.3100,42.2800,42.3100,3800
106,42.3100,42.3200,42.3000,42.3200,1741
107,42.3200,42.3300,42.3200,42.3250,2212
108,42.3300,42.3500,42.3300,42.3400,2970
109,42.3500,42.3600,42.3400,42.3500,6140
110,42.3500,42.3700,42.3500,42.3600,1825
111,42.3552,42.3600,42.3552,42.3600,849
112,42.3650,42.3800,42.3550,42.3650,5675
113,42.3600,42.3650,42.3400,42.3600,3900
114,42.3600,42.3700,42.3450,42.3500,1593
115,42.3457,42.3500,42.3350,42.3400,6802
116,42.3400,42.3400,42.3200,42.3300,5625
117,42.3200,42.3200,42.2750,42.2800,4194
118,42.2800,42.2900,42.2750,42.2850,2925
119,42.2800,42.2800,42.2510,42.2600,3928
120,42.2500,42.2600,42.2400,42.2600,3700
121,42.2590,42.2600,42.2400,42.2400,3143
122,42.2400,42.2600,42.2400,42.2500,31565
123,42.2400,42.2500,42.2200,42.2500,9250
124,42.2500,42.2600,42.2400,42.2500,5890
125,42.2400,42.2500,42.2200,42.2500,1800
126,42.2350,42.2550,42.2350,42.2450,6712
127,42.2400,42.2700,42.2400,42.2700,7459
128,42.2800,42.2850,42.2750,42.2800,7865
129,42.2850,42.2850,42.2650,42.2700,9300
130,42.2600,42.2600,42.2350,42.2500,33518
131,42.2500,42.2600,42.2500,42.2550,8965
132,42.2600,42.2600,42.2300,42.2300,17178
133,42.2350,42.2500,42.2342,42.2400,14718
134,42.2300,42.2300,42.2000,42.2100,5381
135,42.2100,42.2100,42.1800,42.2000,29709
136,42.2100,42.2100,42.2000,42.2100,5600
137,42.2000,42.2000,42.1800,42.1800,2188
138,42.1800,42.1800,42.1601,42.1700,5722
139,42.1700,42.1900,42.1700,42.1900,3200
140,42.1948,42.2250,42.1948,42.2100,19597
141,42.2000,42.2300,42.2000,42.2200,10387
142,42.2144,42.2550,42.2144,42.2430,37420
143,42.2500,42.2600,42.2400,42.2500,5210
144,42.2550,42.2650,42.2521,42.2521,4011
145,42.2550,42.2700,42.2500,42.2650,15548
146,42.2650,42.2750,42.2650,42.2700,7700
147,42.2700,42.2700,42.2600,42.2700,2380
148,42.2700,42.2900,42.2650,42.2800,7465
149,42.2700,42.2700,42.2500,42.2600,18248
150,42.2600,42.3100,42.2600,42.3000,12383
151,42.2900,42.2950,42.2700,42.2700,5592
152,42.2700,42.3101,42.2700,42.3100,9496
153,42.3100,42.3100,42.2950,42.3000,6800
154,42.3000,42.3100,42.2950,42.3000,4400
155,42.2900,42.3200,42.2900,42.3100,5486
156,42.3100,42.3500,42.3100,42.3500,8806
157,42.3550,42.3650,42.3400,42.3500,16350
158,42.3500,42.3500,42.3300,42.3500,7492
159,42.3500,42.3550,42.3400,42.3500,16343
160,42.3500,42.3500,42.3300,42.3300,8810
161,42.3200,42.3200,42.3000,42.3000,3985
162,42.3000,42.3300,42.3000,42.3200,3166
163,42.3250,42.3300,42.3200,42.3200,2939
164,42.3250,42.3250,42.3001,42.3200,9025
165,42.3150,42.3150,42.3000,42.3050,3031
166,42.3000,42.3200,42.3000,42.3200,4350
167,42.3200,42.3250,42.3150,42.3150,3930
168,42.3100,42.3150,42.2900,42.2900,26208
169,42.2900,42.3000,42.2800,42.3000,1214
170,42.3000,42.3500,42.3000,42.3400,6300
171,42.3400,42.3500,42.3400,42.3500,2800
172,42.3500,42.3500,42.3400,42.3500,4860
173,42.3500,42.3600,42.3400,42.3600,18910
174,42.3560,42.3850,42.3500,42.3500,19590
175,42.3600,42.3650,42.3500,42.3500,3019
176,42.3500,42.3600,42.3400,42.3500,1800
177,42.3600,42.3700,42.3600,42.3650,2095
178,42.3647,42.3647,42.3400,42.3500,4173
179,42.3500,42.3500,42.3300,42.3400,2200
180,42.3400,42.3400,42.3200,42.3200,3932
181,42.3200,42.3300,42.3200,42.3200,3800
182,42.3300,42.3300,42.2900,42.2950,6805
183,42.2900,42.3000,42.2900,42.3000,2495
184,42.2900,42.3000,42.2900,42.2900,1800
185,42.2800,42.2800,42.2450,42.2450,7749
186,42.2500,42.2800,42.2500,42.2800,3640
187,42.2800,42.2800,42.2600,42.2600,5162
188,42.2500,42.2550,42.2400,42.2500,8637
189,42.2500,42.2600,42.2500,42.2600,1090
190,42.2600,42.2800,42.2600,42.2600,2800
191,42.2600,42.2600,42.2400,42.2401,2700
192,42.2500,42.2600,42.2500,42.2600,1900
193,42.2500,42.2500,42.2400,42.2500,2944
194,42.2500,42.2600,42.2500,42.2600,1100
195,42.2600,42.2600,42.2600,42.2600,1300
196,42.2600,42.2700,42.2600,42.2600,2623
197,42.2600,42.2650,42.2400,42.2400,1900
198,42.2300,42.2350,42.1650,42.1900,19545
199,42.1900,42.2150,42.1900,42.2100,5931
200,42.2100,42.2400,42.2100,42.2400,4600
201,42.2400,42.2400,42.1800,42.1900,5359
202,42.1900,42.1900,42.1600,42.1900,5471
203,42.1900,42.2000,42.1900,42.1900,4805
204,42.1900,42.1900,42.1900,42.1900,1399
205,42.1890,42.1900,42.1800,42.1900,1936
206,42.1800,42.1800,42.1700,42.1700,8639
207,42.1700,42.1800,42.1650,42.1800,1293
208,42.1800,42.2000,42.1800,42.2000,4076
209,42.2100,42.2200,42.2000,42.2046,2285
210,42.2100,42.2100,42.2000,42.2000,1421
211,42.1950,42.2000,42.1900,42.2000,2414
212,42.1900,42.2000,42.1900,42.1950,1300
213,42.2000,42.2100,42.2000,42.2100,1541
214,42.2100,42.2400,42.2100,42.2400,3461
215,42.2400,42.2500,42.2338,42.2400,2818
216,42.2400,42.2450,42.2300,42.2300,2600
217,42.2400,42.2600,42.2400,42.2500,2720
218,42.2400,42.2590,42.2400,42.2500,1724
219,42.2490,42.2650,42.2490,42.2590,2350
220,42.2500,42.2550,42.2200,42.2250,4208
221,42.2200,42.2400,42.2200,42.2400,3852
222,42.2400,42.2400,42.2400,42.2400,200
223,42.2400,42.2500,42.2400,42.2490,2025
225,42.2400,42.2490,42.2400,42.2400,3400
226,42.2400,42.2590,42.2400,42.2590,4755
227,42.2500,42.2600,42.2500,42.2600,600
228,42.2600,42.2650,42.2500,42.2500,1165
229,42.2500,42.2500,42.2400,42.2400,2300
230,42.2350,42.2600,42.2350,42.2500,2082
231,42.2561,42.2561,42.2250,42.2400,9582
232,42.2500,42.2500,42.2450,42.2450,1000
233,42.2450,42.2550,42.2400,42.2500,3905
234,42.2500,42.2510,42.2300,42.2500,2598
235,42.2600,42.3100,42.2600,42.2900,7578
236,42.2950,42.3000,42.2900,42.2900,3911
237,42.2900,42.2990,42.2850,42.2990,3100
238,42.2900,42.2900,42.2700,42.2793,2220
239,42.2790,42.2790,42.2700,42.2700,1430
240,42.2600,42.2750,42.2600,42.2700,3231
241,42.2800,42.2800,42.2600,42.2600,3378
242,42.2600,42.2800,42.2600,42.2750,2265
243,42.2800,42.2800,42.2700,42.2700,2475
244,42.2700,42.2700,42.2500,42.2550,5568
245,42.2500,42.2500,42.2350,42.2400,3436
246,42.2400,42.2450,42.2400,42.2450,700
247,42.2400,42.2400,42.2300,42.2400,5193
248,42.2300,42.2300,42.2100,42.2200,3898
249,42.2150,42.2200,42.2150,42.2150,18983
250,42.2150,42.2150,42.1950,42.2000,6640
251,42.1900,42.2000,42.1800,42.2000,3285
252,42.1950,42.2100,42.1900,42.2050,7000
253,42.2050,42.2050,42.1900,42.2000,1700
254,42.1970,42.2000,42.1850,42.1850,2364
255,42.1850,42.1900,42.1800,42.1900,5113
256,42.1950,42.2050,42.1950,42.2050,2800
257,42.2100,42.2100,42.2000,42.2050,7331
258,42.2100,42.2200,42.2050,42.2150,8464
259,42.2150,42.2200,42.2050,42.2100,10227
260,42.2200,42.2350,42.2150,42.2350,6667
261,42.2350,42.2350,42.2150,42.2150,3500
262,42.2200,42.2250,42.2150,42.2150,5419
263,42.2200,42.2450,42.2150,42.2350,14133
264,42.2400,42.2500,42.2350,42.2400,7572
265,42.2400,42.2400,42.2350,42.2400,6224
266,42.2400,42.2400,42.2100,42.2150,13431
267,42.2200,42.2600,42.2150,42.2550,18573
268,42.2550,42.2700,42.2500,42.2550,7961
269,42.2500,42.2550,42.2450,42.2450,14359
270,42.2500,42.2500,42.2100,42.2100,8617
271,42.2200,42.2250,42.2100,42.2100,7905
272,42.2150,42.2200,42.2150,42.2150,2690
273,42.2150,42.2400,42.2150,42.2300,12392
274,42.2300,42.2300,42.2250,42.2250,2479
275,42.2300,42.2800,42.2300,42.2550,42174
276,42.2550,42.2800,42.2500,42.2650,26245
277,42.2600,42.2600,42.2450,42.2450,25872
278,42.2500,42.2900,42.2440,42.2750,19947
279,42.2900,42.2900,42.2650,42.2650,4900
280,42.2650,42.2650,42.2450,42.2500,8556
281,42.2500,42.2700,42.2500,42.2548,10154
282,42.2500,42.2550,42.2450,42.2450,4273
283,42.2450,42.2600,42.2450,42.2600,3900
284,42.2600,42.2700,42.2550,42.2600,10547
285,42.2650,42.2650,42.2500,42.2550,2533
286,42.2550,42.2550,42.2450,42.2450,2905
287,42.2400,42.2400,42.2300,42.2350,3238
288,42.2350,42.2350,42.2200,42.2250,4157
289,42.2300,42.2300,42.2200,42.2200,3759
290,42.2200,42.2250,42.2150,42.2150,6965
291,42.2126,42.2150,42.2000,42.2000,6839
292,42.2100,42.2100,42.2000,42.2050,6081
293,42.2200,42.2200,42.2000,42.2000,7119
294,42.2000,42.2000,42.1839,42.1839,2927
295,42.1900,42.2100,42.1850,42.2050,6076
296,42.2000,42.2100,42.1900,42.1900,18638
297,42.1900,42.1900,42.1700,42.1700,4045
298,42.1700,42.1800,42.1600,42.1800,6800
299,42.1800,42.2000,42.1710,42.1950,16046
300,42.1900,42.2010,42.1850,42.2000,18997
301,42.2000,42.2000,42.1800,42.1900,11963
302,42.1900,42.2000,42.1900,42.1950,2600
303,42.1950,42.2050,42.1900,42.1950,31337
304,42.2000,42.2100,42.1950,42.1950,16086
305,42.2000,42.2000,42.1950,42.2000,1500
306,42.2000,42.2000,42.1750,42.1750,19634
307,42.1800,42.1800,42.1600,42.1650,7100
308,42.1700,42.1700,42.1500,42.1500,9531
309,42.1500,42.1600,42.1450,42.1450,4181
310,42.1550,42.1700,42.1550,42.1650,11525
311,42.1600,42.1600,42.1450,42.1500,8303
312,42.1500,42.1800,42.1450,42.1742,5504
313,42.1757,42.1900,42.1700,42.1900,4600
314,42.1900,42.2000,42.1800,42.2000,2938
315,42.2050,42.2300,42.2000,42.2300,4025
316,42.2300,42.2300,42.2200,42.2300,4401
317,42.2300,42.2300,42.2242,42.2300,2260
318,42.2400,42.2700,42.2400,42.2700,7930
319,42.2700,42.3000,42.2700,42.2800,5901
320,42.2800,42.3000,42.2800,42.2900,3100
321,42.2900,42.3000,42.2800,42.3000,2982
322,42.3000,42.3157,42.3000,42.3100,3595
323,42.3100,42.3200,42.3000,42.3100,5140
324,42.3100,42.3112,42.2900,42.2950,4136
325,42.2950,42.3200,42.2950,42.3200,4732
326,42.3200,42.3250,42.3100,42.3150,3803
327,42.3100,42.3100,42.2900,42.3000,4777
328,42.3000,42.3200,42.3000,42.3100,2267
329,42.3050,42.3200,42.2800,42.3200,15661
330,42.3200,42.3250,42.3000,42.3000,6959
331,42.3000,42.3050,42.3000,42.3050,1600
332,42.3050,42.3100,42.3000,42.3000,3849
333,42.2900,42.2966,42.2842,42.2850,4095
334,42.2850,42.2900,42.2750,42.2750,8447
335,42.2700,42.2738,42.2600,42.2700,6039
336,42.2700,42.2900,42.2700,42.2900,3510
337,42.2900,42.3100,42.2850,42.3000,10042
338,42.3050,42.3100,42.3000,42.3100,3553
339,42.3100,42.3150,42.3000,42.3000,5523
340,42.3000,42.3000,42.2800,42.2800,6233
341,42.2800,42.2800,42.2500,42.2600,10634
342,42.2600,42.2700,42.2550,42.2690,4814
343,42.2700,42.2700,42.2600,42.2600,1754
344,42.2600,42.2700,42.2550,42.2650,3078
345,42.2700,42.2700,42.2550,42.2700,204163
346,42.2700,42.2800,42.2700,42.2750,2505
347,42.2700,42.2750,42.2550,42.2600,22527
348,42.2500,42.2500,42.2400,42.2500,3900
349,42.2500,42.2700,42.2450,42.2700,11119
350,42.2800,42.2900,42.2500,42.2600,40102
351,42.2650,42.2700,42.2600,42.2700,10946
352,42.2650,42.2700,42.2600,42.2700,8861
353,42.2700,42.2800,42.2700,42.2800,795
354,42.2700,42.2800,42.2700,42.2800,1100
355,42.2800,42.2900,42.2800,42.2900,3000
356,42.2900,42.3050,42.2900,42.2900,4530
357,42.2950,42.3000,42.2950,42.3000,700
358,42.3000,42.3100,42.3000,42.3100,3005
359,42.3200,42.3200,42.3200,42.3200,552
360,42.3300,42.3300,42.3200,42.3300,2949
361,42.3250,42.3500,42.3250,42.3500,3500
362,42.3500,42.3500,42.3300,42.3350,4791
363,42.3350,42.3350,42.3200,42.3200,3803
364,42.3250,42.3400,42.3250,42.3300,6655
365,42.3250,42.3250,42.3200,42.3200,1100
366,42.3200,42.3300,42.3200,42.3300,3577
367,42.3300,42.3300,42.3200,42.3200,1661