BEN,Franklin Resources,Financials,4,Asset Management & Custody Banks,23716646804,2394807
a149944500087,42.5300,42.5400,42.5300,42.5300,4300
388,42.5350,42.5500,42.5300,42.5500,19583
389,42.5500,42.5600,42.5450,42.5550,11169
390,42.5500,42.5600,42.5500,42.5500,23112
0,42.7300,42.7300,42.5000,42.5000,12754
1,42.7000,42.7550,42.7000,42.7550,200
3,42.6449,42.6796,42.6050,42.6050,625
5,42.6600,42.6700,42.6100,42.6600,1000
6,42.6600,42.6600,42.6100,42.6300,15986
7,42.6500,42.6500,42.5950,42.5975,4214
8,42.6000,42.6100,42.6000,42.6100,400
9,42.6100,42.6300,42.5900,42.6000,5200
10,42.5900,42.6000,42.5800,42.5850,1292
11,42.5900,42.6000,42.5800,42.5900,4236
12,42.5900,42.5900,42.5500,42.5600,7110
13,42.5600,42.5600,42.4800,42.5000,4372
14,42.5000,42.5000,42.4600,42.4600,1900
15,42.4799,42.5000,42.4799,42.4950,2451
16,42.5050,42.5100,42.4900,42.5100,2860
17,42.5100,42.5117,42.4800,42.4800,4956
18,42.4700,42.5000,42.4500,42.5000,10727
19,42.4950,42.5150,42.4950,42.5000,2300
20,42.5050,42.5050,42.4800,42.4900,1605
21,42.4800,42.4850,42.4200,42.4200,2700
22,42.4300,42.4400,42.4300,42.4300,4000
23,42.4400,42.4500,42.4300,42.4300,2784
24,42.4400,42.4500,42.4100,42.4200,6426
25,42.4299,42.4400,42.3800,42.3900,5497
26,42.3800,42.4300,42.3700,42.4250,6572
27,42.4250,42.4500,42.4250,42.4250,3900
28,42.4250,42.4350,42.4100,42.4200,2815
29,42.4300,42.4300,42.4200,42.4200,1425
30,42.4200,42.4600,42.4200,42.4600,3652
31,42.4600,42.5200,42.4600,42.5100,7277
32,42.5100,42.5800,42.4900,42.5600,5677
33,42.5800,42.5800,42.5800,42.5800,500
34,42.5800,42.5800,42.5200,42.5300,3200
35,42.5300,42.5362,42.5100,42.5100,2438
36,42.5200,42.5200,42.5100,42.5100,900
37,42.5000,42.5050,42.4800,42.4800,1600
38,42.4800,42.4800,42.4600,42.4600,800
39,42.4500,42.4600,42.4450,42.4500,2365
40,42.4500,42.4600,42.4500,42.4500,2500
41,42.4700,42.4800,42.4700,42.4799,980
42,42.4800,42.5100,42.4800,42.5000,4436
43,42.5000,42.5200,42.4800,42.5200,6191
44,42.5200,42.5300,42.5200,42.5300,1800
45,42.5200,42.5500,42.5200,42.5400,1100
46,42.5500,42.5500,42.4900,42.4900,3600
47,42.4850,42.5400,42.4850,42.5200,1986
48,42.5300,42.5550,42.5300,42.5400,1040
49,42.5700,42.6200,42.5650,42.6100,4749
50,42.6100,42.6100,42.6009,42.6009,784
51,42.6000,42.6000,42.5500,42.5700,4903
52,42.5600,42.5600,42.5300,42.5300,1100
53,42.5300,42.5300,42.5100,42.5300,2600
54,42.5400,42.5400,42.5250,42.5350,2638
55,42.5400,42.5400,42.5200,42.5400,2500
56,42.5400,42.5400,42.5300,42.5400,2000
57,42.5300,42.5300,42.5000,42.5050,3300
58,42.5100,42.5300,42.5050,42.5299,1900
59,42.5200,42.5250,42.5100,42.5200,2501
60,42.5100,42.5150,42.4700,42.4800,4811
61,42.4600,42.4900,42.4300,42.4300,6800
62,42.4300,42.4300,42.3900,42.4000,5614
63,42.4000,42.4100,42.3900,42.3950,3900
64,42.4000,42.4100,42.4000,42.4000,4600
65,42.4100,42.4200,42.3901,42.4150,3540
66,42.4150,42.4150,42.3700,42.3900,3299
67,42.3800,42.3800,42.3600,42.3750,4800
68,42.3725,42.3900,42.3700,42.3700,2200
69,42.3700,42.3700,42.3500,42.3500,2682
70,42.3500,42.3650,42.3400,42.3500,10844
71,42.3400,42.3500,42.3300,42.3400,1800
72,42.3400,42.3800,42.3400,42.3600,3753
73,42.3700,42.3800,42.3699,42.3800,3300
74,42.3899,42.3899,42.3799,42.3800,1800
75,42.3800,42.3800,42.3400,42.3400,8708
76,42.3500,42.3700,42.3500,42.3700,6770
77,42.3800,42.4100,42.3800,42.4100,3375
78,42.4100,42.4850,42.4100,42.4700,5319
79,42.4690,42.4700,42.4600,42.4657,2596
80,42.4700,42.4900,42.4700,42.4750,4696
81,42.4700,42.4700,42.4550,42.4550,1583
82,42.4500,42.4700,42.4400,42.4700,3500
83,42.4700,42.4900,42.4600,42.4600,4517
84,42.4600,42.4800,42.4600,42.4800,2651
85,42.4800,42.5000,42.4800,42.5000,6100
86,42.5000,42.5600,42.5000,42.5600,2700
87,42.5600,42.5600,42.5500,42.5600,1300
88,42.5600,42.5600,42.5400,42.5500,4133
89,42.5500,42.5500,42.5400,42.5500,1928
90,42.5350,42.5400,42.5200,42.5400,2100
91,42.5300,42.5300,42.5247,42.5300,1800
92,42.5290,42.5300,42.5250,42.5300,800
93,42.5200,42.5300,42.5200,42.5250,500
94,42.5200,42.5250,42.4800,42.4850,6500
95,42.4900,42.5500,42.4900,42.5500,4516
96,42.5500,42.5600,42.5300,42.5300,4015
97,42.5200,42.5200,42.5000,42.5000,1448
98,42.5000,42.5000,42.4900,42.5000,2441
99,42.5000,42.5050,42.4950,42.5000,2900
100,42.5000,42.5100,42.4999,42.4999,2100
101,42.5000,42.5100,42.5000,42.5100,3600
102,42.5100,42.5100,42.5050,42.5100,1100
103,42.5100,42.5400,42.5100,42.5300,9396
104,42.5400,42.5600,42.5400,42.5600,9677
105,42.5500,42.5700,42.5500,42.5700,1200
106,42.5600,42.5700,42.5600,42.5700,500
107,42.5700,42.5700,42.5500,42.5600,3000
108,42.5500,42.5700,42.5400,42.5700,7500
109,42.5700,42.5700,42.5700,42.5700,2300
110,42.5700,42.5800,42.5700,42.5750,2000
111,42.5800,42.5800,42.5700,42.5700,1224
112,42.5600,42.5600,42.5500,42.5500,1583
113,42.5500,42.5500,42.5400,42.5500,6075
114,42.5450,42.5550,42.5400,42.5450,4932
115,42.5400,42.5450,42.5333,42.5400,3161
116,42.5300,42.5350,42.5200,42.5300,3200
117,42.5250,42.5250,42.4600,42.4700,3688
118,42.4699,42.4800,42.4600,42.4800,1700
119,42.4700,42.4700,42.4300,42.4325,3857
120,42.4350,42.4400,42.4200,42.4400,3725
121,42.4300,42.4350,42.4200,42.4225,1665
122,42.4300,42.4600,42.4300,42.4600,5530
123,42.4700,42.4800,42.4450,42.4500,4200
124,42.4600,42.4650,42.4600,42.4600,700
125,42.4699,42.4699,42.4500,42.4550,1952
126,42.4500,42.4500,42.4500,42.4500,200
127,42.4600,42.4700,42.4600,42.4700,4600
128,42.4800,42.4900,42.4700,42.4700,3200
129,42.4800,42.4900,42.4700,42.4900,2900
130,42.4800,42.4900,42.4800,42.4800,2600
131,42.4800,42.4800,42.4800,42.4800,500
132,42.4800,42.4800,42.4700,42.4700,5699
133,42.4800,42.4900,42.4800,42.4800,2700
134,42.4700,42.4700,42.4400,42.4500,4799
135,42.4500,42.4500,42.4500,42.4500,700
136,42.4600,42.4700,42.4600,42.4650,900
137,42.4700,42.4700,42.4450,42.4600,3700
138,42.4500,42.4600,42.4500,42.4600,2100
139,42.4600,42.4700,42.4600,42.4700,1400
140,42.4650,42.4900,42.4650,42.4900,2100
141,42.4800,42.5000,42.4800,42.4900,3149
142,42.4900,42.5200,42.4900,42.5200,56572
143,42.5200,42.5200,42.5148,42.5200,3494
144,42.5200,42.5300,42.5200,42.5200,3630
145,42.5200,42.5300,42.5200,42.5200,6313
146,42.5300,42.5500,42.5250,42.5500,3700
147,42.5400,42.5500,42.5400,42.5400,500
148,42.5400,42.5500,42.5400,42.5400,3734
149,42.5400,42.5400,42.5200,42.5200,3218
150,42.5200,42.5600,42.5200,42.5500,7854
151,42.5400,42.5400,42.5250,42.5300,1159
152,42.5200,42.5400,42.5100,42.5399,6216
153,42.5350,42.5350,42.5300,42.5300,2725
154,42.5300,42.5500,42.5300,42.5400,2200
155,42.5500,42.5600,42.5500,42.5600,1100
156,42.5500,42.5600,42.5500,42.5500,1900
157,42.5600,42.5600,42.5500,42.5600,1296
158,42.5600,42.5800,42.5600,42.5800,1300
159,42.5800,42.5900,42.5800,42.5800,3206
160,42.5800,42.5800,42.5400,42.5400,2500
161,42.5500,42.5500,42.5450,42.5500,600
162,42.5500,42.5500,42.5500,42.5500,300
163,42.5500,42.5500,42.5200,42.5200,3300
164,42.5200,42.5300,42.5150,42.5300,2200
165,42.5300,42.5400,42.5299,42.5400,2519
166,42.5400,42.5450,42.5300,42.5300,3200
167,42.5200,42.5300,42.5200,42.5300,900
168,42.5200,42.5400,42.5200,42.5300,3430
169,42.5200,42.5300,42.5200,42.5200,819
170,42.5150,42.5400,42.5150,42.5400,2571
171,42.5300,42.5400,42.5300,42.5400,700
172,42.5400,42.5400,42.5300,42.5350,2700
173,42.5400,42.5400,42.5400,42.5400,1800
174,42.5500,42.5500,42.5500,42.5500,600
175,42.5500,42.5600,42.5300,42.5350,6192
176,42.5350,42.5400,42.5350,42.5400,1100
177,42.5350,42.5400,42.5350,42.5400,453
178,42.5400,42.5400,42.5200,42.5200,3300
179,42.5250,42.5300,42.5200,42.5200,9443
180,42.5250,42.5250,42.5100,42.5200,6500
181,42.5150,42.5300,42.5150,42.5201,2200
182,42.5300,42.5300,42.5200,42.5200,3400
183,42.5200,42.5300,42.5200,42.5250,3090
184,42.5201,42.5300,42.5201,42.5300,790
185,42.5300,42.5350,42.5200,42.5200,5300
186,42.5200,42.5300,42.5200,42.5250,1800
187,42.5200,42.5300,42.5200,42.5250,3824
188,42.5250,42.5250,42.5250,42.5250,200
189,42.5300,42.5400,42.5250,42.5350,2600
190,42.5350,42.5350,42.5300,42.5300,2000
191,42.5200,42.5200,42.5000,42.5100,4963
192,42.5100,42.5200,42.5050,42.5101,2700
193,42.5150,42.5300,42.5100,42.5250,3434
194,42.5300,42.5400,42.5250,42.5300,1600
195,42.5400,42.5400,42.5350,42.5400,800
196,42.5400,42.5500,42.5400,42.5400,1100
197,42.5400,42.5400,42.5300,42.5300,5534
198,42.5200,42.5200,42.5000,42.5100,11189
199,42.5100,42.5300,42.5000,42.5250,6266
200,42.5200,42.5200,42.5000,42.5100,2300
201,42.5100,42.5100,42.4800,42.4800,9600
202,42.4800,42.5000,42.4600,42.5000,2500
203,42.4900,42.4900,42.4800,42.4900,1250
204,42.4900,42.4900,42.4850,42.4850,2350
205,42.4900,42.4900,42.4842,42.4900,848
206,42.4900,42.4900,42.4800,42.4850,2100
207,42.4900,42.4900,42.4800,42.4900,3336
208,42.4900,42.5200,42.4900,42.5200,3150
209,42.5200,42.5300,42.5200,42.5250,300
210,42.5300,42.5300,42.5100,42.5100,1586
211,42.5150,42.5150,42.5100,42.5100,1300
212,42.5100,42.5200,42.5100,42.5200,1802
213,42.5200,42.5200,42.5100,42.5200,1100
214,42.5200,42.5500,42.5200,42.5300,4600
215,42.5500,42.5500,42.5400,42.5400,3100
216,42.5400,42.5400,42.5300,42.5400,1300
217,42.5400,42.5500,42.5400,42.5500,2300
218,42.5500,42.5500,42.5400,42.5400,400
219,42.5350,42.5450,42.5338,42.5450,1185
220,42.5500,42.5500,42.5150,42.5200,2180
221,42.5200,42.5400,42.5200,42.5400,700
222,42.5400,42.5500,42.5400,42.5500,1600
223,42.5400,42.5500,42.5400,42.5500,800
224,42.5500,42.5600,42.5500,42.5600,1200
225,42.5600,42.5600,42.5400,42.5400,1700
226,42.5450,42.5500,42.5400,42.5500,1200
227,42.5500,42.5700,42.5500,42.5700,2200
228,42.5600,42.5600,42.5500,42.5500,3000
229,42.5500,42.5600,42.5350,42.5500,8755
230,42.5600,42.5700,42.5600,42.5700,800
231,42.5600,42.5600,42.5300,42.5400,7404
232,42.5500,42.5600,42.5500,42.5600,1400
233,42.5600,42.5700,42.5450,42.5700,3700
234,42.5700,42.5700,42.5500,42.5675,6052
235,42.5750,42.6300,42.5750,42.6300,4100
236,42.6200,42.6300,42.6200,42.6200,1916
237,42.6100,42.6100,42.5900,42.5900,3070
238,42.5900,42.5900,42.5800,42.5800,700
239,42.5790,42.5800,42.5600,42.5800,2017
240,42.5800,42.5900,42.5750,42.5900,1800
241,42.5900,42.6000,42.5900,42.5900,1567
242,42.5900,42.5900,42.5800,42.5800,200
243,42.5800,42.5800,42.5800,42.5800,487
244,42.5700,42.5700,42.5600,42.5700,1292
245,42.5600,42.5650,42.5600,42.5650,3100
247,42.5600,42.5800,42.5600,42.5700,6799
248,42.5700,42.5800,42.5650,42.5650,2300
249,42.5700,42.5950,42.5700,42.5950,2671
250,42.5900,42.5900,42.5850,42.5850,1218
251,42.5800,42.5800,42.5750,42.5800,2579
252,42.5900,42.6000,42.5900,42.5950,1500
253,42.6000,42.6000,42.5700,42.5800,2000
254,42.5750,42.5750,42.5700,42.5700,420
255,42.5750,42.5750,42.5650,42.5700,4900
256,42.5800,42.5900,42.5750,42.5900,2500
257,42.6000,42.6200,42.6000,42.6100,2699
258,42.6200,42.6200,42.5850,42.5900,4821
259,42.5900,42.5900,42.5733,42.5800,2375
260,42.5900,42.6050,42.5900,42.6050,1100
261,42.6000,42.6000,42.5900,42.5900,700
262,42.5950,42.6100,42.5900,42.5900,2800
263,42.5950,42.6200,42.5950,42.6200,2500
264,42.6200,42.6300,42.6100,42.6100,1401
265,42.6150,42.6150,42.6150,42.6150,200
266,42.6100,42.6200,42.6100,42.6200,1100
267,42.6200,42.6500,42.6200,42.6450,9576
268,42.6500,42.6700,42.6500,42.6600,2509
269,42.6500,42.6600,42.6500,42.6500,1500
270,42.6500,42.6500,42.6290,42.6300,2800
271,42.6400,42.6450,42.6150,42.6150,4100
272,42.6200,42.6200,42.6200,42.6200,604
273,42.6150,42.6250,42.6150,42.6150,2300
274,42.6150,42.6200,42.6150,42.6150,600
275,42.6200,42.6500,42.6200,42.6400,3036
276,42.6400,42.6600,42.6400,42.6500,1300
277,42.6400,42.6450,42.6200,42.6250,3400
278,42.6300,42.6600,42.6300,42.6500,2852
279,42.6500,42.6500,42.6300,42.6300,700
280,42.6200,42.6200,42.6000,42.6100,2939
281,42.6100,42.6300,42.6100,42.6200,1650
282,42.6100,42.6100,42.6000,42.6100,700
283,42.6100,42.6100,42.6000,42.6100,700
284,42.6100,42.6100,42.6001,42.6050,2286
285,42.6100,42.6100,42.5900,42.5900,1400
286,42.5800,42.6000,42.5750,42.6000,2300
287,42.5900,42.5900,42.5900,42.5900,2948
289,42.5900,42.5900,42.5900,42.5900,700
290,42.5850,42.5900,42.5800,42.5900,4100
291,42.5900,42.5900,42.5850,42.5850,942
292,42.5900,42.5950,42.5900,42.5900,1600
293,42.5900,42.5950,42.5900,42.5900,600
294,42.5900,42.5900,42.5750,42.5750,3400
295,42.5800,42.6000,42.5800,42.6000,5100
296,42.6050,42.6200,42.6050,42.6100,3703
297,42.6100,42.6100,42.5900,42.6000,5703
298,42.6000,42.6100,42.6000,42.6100,4110
299,42.6200,42.6200,42.6200,42.6200,200
300,42.6200,42.6250,42.6200,42.6200,2981
301,42.6200,42.6200,42.6150,42.6150,700
302,42.6200,42.6300,42.6200,42.6250,800
303,42.6300,42.6400,42.6300,42.6400,900
304,42.6400,42.6500,42.6310,42.6310,3445
305,42.6350,42.6350,42.6350,42.6350,100
306,42.6400,42.6450,42.6350,42.6400,4055
307,42.6400,42.6400,42.6150,42.6200,3730
308,42.6200,42.6200,42.6200,42.6200,700
309,42.6200,42.6200,42.6200,42.6200,800
310,42.6200,42.6300,42.6200,42.6299,928
311,42.6200,42.6300,42.6000,42.6000,2000
312,42.6050,42.6200,42.6050,42.6200,3202
313,42.6250,42.6300,42.6200,42.6300,1788
314,42.6300,42.6300,42.6300,42.6300,1336
315,42.6350,42.6450,42.6350,42.6450,700
316,42.6458,42.6600,42.6450,42.6500,3033
317,42.6550,42.6550,42.6400,42.6400,1900
318,42.6500,42.6600,42.6400,42.6600,6233
319,42.6600,42.6700,42.6500,42.6500,2300
320,42.6500,42.6500,42.6450,42.6500,400
321,42.6500,42.6550,42.6300,42.6500,5055
322,42.6500,42.6600,42.6500,42.6600,500
323,42.6550,42.6600,42.6500,42.6550,3100
324,42.6550,42.6550,42.6350,42.6400,1900
325,42.6300,42.6400,42.6300,42.6400,2860
326,42.6400,42.6400,42.6350,42.6350,1100
327,42.6350,42.6350,42.6200,42.6200,3501
328,42.6300,42.6400,42.6300,42.6400,1500
329,42.6300,42.6400,42.6300,42.6400,4318
330,42.6500,42.6550,42.6200,42.6250,5450
331,42.6250,42.6250,42.6250,42.6250,400
332,42.6250,42.6300,42.6200,42.6250,1431
333,42.6250,42.6250,42.6000,42.6000,3450
334,42.6000,42.6100,42.5950,42.6100,3817
335,42.6000,42.6050,42.5900,42.6050,4091
336,42.6000,42.6150,42.6000,42.6150,3489
337,42.6100,42.6300,42.6100,42.6200,2600
339,42.6200,42.6250,42.6200,42.6200,4394
340,42.6100,42.6150,42.5950,42.6000,2300
341,42.5900,42.5900,42.5700,42.5700,2800
342,42.5800,42.5850,42.5750,42.5800,4004
343,42.5800,42.5868,42.5800,42.5868,3648
344,42.5810,42.5866,42.5810,42.5866,6772
345,42.5850,42.6000,42.5800,42.6000,4262
346,42.6000,42.6000,42.5800,42.5850,5166
347,42.5800,42.5850,42.5700,42.5700,1413
348,42.5700,42.5700,42.5550,42.5600,5193
349,42.5600,42.5700,42.5600,42.5700,3790
350,42.5800,42.5852,42.5800,42.5852,3958
351,42.5900,42.6000,42.5900,42.6000,3512
352,42.5950,42.6000,42.5900,42.5950,4700
353,42.5950,42.6000,42.5800,42.5900,3876
354,42.5900,42.6000,42.5800,42.5900,2800
355,42.5900,42.5900,42.5800,42.5800,2090
356,42.5800,42.5900,42.5800,42.5800,900
357,42.5850,42.6000,42.5850,42.6000,5059
358,42.6000,42.6200,42.6000,42.6200,4556
359,42.6200,42.6300,42.6150,42.6300,3139
360,42.6300,42.6300,42.6250,42.6250,700
361,42.6300,42.6400,42.6300,42.6400,6537
362,42.6400,42.6400,42.6300,42.6300,1600
363,42.6300,42.6350,42.6150,42.6150,4998
364,42.6150,42.6200,42.6000,42.6100,2869
365,42.6000,42.6100,42.6000,42.6000,1500
366,42.6000,42.6050,42.5900,42.6050,9582
367,42.6100,42.6150,42.5900,42.5900,3589
368,42.5900,42.6000,42.5900,42.5900,810
369,42.5950,42.5950,42.5600,42.5600,4310
370,42.5600,42.5700,42.5600,42.5600,1300
371,42.5600,42.5600,42.5400,42.5400,2600
372,42.5450,42.5500,42.5400,42.5400,3100
373,42.5400,42.5450,42.5400,42.5400,3711
374,42.5400,42.5600,42.5400,42.5600,14477
375,42.5700,42.5900,42.5650,42.5900,6095
376,42.5900,42.6200,42.5900,42.6200,5313
377,42.6200,42.6200,42.6000,42.6050,3387
378,42.6000,42.6000,42.5950,42.5950,2098
379,42.5950,42.6000,42.5800,42.5800,3920
380,42.5850,42.5900,42.5800,42.5800,1664
381,42.5800,42.5850,42.5450,42.5600,22370
382,42.5650,42.5700,42.5650,42.5700,2364
383,42.5600,42.5600,42.5300,42.5450,28233
384,42.5400,42.5400,42.5300,42.5300,4197
385,42.5350,42.5400,42.5250,42.5350,6645
386,42.5350,42.5350,42.5200,42.5300,9002
387,42.5250,42.5300,42.5100,42.5150,10064
388,42.5150,42.5200,42.5000,42.5050,20233
389,42.5050,42.5100,42.4900,42.4950,11041
390,42.4950,42.5300,42.4900,42.5200,53070