CSCO,Cisco Systems,Information Technology,7,Communications Equipment,156683771570,23207972
a149944500072,31.6150,31.6200,31.6100,31.6150,55664
373,31.6110,31.6200,31.6100,31.6150,26528
374,31.6200,31.6200,31.6100,31.6150,28444
375,31.6150,31.6200,31.6100,31.6100,56018
376,31.6100,31.6200,31.6000,31.6000,54349
377,31.6050,31.6100,31.6000,31.6100,47804
378,31.6100,31.6200,31.6000,31.6190,56721
379,31.6200,31.6200,31.6100,31.6150,28140
380,31.6200,31.6200,31.5800,31.5850,196652
381,31.5900,31.6100,31.5850,31.5950,239609
382,31.5950,31.6000,31.5900,31.5950,53871
383,31.5950,31.6000,31.5800,31.5800,105550
384,31.5853,31.6000,31.5800,31.5850,133072
385,31.5800,31.5900,31.5800,31.5850,58575
386,31.5800,31.5850,31.5700,31.5750,110895
387,31.5700,31.5800,31.5700,31.5700,121051
388,31.5750,31.5800,31.5700,31.5750,89177
389,31.5800,31.5800,31.5700,31.5800,124244
390,31.5750,31.5800,31.5500,31.5550,2609756
0,31.6100,31.6500,31.6000,31.6500,286332
1,31.6490,31.7200,31.6100,31.6912,147934
2,31.7000,31.7200,31.6800,31.6900,68407
3,31.6865,31.6900,31.6300,31.6400,27946
4,31.6400,31.6689,31.6400,31.6601,21150
5,31.6600,31.6700,31.6500,31.6500,15243
6,31.6536,31.6750,31.6200,31.6200,76646
7,31.6200,31.6300,31.6100,31.6150,25899
8,31.6100,31.6300,31.6100,31.6200,53336
9,31.6200,31.6300,31.6100,31.6250,31624
10,31.6250,31.6300,31.6000,31.6000,53257
11,31.6000,31.6100,31.5900,31.5900,45723
12,31.5900,31.6000,31.5900,31.6000,69268
13,31.5950,31.6050,31.5800,31.5850,42161
14,31.5850,31.5900,31.5800,31.5800,26813
15,31.5800,31.5900,31.5800,31.5900,11990
16,31.5850,31.6000,31.5800,31.6000,23295
17,31.5998,31.6100,31.5900,31.5950,64498
18,31.5900,31.6000,31.5900,31.5998,35871
19,31.5900,31.6200,31.5900,31.6162,127496
20,31.6155,31.6200,31.6058,31.6200,18483
21,31.6200,31.6200,31.5700,31.5700,60743
22,31.5700,31.5858,31.5600,31.5800,25088
23,31.5800,31.5898,31.5700,31.5700,33905
24,31.5755,31.5800,31.5600,31.5600,17499
25,31.5670,31.5800,31.5600,31.5700,39646
26,31.5700,31.5775,31.5700,31.5700,17787
27,31.5700,31.5800,31.5600,31.5600,29939
28,31.5600,31.5900,31.5600,31.5800,33295
29,31.5850,31.6000,31.5800,31.6000,25718
30,31.5900,31.6300,31.5900,31.6282,80071
31,31.6300,31.6500,31.6300,31.6450,29293
32,31.6400,31.6500,31.6300,31.6300,17040
33,31.6305,31.6400,31.6200,31.6200,19971
34,31.6200,31.6450,31.6200,31.6400,37687
35,31.6400,31.6500,31.6300,31.6500,17916
36,31.6465,31.6600,31.6400,31.6400,57503
37,31.6465,31.6465,31.6300,31.6350,18624
38,31.6350,31.6400,31.6300,31.6300,12434
39,31.6300,31.6400,31.6300,31.6351,16711
40,31.6300,31.6350,31.6100,31.6245,56622
41,31.6249,31.6300,31.6100,31.6100,32654
42,31.6157,31.6300,31.6150,31.6267,14123
43,31.6300,31.6450,31.6250,31.6300,45211
44,31.6350,31.6400,31.6000,31.6000,69884
45,31.6100,31.6200,31.6000,31.6000,24032
46,31.6070,31.6070,31.5900,31.5950,18990
47,31.5950,31.6099,31.5900,31.6050,24224
48,31.6028,31.6100,31.6000,31.6072,6432
49,31.6050,31.6100,31.6000,31.6000,5020
50,31.6000,31.6081,31.5900,31.5900,30409
51,31.5950,31.6000,31.5800,31.5800,22973
52,31.5800,31.5900,31.5700,31.5800,31524
53,31.5800,31.5900,31.5800,31.5800,36453
54,31.5800,31.5850,31.5700,31.5800,37716
55,31.5800,31.5890,31.5700,31.5700,17388
56,31.5700,31.5765,31.5600,31.5600,19413
57,31.5700,31.5700,31.5400,31.5450,43464
58,31.5450,31.5600,31.5450,31.5500,43021
59,31.5400,31.5400,31.5200,31.5390,49807
60,31.5300,31.5400,31.5100,31.5100,23646
61,31.5199,31.5300,31.5100,31.5150,40686
62,31.5150,31.5250,31.5100,31.5200,37546
63,31.5200,31.5400,31.5200,31.5327,15946
64,31.5364,31.5499,31.5200,31.5499,38992
65,31.5450,31.5800,31.5400,31.5700,70120
66,31.5700,31.5700,31.5437,31.5500,63310
67,31.5400,31.5700,31.5350,31.5700,32324
68,31.5700,31.5800,31.5600,31.5600,14109
69,31.5600,31.5800,31.5600,31.5600,21435
70,31.5700,31.5700,31.5600,31.5600,19030
71,31.5600,31.5659,31.5350,31.5500,36379
72,31.5500,31.5700,31.5400,31.5600,14378
73,31.5600,31.5700,31.5500,31.5700,26581
74,31.5600,31.5690,31.5550,31.5600,10518
75,31.5600,31.5700,31.5500,31.5550,17141
76,31.5600,31.5699,31.5500,31.5600,30812
77,31.5700,31.5900,31.5650,31.5900,47639
78,31.5850,31.6000,31.5850,31.5900,44853
79,31.5850,31.5900,31.5700,31.5800,46602
80,31.5850,31.6000,31.5850,31.5950,28723
81,31.5900,31.5950,31.5800,31.5800,13140
82,31.5845,31.5900,31.5700,31.5850,18395
83,31.5900,31.5900,31.5700,31.5700,13302
84,31.5700,31.5800,31.5700,31.5767,6234
85,31.5734,31.5947,31.5700,31.5900,14610
86,31.5927,31.6000,31.5900,31.5900,3394
87,31.5901,31.6000,31.5850,31.5950,16790
88,31.5900,31.6000,31.5900,31.6000,8043
89,31.6000,31.6000,31.5900,31.5950,6874
90,31.5957,31.6150,31.5900,31.6150,71806
91,31.6165,31.6200,31.6100,31.6100,14595
92,31.6150,31.6300,31.6112,31.6237,27126
93,31.6200,31.6400,31.6200,31.6400,81724
94,31.6400,31.6400,31.6200,31.6230,25476
95,31.6300,31.6450,31.6250,31.6400,24685
96,31.6400,31.6500,31.6300,31.6450,11751
97,31.6400,31.6700,31.6400,31.6600,80332
98,31.6646,31.6650,31.6500,31.6500,39820
99,31.6501,31.6562,31.6300,31.6350,35731
100,31.6356,31.6400,31.6300,31.6390,9062
101,31.6350,31.6400,31.6150,31.6200,21392
102,31.6200,31.6200,31.6100,31.6200,10894
103,31.6150,31.6350,31.6100,31.6350,26049
104,31.6300,31.6350,31.6200,31.6300,20178
105,31.6200,31.6300,31.6200,31.6200,10362
106,31.6200,31.6250,31.6000,31.6050,25850
107,31.6050,31.6068,31.6000,31.6000,12097
108,31.5999,31.6000,31.5900,31.5950,10800
109,31.5950,31.6000,31.5900,31.5999,10890
110,31.5963,31.6000,31.5900,31.5900,14703
111,31.5950,31.6000,31.5800,31.5866,19230
112,31.5800,31.6100,31.5800,31.6085,37474
113,31.6000,31.6200,31.6000,31.6100,27809
114,31.6100,31.6189,31.6050,31.6100,13872
115,31.6099,31.6200,31.6000,31.6050,14504
116,31.6000,31.6100,31.6000,31.6000,5284
117,31.6089,31.6100,31.5800,31.5840,19037
118,31.5850,31.5900,31.5800,31.5800,5993
119,31.5800,31.5857,31.5700,31.5700,16779
120,31.5700,31.5710,31.5600,31.5600,14983
121,31.5650,31.5700,31.5600,31.5650,4231
122,31.5672,31.5800,31.5600,31.5700,30500
123,31.5732,31.5750,31.5500,31.5500,16238
124,31.5599,31.5600,31.5500,31.5596,14705
125,31.5501,31.5600,31.5500,31.5600,5201
126,31.5500,31.5600,31.5500,31.5570,3050
127,31.5600,31.5600,31.5500,31.5500,5398
128,31.5600,31.5600,31.5500,31.5500,4954
129,31.5500,31.5700,31.5500,31.5600,54843
130,31.5600,31.5600,31.5500,31.5500,32651
131,31.5550,31.5600,31.5500,31.5600,4311
132,31.5550,31.5590,31.5500,31.5500,4168
133,31.5533,31.5600,31.5500,31.5500,6764
134,31.5500,31.5550,31.5500,31.5500,10124
135,31.5557,31.5600,31.5200,31.5200,92965
136,31.5250,31.5270,31.5200,31.5250,9511
137,31.5200,31.5275,31.5200,31.5200,11952
138,31.5210,31.5266,31.5100,31.5150,22479
139,31.5199,31.5300,31.5100,31.5100,51005
140,31.5100,31.5200,31.5050,31.5101,46560
141,31.5100,31.5190,31.5100,31.5101,25315
142,31.5198,31.5200,31.5100,31.5100,17607
143,31.5101,31.5198,31.5100,31.5138,10734
144,31.5100,31.5200,31.5100,31.5100,12381
145,31.5100,31.5175,31.5050,31.5175,26863
146,31.5165,31.5200,31.5050,31.5165,25306
147,31.5100,31.5200,31.5100,31.5100,12883
148,31.5100,31.5200,31.5100,31.5100,7787
149,31.5200,31.5200,31.5100,31.5150,5475
150,31.5137,31.5198,31.5100,31.5100,10642
151,31.5163,31.5163,31.5000,31.5090,29934
152,31.5000,31.5100,31.5000,31.5050,67930
153,31.5057,31.5100,31.5000,31.5100,30544
154,31.5050,31.5100,31.5000,31.5000,25941
155,31.5001,31.5100,31.5000,31.5050,18834
156,31.5100,31.5400,31.5050,31.5300,66744
157,31.5300,31.5400,31.5300,31.5400,15395
158,31.5400,31.5400,31.5300,31.5350,8851
159,31.5399,31.5400,31.5250,31.5350,39892
160,31.5300,31.5400,31.5200,31.5300,16338
161,31.5300,31.5300,31.5200,31.5250,3500
162,31.5210,31.5400,31.5210,31.5301,22277
163,31.5350,31.5400,31.5200,31.5300,17965
164,31.5300,31.5300,31.5200,31.5225,6445
165,31.5250,31.5300,31.5200,31.5250,9967
166,31.5250,31.5400,31.5235,31.5300,37621
167,31.5300,31.5400,31.5250,31.5300,31514
168,31.5300,31.5400,31.5300,31.5350,6664
169,31.5350,31.5400,31.5300,31.5349,6900
170,31.5357,31.5400,31.5200,31.5301,32022
171,31.5350,31.5400,31.5300,31.5400,22700
172,31.5396,31.5500,31.5300,31.5400,17624
173,31.5500,31.5500,31.5400,31.5450,15116
174,31.5450,31.5500,31.5400,31.5500,2820
175,31.5500,31.5500,31.5400,31.5450,3652
176,31.5470,31.5470,31.5300,31.5300,18742
177,31.5300,31.5400,31.5300,31.5400,3391
178,31.5350,31.5360,31.5300,31.5350,15161
179,31.5300,31.5378,31.5200,31.5250,24905
180,31.5200,31.5300,31.5200,31.5200,12187
181,31.5250,31.5300,31.5200,31.5250,11919
182,31.5210,31.5300,31.5200,31.5250,11693
183,31.5250,31.5300,31.5200,31.5250,10909
184,31.5250,31.5400,31.5200,31.5362,37240
185,31.5400,31.5500,31.5200,31.5200,39395
186,31.5200,31.5396,31.5200,31.5300,9230
187,31.5300,31.5350,31.5300,31.5300,8361
188,31.5300,31.5400,31.5300,31.5350,6121
189,31.5300,31.5400,31.5300,31.5400,9530
190,31.5400,31.5400,31.5300,31.5350,11204
191,31.5350,31.5400,31.5200,31.5296,23261
192,31.5250,31.5300,31.5200,31.5218,46110
193,31.5200,31.5300,31.5200,31.5250,10892
194,31.5270,31.5300,31.5200,31.5300,3359
195,31.5250,31.5300,31.5201,31.5290,5675
196,31.5250,31.5300,31.5200,31.5250,11384
197,31.5300,31.5300,31.5100,31.5150,32054
198,31.5184,31.5200,31.4800,31.4800,158306
199,31.4850,31.5100,31.4800,31.5050,27417
200,31.5050,31.5100,31.5000,31.5057,8349
201,31.5000,31.5099,31.4750,31.4750,32912
202,31.4766,31.4900,31.4500,31.4900,51765
203,31.4900,31.4900,31.4713,31.4800,15009
204,31.4763,31.4900,31.4701,31.4900,6732
205,31.4835,31.4900,31.4800,31.4800,5002
206,31.4800,31.4900,31.4800,31.4800,23437
207,31.4900,31.5000,31.4810,31.5000,27537
208,31.4950,31.5100,31.4900,31.5100,26850
209,31.5000,31.5100,31.4901,31.4901,33507
210,31.4950,31.5000,31.4850,31.4900,26694
211,31.4900,31.4900,31.4800,31.4850,16461
212,31.4800,31.4900,31.4800,31.4800,13707
213,31.4855,31.4900,31.4800,31.4810,4659
214,31.4800,31.5050,31.4800,31.5000,34161
215,31.5050,31.5100,31.5000,31.5048,22563
216,31.5000,31.5000,31.4900,31.4950,7700
217,31.4950,31.5000,31.4800,31.4900,43095
218,31.4900,31.4900,31.4846,31.4900,10918
219,31.4857,31.5000,31.4821,31.4950,20041
220,31.4950,31.4990,31.4800,31.4900,20216
221,31.4850,31.4900,31.4700,31.4900,54537
222,31.4900,31.4900,31.4800,31.4850,14625
223,31.4841,31.4873,31.4800,31.4800,7511
224,31.4850,31.4900,31.4800,31.4899,28574
225,31.4850,31.4900,31.4800,31.4800,10532
226,31.4810,31.4810,31.4600,31.4600,35680
227,31.4646,31.4700,31.4600,31.4650,13760
228,31.4700,31.4700,31.4600,31.4650,8612
229,31.4699,31.4700,31.4600,31.4648,14811
230,31.4600,31.4700,31.4600,31.4600,7874
231,31.4650,31.4650,31.4400,31.4450,32610
232,31.4400,31.4600,31.4400,31.4500,36356
233,31.4500,31.4600,31.4500,31.4500,2475
234,31.4550,31.4600,31.4500,31.4543,12088
235,31.4557,31.4900,31.4550,31.4800,62565
236,31.4850,31.4900,31.4750,31.4800,36856
237,31.4800,31.4900,31.4800,31.4850,2250
238,31.4850,31.4900,31.4800,31.4800,3740
239,31.4800,31.4900,31.4800,31.4850,8586
240,31.4800,31.4900,31.4800,31.4850,32619
241,31.4850,31.5100,31.4800,31.5050,40966
242,31.5000,31.5050,31.4930,31.4950,23185
243,31.4950,31.5000,31.4900,31.4950,4125
244,31.4950,31.5000,31.4900,31.4900,9420
245,31.4950,31.5000,31.4900,31.4950,4838
246,31.4950,31.5000,31.4922,31.4966,5799
247,31.5000,31.5000,31.4927,31.4950,7267
248,31.5000,31.5000,31.4850,31.5000,86001
249,31.5000,31.5000,31.4900,31.4950,50015
250,31.5000,31.5000,31.4900,31.4950,3459
251,31.4950,31.5000,31.4900,31.4950,47772
252,31.5000,31.5100,31.5000,31.5050,20581
253,31.5050,31.5050,31.4900,31.4950,13992
254,31.4950,31.5000,31.4900,31.4950,2900
255,31.4931,31.5000,31.4910,31.5000,24049
256,31.4925,31.5000,31.4901,31.5000,9108
257,31.5000,31.5100,31.4900,31.5000,112610
258,31.5100,31.5100,31.4950,31.5000,20336
259,31.5000,31.5000,31.4911,31.5000,10424
260,31.5000,31.5200,31.4924,31.5200,40744
261,31.5200,31.5200,31.5100,31.5190,7716
262,31.5150,31.5150,31.5050,31.5056,10491
263,31.5079,31.5100,31.5000,31.5050,71270
264,31.5100,31.5200,31.5050,31.5100,13031
265,31.5100,31.5190,31.5000,31.5050,19777
266,31.5000,31.5100,31.5000,31.5075,8096
267,31.5100,31.5300,31.5000,31.5250,41879
268,31.5200,31.5300,31.5200,31.5250,12016
269,31.5250,31.5300,31.5200,31.5200,11212
270,31.5300,31.5300,31.5100,31.5100,47188
271,31.5150,31.5200,31.5100,31.5150,11823
272,31.5150,31.5150,31.5100,31.5100,3677
273,31.5150,31.5199,31.5000,31.5050,28344
274,31.5100,31.5299,31.5100,31.5200,36676
275,31.5200,31.5700,31.5200,31.5700,90978
276,31.5640,31.6000,31.5600,31.5800,157310
277,31.5790,31.5790,31.5700,31.5750,9873
278,31.5700,31.5950,31.5700,31.5800,34282
279,31.5800,31.5843,31.5600,31.5600,28062
280,31.5600,31.5670,31.5600,31.5600,10835
281,31.5600,31.5694,31.5600,31.5600,15382
282,31.5600,31.5600,31.5500,31.5500,26264
283,31.5550,31.5550,31.5500,31.5500,17074
284,31.5500,31.5600,31.5500,31.5500,6487
285,31.5500,31.5599,31.5500,31.5500,8315
286,31.5559,31.5600,31.5500,31.5500,8762
287,31.5500,31.5599,31.5400,31.5500,28332
288,31.5450,31.5600,31.5300,31.5350,57678
289,31.5400,31.5465,31.5300,31.5400,35406
290,31.5400,31.5500,31.5400,31.5400,7364
291,31.5453,31.5500,31.5400,31.5400,8200
292,31.5400,31.5499,31.5400,31.5499,9127
293,31.5400,31.5490,31.5400,31.5400,6945
294,31.5400,31.5500,31.5350,31.5400,33783
295,31.5400,31.5500,31.5400,31.5500,10674
296,31.5500,31.5600,31.5411,31.5525,33350
297,31.5550,31.5550,31.5400,31.5400,20609
298,31.5450,31.5500,31.5400,31.5500,13134
299,31.5500,31.5586,31.5415,31.5500,28035
300,31.5599,31.5599,31.5350,31.5350,21112
301,31.5350,31.5500,31.5300,31.5406,69827
302,31.5442,31.5600,31.5400,31.5599,85809
303,31.5510,31.5600,31.5500,31.5600,23038
304,31.5600,31.5700,31.5600,31.5700,15861
305,31.5651,31.5700,31.5600,31.5700,25629
306,31.5700,31.5700,31.5500,31.5500,23105
307,31.5600,31.5700,31.5600,31.5600,26627
308,31.5600,31.5700,31.5600,31.5600,12116
309,31.5550,31.5600,31.5500,31.5600,9140
310,31.5600,31.5600,31.5500,31.5534,5810
311,31.5600,31.5600,31.5400,31.5424,18243
312,31.5467,31.5467,31.5400,31.5435,7321
313,31.5450,31.5450,31.5200,31.5250,62256
314,31.5250,31.5400,31.5232,31.5342,31425
315,31.5350,31.5360,31.5300,31.5350,8870
316,31.5300,31.5400,31.5300,31.5400,30766
317,31.5352,31.5400,31.5300,31.5400,16543
318,31.5400,31.5570,31.5400,31.5465,39585
319,31.5500,31.5600,31.5500,31.5500,13650
320,31.5500,31.5600,31.5500,31.5550,12516
321,31.5500,31.5600,31.5500,31.5600,20003
322,31.5501,31.5800,31.5501,31.5662,41037
323,31.5620,31.5800,31.5600,31.5750,21986
324,31.5750,31.5762,31.5600,31.5600,13306
325,31.5600,31.5650,31.5500,31.5600,22361
326,31.5600,31.5700,31.5520,31.5600,27391
327,31.5635,31.5635,31.5500,31.5539,6979
328,31.5550,31.5600,31.5500,31.5550,14808
329,31.5500,31.5662,31.5500,31.5662,33137
330,31.5657,31.5700,31.5624,31.5650,3017
331,31.5600,31.5700,31.5500,31.5640,31504
332,31.5650,31.5699,31.5600,31.5650,8148
333,31.5600,31.5700,31.5500,31.5550,17154
334,31.5500,31.5550,31.5500,31.5550,7700
335,31.5500,31.5600,31.5500,31.5500,7950
336,31.5500,31.5600,31.5500,31.5600,17053
337,31.5600,31.5700,31.5550,31.5650,18296
338,31.5650,31.5700,31.5500,31.5600,21986
339,31.5550,31.5700,31.5500,31.5640,50990
340,31.5500,31.5600,31.5500,31.5500,9200
341,31.5590,31.5591,31.5350,31.5350,33839
342,31.5365,31.5400,31.5300,31.5300,30298
343,31.5300,31.5343,31.5200,31.5200,16840
344,31.5200,31.5300,31.5200,31.5200,14954
345,31.5200,31.5300,31.5200,31.5298,11702
346,31.5210,31.5390,31.5200,31.5250,76729
347,31.5200,31.5300,31.5200,31.5200,14637
348,31.5210,31.5300,31.5200,31.5200,10505
349,31.5299,31.5300,31.5200,31.5300,22214
350,31.5300,31.5300,31.5217,31.5300,32715
351,31.5266,31.5400,31.5234,31.5350,56417
352,31.5300,31.5400,31.5300,31.5350,20094
353,31.5334,31.5400,31.5300,31.5400,13180
354,31.5400,31.5400,31.5300,31.5350,22512
355,31.5357,31.5400,31.5300,31.5300,27037
356,31.5350,31.5399,31.5300,31.5300,10548
357,31.5350,31.5383,31.5300,31.5300,5704
358,31.5350,31.5400,31.5300,31.5350,25557
359,31.5300,31.5400,31.5300,31.5300,15242
360,31.5350,31.5400,31.5300,31.5399,7697
361,31.5350,31.5400,31.5300,31.5338,9776
362,31.5347,31.5400,31.5300,31.5350,22356
363,31.5350,31.5400,31.5300,31.5350,17330
364,31.5350,31.5399,31.5300,31.5350,4690
365,31.5350,31.5400,31.5300,31.5300,2670
366,31.5350,31.5400,31.5300,31.5350,10588
367,31.5350,31.5400,31.5300,31.5350,7929
368,31.5301,31.5400,31.5300,31.5300,21114
369,31.5300,31.5400,31.5200,31.5250,61542
370,31.5300,31.5350,31.5200,31.5350,71492