DD,Du Pont (E.I.),Materials,8,Diversified Chemicals,70830559812,2603621
a149944500072,81.0600,81.0900,81.0600,81.0750,5373
373,81.0700,81.1100,81.0700,81.1100,4944
374,81.1057,81.1100,81.1000,81.1100,1300
375,81.1100,81.1300,81.0700,81.0825,9970
376,81.0800,81.1100,81.0800,81.0937,8730
377,81.1000,81.1200,81.0950,81.1100,3919
378,81.1000,81.1050,81.0950,81.1050,2863
379,81.1000,81.1100,81.0900,81.1100,5319
380,81.1000,81.1100,81.0950,81.1100,3873
381,81.1000,81.1300,81.0800,81.1000,12549
382,81.1000,81.1300,81.1000,81.1200,6837
383,81.1250,81.1400,81.0900,81.0900,10861
384,81.1000,81.1050,81.0950,81.1000,3716
385,81.1000,81.1200,81.0800,81.0900,10288
386,81.0850,81.1050,81.0850,81.0900,12888
387,81.0900,81.1100,81.0700,81.0950,14789
388,81.0950,81.1499,81.0900,81.1499,7402
389,81.1400,81.1600,81.1300,81.1500,20563
390,81.1450,81.1600,81.0800,81.0800,56021
0,81.2900,81.2900,81.2900,81.2900,31089
2,81.2100,81.2200,81.1100,81.1100,1512
3,81.1100,81.2700,81.1000,81.2700,7240
4,81.2000,81.2000,81.0600,81.1200,3557
5,81.0645,81.1700,81.0500,81.1700,4325
6,81.1700,81.2800,81.1600,81.2800,7067
8,81.2100,81.2100,81.1500,81.1500,1856
9,81.1200,81.1200,81.0500,81.0900,3519
10,81.0900,81.1300,81.0600,81.0700,1800
11,81.0500,81.0750,81.0200,81.0700,2500
12,81.0300,81.1000,81.0300,81.0500,1800
13,81.0900,81.1800,81.0900,81.0900,2315
14,81.1000,81.1000,81.0700,81.0700,300
15,81.1100,81.1500,81.1100,81.1400,400
16,81.1700,81.1900,81.1700,81.1900,400
17,81.2200,81.3000,81.1900,81.2600,2900
18,81.2300,81.2700,81.2100,81.2350,6192
19,81.2600,81.3800,81.2600,81.2900,9515
20,81.2600,81.2800,81.2500,81.2500,4495
21,81.2400,81.2800,81.2300,81.2500,9300
22,81.2200,81.2800,81.2200,81.2700,7751
23,81.2500,81.2800,81.2200,81.2300,22741
24,81.2500,81.2900,81.2500,81.2900,700
25,81.2900,81.3400,81.2900,81.3300,5300
26,81.3400,81.3800,81.3400,81.3800,800
27,81.3900,81.4000,81.3501,81.3700,3300
28,81.3900,81.4000,81.3700,81.3700,2244
29,81.3700,81.3700,81.2600,81.3200,5970
30,81.2901,81.3500,81.2300,81.3500,8849
31,81.3500,81.3900,81.2700,81.3100,18572
32,81.2800,81.3300,81.2700,81.2900,5091
33,81.3000,81.3200,81.2800,81.2800,8606
34,81.2750,81.2800,81.2400,81.2600,6725
35,81.2500,81.3050,81.2500,81.3050,4425
36,81.3000,81.3000,81.2700,81.2800,918
37,81.2700,81.2700,81.1400,81.1400,6327
38,81.1300,81.1300,81.0350,81.0800,21975
39,81.0900,81.1000,81.0600,81.0800,2818
40,81.0700,81.1000,81.0500,81.0500,3470
41,81.0300,81.0500,81.0300,81.0500,2902
42,81.0700,81.0900,81.0600,81.0700,2246
43,81.0700,81.1400,81.0700,81.1300,1750
44,81.1100,81.1100,81.0800,81.1000,1900
45,81.0900,81.0900,81.0700,81.0700,500
46,81.0600,81.1200,81.0400,81.0800,5776
47,81.0700,81.0900,81.0600,81.0700,1599
48,81.0800,81.0800,81.0500,81.0600,2200
49,81.0600,81.0700,81.0500,81.0700,1838
50,81.0400,81.0600,81.0400,81.0500,1114
51,81.0700,81.0700,81.0400,81.0500,3362
52,81.0400,81.0500,81.0100,81.0250,3201
53,81.0100,81.0100,80.9800,80.9900,2058
54,80.9900,81.0000,80.9700,80.9800,3837
55,80.9600,80.9700,80.9600,80.9700,1036
56,80.9800,80.9901,80.9500,80.9900,3664
57,80.9900,81.0100,80.9900,81.0100,1200
58,81.0100,81.0150,81.0000,81.0100,1900
59,81.0000,81.0200,80.9900,81.0100,5400
60,81.0000,81.0200,80.9300,80.9400,3965
61,80.9300,80.9400,80.8700,80.8800,8501
62,80.8900,80.8900,80.8100,80.8100,4224
63,80.8200,80.8400,80.8100,80.8100,4572
64,80.8200,80.8200,80.7600,80.8199,3040
65,80.8150,80.8150,80.7700,80.7800,2885
66,80.7800,80.7900,80.7400,80.7400,3190
67,80.7400,80.7500,80.7300,80.7500,2122
68,80.7500,80.7700,80.7300,80.7300,1990
69,80.7500,80.7700,80.7500,80.7700,3515
70,80.7600,80.7800,80.7200,80.7200,7390
71,80.7000,80.7200,80.6900,80.7000,3819
72,80.7100,80.7700,80.7100,80.7300,2350
73,80.7200,80.7400,80.7100,80.7400,4770
74,80.7400,80.7500,80.7400,80.7500,582
75,80.7500,80.7600,80.7100,80.7200,3129
76,80.7117,80.7300,80.6650,80.7200,10991
77,80.7200,80.7300,80.7100,80.7200,3513
78,80.7300,80.8000,80.7300,80.7900,10990
79,80.7800,80.7900,80.7600,80.7700,6764
80,80.7600,80.7700,80.7400,80.7400,2784
81,80.7300,80.7400,80.6900,80.6900,2467
82,80.7000,80.7000,80.6800,80.6950,500
83,80.6900,80.7000,80.6400,80.6400,8112
84,80.6400,80.6600,80.6350,80.6500,4616
85,80.6700,80.7600,80.6700,80.7600,700
86,80.7500,80.7600,80.7500,80.7600,1452
87,80.7600,80.7800,80.7600,80.7800,6011
88,80.7800,80.8500,80.7800,80.8500,2700
89,80.8400,80.8800,80.8350,80.8700,4499
90,80.8600,80.9700,80.8600,80.9700,7300
91,80.9600,81.0099,80.9400,80.9814,5582
92,80.9894,81.0000,80.9700,80.9720,4549
93,80.9700,81.0300,80.9700,81.0300,3196
94,81.0200,81.0900,81.0000,81.0900,5198
95,81.0900,81.1100,81.0900,81.1100,5192
96,81.1100,81.1100,81.0600,81.0600,1000
97,81.0600,81.0624,81.0200,81.0500,1800
98,81.0400,81.0800,81.0200,81.0800,2300
99,81.0950,81.1000,81.0600,81.0600,939
100,81.0800,81.0800,81.0500,81.0500,502
101,81.0600,81.0600,81.0100,81.0100,2369
102,81.0200,81.0400,81.0100,81.0100,4423
103,81.0100,81.0400,81.0100,81.0300,3600
104,81.0200,81.0300,81.0100,81.0300,700
105,81.0300,81.0300,81.0000,81.0100,3485
106,81.0400,81.0400,80.9999,80.9999,5830
107,81.0100,81.0300,81.0100,81.0200,1900
108,81.0201,81.0500,81.0201,81.0500,724
109,81.0600,81.0650,80.9750,80.9750,4237
110,80.9800,80.9900,80.9800,80.9800,1351
111,80.9600,80.9600,80.9400,80.9400,300
112,80.9300,80.9500,80.9300,80.9468,886
113,80.9300,80.9500,80.9200,80.9400,2397
114,80.8900,80.8900,80.8800,80.8900,508
115,80.8900,80.8900,80.8376,80.8376,501
117,80.8314,80.8314,80.8000,80.8100,2102
118,80.8200,80.8200,80.7815,80.8000,1920
119,80.7900,80.7900,80.7600,80.7900,6295
120,80.7900,80.8000,80.7700,80.7700,1652
121,80.7900,80.8000,80.7800,80.8000,2471
122,80.8100,80.8600,80.8100,80.8587,2485
123,80.8500,80.8900,80.8200,80.8500,10157
124,80.8600,80.9100,80.8550,80.9100,2400
125,80.9300,80.9500,80.8800,80.8800,3605
126,80.8900,80.9000,80.8500,80.8700,4587
127,80.8800,80.9100,80.8700,80.9100,1300
128,80.9300,80.9300,80.9300,80.9300,100
129,80.9300,80.9500,80.9100,80.9500,2400
130,80.9300,80.9714,80.9300,80.9600,4870
131,80.9650,80.9850,80.9600,80.9700,3400
132,80.9800,80.9800,80.9500,80.9500,2721
133,80.9500,80.9800,80.9500,80.9700,825
134,80.9800,80.9800,80.9700,80.9700,742
135,80.9686,80.9700,80.9600,80.9700,748
136,80.9700,80.9700,80.9400,80.9500,1200
137,80.9550,80.9600,80.9300,80.9300,2555
138,80.9300,80.9300,80.9000,80.9300,1900
139,80.9300,80.9400,80.9300,80.9400,1652
140,80.9300,80.9400,80.9300,80.9300,1800
141,80.9200,80.9300,80.9100,80.9300,1550
142,80.9300,80.9800,80.9300,80.9800,1183
143,80.9800,81.0000,80.9800,80.9900,2447
144,80.9800,81.0100,80.9800,81.0100,2348
145,81.0200,81.0300,80.9800,80.9800,1901
146,80.9800,81.0100,80.9800,80.9927,1148
147,80.9800,81.0200,80.9800,81.0000,2000
148,81.0100,81.0800,81.0100,81.0800,2696
149,81.0700,81.0900,81.0600,81.0700,1600
150,81.0800,81.1100,81.0800,81.1100,5559
151,81.1100,81.1500,81.1100,81.1200,5236
152,81.1000,81.1100,81.0700,81.0800,3789
153,81.0800,81.0800,81.0700,81.0700,1500
154,81.0800,81.1250,81.0800,81.1200,1200
155,81.1200,81.1500,81.1100,81.1400,5200
156,81.1400,81.1600,81.1400,81.1400,2804
157,81.1400,81.1700,81.1400,81.1700,1300
158,81.1576,81.1576,81.1350,81.1400,2106
159,81.1450,81.1700,81.1300,81.1300,4638
160,81.1300,81.1300,81.1200,81.1200,3067
161,81.1200,81.1238,81.1200,81.1200,2276
162,81.1150,81.1300,81.1100,81.1247,2027
163,81.1300,81.1300,81.0800,81.0892,7089
164,81.0800,81.0800,81.0700,81.0700,737
165,81.0650,81.0650,81.0530,81.0600,1093
166,81.0500,81.0550,81.0450,81.0450,556
167,81.0500,81.0900,81.0450,81.0900,4531
168,81.0900,81.1100,81.0900,81.1000,1935
169,81.1090,81.1090,81.1000,81.1000,377
170,81.0900,81.0900,81.0800,81.0800,600
171,81.0667,81.0667,81.0667,81.0667,202
172,81.0650,81.0650,81.0575,81.0600,500
173,81.0500,81.0600,81.0450,81.0450,1250
174,81.0410,81.0450,81.0400,81.0400,751
175,81.0400,81.0700,81.0300,81.0500,3239
176,81.0533,81.0533,81.0533,81.0533,392
177,81.0600,81.0700,81.0600,81.0700,1100
178,81.0600,81.0600,81.0500,81.0600,1000
179,81.0600,81.0600,81.0500,81.0500,1900
180,81.0438,81.0700,81.0400,81.0600,3199
181,81.0700,81.0900,81.0600,81.0600,2381
182,81.0700,81.0800,81.0400,81.0450,1400
183,81.0500,81.1000,81.0500,81.0777,3330
184,81.0850,81.0850,81.0676,81.0676,964
185,81.0700,81.0700,81.0500,81.0500,2414
186,81.0600,81.0800,81.0600,81.0700,1834
187,81.0600,81.0600,81.0400,81.0598,2034
188,81.0600,81.0600,81.0543,81.0600,840
189,81.0500,81.0600,81.0350,81.0438,2937
190,81.0500,81.0700,81.0400,81.0700,2036
191,81.0600,81.0600,81.0399,81.0399,2314
192,81.0400,81.1097,81.0400,81.1097,4938
193,81.1000,81.1400,81.0900,81.1400,2566
194,81.1500,81.1500,81.1200,81.1200,1200
195,81.1300,81.1300,81.1140,81.1300,6900
196,81.1358,81.1400,81.1200,81.1200,1145
197,81.1300,81.1400,81.1300,81.1400,800
198,81.1487,81.1600,81.1000,81.1000,5738
199,81.1000,81.1100,81.0985,81.1100,815
200,81.1050,81.1100,81.0900,81.1000,2600
201,81.1000,81.1100,81.0500,81.0600,2307
202,81.0400,81.1000,81.0300,81.1000,5064
203,81.0900,81.1100,81.0900,81.1000,600
204,81.0900,81.1300,81.0900,81.1000,2746
205,81.0900,81.0900,81.0800,81.0900,1600
206,81.0900,81.1000,81.0800,81.0900,1917
207,81.1000,81.1100,81.1000,81.1050,3525
208,81.1100,81.1400,81.1100,81.1400,3295
209,81.1500,81.1600,81.1400,81.1462,2565
210,81.1500,81.1500,81.1300,81.1300,1200
211,81.1200,81.1300,81.1150,81.1300,2000
212,81.1300,81.1300,81.1100,81.1100,2801
213,81.1200,81.1228,81.1100,81.1200,2111
214,81.1200,81.1400,81.1150,81.1400,2379
215,81.1500,81.1600,81.1500,81.1500,3606
216,81.1400,81.1400,81.1200,81.1200,900
217,81.1200,81.1200,81.1000,81.1000,1783
218,81.0900,81.1043,81.0800,81.1043,3350
219,81.1100,81.1400,81.1100,81.1400,1650
220,81.1400,81.1400,81.1000,81.1000,2868
221,81.1000,81.1200,81.1000,81.1150,1500
222,81.1100,81.1400,81.1100,81.1400,2765
223,81.1400,81.1400,81.1200,81.1200,2400
224,81.1200,81.1400,81.0900,81.0900,4378
225,81.0900,81.1048,81.0800,81.0800,4539
226,81.0800,81.1000,81.0700,81.1000,4456
227,81.1100,81.1200,81.0950,81.1200,3500
228,81.1100,81.1100,81.0775,81.0900,6300
229,81.0938,81.0938,81.0600,81.0600,5472
230,81.0600,81.0800,81.0500,81.0700,5000
231,81.0800,81.0900,81.0300,81.0800,7174
232,81.1000,81.1000,81.0800,81.0900,3400
233,81.0900,81.1000,81.0800,81.0800,1500
234,81.0800,81.0850,81.0550,81.0850,4355
235,81.0850,81.1300,81.0850,81.0900,12995
236,81.0850,81.1200,81.0850,81.1122,3693
237,81.1100,81.1500,81.1100,81.1500,1200
238,81.1400,81.1400,81.1300,81.1300,800
239,81.1300,81.1300,81.1142,81.1142,1220
240,81.1100,81.1200,81.1100,81.1200,1781
241,81.1150,81.1400,81.1150,81.1300,1200
242,81.1300,81.1300,81.1100,81.1300,1400
243,81.1400,81.1400,81.1350,81.1400,1473
244,81.1450,81.1459,81.1364,81.1400,1300
245,81.1300,81.1300,81.1200,81.1300,1200
246,81.1300,81.1300,81.1300,81.1300,643
247,81.1300,81.1500,81.1300,81.1500,600
248,81.1500,81.2000,81.1500,81.1900,5192
249,81.2000,81.2200,81.1900,81.2200,2385
250,81.2100,81.2200,81.2100,81.2200,700
251,81.2139,81.2139,81.1700,81.2000,21509
252,81.2100,81.2500,81.1800,81.2300,11530
253,81.2200,81.2286,81.2000,81.2000,1874
254,81.1901,81.1901,81.1800,81.1800,906
255,81.1800,81.1800,81.1600,81.1700,1300
256,81.1700,81.2000,81.1650,81.2000,3307
257,81.1986,81.2100,81.1986,81.2100,307
258,81.2033,81.2100,81.1600,81.1900,7985
259,81.2000,81.2000,81.1900,81.2000,1700
260,81.2000,81.2239,81.2000,81.2100,2721
261,81.2100,81.2100,81.1839,81.1839,928
262,81.1800,81.1800,81.1550,81.1550,1000
263,81.1600,81.1700,81.1600,81.1700,300
264,81.1700,81.1700,81.1500,81.1500,1000
265,81.1500,81.1550,81.1500,81.1550,200
266,81.1543,81.1600,81.1543,81.1600,2346
267,81.1650,81.2200,81.1650,81.2200,2522
268,81.2400,81.2500,81.2400,81.2500,1300
269,81.2400,81.2400,81.2300,81.2300,800
270,81.2300,81.2300,81.2100,81.2100,3083
271,81.2200,81.2400,81.2200,81.2300,1001
272,81.2100,81.2400,81.2100,81.2300,1882
273,81.2300,81.2300,81.1900,81.1900,1030
274,81.1838,81.2100,81.1838,81.2100,2192
275,81.2100,81.2400,81.2100,81.2300,1965
276,81.2500,81.2700,81.2377,81.2500,5030
277,81.2600,81.2700,81.2600,81.2600,2100
278,81.2600,81.3000,81.2600,81.3000,1072
279,81.2900,81.2900,81.2600,81.2600,1633
280,81.2560,81.2560,81.2400,81.2400,2089
281,81.2400,81.2400,81.2200,81.2200,2000
282,81.2200,81.2300,81.2100,81.2300,3729
283,81.2400,81.2600,81.2400,81.2500,1200
284,81.2550,81.2550,81.2100,81.2300,9000
285,81.2300,81.2300,81.2100,81.2150,500
286,81.2100,81.2100,81.1900,81.1900,500
287,81.1700,81.1700,81.1500,81.1500,1500
288,81.1500,81.1600,81.1500,81.1600,575
289,81.1600,81.1600,81.1500,81.1500,2439
290,81.1400,81.1800,81.1300,81.1750,1900
291,81.1800,81.1800,81.1400,81.1500,1148
292,81.1400,81.1800,81.1400,81.1800,2470
293,81.1800,81.2000,81.1700,81.1700,1300
294,81.1500,81.1900,81.1500,81.1700,3215
295,81.1800,81.2000,81.1800,81.2000,1100
296,81.2000,81.2100,81.2000,81.2000,1030
297,81.2000,81.2000,81.1700,81.1700,2191
298,81.1700,81.1800,81.1600,81.1800,1100
299,81.2000,81.2100,81.2000,81.2000,400
300,81.1900,81.2000,81.1900,81.1950,500
301,81.2000,81.2200,81.2000,81.2150,2300
302,81.2200,81.2200,81.2125,81.2125,455
303,81.2200,81.2400,81.2000,81.2100,5065
304,81.2200,81.2350,81.2200,81.2350,744
305,81.2400,81.2600,81.2400,81.2500,1348
306,81.2450,81.2510,81.2400,81.2400,1650
307,81.2400,81.2400,81.2200,81.2200,1350
308,81.2250,81.2250,81.2100,81.2100,600
309,81.2000,81.2000,81.1900,81.1950,300
310,81.1900,81.2000,81.1800,81.1800,2400
311,81.1800,81.1800,81.1600,81.1650,500
312,81.1700,81.1900,81.1700,81.1800,3300
313,81.1800,81.1850,81.1700,81.1800,1100
314,81.1500,81.1500,81.1500,81.1500,700
315,81.1600,81.1800,81.1500,81.1800,3470
316,81.1850,81.1900,81.1850,81.1900,1100
317,81.2000,81.2100,81.2000,81.2000,2412
318,81.2050,81.2600,81.2050,81.2600,3734
319,81.2600,81.2700,81.2500,81.2500,5201
320,81.2500,81.2600,81.2500,81.2500,1693
321,81.2500,81.2550,81.2300,81.2400,5200
322,81.2500,81.2700,81.2500,81.2500,3639
323,81.2600,81.2600,81.2450,81.2500,1100
324,81.2500,81.2500,81.2300,81.2300,1375
325,81.2247,81.2300,81.2050,81.2300,2501
326,81.2400,81.2400,81.2300,81.2400,500
327,81.2300,81.2400,81.2300,81.2400,1600
328,81.2500,81.2532,81.2400,81.2452,1840
329,81.2500,81.2500,81.2500,81.2500,100
330,81.2400,81.2500,81.2300,81.2400,3180
331,81.2300,81.2400,81.2250,81.2400,1244
332,81.2450,81.2450,81.2400,81.2400,676
333,81.2400,81.2500,81.2250,81.2400,5854
334,81.2400,81.3600,81.2400,81.3400,12024
335,81.3400,81.3800,81.3400,81.3800,1550
336,81.3700,81.3900,81.3700,81.3900,2346
337,81.4000,81.4000,81.3676,81.3700,4129
338,81.3700,81.3800,81.3700,81.3800,200
339,81.3742,81.4100,81.3742,81.4047,5020
340,81.4000,81.4000,81.3850,81.3900,2400
341,81.3950,81.4100,81.3845,81.3845,4188
342,81.3900,81.4100,81.3900,81.3900,3193
343,81.3900,81.3900,81.3700,81.3750,3400
344,81.3700,81.3700,81.3500,81.3500,1700
345,81.3600,81.3600,81.3300,81.3429,6208
346,81.3500,81.3600,81.3450,81.3600,4100
347,81.3500,81.3550,81.3400,81.3400,2871
348,81.3350,81.3350,81.3150,81.3150,2184
349,81.3200,81.3200,81.3000,81.3050,4316
350,81.3000,81.3000,81.2700,81.2700,7857
351,81.2700,81.3200,81.2700,81.3199,6400
352,81.3100,81.3200,81.2950,81.2950,2296
353,81.2900,81.2900,81.2750,81.2848,2631
354,81.2750,81.2750,81.2400,81.2500,3700
355,81.2400,81.2400,81.2300,81.2300,2675
356,81.2300,81.2600,81.2200,81.2400,4317
357,81.2400,81.2700,81.2300,81.2600,4854
358,81.2600,81.2800,81.2600,81.2700,1200
359,81.2747,81.2750,81.2600,81.2600,2186
360,81.2800,81.2900,81.2800,81.2800,2900
361,81.2800,81.2800,81.2550,81.2800,2500
362,81.2800,81.3000,81.2800,81.2900,1484
363,81.3000,81.3000,81.3000,81.3000,300
364,81.2900,81.2900,81.2900,81.2900,957
365,81.2900,81.3200,81.2900,81.3100,2006
366,81.3000,81.3000,81.3000,81.3000,100
367,81.2900,81.2900,81.2900,81.2900,100
368,81.3000,81.3000,81.2900,81.2900,2313
369,81.2800,81.2800,81.2700,81.2700,1902
370,81.2600,81.2800,81.2600,81.2700,1009
371,81.2700,81.2900,81.2700,81.2800,2884
372,81.2700,81.2800,81.2700,81.2800,1037
373,81.2750,81.3200,81.2700,81.3200,3095