DFS,Discover Financial Services,Financials,4,Consumer Finance,22532667046,3961776
a149944500070,58.9546,58.9546,58.9300,58.9350,13507
371,58.9300,58.9400,58.9300,58.9300,4398
372,58.9350,58.9400,58.9200,58.9250,11212
373,58.9200,58.9300,58.9100,58.9150,5751
374,58.9100,58.9150,58.9100,58.9100,3413
375,58.9100,58.9100,58.8800,58.8800,17313
376,58.8800,58.8950,58.8550,58.8550,14058
377,58.8550,58.8600,58.8400,58.8442,9795
378,58.8400,58.8500,58.8100,58.8100,7396
379,58.8100,58.8200,58.8050,58.8050,19162
380,58.8050,58.8050,58.7900,58.7900,6628
381,58.7900,58.8400,58.7900,58.8200,25134
382,58.8100,58.8110,58.7900,58.7900,11652
383,58.7900,58.8000,58.7600,58.7600,13627
384,58.7500,58.7650,58.7400,58.7450,31341
385,58.7450,58.7550,58.7400,58.7400,15790
386,58.7400,58.7450,58.7200,58.7200,19416
387,58.7200,58.7250,58.6800,58.6900,66449
388,58.6900,58.7150,58.6800,58.7000,40815
389,58.7100,58.7300,58.6900,58.6900,49804
390,58.6900,58.7200,58.6800,58.7000,94988
3,58.7600,58.7700,58.6000,58.7150,37046
4,58.7500,58.7900,58.7500,58.7600,1220
5,58.8100,58.8300,58.8100,58.8100,1100
6,58.8100,58.9450,58.8100,58.9450,5600
7,58.9200,58.9450,58.8800,58.9450,3704
8,58.9550,58.9650,58.9500,58.9500,836
9,58.9400,58.9600,58.8900,58.8900,4299
10,58.8900,58.9200,58.8700,58.9200,7160
11,58.9200,58.9900,58.9200,58.9600,11650
12,58.9650,58.9900,58.9400,58.9700,6590
13,58.9500,58.9500,58.8900,58.9300,4101
14,58.9400,58.9400,58.8900,58.9399,7350
15,58.9200,58.9700,58.9000,58.9600,5230
16,58.9700,59.0000,58.9700,59.0000,1271
17,59.0000,59.0200,58.9800,58.9900,1638
18,59.0050,59.1600,59.0000,59.1600,9612
19,59.1700,59.2000,59.1500,59.2000,8671
20,59.2000,59.2100,59.1900,59.2000,4629
21,59.2100,59.2100,59.1100,59.1300,13462
22,59.1400,59.1500,59.1200,59.1500,4100
23,59.1700,59.2100,59.1700,59.2000,3355
24,59.2000,59.2200,59.1900,59.2000,3145
25,59.2100,59.2200,59.2100,59.2200,1300
26,59.2100,59.2500,59.1600,59.2400,56352
27,59.2500,59.2700,59.2400,59.2400,3035
28,59.2400,59.2400,59.2000,59.2300,5267
29,59.2450,59.2600,59.2400,59.2600,2073
30,59.2500,59.2600,59.2450,59.2600,2500
31,59.2700,59.3100,59.2600,59.2800,10154
32,59.2800,59.3200,59.2700,59.3200,4478
33,59.3450,59.3700,59.3400,59.3700,4002
34,59.3700,59.3700,59.2950,59.2953,8293
35,59.2800,59.2900,59.2700,59.2700,2020
36,59.2800,59.2900,59.2700,59.2850,5643
37,59.2900,59.3100,59.2600,59.2900,7096
38,59.2800,59.2850,59.2700,59.2755,2543
39,59.2700,59.2800,59.2600,59.2700,3170
40,59.2700,59.2800,59.2700,59.2800,3140
41,59.3000,59.3300,59.3000,59.3000,8738
42,59.3100,59.3675,59.3100,59.3500,3100
43,59.3400,59.3800,59.3400,59.3600,6676
44,59.3600,59.3700,59.3500,59.3700,1900
45,59.3700,59.4000,59.3650,59.3975,2700
46,59.3900,59.3900,59.3500,59.3650,10771
47,59.3700,59.4200,59.3650,59.4050,3700
48,59.4050,59.4650,59.4050,59.4400,2725
49,59.4500,59.4900,59.4500,59.4700,4810
50,59.4600,59.4600,59.4100,59.4200,15076
51,59.4100,59.4100,59.3700,59.3700,6963
52,59.3800,59.3800,59.3500,59.3500,2100
53,59.3500,59.3600,59.3300,59.3500,2160
54,59.3500,59.4100,59.3500,59.4000,3034
55,59.4000,59.4000,59.3600,59.3600,4600
56,59.3600,59.3600,59.3200,59.3200,3300
57,59.3000,59.3100,59.2702,59.2800,2900
58,59.2900,59.3350,59.2900,59.3300,1808
59,59.3100,59.3200,59.2900,59.3200,2735
60,59.3200,59.3200,59.2900,59.2900,3365
61,59.2900,59.3200,59.2600,59.2750,7228
62,59.2600,59.2610,59.2000,59.2000,1900
63,59.2000,59.2000,59.1600,59.1600,4583
64,59.1800,59.2300,59.1800,59.2200,1532
65,59.2300,59.2700,59.2300,59.2517,6102
66,59.2600,59.2800,59.2400,59.2500,6705
67,59.2700,59.2700,59.2350,59.2700,3600
68,59.2800,59.2800,59.2400,59.2400,2001
69,59.2400,59.2600,59.2400,59.2600,700
70,59.2500,59.3100,59.2500,59.2900,9747
71,59.2700,59.2800,59.2400,59.2600,4410
72,59.2900,59.3400,59.2800,59.3399,3829
73,59.3400,59.4000,59.3350,59.4000,9699
74,59.4100,59.4200,59.4100,59.4150,4194
75,59.4100,59.4200,59.4000,59.4200,3400
76,59.4300,59.4400,59.4000,59.4200,9349
77,59.4200,59.4800,59.4000,59.4700,8999
78,59.4700,59.5400,59.4500,59.5050,12445
79,59.5200,59.5300,59.4700,59.5299,61484
80,59.5300,59.5500,59.4800,59.5300,10115
81,59.5350,59.5600,59.5000,59.5100,4343
82,59.5200,59.5550,59.5100,59.5550,3272
83,59.5600,59.5700,59.5400,59.5400,4501
84,59.5300,59.5300,59.4800,59.5000,2250
85,59.4900,59.5100,59.4900,59.5000,2530
86,59.5000,59.5800,59.5000,59.5600,5686
87,59.5750,59.5750,59.5500,59.5700,2802
88,59.5600,59.5900,59.5600,59.5600,3850
89,59.5700,59.5900,59.5700,59.5700,2800
90,59.5700,59.5900,59.5550,59.5700,17250
91,59.5800,59.5800,59.5600,59.5600,2400
92,59.5600,59.5900,59.5600,59.5800,3917
93,59.5850,59.5900,59.5800,59.5800,3633
94,59.5800,59.5900,59.5500,59.5500,5750
95,59.5600,59.6000,59.5600,59.5900,1750
96,59.6000,59.6125,59.5700,59.5700,4810
97,59.5600,59.5600,59.5200,59.5200,2600
98,59.5100,59.5100,59.4800,59.5100,1900
99,59.5200,59.5200,59.5100,59.5186,705
100,59.5200,59.5200,59.4982,59.5050,3372
101,59.5000,59.5300,59.5000,59.5150,5100
102,59.5200,59.5200,59.5050,59.5200,2100
103,59.5100,59.5350,59.5100,59.5300,1351
104,59.5500,59.6000,59.5500,59.6000,2200
105,59.5800,59.6050,59.5700,59.6000,3887
106,59.6100,59.6200,59.6000,59.6000,6330
107,59.6100,59.6150,59.6000,59.6100,4368
108,59.6100,59.6300,59.6100,59.6250,3200
109,59.6300,59.6300,59.6100,59.6250,4004
110,59.6200,59.6300,59.6200,59.6250,800
111,59.6250,59.6300,59.6200,59.6200,1903
112,59.6200,59.6500,59.6050,59.6350,7426
113,59.6399,59.6400,59.6100,59.6150,10511
114,59.6100,59.6150,59.5900,59.5900,2300
115,59.5999,59.5999,59.5800,59.5800,1500
116,59.5700,59.5750,59.5500,59.5500,2150
117,59.5500,59.5500,59.5000,59.5000,7994
118,59.4700,59.4900,59.4650,59.4800,2129
119,59.4550,59.4550,59.4300,59.4300,1516
120,59.4300,59.4325,59.3503,59.3850,24845
121,59.3800,59.4050,59.3800,59.4000,1848
122,59.4000,59.4300,59.3900,59.4300,4580
123,59.4300,59.4400,59.4100,59.4150,2150
124,59.4300,59.4400,59.4250,59.4400,2251
125,59.4400,59.4400,59.4200,59.4350,2500
126,59.4300,59.4300,59.4300,59.4300,500
127,59.4300,59.4800,59.4280,59.4800,5706
128,59.4800,59.4800,59.4500,59.4500,1856
129,59.4550,59.4600,59.4300,59.4300,3182
130,59.4200,59.4300,59.4000,59.4000,4000
131,59.3900,59.4200,59.3800,59.4000,1300
132,59.4100,59.4100,59.3800,59.3800,2300
133,59.3900,59.4100,59.3900,59.3900,3449
134,59.3700,59.3700,59.3450,59.3450,500
135,59.3400,59.3600,59.3300,59.3500,3751
136,59.3700,59.3700,59.3700,59.3700,500
137,59.3800,59.3800,59.3400,59.3400,2278
138,59.3458,59.3458,59.3300,59.3300,1222
139,59.3400,59.3600,59.3300,59.3550,2758
140,59.3600,59.3800,59.3500,59.3800,3800
141,59.3700,59.3800,59.3650,59.3800,3200
142,59.3900,59.4100,59.3800,59.4100,3106
143,59.4100,59.4300,59.4100,59.4100,1600
144,59.4000,59.4000,59.3800,59.3900,1500
145,59.3900,59.4000,59.3900,59.3950,1809
146,59.3950,59.4100,59.3950,59.4100,800
147,59.4000,59.4100,59.3900,59.4050,1600
148,59.4100,59.4300,59.4050,59.4100,2290
149,59.4000,59.4100,59.3900,59.4100,900
150,59.3900,59.4300,59.3800,59.4300,6623
151,59.4350,59.4350,59.4100,59.4100,4346
152,59.4000,59.4550,59.4000,59.4550,3844
153,59.4450,59.4600,59.4450,59.4550,1802
154,59.4500,59.4500,59.4500,59.4500,400
155,59.4400,59.4600,59.4400,59.4550,1880
156,59.4700,59.5100,59.4700,59.5075,2700
157,59.5200,59.5400,59.5100,59.5400,21799
158,59.5400,59.5900,59.5400,59.5725,3000
159,59.6000,59.6300,59.5900,59.6150,3700
160,59.6200,59.6400,59.6100,59.6200,3600
161,59.6200,59.6300,59.6000,59.6200,2200
162,59.6164,59.6500,59.6000,59.6450,2855
163,59.6400,59.6450,59.6200,59.6200,3300
164,59.6300,59.6500,59.6100,59.6500,4339
165,59.6400,59.6600,59.6400,59.6450,4238
166,59.6500,59.6700,59.6500,59.6600,6090
167,59.6600,59.6900,59.6600,59.6700,2861
168,59.6700,59.6800,59.6600,59.6750,2300
169,59.6800,59.6900,59.6500,59.6500,13329
170,59.6600,59.7200,59.6600,59.7200,6741
171,59.7300,59.7500,59.7197,59.7500,2984
172,59.7500,59.7750,59.7400,59.7700,2450
173,59.7700,59.7900,59.7700,59.7900,3686
174,59.7900,59.8000,59.7600,59.7600,1700
175,59.7800,59.7900,59.7600,59.7600,2400
176,59.7600,59.7900,59.7500,59.7850,2599
177,59.7850,59.8200,59.7850,59.8100,4243
178,59.8200,59.8200,59.7400,59.7500,9269
179,59.7400,59.7500,59.7000,59.7000,5583
180,59.7000,59.7100,59.6700,59.6700,8300
181,59.6400,59.6500,59.6300,59.6500,3921
182,59.6500,59.6500,59.6300,59.6300,1364
183,59.6200,59.6300,59.6129,59.6129,1892
184,59.6100,59.6200,59.6100,59.6100,800
185,59.6150,59.6300,59.6000,59.6000,1486
186,59.6000,59.6400,59.6000,59.6400,2223
187,59.6300,59.6300,59.6000,59.6000,1440
188,59.6100,59.6200,59.6050,59.6200,4723
189,59.6200,59.6300,59.6100,59.6300,5675
190,59.6300,59.6600,59.6300,59.6400,3355
191,59.6500,59.6500,59.6300,59.6300,2808
192,59.6300,59.6300,59.6100,59.6300,2903
193,59.6100,59.6100,59.5900,59.5900,3200
194,59.6200,59.6200,59.6000,59.6005,1375
195,59.6000,59.6600,59.6000,59.6500,29510
196,59.6700,59.6700,59.6500,59.6600,600
197,59.6700,59.6700,59.6400,59.6400,3400
198,59.6245,59.6300,59.5800,59.5800,3370
199,59.5890,59.6100,59.5700,59.6100,911
200,59.6100,59.6200,59.6100,59.6100,1002
201,59.6000,59.6000,59.5600,59.5700,3040
202,59.5700,59.5700,59.5500,59.5500,1340
203,59.5600,59.5800,59.5500,59.5600,2589
204,59.5600,59.5800,59.5600,59.5800,1415
205,59.5800,59.5800,59.5764,59.5800,1263
206,59.5674,59.5674,59.5452,59.5500,3122
207,59.5450,59.5664,59.5300,59.5664,2351
208,59.5700,59.5900,59.5600,59.5800,2587
209,59.5800,59.6000,59.5800,59.5882,1500
210,59.5800,59.5900,59.5700,59.5800,1000
211,59.5730,59.5900,59.5730,59.5899,2677
212,59.6000,59.6000,59.5900,59.6000,1800
213,59.5900,59.5900,59.5820,59.5900,1200
214,59.5800,59.6000,59.5750,59.6000,2455
215,59.6200,59.6300,59.6200,59.6200,2608
216,59.6300,59.6300,59.6250,59.6300,400
217,59.6400,59.6600,59.6300,59.6400,1796
218,59.6400,59.6500,59.6300,59.6340,1754
219,59.6200,59.6350,59.6200,59.6350,500
220,59.6350,59.6350,59.5900,59.5900,1300
221,59.6000,59.6100,59.5900,59.6100,652
222,59.6100,59.6200,59.6100,59.6200,700
223,59.6300,59.6350,59.6143,59.6143,2446
224,59.6200,59.6400,59.6200,59.6400,2323
225,59.6300,59.6300,59.5900,59.5900,1400
226,59.6100,59.6100,59.6000,59.6050,1000
227,59.6000,59.6100,59.6000,59.6000,1600
228,59.6000,59.6000,59.5700,59.5700,1200
229,59.5700,59.5700,59.5500,59.5550,1600
230,59.5400,59.5650,59.5400,59.5600,1018
231,59.5500,59.5500,59.5200,59.5250,2600
232,59.5200,59.5200,59.5200,59.5200,300
233,59.5200,59.5300,59.5200,59.5300,1100
234,59.5300,59.5300,59.5000,59.5100,1300
235,59.5200,59.5950,59.5200,59.5900,3156
236,59.5800,59.5882,59.5500,59.5600,2557
237,59.5500,59.5500,59.5500,59.5500,300
238,59.5500,59.5500,59.5100,59.5200,1425
239,59.5100,59.5200,59.5000,59.5200,2609
240,59.5100,59.5100,59.4950,59.5000,2820
241,59.4900,59.4900,59.4700,59.4700,1105
242,59.4800,59.4800,59.4500,59.4600,1606
243,59.4600,59.4700,59.4600,59.4600,3384
244,59.4616,59.4800,59.4600,59.4700,1566
245,59.4700,59.4700,59.4600,59.4600,40733
247,59.4650,59.4700,59.4600,59.4700,3605
248,59.4750,59.5250,59.4750,59.5200,4405
249,59.5100,59.5300,59.5000,59.5100,1700
250,59.5150,59.5200,59.5100,59.5200,1105
251,59.5100,59.5300,59.5000,59.5200,2205
252,59.5300,59.5300,59.5150,59.5300,3031
253,59.5200,59.5300,59.4900,59.5100,2290
254,59.5150,59.5300,59.5150,59.5250,800
255,59.5150,59.5300,59.5100,59.5200,1305
256,59.5300,59.5450,59.5109,59.5450,2169
257,59.5500,59.5500,59.5300,59.5300,1605
258,59.5600,59.5650,59.5582,59.5600,1994
259,59.5700,59.5750,59.5500,59.5550,2375
260,59.5500,59.5800,59.5500,59.5750,1543
261,59.5700,59.5700,59.5450,59.5600,2300
262,59.5500,59.5700,59.5500,59.5700,914
263,59.5700,59.6000,59.5600,59.6000,1700
264,59.6000,59.6200,59.6000,59.6050,2405
265,59.5900,59.6000,59.5900,59.6000,1100
266,59.6000,59.6100,59.5950,59.6100,2509
267,59.6200,59.6400,59.6200,59.6400,1300
268,59.6550,59.6700,59.6450,59.6450,1200
269,59.6400,59.6550,59.6400,59.6400,800
270,59.6700,59.6700,59.6100,59.6100,2989
271,59.6100,59.6300,59.6100,59.6300,800
272,59.6150,59.6150,59.6100,59.6100,700
273,59.6100,59.6250,59.6100,59.6250,1200
274,59.6250,59.6300,59.6100,59.6200,2082
275,59.6200,59.6550,59.6200,59.6500,1840
276,59.6550,59.6700,59.6500,59.6600,3200
277,59.6500,59.6600,59.6400,59.6550,1500
278,59.6700,59.6900,59.6600,59.6750,3035
279,59.6800,59.6800,59.6500,59.6500,1654
280,59.6500,59.6500,59.6400,59.6500,800
281,59.6500,59.6600,59.6350,59.6400,3511
282,59.6350,59.6350,59.6200,59.6250,2750
283,59.6250,59.6600,59.6200,59.6400,2300
284,59.6400,59.6500,59.6300,59.6400,1335
285,59.6500,59.6500,59.6200,59.6200,897
286,59.6100,59.6300,59.6100,59.6100,4657
287,59.6050,59.6050,59.5450,59.5600,21077
288,59.5500,59.5550,59.5500,59.5550,14571
289,59.5600,59.5699,59.5401,59.5401,3933
290,59.5400,59.5400,59.5300,59.5400,1021
291,59.5300,59.5300,59.5000,59.5000,1145
292,59.4901,59.5000,59.4800,59.5000,2366
293,59.5000,59.5000,59.4900,59.4900,1000
294,59.4900,59.4900,59.4500,59.4500,1600
295,59.4600,59.4700,59.4500,59.4700,1160
296,59.4600,59.4800,59.4600,59.4700,1200
297,59.4500,59.4500,59.4300,59.4300,1900
298,59.4300,59.4450,59.4300,59.4450,701
299,59.4500,59.4800,59.4400,59.4700,1800
300,59.4700,59.4850,59.4700,59.4801,1400
301,59.4900,59.4950,59.4850,59.4950,900
302,59.5000,59.5300,59.5000,59.5210,3941
303,59.5300,59.5599,59.5250,59.5400,4321
304,59.5400,59.5450,59.5200,59.5200,1200
305,59.5250,59.5299,59.5200,59.5299,800
306,59.5100,59.5200,59.5100,59.5200,1800
307,59.5100,59.5100,59.4950,59.5000,2600
308,59.5000,59.5100,59.4900,59.4950,1500
309,59.4950,59.4950,59.4900,59.4900,300
310,59.5000,59.5400,59.5000,59.5200,3424
311,59.5200,59.5200,59.4900,59.4900,1843
312,59.5000,59.5050,59.4950,59.5050,2125
313,59.5050,59.5100,59.5000,59.5050,2100
314,59.5050,59.5100,59.5000,59.5100,1700
315,59.5050,59.5600,59.5050,59.5600,5700
316,59.5700,59.5700,59.5550,59.5650,3600
317,59.5650,59.5800,59.5650,59.5750,2110
318,59.5900,59.6200,59.5800,59.6100,7756
319,59.6100,59.6400,59.5982,59.6000,5000
320,59.6000,59.6304,59.6000,59.6300,1546
321,59.6200,59.6300,59.5950,59.6200,3600
322,59.6200,59.6300,59.6200,59.6250,1100
323,59.6250,59.6250,59.6250,59.6250,300
324,59.6200,59.6364,59.6100,59.6100,3709
325,59.6100,59.6350,59.6000,59.6300,2900
326,59.6300,59.6300,59.5800,59.5800,7235
327,59.6000,59.6000,59.5700,59.5700,2386
328,59.5700,59.6150,59.5700,59.5900,2291
329,59.5900,59.5900,59.5700,59.5800,1653
330,59.5900,59.5900,59.5700,59.5700,1900
331,59.5800,59.5850,59.5800,59.5800,1100
332,59.5800,59.5850,59.5700,59.5700,1600
333,59.5701,59.5800,59.5500,59.5500,3763
334,59.5600,59.5800,59.5600,59.5650,2300
335,59.5600,59.5700,59.5500,59.5500,3150
336,59.5500,59.5700,59.5500,59.5700,1982
337,59.5800,59.6000,59.5650,59.5800,5235
338,59.5800,59.5900,59.5700,59.5850,2000
339,59.5850,59.5900,59.5600,59.5800,5240
340,59.5800,59.5830,59.5600,59.5700,2792
341,59.5600,59.5700,59.5400,59.5500,3563
342,59.5400,59.5590,59.5300,59.5590,4374
343,59.5500,59.5600,59.5500,59.5550,2950
344,59.5500,59.5600,59.5450,59.5550,2684
345,59.5600,59.5700,59.5500,59.5600,2953
346,59.5700,59.5800,59.5700,59.5750,2500
347,59.5750,59.5900,59.5750,59.5750,3759
348,59.5700,59.5700,59.5400,59.5500,6674
349,59.5400,59.5525,59.5400,59.5500,2529
350,59.5600,59.5800,59.5550,59.5800,15520
351,59.5850,59.6100,59.5800,59.6082,3940
352,59.6050,59.6100,59.5900,59.5950,2956
353,59.6100,59.6150,59.6050,59.6100,3598
354,59.6030,59.6100,59.6000,59.6000,3689
355,59.6000,59.6100,59.5900,59.5900,4502
356,59.5900,59.6000,59.5900,59.5900,2300
357,59.5900,59.6150,59.5900,59.6100,6890
358,59.6150,59.6350,59.6100,59.6350,5129
359,59.6500,59.6600,59.6400,59.6600,4098
360,59.6500,59.6500,59.6500,59.6500,600
361,59.6500,59.6700,59.6500,59.6700,565
362,59.6600,59.6700,59.6600,59.6700,674
363,59.6700,59.6900,59.6600,59.6600,1659
364,59.6700,59.6700,59.6600,59.6700,300
365,59.6700,59.6700,59.6600,59.6600,443
366,59.6700,59.6700,59.6700,59.6700,100
367,59.6700,59.6700,59.6300,59.6300,1992
368,59.6300,59.6300,59.6100,59.6100,1098
369,59.6000,59.6000,59.5600,59.5700,3302
370,59.5650,59.5650,59.5650,59.5650,100
371,59.5600,59.5600,59.5500,59.5500,2600
372,59.5550,59.5600,59.5550,59.5600,1367