ES,Eversource Energy,Utilities,11,Multi-Utilities,19789325659,1273141
a149944500080,62.1500,62.1800,62.1500,62.1750,5935
381,62.1800,62.1800,62.1550,62.1600,18326
382,62.1700,62.1800,62.1699,62.1800,9615
383,62.1800,62.1900,62.1600,62.1600,12070
384,62.1500,62.1500,62.1400,62.1450,7446
385,62.1400,62.1600,62.1400,62.1500,10806
386,62.1550,62.1600,62.1400,62.1400,13739
387,62.1400,62.1600,62.1400,62.1500,17859
388,62.1550,62.1800,62.1550,62.1600,21818
389,62.1600,62.1800,62.1600,62.1600,23283
390,62.1600,62.1800,62.1600,62.1650,54729
1,62.1100,62.3000,62.1100,62.2250,11737
2,62.2950,62.2950,62.2950,62.2950,100
3,62.3000,62.3000,62.2800,62.2800,400
4,62.2400,62.2900,62.2300,62.2500,700
6,62.1900,62.2300,62.1400,62.1500,2748
7,62.2000,62.2000,62.1500,62.1500,400
9,62.2200,62.2400,62.2200,62.2400,700
10,62.2400,62.2600,62.2400,62.2600,500
11,62.2700,62.2700,62.2700,62.2700,400
12,62.2800,62.2800,62.2700,62.2700,202
13,62.2800,62.3000,62.2800,62.2950,1100
14,62.3100,62.3300,62.3100,62.3300,1500
15,62.3300,62.3400,62.3200,62.3200,1700
16,62.3200,62.3300,62.2900,62.2900,2210
17,62.2800,62.2900,62.2750,62.2900,500
18,62.3200,62.3200,62.3200,62.3200,100
19,62.3020,62.3020,62.2800,62.3000,1036
20,62.2700,62.2700,62.2700,62.2700,500
21,62.2900,62.3300,62.2710,62.3300,1395
22,62.3250,62.3900,62.3250,62.3800,1900
23,62.3600,62.3600,62.3300,62.3300,800
24,62.3484,62.4000,62.3484,62.3700,1571
25,62.3700,62.3700,62.3400,62.3570,2543
26,62.3800,62.4100,62.3800,62.4100,1700
27,62.3900,62.3900,62.3900,62.3900,300
28,62.3900,62.4100,62.3900,62.4000,3902
29,62.4100,62.4200,62.4100,62.4200,700
30,62.4300,62.4300,62.4300,62.4300,400
31,62.4400,62.4400,62.4000,62.4200,5007
32,62.4200,62.4300,62.3600,62.3600,2500
33,62.3700,62.3900,62.3700,62.3900,2000
34,62.3900,62.4100,62.3900,62.4100,450
36,62.4100,62.4100,62.3850,62.3900,2600
37,62.3900,62.4400,62.3900,62.4400,1900
38,62.4500,62.4600,62.4400,62.4400,1200
39,62.4500,62.4700,62.4500,62.4500,2327
40,62.4500,62.4800,62.4500,62.4700,1743
41,62.4600,62.4600,62.4500,62.4500,1800
42,62.4500,62.4550,62.4200,62.4200,2800
43,62.4300,62.4550,62.4300,62.4500,3269
44,62.4500,62.4500,62.4300,62.4300,2700
45,62.4400,62.4400,62.4300,62.4300,1705
46,62.4300,62.4325,62.4200,62.4300,2826
47,62.4300,62.4300,62.4050,62.4100,3200
48,62.4100,62.4100,62.3900,62.4000,2510
49,62.4100,62.4200,62.4000,62.4200,1600
50,62.4400,62.4600,62.4400,62.4600,1652
51,62.4600,62.5200,62.4600,62.5100,3095
52,62.5000,62.5100,62.5000,62.5100,1100
53,62.5000,62.5000,62.4900,62.5000,600
54,62.4900,62.4900,62.4900,62.4900,500
55,62.5000,62.5000,62.5000,62.5000,400
56,62.5100,62.5300,62.5100,62.5250,2100
57,62.5100,62.5300,62.5100,62.5300,1349
58,62.5300,62.5300,62.5250,62.5250,2063
59,62.5300,62.5300,62.5150,62.5200,3000
60,62.5200,62.5300,62.5050,62.5050,10130
61,62.5050,62.5050,62.4761,62.5000,9761
62,62.5000,62.5300,62.5000,62.5300,3980
63,62.5400,62.5600,62.5400,62.5400,4169
64,62.5400,62.5500,62.5300,62.5450,4520
65,62.5450,62.5550,62.5400,62.5400,7966
66,62.5400,62.5700,62.5339,62.5700,4863
68,62.5800,62.6200,62.5800,62.6200,2826
69,62.6300,62.6300,62.6250,62.6300,4615
70,62.6300,62.6350,62.6200,62.6350,3625
71,62.6350,62.6600,62.6200,62.6500,12343
72,62.6500,62.6550,62.6300,62.6300,2700
73,62.6300,62.6400,62.6200,62.6300,1926
74,62.6300,62.6400,62.6250,62.6400,2200
75,62.6300,62.6368,62.6300,62.6350,701
76,62.6400,62.6500,62.6250,62.6300,5546
77,62.6300,62.6300,62.5800,62.5900,6296
78,62.5900,62.5900,62.5600,62.5650,6135
79,62.5700,62.6050,62.5600,62.6000,4210
80,62.6000,62.6300,62.6000,62.6300,6330
81,62.6300,62.6450,62.6200,62.6350,9367
82,62.6400,62.6450,62.6300,62.6400,1537
83,62.6500,62.6700,62.6500,62.6650,4893
84,62.6650,62.6650,62.6400,62.6400,3466
85,62.6400,62.6400,62.6200,62.6200,2853
86,62.6300,62.6400,62.6200,62.6300,4043
87,62.6300,62.6350,62.6200,62.6350,2078
88,62.6300,62.6550,62.6300,62.6400,6156
89,62.6400,62.6441,62.6300,62.6400,2636
90,62.6500,62.6600,62.6500,62.6500,2560
91,62.6500,62.6500,62.6400,62.6450,101481
92,62.6500,62.6500,62.6300,62.6300,1000
93,62.6300,62.6300,62.6200,62.6200,1000
94,62.6200,62.6300,62.6200,62.6300,636
95,62.6250,62.6250,62.6100,62.6100,18300
96,62.6100,62.6100,62.6100,62.6100,200
97,62.6100,62.6300,62.6100,62.6200,2250
98,62.6200,62.6350,62.6200,62.6200,1900
99,62.6250,62.6300,62.6200,62.6300,1980
100,62.6400,62.6400,62.6200,62.6254,2667
101,62.6250,62.6450,62.6250,62.6450,6117
102,62.6450,62.6650,62.6400,62.6650,5615
103,62.6650,62.6800,62.6600,62.6600,7450
104,62.6600,62.6600,62.6500,62.6600,1605
105,62.6500,62.6500,62.6250,62.6350,3899
106,62.6300,62.6300,62.6000,62.6050,16700
107,62.6100,62.6100,62.6100,62.6100,300
108,62.6100,62.6300,62.6100,62.6300,2947
109,62.6100,62.6100,62.5950,62.5950,1800
110,62.6000,62.6000,62.5950,62.6000,26466
111,62.5900,62.6100,62.5800,62.6100,6358
112,62.6000,62.6050,62.6000,62.6050,1200
113,62.6099,62.6400,62.6099,62.6400,2116
114,62.6400,62.6700,62.6400,62.6700,1975
115,62.6800,62.6800,62.6600,62.6600,2420
116,62.6600,62.6696,62.6600,62.6696,400
117,62.6600,62.6600,62.6450,62.6500,1707
118,62.6600,62.6700,62.6450,62.6450,2006
119,62.6450,62.6600,62.6400,62.6600,3035
120,62.6600,62.6700,62.6600,62.6700,500
121,62.6700,62.6900,62.6700,62.6900,1981
122,62.6900,62.6900,62.6737,62.6800,2754
123,62.6700,62.6700,62.6700,62.6700,600
124,62.6600,62.6639,62.6600,62.6632,782
125,62.6700,62.7150,62.6700,62.7100,2908
126,62.7100,62.7300,62.7100,62.7300,800
127,62.7400,62.7400,62.7300,62.7300,783
128,62.7300,62.7400,62.7300,62.7400,1300
129,62.7400,62.7400,62.7400,62.7400,100
130,62.7500,62.7600,62.7400,62.7400,2229
131,62.7350,62.7350,62.7000,62.7000,3049
132,62.6900,62.7200,62.6900,62.7200,3510
133,62.7100,62.7200,62.7100,62.7200,795
134,62.7300,62.7400,62.7300,62.7400,850
135,62.7300,62.7550,62.7300,62.7550,1404
136,62.7500,62.7650,62.7500,62.7600,3200
137,62.7600,62.7650,62.7500,62.7650,5090
138,62.7700,62.7800,62.7650,62.7750,3370
139,62.7700,62.7700,62.7500,62.7500,3467
140,62.7400,62.7400,62.7300,62.7300,800
141,62.7200,62.7300,62.7100,62.7200,1550
142,62.7130,62.7200,62.7100,62.7100,2144
143,62.7100,62.7200,62.7000,62.7100,1818
144,62.7100,62.7200,62.7100,62.7200,890
145,62.7400,62.7450,62.7400,62.7400,300
146,62.7400,62.7400,62.7350,62.7350,200
147,62.7400,62.7550,62.7400,62.7500,3743
148,62.7400,62.7450,62.7250,62.7400,2793
149,62.7500,62.7900,62.7500,62.7700,7899
150,62.7600,62.7600,62.7500,62.7600,300
151,62.7500,62.7500,62.7400,62.7400,1300
152,62.7400,62.7400,62.7100,62.7100,1441
153,62.7150,62.7200,62.7150,62.7200,400
154,62.7200,62.7200,62.6800,62.6900,2675
155,62.7000,62.7000,62.6750,62.6800,1800
156,62.6900,62.6900,62.6800,62.6800,680
157,62.6667,62.6667,62.6400,62.6400,1382
158,62.6500,62.6500,62.6500,62.6500,1100
159,62.6600,62.6650,62.6400,62.6400,3189
160,62.6500,62.6600,62.6450,62.6600,1100
161,62.6600,62.6600,62.6400,62.6400,919
162,62.6500,62.6600,62.6500,62.6600,402
163,62.6600,62.6600,62.6500,62.6600,1394
164,62.6700,62.6900,62.6700,62.6900,967
165,62.6900,62.7000,62.6800,62.7000,610
166,62.7200,62.7200,62.6900,62.7000,1100
167,62.7000,62.7000,62.7000,62.7000,1300
168,62.7100,62.7100,62.7100,62.7100,798
169,62.7200,62.7200,62.7100,62.7100,1200
170,62.7100,62.7100,62.7000,62.7100,800
171,62.7000,62.7200,62.6950,62.7200,1800
172,62.7200,62.7200,62.7200,62.7200,1400
173,62.7200,62.7500,62.7200,62.7500,1510
174,62.7500,62.7600,62.7450,62.7600,3300
175,62.7600,62.7600,62.7500,62.7550,1500
176,62.7500,62.7550,62.7500,62.7550,1200
177,62.7500,62.7700,62.7500,62.7700,2900
178,62.7800,62.8350,62.7800,62.8350,7878
180,62.8300,62.8500,62.8200,62.8300,6720
181,62.8400,62.8400,62.8300,62.8300,1400
182,62.8300,62.8550,62.8200,62.8300,6763
183,62.8300,62.8400,62.8300,62.8400,1100
185,62.8300,62.8500,62.8300,62.8500,1070
186,62.8600,62.8600,62.8600,62.8600,500
187,62.8700,62.8800,62.8642,62.8800,7968
188,62.8900,62.8900,62.8900,62.8900,100
189,62.8800,62.9150,62.8700,62.9100,8487
190,62.9100,62.9200,62.9000,62.9200,2900
191,62.9200,62.9300,62.9100,62.9300,1024
192,62.9300,62.9550,62.9200,62.9400,4194
193,62.9300,62.9350,62.9150,62.9300,8132
195,62.9400,62.9700,62.9400,62.9600,2720
196,62.9600,62.9600,62.9300,62.9400,5400
197,62.9400,62.9700,62.9400,62.9700,2350
198,62.9700,62.9800,62.9600,62.9600,6755
199,62.9700,62.9700,62.9500,62.9500,2190
200,62.9450,62.9500,62.9300,62.9439,4688
201,62.9400,62.9400,62.8800,62.8800,4621
202,62.8600,62.8600,62.8400,62.8600,1431
203,62.8600,62.8600,62.8500,62.8500,2050
204,62.8400,62.8500,62.8400,62.8500,300
206,62.8300,62.8500,62.8300,62.8500,1953
207,62.8310,62.8700,62.8310,62.8700,2704
208,62.8800,62.8800,62.8700,62.8700,1438
210,62.8600,62.8600,62.8504,62.8504,1386
211,62.8700,62.8700,62.8700,62.8700,300
212,62.8700,62.8700,62.8600,62.8600,611
213,62.8700,62.8700,62.8700,62.8700,100
214,62.8600,62.8600,62.8500,62.8500,2000
215,62.8500,62.8550,62.8500,62.8550,600
217,62.8500,62.8500,62.8500,62.8500,700
218,62.8500,62.8700,62.8490,62.8500,3974
219,62.8600,62.8600,62.8600,62.8600,100
220,62.8700,62.8700,62.8667,62.8667,1450
221,62.8600,62.8600,62.8600,62.8600,900
222,62.8600,62.8700,62.8600,62.8700,1210
223,62.8700,62.8700,62.8600,62.8600,600
224,62.8650,62.8700,62.8600,62.8600,1943
225,62.8700,62.8800,62.8600,62.8600,3168
226,62.8600,62.8650,62.8600,62.8650,1400
227,62.8650,62.8800,62.8600,62.8700,6871
228,62.8650,62.8700,62.8650,62.8700,1199
229,62.8750,62.8800,62.8400,62.8400,3400
230,62.8400,62.8500,62.8300,62.8427,5164
231,62.8400,62.8400,62.8200,62.8200,3000
232,62.8100,62.8100,62.8000,62.8000,6500
233,62.8100,62.8100,62.7900,62.8100,4896
234,62.8100,62.8300,62.8100,62.8200,8610
235,62.8200,62.8400,62.8200,62.8390,4094
236,62.8300,62.8300,62.8000,62.8000,5268
237,62.8000,62.8100,62.8000,62.8100,3025
238,62.8000,62.8100,62.7950,62.8100,3200
239,62.8200,62.8350,62.8200,62.8350,1900
240,62.8350,62.8350,62.7900,62.8000,7800
241,62.8000,62.8050,62.7950,62.8000,2600
242,62.8100,62.8100,62.8000,62.8000,2500
243,62.8000,62.8000,62.7900,62.8000,7200
244,62.7900,62.7950,62.7800,62.7800,7748
245,62.7800,62.7850,62.7700,62.7850,1610
246,62.7900,62.8000,62.7850,62.8000,4299
247,62.8000,62.8000,62.7900,62.8000,800
248,62.8100,62.8100,62.8000,62.8050,4490
249,62.8100,62.8100,62.8000,62.8100,3160
250,62.8150,62.8150,62.8000,62.8000,3900
251,62.8000,62.8200,62.8000,62.8100,3000
252,62.8100,62.8150,62.8000,62.8100,3750
253,62.8200,62.8200,62.8100,62.8100,2100
254,62.8100,62.8100,62.8000,62.8050,1300
255,62.8000,62.8000,62.7900,62.8000,7500
256,62.8000,62.8200,62.7900,62.8150,3668
257,62.8200,62.8300,62.8200,62.8300,1638
258,62.8350,62.8400,62.8200,62.8300,4118
259,62.8200,62.8300,62.8200,62.8250,1800
260,62.8250,62.8300,62.8100,62.8150,2700
261,62.8148,62.8200,62.8100,62.8200,3162
262,62.8250,62.8250,62.8200,62.8200,1100
263,62.8100,62.8150,62.8100,62.8100,2111
264,62.8150,62.8200,62.8100,62.8200,1300
265,62.8200,62.8200,62.8000,62.8000,6259
266,62.8000,62.8250,62.8000,62.8250,3900
267,62.8200,62.8250,62.8100,62.8250,2313
268,62.8250,62.8300,62.8200,62.8300,1100
269,62.8200,62.8250,62.7900,62.7900,5811
270,62.8000,62.8100,62.8000,62.8000,1800
271,62.8030,62.8050,62.7900,62.8050,3647
272,62.8000,62.8100,62.8000,62.8100,600
273,62.8000,62.8100,62.8000,62.8100,2100
274,62.8000,62.8100,62.7700,62.7900,8656
275,62.7900,62.7900,62.7700,62.7700,3148
276,62.7700,62.7700,62.7500,62.7700,8534
277,62.7700,62.7700,62.7600,62.7700,2400
278,62.7700,62.8100,62.7650,62.8100,5818
279,62.8000,62.8050,62.8000,62.8000,4033
280,62.8100,62.8170,62.7950,62.8000,5937
281,62.8000,62.8050,62.8000,62.8050,800
282,62.8050,62.8100,62.8000,62.8100,2705
283,62.8050,62.8050,62.8000,62.8000,1800
284,62.8000,62.8000,62.7900,62.7950,3600
285,62.8000,62.8100,62.7950,62.8100,3114
286,62.8200,62.8300,62.8200,62.8300,1500
287,62.8300,62.8400,62.8300,62.8400,1900
288,62.8400,62.8400,62.8400,62.8400,1000
289,62.8400,62.8400,62.8300,62.8300,1300
290,62.8300,62.8300,62.8300,62.8300,400
291,62.8400,62.8450,62.8300,62.8300,1200
292,62.8300,62.8300,62.8250,62.8300,1000
293,62.8200,62.8200,62.8100,62.8100,1405
294,62.8200,62.8200,62.8000,62.8000,400
295,62.8100,62.8100,62.7900,62.7900,1450
296,62.7950,62.7950,62.7800,62.7800,1500
297,62.7790,62.7900,62.7790,62.7900,4059
298,62.7850,62.7850,62.7800,62.7800,4349
300,62.7700,62.7700,62.7100,62.7100,5954
301,62.7200,62.7300,62.7150,62.7300,3200
302,62.7300,62.7300,62.7100,62.7100,3352
303,62.7000,62.7000,62.6700,62.6700,3613
304,62.6700,62.6800,62.6500,62.6800,4200
305,62.6800,62.6800,62.6700,62.6700,2952
306,62.6700,62.6900,62.6650,62.6700,4100
307,62.6700,62.6900,62.6700,62.6900,1300
308,62.6800,62.6800,62.6600,62.6600,3560
309,62.6650,62.6650,62.6600,62.6650,1900
310,62.6700,62.6800,62.6650,62.6743,2487
311,62.6750,62.6800,62.6650,62.6800,5138
312,62.6850,62.6850,62.6800,62.6850,1209
313,62.6900,62.6900,62.6700,62.6800,4700
314,62.6800,62.6800,62.6550,62.6550,1300
315,62.6500,62.6500,62.6200,62.6400,4638
316,62.6400,62.6400,62.6350,62.6400,1100
317,62.6350,62.6350,62.6250,62.6250,2301
318,62.6250,62.6800,62.6250,62.6800,6216
319,62.6900,62.6900,62.6800,62.6850,700
320,62.6800,62.6850,62.6250,62.6300,5520
321,62.6300,62.6400,62.6300,62.6300,2875
322,62.6400,62.6500,62.6250,62.6400,3901
323,62.6500,62.6500,62.6500,62.6500,1297
324,62.6500,62.6550,62.6400,62.6550,3303
325,62.6400,62.6400,62.6100,62.6100,3596
326,62.6050,62.6300,62.6000,62.6200,7641
327,62.6200,62.6200,62.5900,62.5900,3202
328,62.5900,62.6050,62.5900,62.6000,3374
329,62.6000,62.6000,62.5950,62.6000,1400
330,62.6000,62.6000,62.5800,62.5800,5121
331,62.5800,62.5900,62.5800,62.5900,1013
332,62.5900,62.5900,62.5800,62.5800,4300
333,62.5900,62.5900,62.5750,62.5800,2145
334,62.5800,62.6000,62.5750,62.5900,4099
335,62.5800,62.5800,62.5700,62.5750,4810
336,62.5750,62.5750,62.5750,62.5750,600
337,62.5800,62.5800,62.5600,62.5600,9124
338,62.5500,62.5550,62.5500,62.5550,1466
339,62.5600,62.5650,62.5599,62.5600,4713
340,62.5550,62.5550,62.5300,62.5300,4850
341,62.5400,62.5400,62.5250,62.5350,5863
342,62.5350,62.5550,62.5350,62.5550,3223
343,62.5600,62.5700,62.5600,62.5700,2503
344,62.5650,62.5700,62.5600,62.5600,2768
345,62.5650,62.5700,62.5650,62.5700,700
346,62.5700,62.5770,62.5600,62.5646,7616
347,62.5700,62.6100,62.5700,62.6100,5232
348,62.6100,62.6200,62.6050,62.6050,2690
349,62.6050,62.6100,62.5950,62.5950,4789
350,62.5900,62.6100,62.5900,62.6050,4727
351,62.6050,62.6500,62.6023,62.6450,4516
352,62.6500,62.6500,62.6500,62.6500,2100
353,62.6450,62.6700,62.6450,62.6650,2760
354,62.6700,62.6700,62.6602,62.6602,2681
355,62.6700,62.6700,62.6610,62.6700,2232
356,62.6700,62.6900,62.6700,62.6850,4211
357,62.6900,62.6900,62.6500,62.6550,15635
358,62.6600,62.6800,62.6600,62.6750,6159
359,62.6750,62.6800,62.6750,62.6750,2000
360,62.6800,62.7100,62.6800,62.7000,8340
361,62.7000,62.7100,62.6900,62.6900,2400
362,62.6950,62.6950,62.6800,62.6800,4981
363,62.6700,62.6750,62.6600,62.6600,2072
364,62.6450,62.6500,62.6400,62.6400,5660
365,62.6400,62.6450,62.6300,62.6300,4001
366,62.6200,62.6250,62.6200,62.6250,1300
367,62.6300,62.6300,62.6200,62.6250,4800
368,62.6300,62.6300,62.6100,62.6100,6290
369,62.6100,62.6150,62.6000,62.6000,4513
370,62.6000,62.6000,62.5900,62.5900,5033
371,62.5950,62.6050,62.5950,62.6000,6286
372,62.6000,62.6000,62.5900,62.6000,1600
373,62.5950,62.5950,62.5850,62.5950,6605
374,62.5900,62.6300,62.5900,62.6300,7668
375,62.6250,62.6600,62.6250,62.6550,8582
376,62.6550,62.6800,62.6550,62.6800,3977
377,62.6800,62.6800,62.6700,62.6800,4642
378,62.6750,62.6900,62.6750,62.6900,3461
379,62.7000,62.7200,62.6900,62.6900,8088
380,62.6900,62.7000,62.6850,62.6900,4069
381,62.6900,62.6900,62.6400,62.6500,6567
382,62.6500,62.6500,62.6400,62.6500,6314
383,62.6400,62.6450,62.6150,62.6200,6261
384,62.6200,62.6250,62.6100,62.6200,5183
385,62.6100,62.6200,62.6000,62.6200,7427
386,62.6100,62.6150,62.5700,62.5700,7608
387,62.5800,62.6050,62.5700,62.6000,25223
388,62.6000,62.6100,62.6000,62.6050,12130
389,62.6050,62.6050,62.5800,62.5850,7995
390,62.5800,62.6050,62.5700,62.5900,15635