GPS,Gap Inc.,Consumer Discretionary,1,Apparel Retail,8621544913,6425234
a149944500090,22.0700,22.0900,22.0600,22.0900,275967
0,22.1800,22.1800,22.1800,22.1800,61371
1,22.2000,22.2900,22.2000,22.2700,20745
2,22.2600,22.3000,22.2200,22.2550,14226
3,22.2500,22.2700,22.1900,22.1900,9156
4,22.1900,22.2480,22.1800,22.2302,8389
5,22.2500,22.3600,22.2500,22.3000,33124
6,22.3000,22.3199,22.2600,22.3050,9495
7,22.3050,22.3400,22.3000,22.3400,7569
8,22.3400,22.3700,22.3301,22.3700,10200
9,22.3600,22.3800,22.3210,22.3210,7277
10,22.3301,22.3350,22.2900,22.3000,22359
11,22.2900,22.2974,22.2500,22.2650,9748
12,22.2650,22.2800,22.2500,22.2800,13446
13,22.2700,22.2700,22.2300,22.2500,5973
14,22.2500,22.2500,22.1900,22.2200,34699
15,22.2100,22.2100,22.1600,22.1700,19751
16,22.1750,22.1900,22.1600,22.1800,9323
17,22.1750,22.1750,22.1300,22.1300,6515
18,22.1325,22.1400,22.0700,22.1000,22415
19,22.1100,22.1300,22.1100,22.1200,4790
20,22.1400,22.1600,22.1400,22.1500,16702
21,22.1450,22.1450,22.1300,22.1300,11800
22,22.1300,22.1600,22.1300,22.1308,9581
23,22.1400,22.1900,22.1400,22.1900,7725
24,22.1900,22.2000,22.1900,22.1950,1100
25,22.2000,22.2000,22.1500,22.1600,16986
26,22.1700,22.2050,22.1700,22.2000,6205
27,22.2000,22.2000,22.1900,22.2000,3901
28,22.1900,22.1901,22.1650,22.1650,4015
29,22.1601,22.1700,22.1550,22.1600,10078
30,22.1600,22.2000,22.1500,22.2000,11700
31,22.2100,22.2250,22.1900,22.2100,14622
32,22.2050,22.2250,22.1800,22.1850,32179
33,22.1800,22.1800,22.1450,22.1497,16668
34,22.1450,22.1500,22.1200,22.1200,4351
35,22.1200,22.1250,22.0900,22.1100,11600
36,22.1050,22.1100,22.1000,22.1100,4900
37,22.1001,22.1600,22.1001,22.1600,19083
38,22.1600,22.1700,22.1500,22.1600,3330
39,22.1600,22.1600,22.1300,22.1300,12965
40,22.1300,22.1550,22.1201,22.1550,25187
41,22.1600,22.1650,22.1400,22.1601,11700
42,22.1600,22.1600,22.1400,22.1500,4700
43,22.1500,22.1600,22.1201,22.1600,16610
44,22.1600,22.1600,22.1500,22.1600,3082
45,22.1500,22.1950,22.1500,22.1950,5673
46,22.1900,22.1950,22.1800,22.1900,14700
47,22.2000,22.2300,22.1800,22.2100,31638
48,22.2162,22.2300,22.2100,22.2120,17610
49,22.2150,22.2300,22.2100,22.2150,6649
50,22.2150,22.2200,22.2000,22.2100,9126
51,22.2050,22.2200,22.1900,22.1900,9903
52,22.1950,22.2250,22.1900,22.2100,8895
53,22.2200,22.2200,22.2100,22.2150,1000
54,22.2190,22.2190,22.1800,22.1800,6230
55,22.1800,22.1950,22.1800,22.1950,2687
56,22.2000,22.2000,22.1900,22.1900,1300
57,22.1950,22.1950,22.1901,22.1950,2967
58,22.2000,22.2000,22.1800,22.1800,6025
59,22.1850,22.1850,22.1500,22.1500,9145
60,22.1500,22.1600,22.1400,22.1600,4534
61,22.1500,22.1600,22.1100,22.1100,13128
62,22.1000,22.1150,22.0800,22.0800,11557
63,22.0800,22.0800,22.0550,22.0600,11900
64,22.0600,22.0700,22.0600,22.0700,4484
65,22.0700,22.0800,22.0650,22.0700,12767
66,22.0750,22.0900,22.0600,22.0600,18610
67,22.0650,22.0750,22.0600,22.0700,6389
68,22.0800,22.0950,22.0700,22.0950,7246
69,22.0900,22.0900,22.0700,22.0700,10600
70,22.0800,22.0950,22.0750,22.0850,7278
71,22.0800,22.0800,22.0550,22.0670,9057
72,22.0700,22.0850,22.0700,22.0800,3402
73,22.0850,22.1050,22.0800,22.1050,11365
74,22.1100,22.1150,22.1000,22.1150,13209
75,22.1200,22.1200,22.1000,22.1200,8500
76,22.1100,22.1150,22.1000,22.1137,10411
77,22.1150,22.1300,22.1100,22.1300,3400
78,22.1300,22.1400,22.1200,22.1350,20121
79,22.1300,22.1400,22.1300,22.1350,5000
80,22.1350,22.1400,22.1300,22.1400,2681
81,22.1350,22.1400,22.1100,22.1150,17694
82,22.1200,22.1250,22.1050,22.1250,11155
83,22.1200,22.1200,22.1000,22.1100,4528
84,22.1000,22.1150,22.1000,22.1150,5208
85,22.1150,22.1200,22.1100,22.1150,1939
86,22.1200,22.1200,22.1000,22.1150,10210
87,22.1100,22.1100,22.0850,22.0950,10428
88,22.0901,22.1050,22.0900,22.1050,9594
89,22.1000,22.1001,22.0900,22.0950,3990
90,22.0900,22.1000,22.0700,22.0700,8300
91,22.0600,22.0800,22.0600,22.0800,6842
92,22.0800,22.1000,22.0750,22.0900,10595
93,22.0900,22.0950,22.0700,22.0750,10315
94,22.0700,22.0700,22.0500,22.0500,4000
95,22.0600,22.0800,22.0500,22.0800,20930
96,22.0800,22.0850,22.0550,22.0550,34589
97,22.0600,22.0600,22.0400,22.0550,31855
98,22.0550,22.0700,22.0550,22.0700,18043
99,22.0800,22.0900,22.0550,22.0550,14982
100,22.0600,22.0700,22.0550,22.0700,6997
101,22.0650,22.0700,22.0610,22.0650,4400
102,22.0650,22.0650,22.0500,22.0530,5660
103,22.0600,22.0900,22.0550,22.0850,8016
104,22.0850,22.1100,22.0850,22.1100,3792
105,22.1050,22.1100,22.0700,22.0750,25959
106,22.0800,22.0900,22.0700,22.0900,14141
107,22.0900,22.0950,22.0850,22.0950,8261
108,22.0900,22.1050,22.0900,22.0950,13851
109,22.1000,22.1050,22.0900,22.0950,15095
110,22.1000,22.1100,22.1000,22.1050,1376
111,22.1100,22.1100,22.0900,22.0950,4744
112,22.0950,22.1100,22.0900,22.1100,9389
113,22.1050,22.1300,22.1050,22.1300,9894
114,22.1250,22.1300,22.1250,22.1300,600
115,22.1250,22.1250,22.1200,22.1200,1600
116,22.1250,22.1300,22.1200,22.1200,8000
117,22.1300,22.1300,22.1000,22.1100,16900
118,22.1100,22.1150,22.1000,22.1000,4300
119,22.1000,22.1050,22.0800,22.0950,13513
120,22.0950,22.1000,22.0800,22.0900,3800
121,22.0850,22.1100,22.0850,22.1050,11902
122,22.1050,22.1300,22.1000,22.1300,11500
123,22.1250,22.1350,22.1250,22.1350,2251
124,22.1400,22.1600,22.1350,22.1450,11932
125,22.1400,22.1400,22.1300,22.1350,3710
126,22.1300,22.1500,22.1250,22.1400,15161
127,22.1450,22.1500,22.1250,22.1350,11448
128,22.1350,22.1400,22.1200,22.1250,18100
129,22.1300,22.1400,22.1200,22.1250,34855
130,22.1250,22.1250,22.1200,22.1200,1300
131,22.1244,22.1300,22.1200,22.1200,7402
132,22.1256,22.1300,22.1200,22.1300,2615
133,22.1250,22.1300,22.1100,22.1100,13233
134,22.1150,22.1150,22.1101,22.1143,882
135,22.1100,22.1100,22.0900,22.0900,6800
136,22.0900,22.1050,22.0900,22.0950,11056
137,22.0900,22.0900,22.0650,22.0700,17215
138,22.0800,22.0800,22.0700,22.0750,300
139,22.0701,22.0900,22.0700,22.0850,13584
140,22.0850,22.0850,22.0700,22.0700,6796
141,22.0700,22.0700,22.0500,22.0550,17431
142,22.0500,22.0550,22.0400,22.0500,10850
143,22.0450,22.0500,22.0250,22.0300,25901
144,22.0350,22.0450,22.0300,22.0450,21648
145,22.0450,22.0500,22.0400,22.0450,3100
146,22.0450,22.0500,22.0400,22.0500,2600
147,22.0450,22.0600,22.0300,22.0600,19298
148,22.0600,22.0650,22.0550,22.0550,10890
149,22.0600,22.0650,22.0550,22.0550,15139
150,22.0600,22.0700,22.0600,22.0650,5084
151,22.0700,22.0800,22.0650,22.0750,16503
152,22.0600,22.0800,22.0600,22.0700,16889
153,22.0700,22.0900,22.0700,22.0900,24487
154,22.0850,22.0950,22.0800,22.0950,9300
155,22.0935,22.1100,22.0935,22.1100,9900
156,22.1100,22.1199,22.1100,22.1150,10405
157,22.1150,22.1150,22.0900,22.0900,17266
158,22.0900,22.0900,22.0800,22.0850,3350
159,22.0900,22.0900,22.0862,22.0862,1800
160,22.0800,22.1100,22.0800,22.1100,8423
161,22.1100,22.1100,22.0950,22.0950,7181
162,22.1000,22.1150,22.1000,22.1150,2700
163,22.1100,22.1150,22.1100,22.1150,2562
164,22.1050,22.1050,22.0900,22.1000,7586
165,22.1000,22.1000,22.1000,22.1000,1600
166,22.1050,22.1050,22.1050,22.1050,300
167,22.1000,22.1050,22.1000,22.1050,600
168,22.1100,22.1200,22.1050,22.1100,3661
169,22.1200,22.1200,22.1100,22.1199,1100
170,22.1150,22.1150,22.1100,22.1150,1500
171,22.1150,22.1300,22.1100,22.1300,7330
172,22.1300,22.1300,22.1300,22.1300,300
173,22.1300,22.1300,22.1200,22.1200,8987
174,22.1100,22.1200,22.1000,22.1100,28250
175,22.1100,22.1400,22.1000,22.1300,37500
176,22.1300,22.1700,22.1200,22.1650,28784
177,22.1600,22.1650,22.1550,22.1650,3000
178,22.1600,22.1700,22.1550,22.1550,3300
179,22.1500,22.1650,22.1500,22.1650,2200
180,22.1650,22.1650,22.1500,22.1500,4400
181,22.1500,22.1600,22.1450,22.1550,2301
182,22.1600,22.1600,22.1500,22.1550,9702
183,22.1550,22.1600,22.1550,22.1550,500
185,22.1500,22.1550,22.1400,22.1400,6469
186,22.1450,22.1450,22.1400,22.1400,800
187,22.1450,22.1500,22.1450,22.1500,700
188,22.1401,22.1500,22.1400,22.1500,1400
189,22.1450,22.1450,22.1300,22.1300,5868
190,22.1350,22.1450,22.1300,22.1450,4700
191,22.1450,22.1450,22.1301,22.1301,3400
192,22.1350,22.1350,22.1300,22.1300,800
193,22.1300,22.1300,22.1200,22.1200,6256
194,22.1100,22.1200,22.1100,22.1150,2500
195,22.1200,22.1200,22.1150,22.1200,13600
196,22.1200,22.1200,22.1101,22.1200,2084
197,22.1200,22.1200,22.1100,22.1150,10736
198,22.1200,22.1200,22.0850,22.0850,9906
199,22.0900,22.0950,22.0850,22.0950,5250
200,22.0900,22.0950,22.0900,22.0950,1600
201,22.1000,22.1000,22.0850,22.0850,3300
202,22.0800,22.0800,22.0750,22.0790,6200
203,22.0700,22.0800,22.0700,22.0750,1000
204,22.0750,22.0750,22.0750,22.0750,400
205,22.0700,22.0750,22.0700,22.0700,11036
206,22.0601,22.0800,22.0600,22.0800,8764
207,22.0800,22.0800,22.0700,22.0750,3200
208,22.0800,22.0900,22.0800,22.0900,1500
209,22.0890,22.1050,22.0851,22.1033,21154
210,22.1000,22.1100,22.1000,22.1100,1400
211,22.1100,22.1200,22.1100,22.1150,6800
212,22.1100,22.1150,22.1100,22.1150,500
213,22.1200,22.1200,22.1101,22.1200,2842
214,22.1150,22.1300,22.1150,22.1300,3928
215,22.1300,22.1500,22.1300,22.1500,2900
216,22.1500,22.1500,22.1440,22.1500,1200
217,22.1500,22.1500,22.1400,22.1401,800
218,22.1500,22.1500,22.1450,22.1500,500
219,22.1500,22.1500,22.1450,22.1450,1200
220,22.1450,22.1500,22.1300,22.1340,28657
221,22.1300,22.1300,22.1250,22.1250,3600
222,22.1300,22.1300,22.1250,22.1250,4736
223,22.1300,22.1300,22.1050,22.1101,8500
224,22.1100,22.1270,22.1100,22.1270,19193
225,22.1200,22.1200,22.1200,22.1200,100
226,22.1200,22.1250,22.1100,22.1100,4600
227,22.1100,22.1150,22.1050,22.1050,5482
228,22.1000,22.1000,22.1000,22.1000,2250
229,22.1000,22.1000,22.0900,22.0950,700
230,22.0900,22.0950,22.0801,22.0900,4809
231,22.0800,22.0850,22.0600,22.0600,5872
232,22.0700,22.0700,22.0650,22.0650,6500
233,22.0650,22.0700,22.0650,22.0700,9000
234,22.0700,22.0700,22.0600,22.0700,3812
235,22.0800,22.1100,22.0800,22.1100,5400
236,22.1050,22.1100,22.1000,22.1000,2438
237,22.1050,22.1100,22.1050,22.1100,1200
238,22.1050,22.1050,22.1001,22.1001,300
239,22.1000,22.1050,22.0900,22.0900,7402
240,22.0950,22.0950,22.0800,22.0800,2034
241,22.0801,22.0801,22.0650,22.0700,14117
242,22.0800,22.0900,22.0800,22.0900,2400
244,22.0850,22.0850,22.0800,22.0800,2200
245,22.0850,22.0850,22.0700,22.0700,8735
246,22.0700,22.0700,22.0700,22.0700,300
247,22.0700,22.0700,22.0601,22.0601,4472
248,22.0600,22.0800,22.0600,22.0800,5474
249,22.0800,22.0850,22.0800,22.0850,2570
250,22.0850,22.0850,22.0600,22.0600,10200
251,22.0600,22.0600,22.0500,22.0600,5710
252,22.0500,22.0600,22.0500,22.0550,1000
253,22.0500,22.0500,22.0500,22.0500,600
254,22.0600,22.0600,22.0400,22.0400,7368
255,22.0350,22.0400,22.0320,22.0350,2500
256,22.0400,22.0400,22.0300,22.0300,1362
257,22.0350,22.0500,22.0350,22.0500,17516
258,22.0557,22.0600,22.0500,22.0600,3473
259,22.0600,22.0700,22.0600,22.0650,3062
260,22.0650,22.0700,22.0600,22.0650,5090
261,22.0700,22.0750,22.0600,22.0600,13866
262,22.0700,22.0700,22.0700,22.0700,4600
263,22.0700,22.0800,22.0700,22.0800,4912
264,22.0800,22.0800,22.0790,22.0800,3000
265,22.0800,22.0800,22.0739,22.0790,993
266,22.0750,22.0750,22.0500,22.0600,35068
267,22.0600,22.0750,22.0600,22.0750,4481
268,22.0700,22.0800,22.0700,22.0800,4159
269,22.0800,22.0800,22.0750,22.0750,1531
270,22.0700,22.0750,22.0500,22.0600,9221
271,22.0600,22.0600,22.0401,22.0401,5936
272,22.0400,22.0450,22.0400,22.0401,1800
273,22.0460,22.0542,22.0400,22.0542,9269
274,22.0600,22.0600,22.0600,22.0600,2151
275,22.0600,22.0800,22.0600,22.0800,30970
276,22.0750,22.0900,22.0700,22.0850,13775
277,22.0900,22.1000,22.0850,22.0900,3697
278,22.1000,22.1200,22.1000,22.1150,6198
279,22.1100,22.1150,22.1000,22.1051,7700
280,22.1001,22.1001,22.0900,22.0950,12450
281,22.0900,22.0950,22.0900,22.0900,1560
282,22.1000,22.1100,22.1000,22.1050,5514
283,22.1100,22.1100,22.0900,22.0900,10090
284,22.0900,22.1000,22.0900,22.1000,5615
285,22.1090,22.1090,22.1000,22.1050,1229
286,22.1050,22.1100,22.0900,22.0900,6426
287,22.0900,22.0950,22.0700,22.0800,7800
288,22.0700,22.0701,22.0700,22.0700,6659
289,22.0750,22.0800,22.0750,22.0750,900
290,22.0750,22.0750,22.0700,22.0700,1700
291,22.0790,22.0800,22.0700,22.0800,5000
292,22.0750,22.0900,22.0700,22.0900,8991
293,22.0850,22.0900,22.0801,22.0900,900
294,22.0890,22.0900,22.0800,22.0800,4865
295,22.0900,22.0900,22.0800,22.0850,1300
296,22.0900,22.0900,22.0700,22.0850,9957
297,22.0900,22.0900,22.0800,22.0850,1200
298,22.0800,22.0850,22.0700,22.0800,7400
299,22.0700,22.0750,22.0700,22.0750,500
300,22.0700,22.0800,22.0600,22.0800,11959
301,22.0800,22.0800,22.0700,22.0701,7190
302,22.0750,22.1000,22.0750,22.1000,7434
303,22.1100,22.1200,22.1100,22.1200,1900
304,22.1200,22.1200,22.1150,22.1200,1200
305,22.1150,22.1200,22.1100,22.1110,4265
306,22.1100,22.1200,22.1100,22.1200,2300
307,22.1100,22.1150,22.0850,22.0901,25114
308,22.0950,22.0950,22.0900,22.0900,700
309,22.1000,22.1000,22.0800,22.0800,4773
310,22.0900,22.0950,22.0850,22.0950,4800
311,22.0910,22.0950,22.0900,22.0950,1300
312,22.0950,22.1000,22.0800,22.0950,9472
313,22.0900,22.1000,22.0900,22.0901,1600
314,22.0950,22.1000,22.0900,22.1000,10000
315,22.1000,22.1100,22.1000,22.1100,13286
316,22.1100,22.1200,22.1100,22.1150,5109
317,22.1152,22.1200,22.1150,22.1200,2544
318,22.1150,22.1350,22.1100,22.1350,10101
319,22.1400,22.1500,22.1400,22.1500,2840
320,22.1450,22.1500,22.1400,22.1500,4648
321,22.1450,22.1500,22.1400,22.1500,3290
322,22.1401,22.1500,22.1401,22.1450,4400
323,22.1500,22.1700,22.1450,22.1600,13791
324,22.1600,22.1650,22.1500,22.1600,14872
325,22.1500,22.1600,22.1300,22.1300,18692
326,22.1300,22.1400,22.1300,22.1400,2800
327,22.1350,22.1390,22.1200,22.1200,21157
328,22.1200,22.1250,22.1200,22.1200,3690
329,22.1300,22.1300,22.1200,22.1250,2426
330,22.1250,22.1500,22.1201,22.1500,25537
331,22.1450,22.1500,22.1450,22.1470,1600
332,22.1500,22.1600,22.1500,22.1600,3700
333,22.1600,22.1650,22.1500,22.1500,12051
334,22.1600,22.1600,22.1500,22.1570,12751
335,22.1600,22.1600,22.1500,22.1500,5023
336,22.1500,22.1500,22.1200,22.1200,11825
337,22.1300,22.1450,22.1250,22.1350,9650
338,22.1350,22.1400,22.1301,22.1350,1400
339,22.1400,22.1500,22.1350,22.1400,39471
340,22.1500,22.1600,22.1400,22.1570,8343
341,22.1500,22.1600,22.1500,22.1600,12500
342,22.1600,22.1600,22.1600,22.1600,1800
343,22.1600,22.1600,22.1501,22.1550,1200
344,22.1550,22.1700,22.1550,22.1650,6800
345,22.1650,22.1700,22.1600,22.1650,16100
346,22.1700,22.1900,22.1650,22.1900,22508
347,22.1900,22.1900,22.1800,22.1858,889
348,22.1900,22.2000,22.1801,22.2000,11626
349,22.2000,22.2000,22.1900,22.2000,1500
350,22.2000,22.2000,22.1950,22.1950,3100
351,22.2000,22.2000,22.1950,22.2000,6801
352,22.2000,22.2000,22.1900,22.2000,7045
353,22.2000,22.2000,22.1900,22.1950,7100
354,22.1950,22.2000,22.1700,22.1700,27003
355,22.1700,22.1750,22.1600,22.1700,13616
356,22.1700,22.1900,22.1700,22.1800,29107
357,22.1850,22.1900,22.1800,22.1850,13110
358,22.1850,22.2000,22.1850,22.2000,7911
359,22.2000,22.2200,22.2000,22.2200,9113
360,22.2200,22.2300,22.2150,22.2150,14889
361,22.2200,22.2300,22.2200,22.2300,22000
362,22.2250,22.2300,22.2200,22.2300,5900
363,22.2300,22.2300,22.2250,22.2300,2911
364,22.2250,22.2300,22.2200,22.2200,6470
365,22.2300,22.2400,22.2100,22.2100,43591
366,22.2150,22.2250,22.2050,22.2250,43457
367,22.2250,22.2250,22.2200,22.2250,11500
368,22.2300,22.2300,22.1800,22.1800,29729
369,22.1850,22.1850,22.1400,22.1450,36661
370,22.1450,22.1500,22.1300,22.1350,26242
371,22.1300,22.1350,22.0900,22.0950,40649
372,22.0900,22.0900,22.0800,22.0800,26348
373,22.0800,22.1100,22.0800,22.1050,54844
374,22.1050,22.1200,22.1050,22.1150,21162
375,22.1200,22.1700,22.1200,22.1600,28738
376,22.1650,22.1700,22.1600,22.1650,9213
377,22.1650,22.1700,22.1400,22.1600,43078
378,22.1538,22.1600,22.1500,22.1550,4120
379,22.1500,22.1600,22.1500,22.1500,9364
380,22.1500,22.1600,22.1500,22.1600,6946
381,22.1600,22.1600,22.1400,22.1550,50845
382,22.1550,22.1600,22.1500,22.1500,3937
383,22.1500,22.1550,22.1300,22.1300,35403
384,22.1300,22.1300,22.1200,22.1200,15615
385,22.1200,22.1200,22.1100,22.1200,44085
386,22.1100,22.1400,22.1100,22.1400,62934
387,22.1400,22.1400,22.1300,22.1350,8659
388,22.1350,22.1400,22.1200,22.1200,61178
389,22.1200,22.1250,22.1100,22.1101,30472
390,22.1100,22.1300,22.1100,22.1250,84820