NBL,Noble Energy Inc,Energy,3,Oil & Gas Exploration & Production,12457767274,7412640
a1499445000,28.9200,28.9600,28.9200,28.9450,7545
2,28.9300,28.9800,28.9300,28.9800,6800
3,28.9800,29.0400,28.9750,29.0200,9649
4,29.0150,29.0600,29.0150,29.0600,2800
5,29.0500,29.0700,29.0400,29.0600,5471
6,29.0500,29.0800,29.0500,29.0750,7907
7,29.0650,29.0900,29.0600,29.0800,12101
8,29.0800,29.0900,29.0500,29.0700,7300
9,29.0800,29.1200,29.0700,29.1200,9746
10,29.1200,29.1400,29.1100,29.1300,11826
11,29.1400,29.1900,29.1300,29.1900,22079
12,29.1700,29.1900,29.1500,29.1650,13318
13,29.1700,29.1700,29.1300,29.1600,3510
14,29.1550,29.1900,29.1550,29.1900,1600
15,29.1850,29.2300,29.1850,29.2200,3800
16,29.2200,29.2500,29.2100,29.2500,14181
17,29.2500,29.3100,29.2400,29.3000,36413
18,29.3000,29.3100,29.2900,29.3100,2400
19,29.3050,29.3050,29.2600,29.2700,32261
20,29.2650,29.2800,29.2400,29.2800,5497
21,29.2700,29.3000,29.2700,29.3000,3613
22,29.2950,29.3700,29.2950,29.3400,9601
23,29.3500,29.3700,29.3200,29.3500,7997
24,29.3500,29.3600,29.3400,29.3400,2100
25,29.3300,29.3300,29.2800,29.2900,12301
26,29.2850,29.3300,29.2850,29.3200,5200
27,29.3200,29.3300,29.2900,29.3000,5832
28,29.2950,29.3100,29.2800,29.3000,14432
29,29.2950,29.3000,29.2800,29.3000,5100
30,29.2950,29.3200,29.2900,29.3050,10669
31,29.3050,29.3300,29.3000,29.3000,21778
32,29.3000,29.3050,29.2800,29.2950,7800
33,29.2950,29.3000,29.2650,29.2700,8936
34,29.2700,29.2700,29.2400,29.2400,19815
35,29.2450,29.2450,29.2200,29.2243,6589
36,29.2200,29.2300,29.2100,29.2100,12644
37,29.2200,29.2250,29.1900,29.2000,10491
38,29.2000,29.2200,29.2000,29.2200,6200
39,29.2200,29.2200,29.2000,29.2000,12005
40,29.2000,29.2200,29.1900,29.2200,14000
41,29.2200,29.2300,29.1950,29.2300,21100
42,29.2300,29.2500,29.2300,29.2400,11000
43,29.2400,29.2550,29.2150,29.2300,16601
44,29.2300,29.2350,29.1900,29.1900,24124
45,29.1900,29.1900,29.1600,29.1800,28913
46,29.1800,29.1900,29.1700,29.1750,6801
47,29.1750,29.1750,29.1400,29.1500,7846
48,29.1500,29.1600,29.1500,29.1550,6289
49,29.1600,29.1700,29.1550,29.1600,7349
50,29.1600,29.1600,29.1400,29.1450,14500
51,29.1400,29.1450,29.1100,29.1150,14600
52,29.1100,29.1300,29.1000,29.1100,7403
53,29.1100,29.1150,29.1100,29.1100,500
54,29.1150,29.1500,29.1150,29.1500,6600
55,29.1500,29.1700,29.1500,29.1700,15808
56,29.1700,29.1700,29.1600,29.1700,5030
57,29.1700,29.1800,29.1600,29.1700,11962
58,29.1700,29.1800,29.1600,29.1700,3725
59,29.1700,29.2000,29.1700,29.1950,7617
60,29.1900,29.2200,29.0500,29.1250,39776
61,29.0900,29.1200,28.7600,28.7900,48956
62,28.7800,28.8300,28.7100,28.7800,15147
63,28.7900,28.9200,28.7900,28.9150,27143
64,28.9100,28.9150,28.8300,28.8600,21118
65,28.8600,28.8900,28.8100,28.8500,13049
66,28.8450,28.8475,28.7500,28.7900,12530
67,28.7850,28.8200,28.7800,28.8200,13258
68,28.8150,28.8650,28.8100,28.8100,8584
69,28.8050,28.9000,28.8050,28.8800,9240
70,28.8700,28.8800,28.8200,28.8200,10034
71,28.8100,28.8450,28.8000,28.8200,6362
72,28.8200,28.8900,28.8200,28.8600,10172
73,28.8600,28.8700,28.8350,28.8700,25000
74,28.8700,28.8950,28.8600,28.8800,11500
75,28.8700,28.9000,28.8300,28.8400,25400
76,28.8500,28.8501,28.7900,28.8350,29460
77,28.8350,28.8350,28.7550,28.8000,12089
78,28.8000,28.8450,28.7900,28.8250,22470
79,28.8200,28.8200,28.7700,28.8000,17200
80,28.8000,28.8100,28.7500,28.7690,17061
81,28.7700,28.7850,28.7500,28.7500,11368
82,28.7600,28.7900,28.7100,28.7900,19568
83,28.7900,28.8000,28.7700,28.7750,11100
84,28.7800,28.8050,28.7750,28.8000,28500
85,28.8100,28.8550,28.8100,28.8500,11838
86,28.8500,28.8700,28.8500,28.8600,6359
87,28.8500,28.8750,28.8500,28.8600,26990
88,28.8600,28.8900,28.8450,28.8850,20555
89,28.8850,28.8900,28.8500,28.8550,11466
90,28.8600,28.8900,28.8600,28.8750,9300
91,28.8700,28.8850,28.8500,28.8500,8515
92,28.8600,28.8600,28.8100,28.8200,11055
93,28.8300,28.8400,28.8000,28.8200,16414
94,28.8200,28.8250,28.8100,28.8100,14977
95,28.8100,28.8301,28.8050,28.8300,17949
96,28.8300,28.8400,28.8000,28.8000,5200
97,28.8000,28.8000,28.7650,28.7900,18072
98,28.7850,28.8200,28.7700,28.8150,7700
99,28.8150,28.8300,28.8000,28.8300,9016
100,28.8300,28.8750,28.8300,28.8750,28437
101,28.8800,28.8800,28.8450,28.8500,19300
102,28.8400,28.8400,28.8100,28.8200,8000
103,28.8250,28.8600,28.8200,28.8400,17861
104,28.8500,28.8650,28.8450,28.8500,88350
105,28.8400,28.8700,28.8350,28.8700,13249
106,28.8600,28.8600,28.8250,28.8300,73532
107,28.8300,28.8500,28.8250,28.8300,11300
108,28.8300,28.8500,28.8300,28.8334,2970
109,28.8300,28.8500,28.8300,28.8350,16400
110,28.8350,28.8500,28.8350,28.8500,13507
111,28.8450,28.8500,28.8300,28.8500,13706
112,28.8500,28.8800,28.8400,28.8400,19065
113,28.8400,28.8600,28.8250,28.8500,24201
114,28.8300,28.8400,28.8300,28.8400,14700
115,28.8300,28.8400,28.8200,28.8300,9890
116,28.8350,28.8350,28.7800,28.7800,38974
117,28.7850,28.7850,28.7500,28.7600,25431
118,28.7600,28.7800,28.7500,28.7550,17981
119,28.7500,28.7800,28.7500,28.7800,18052
120,28.7750,28.7750,28.7400,28.7450,117514
121,28.7400,28.7400,28.6510,28.6750,39240
122,28.6750,28.7000,28.6500,28.6700,13817
123,28.6700,28.6800,28.6510,28.6600,4000
124,28.6550,28.6900,28.6550,28.6900,10060
125,28.6900,28.6900,28.6550,28.6700,3129
126,28.6700,28.6900,28.6590,28.6900,9600
127,28.6800,28.7000,28.6700,28.7000,7865
128,28.7000,28.7050,28.6900,28.6950,4000
129,28.6900,28.6900,28.6650,28.6800,7141
130,28.6700,28.6800,28.6200,28.6300,11140
131,28.6350,28.6400,28.6050,28.6050,9927
132,28.6050,28.6200,28.5900,28.6100,14855
133,28.6000,28.6000,28.5750,28.5850,5538
134,28.5900,28.6000,28.5600,28.5800,17395
135,28.5807,28.5900,28.5400,28.5550,10924
136,28.5500,28.5674,28.5200,28.5300,19038
137,28.5350,28.5600,28.5300,28.5400,13918
138,28.5400,28.5500,28.5200,28.5200,6260
139,28.5200,28.5700,28.5200,28.5400,14860
140,28.5450,28.5600,28.5300,28.5300,8974
141,28.5300,28.5450,28.5200,28.5200,9125
142,28.5200,28.5300,28.5100,28.5300,5500
143,28.5300,28.5550,28.4410,28.4410,90441
144,28.4500,28.5200,28.4200,28.4300,64043
145,28.4200,28.4200,28.3500,28.3600,59737
146,28.3600,28.3600,28.2850,28.2950,48019
147,28.3000,28.3100,28.2750,28.2850,18394
148,28.2900,28.3000,28.2900,28.2950,2903
149,28.3000,28.3100,28.2800,28.2800,12529
150,28.2700,28.2700,28.2300,28.2400,52628
151,28.2300,28.2300,28.2000,28.2100,24964
152,28.2050,28.2150,28.1550,28.2000,57544
153,28.2000,28.2100,28.1900,28.2050,11100
154,28.2050,28.2465,28.2050,28.2400,13221
155,28.2400,28.2500,28.2200,28.2250,12497
156,28.2300,28.3000,28.2300,28.3000,10035
157,28.3100,28.3400,28.3050,28.3400,13074
158,28.3500,28.3700,28.3250,28.3700,15000
159,28.3700,28.3700,28.3410,28.3600,26041
160,28.3700,28.3800,28.3500,28.3600,6400
161,28.3600,28.3800,28.3550,28.3550,5400
162,28.3600,28.3800,28.3500,28.3750,3973
163,28.3800,28.3800,28.3700,28.3700,2300
164,28.3700,28.3800,28.3700,28.3800,2500
165,28.3750,28.3750,28.3300,28.3500,14300
166,28.3600,28.3700,28.3100,28.3100,21280
167,28.3100,28.3210,28.3100,28.3200,2400
168,28.3200,28.3200,28.3000,28.3000,6310
169,28.3000,28.3000,28.2900,28.2950,1500
170,28.2950,28.3000,28.2800,28.2800,4239
171,28.2700,28.2716,28.2600,28.2600,6241
172,28.2609,28.2800,28.2500,28.2700,9561
173,28.2600,28.2700,28.2500,28.2500,9482
174,28.2500,28.2550,28.2300,28.2300,3962
175,28.2300,28.2400,28.2000,28.2050,34310
176,28.2050,28.2200,28.2050,28.2100,4367
177,28.2100,28.2400,28.2100,28.2300,14893
178,28.2300,28.2400,28.2200,28.2200,9902
179,28.2200,28.2200,28.1950,28.1950,11285
180,28.1950,28.2000,28.1800,28.2000,4150
181,28.1950,28.2150,28.1900,28.2000,8824
182,28.2000,28.2000,28.1700,28.1900,9578
183,28.2000,28.2150,28.1950,28.2000,6522
184,28.2000,28.2100,28.1900,28.2100,6437
185,28.2000,28.2000,28.1950,28.2000,7743
186,28.1950,28.2100,28.1850,28.1900,9563
187,28.1901,28.1930,28.1400,28.1450,14664
188,28.1400,28.1550,28.1400,28.1450,9079
189,28.1450,28.1550,28.1300,28.1500,25014
190,28.1550,28.1750,28.1500,28.1750,9247
191,28.1750,28.2100,28.1750,28.2000,42633
192,28.2100,28.2250,28.2000,28.2250,6084
193,28.2300,28.2600,28.2250,28.2600,3742
194,28.2500,28.2500,28.2150,28.2150,6415
195,28.2200,28.2350,28.2200,28.2350,3100
196,28.2300,28.2400,28.2200,28.2400,7347
197,28.2300,28.2550,28.2300,28.2550,3347
198,28.2600,28.2700,28.2300,28.2400,11348
199,28.2400,28.2850,28.2400,28.2800,28010
200,28.2800,28.2800,28.2550,28.2750,10777
201,28.2750,28.2950,28.2600,28.2900,16190
202,28.2850,28.2950,28.2700,28.2950,12475
203,28.3000,28.3100,28.2950,28.3100,8560
204,28.3000,28.3000,28.2900,28.3000,3700
205,28.3000,28.3300,28.3000,28.3300,7539
206,28.3250,28.3500,28.3200,28.3500,13495
207,28.3500,28.3600,28.3400,28.3550,2600
208,28.3600,28.3800,28.3600,28.3800,4330
209,28.3700,28.4000,28.3600,28.3900,13493
210,28.3900,28.4050,28.3850,28.4050,12579
211,28.3950,28.4000,28.3700,28.3700,11571
212,28.3700,28.3700,28.3600,28.3600,2780
213,28.3700,28.3700,28.3500,28.3700,10188
214,28.3700,28.3800,28.3700,28.3800,6209
215,28.3850,28.3850,28.3550,28.3550,60559
216,28.3550,28.3700,28.3550,28.3600,6900
217,28.3600,28.3600,28.3500,28.3600,10062
218,28.3550,28.3800,28.3550,28.3700,8619
219,28.3800,28.3900,28.3750,28.3900,23609
220,28.3900,28.3900,28.3700,28.3900,9612
221,28.3850,28.3900,28.3650,28.3650,27200
222,28.3650,28.3850,28.3628,28.3850,13146
223,28.3850,28.3900,28.3700,28.3900,5431
224,28.3850,28.3900,28.3700,28.3800,4000
225,28.3700,28.3700,28.3500,28.3500,5800
226,28.3600,28.3700,28.3300,28.3300,12469
227,28.3350,28.3350,28.3200,28.3300,13017
228,28.3200,28.3200,28.3100,28.3200,5340
229,28.3200,28.3200,28.2900,28.2900,7921
230,28.2950,28.3000,28.2800,28.2810,3901
231,28.2850,28.2900,28.2600,28.2850,12957
232,28.2850,28.2900,28.2850,28.2850,900
233,28.2848,28.3000,28.2848,28.2950,6522
234,28.2950,28.3150,28.2928,28.3150,8752
235,28.3200,28.3500,28.3200,28.3450,9242
236,28.3450,28.3850,28.3450,28.3600,21148
237,28.3616,28.3900,28.3616,28.3900,3840
238,28.3900,28.4000,28.3850,28.3900,7733
239,28.3800,28.3900,28.3800,28.3900,800
240,28.3900,28.4000,28.3800,28.3800,26331
241,28.3750,28.3850,28.3700,28.3700,8644
242,28.3600,28.3943,28.3600,28.3900,10771
243,28.3900,28.4000,28.3900,28.3950,3100
244,28.3900,28.3950,28.3750,28.3750,7200
245,28.3750,28.3800,28.3600,28.3700,14693
246,28.3700,28.3750,28.3500,28.3600,13380
247,28.3600,28.3600,28.3500,28.3500,5425
248,28.3500,28.3500,28.3400,28.3400,2102
249,28.3400,28.3450,28.3400,28.3450,200
250,28.3450,28.3450,28.3300,28.3300,9424
251,28.3350,28.3500,28.3200,28.3450,16619
252,28.3400,28.3400,28.3000,28.3000,38171
253,28.3000,28.3100,28.2950,28.3000,21519
254,28.3050,28.3200,28.3000,28.3115,3600
255,28.3100,28.3300,28.3050,28.3200,11045
256,28.3200,28.3300,28.3000,28.3000,35254
257,28.3000,28.3300,28.3000,28.3300,10159
258,28.3300,28.3400,28.3232,28.3400,9013
259,28.3500,28.3600,28.3450,28.3600,6231
260,28.3550,28.3700,28.3550,28.3700,3601
261,28.3600,28.3600,28.3200,28.3200,14600
262,28.3300,28.3300,28.3200,28.3250,2200
263,28.3200,28.3350,28.3200,28.3300,8600
264,28.3350,28.3400,28.3200,28.3200,5499
265,28.3200,28.3400,28.3200,28.3400,7600
266,28.3353,28.3700,28.3353,28.3700,11794
267,28.3700,28.3700,28.3600,28.3650,2842
268,28.3600,28.3800,28.3600,28.3700,13506
269,28.3750,28.3750,28.3700,28.3700,4691
270,28.3600,28.3600,28.3400,28.3500,16147
271,28.3600,28.3741,28.3500,28.3700,14624
272,28.3700,28.3900,28.3700,28.3850,3900
273,28.3900,28.4000,28.3900,28.4000,4800
274,28.4000,28.4000,28.3800,28.3900,2906
275,28.3900,28.3900,28.3600,28.3600,6805
276,28.3600,28.3950,28.3500,28.3700,16039
277,28.3600,28.3643,28.3300,28.3300,4322
278,28.3400,28.3900,28.3400,28.3800,7614
279,28.3800,28.4000,28.3800,28.4000,2400
280,28.3900,28.3900,28.3800,28.3800,10198
281,28.3900,28.3950,28.3700,28.3700,57038
282,28.3700,28.3800,28.3500,28.3750,12400
283,28.3750,28.3900,28.3700,28.3900,4881
284,28.4000,28.4000,28.3950,28.3950,5807
285,28.4000,28.4000,28.3900,28.3900,3200
286,28.4000,28.4000,28.3900,28.3925,19709
287,28.4000,28.4100,28.3900,28.4100,24998
288,28.4050,28.4300,28.4000,28.4300,12600
289,28.4300,28.4500,28.4300,28.4500,8453
290,28.4450,28.4500,28.4400,28.4500,8433
291,28.4500,28.4500,28.3900,28.3950,22410
292,28.3950,28.3950,28.3700,28.3800,18026
293,28.3900,28.3900,28.3550,28.3550,12923
294,28.3500,28.3800,28.3400,28.3800,6721
295,28.3800,28.4000,28.3800,28.3800,16602
296,28.3800,28.4200,28.3800,28.4100,17631
297,28.4150,28.4150,28.3400,28.3400,20600
298,28.3400,28.3600,28.3300,28.3500,31863
299,28.3500,28.3650,28.3450,28.3450,7000
300,28.3500,28.3500,28.3300,28.3400,15932
301,28.3500,28.3700,28.3450,28.3700,7000
302,28.3800,28.4000,28.3800,28.4000,7315
303,28.3950,28.4000,28.3950,28.4000,5530
304,28.4050,28.4100,28.3900,28.4100,17282
305,28.4200,28.4300,28.4100,28.4150,19007
306,28.4100,28.4200,28.4000,28.4000,4902
307,28.4000,28.4200,28.3950,28.4150,7000
308,28.4200,28.4600,28.4200,28.4600,8036
309,28.4500,28.4500,28.4215,28.4300,9797
310,28.4400,28.4400,28.4150,28.4400,11137
311,28.4400,28.4400,28.4050,28.4150,54009
312,28.4100,28.4300,28.4050,28.4100,11170
313,28.4050,28.4050,28.3650,28.3650,10064
314,28.3600,28.3700,28.3300,28.3500,46709
315,28.3500,28.3650,28.3350,28.3600,10600
316,28.3650,28.3800,28.3650,28.3800,6921
317,28.3800,28.4000,28.3800,28.4000,7554
318,28.4000,28.4400,28.4000,28.4300,28818
319,28.4300,28.4400,28.4200,28.4300,10683
320,28.4400,28.4500,28.4400,28.4500,5900
321,28.4500,28.4700,28.4400,28.4400,16012
322,28.4500,28.4500,28.4100,28.4200,8403
323,28.4100,28.4100,28.4000,28.4100,6727
324,28.4100,28.4200,28.4000,28.4200,7756
325,28.4200,28.4200,28.3950,28.4000,7503
326,28.4000,28.4050,28.3700,28.3800,7532
327,28.3800,28.4000,28.3750,28.4000,7097
328,28.4000,28.4050,28.3800,28.3900,23157
329,28.3900,28.4150,28.3900,28.4150,6300
330,28.4150,28.4300,28.4000,28.4000,10365
331,28.4050,28.4090,28.3800,28.3900,10596
332,28.4000,28.4200,28.3950,28.4200,7200
333,28.4200,28.4200,28.3900,28.4200,22857
334,28.4300,28.4400,28.4200,28.4250,10161
335,28.4300,28.4400,28.4250,28.4400,5500
336,28.4400,28.4400,28.4200,28.4200,8487
337,28.4300,28.4400,28.4000,28.4000,21013
338,28.4000,28.4300,28.3950,28.4250,6800
339,28.4250,28.4400,28.4210,28.4400,6537
340,28.4400,28.4800,28.4300,28.4700,18630
341,28.4650,28.4650,28.4400,28.4450,10697
342,28.4500,28.4500,28.4450,28.4500,2078
343,28.4500,28.4500,28.4400,28.4450,2000
344,28.4500,28.4782,28.4500,28.4750,19146
345,28.4700,28.4800,28.4550,28.4600,14400
346,28.4700,28.4800,28.4700,28.4800,8256
347,28.4700,28.4750,28.4300,28.4500,24716
348,28.4500,28.4600,28.4450,28.4600,4689
349,28.4600,28.4600,28.4300,28.4300,11296
350,28.4300,28.4350,28.4200,28.4250,17239
351,28.4242,28.4400,28.4242,28.4400,4550
352,28.4400,28.4400,28.4200,28.4200,13952
353,28.4200,28.4300,28.4200,28.4200,4834
354,28.4300,28.4300,28.4250,28.4250,2694
355,28.4300,28.4600,28.4250,28.4550,14717
356,28.4500,28.4550,28.4350,28.4450,13652
357,28.4400,28.4600,28.4400,28.4600,4902
358,28.4600,28.4900,28.4600,28.4900,18769
359,28.4900,28.5000,28.4801,28.5000,10768
360,28.5000,28.5000,28.4600,28.4750,19289
361,28.4700,28.4900,28.4700,28.4900,23665
362,28.4900,28.5000,28.4850,28.4900,65893
363,28.4900,28.5250,28.4900,28.5000,58526
364,28.5000,28.5250,28.4850,28.4950,31523
365,28.4900,28.5000,28.4900,28.4950,2292
366,28.4950,28.4950,28.4500,28.4550,21913
367,28.4550,28.4700,28.4550,28.4650,14076
368,28.4700,28.4700,28.4600,28.4650,10310
369,28.4650,28.4700,28.4300,28.4300,31263
370,28.4300,28.4500,28.4300,28.4300,32667
371,28.4300,28.4300,28.3900,28.4100,29778
372,28.4050,28.4200,28.4000,28.4150,10218
373,28.4150,28.4300,28.4100,28.4150,22063
374,28.4150,28.4300,28.4100,28.4250,16363
375,28.4250,28.4300,28.4200,28.4250,23066
376,28.4200,28.4350,28.4000,28.4000,48162
377,28.4000,28.4300,28.4000,28.4300,21827
378,28.4300,28.4300,28.4100,28.4150,29410
379,28.4200,28.4200,28.4100,28.4150,16880
380,28.4200,28.4200,28.4100,28.4150,12477
381,28.4150,28.4150,28.3800,28.3900,14840
382,28.3900,28.4000,28.3900,28.4000,4548
383,28.4000,28.4200,28.4000,28.4200,14501
384,28.4200,28.4350,28.4150,28.4250,12195
385,28.4200,28.4600,28.4200,28.4600,14067
386,28.4550,28.4600,28.4250,28.4250,10679
387,28.4200,28.4200,28.4200,28.4200,6594
388,28.4200,28.4300,28.4200,28.4300,13370
389,28.4300,28.4500,28.4250,28.4450,45564
390,28.4450,28.4700,28.4450,28.4500,38188