BIIB,BIOGEN IDEC Inc.,Health Care,5,Biotechnology,59024904291,1620585
a1492522200,273.93,273.93,273.93,273.93,16577
1,273.74,273.95,273.04,273.95,3548
2,273.97,274.015,273.61,273.74,7421
3,273.7147,273.755,273.6275,273.755,384
4,273.97,274.05,273.61,273.98,3393
5,273.81,274.1517,273.81,273.915,1900
6,273.355,274.07,273.355,274.07,5002
7,273.905,274.05,273.65,273.84,3233
8,274.3,274.41,273.97,274.16,5246
9,274.37,274.44,274.25,274.25,6993
10,274.5,274.545,274.26,274.375,8898
11,274.29,274.59,274.135,274.55,8252
12,274.25,274.5,274.205,274.205,3102
13,274.42,274.42,274.24,274.35,5000
14,274.43,274.6,274.37,274.42,4799
15,274.57,274.6,274.43,274.55,1000
16,274.81,274.81,274.59,274.73,2350
17,274.825,274.89,274.74,274.81,2346
18,274.835,274.835,274.82,274.82,1100
19,274.82,275.18,274.74,274.9,10646
20,274.64,274.9074,274.48,274.9074,6000
22,274.285,274.48,274.16,274.47,2682
23,274.3,274.3,274.27,274.29,500
24,273.95,274.31,273.86,274.27,7300
25,274.1,274.1,273.86,273.96,1200
27,273.74,274.1,273.59,274.09,2150
28,273.55,273.93,273.55,273.92,2614
29,273.68,273.68,273.565,273.565,1015
30,273.6,273.69,273.49,273.64,1300
31,273.82,273.98,273.27,273.48,3603
32,273.33,273.81,273.33,273.81,2300
33,272.81,273.33,272.805,273.262,4400
34,272.74,273.045,272.7319,272.951,2000
35,272.275,272.8443,272.275,272.8443,2400
36,272.72,272.72,272.2,272.32,1502
37,272.75,272.96,272.72,272.78,2500
38,272.51,272.75,272.51,272.75,1647
39,272.42,272.53,272.41,272.52,1222
40,272.52,272.56,272.38,272.45,9583
41,272.56,272.695,272.454,272.52,3325
42,272.55,272.6,272.465,272.56,1402
43,272.62,272.62,272.47,272.55,3600
44,272.45,272.65,272.45,272.58,1800
45,272.71,272.71,272.52,272.53,8525
46,272.63,272.72,272.55,272.64,1900
47,272.56,272.64,272.46,272.64,1200
48,272.57,272.65,272.51,272.56,2400
49,272.74,272.74,272.51,272.57,5363
50,272.55,272.74,272.5,272.73,4656
51,272.53,272.68,272.51,272.55,5400
52,272.5147,272.68,272.5147,272.55,3057
53,272.63,272.69,272.555,272.6,1504
54,272.76,272.8,272.69,272.69,1205
55,272.76,272.88,272.76,272.76,2300
56,272.71,272.715,272.71,272.715,650
57,272.63,272.71,272.63,272.71,400
58,272.82,272.865,272.68,272.73,2656
59,272.81,272.92,272.79,272.88,1900
60,272.63,272.87,272.63,272.86,1900
61,272.57,272.65,272.522,272.6,1300
62,272.48,272.57,272.41,272.57,1200
63,272.29,272.41,272.29,272.41,1200
64,272.265,272.29,272.265,272.29,600
65,272.6,272.6,272.285,272.32,4000
66,272.4308,272.72,272.4308,272.61,3650
67,272.42,272.51,272.4,272.42,422
68,272.45,272.45,272.32,272.42,3800
69,272.53,272.57,272.42,272.45,2900
70,272.64,272.67,272.49,272.53,3300
71,272.58,272.7,272.58,272.65,2500
72,272.62,272.6799,272.6,272.64,1100
74,272.85,272.86,272.765,272.765,1800
75,272.66,272.86,272.66,272.86,2620
76,272.5001,272.77,272.5001,272.71,4023
77,272.66,272.66,272.5177,272.585,3100
78,272.39,272.65,272.3601,272.65,3101
79,272.43,272.45,272.37,272.39,1650
80,272.39,272.455,272.34,272.44,3800
81,272.29,272.44,272.22,272.37,3800
82,272.29,272.29,272.29,272.29,100
83,272.475,272.475,272.29,272.29,1200
84,272.37,272.43,272.325,272.42,1800
85,272.12,272.44,272.07,272.38,3300
86,272.06,272.12,272.03,272.12,1100
87,271.855,272.06,271.855,272.06,2750
88,271.865,271.95,271.835,271.95,2458
89,271.93,271.93,271.88,271.88,200
90,271.83,271.93,271.805,271.89,3100
91,271.86,271.86,271.81,271.83,900
92,271.86,271.91,271.78,271.86,1800
93,271.65,271.86,271.65,271.86,3863
94,271.15,271.5,271.09,271.48,3304
95,270.875,271.19,270.875,271.15,5399
96,271,271.02,270.915,270.94,4966
97,270.82,270.96,270.77,270.96,2509
98,270.66,270.81,270.63,270.81,3247
99,270.66,270.72,270.59,270.66,2206
100,270.65,270.725,270.65,270.725,2100
101,270.66,270.73,270.5,270.63,5856
102,270.71,270.78,270.5428,270.65,7800
103,270.66,270.76,270.63,270.71,1570
104,270.6,270.735,270.6,270.735,1600
105,270.67,270.68,270.54,270.68,1300
106,270.67,270.71,270.6,270.67,5014
107,270.83,271.05,270.725,270.78,9601
108,270.835,270.94,270.83,270.83,700
109,270.69,270.89,270.63,270.83,11850
110,270.56,270.76,270.55,270.6,6361
111,270.48,270.53,270.37,270.53,1800
112,270.35,270.46,270.27,270.39,6241
113,270.14,270.28,270.1,270.25,6027
114,270.09,270.27,270.05,270.205,1800
115,270.07,270.18,270.05,270.1112,7050
116,270.09,270.17,270.05,270.11,6193
117,270.195,270.2,270.0941,270.165,3285
118,270.64,270.66,270.205,270.26,4900
119,270.535,270.72,270.46,270.72,7606
120,270.56,270.63,270.47,270.47,1800
121,270.63,270.68,270.55,270.61,1900
122,270.59,270.7,270.56,270.7,1689
123,270.55,270.65,270.55,270.595,2200
124,270.42,270.6,270.35,270.6,3103
125,270.39,270.395,270.265,270.385,1888
126,270.08,270.255,270.08,270.25,2100
127,270.1,270.1,270.05,270.07,4558
128,270.04,270.1,270.03,270.1,4647
129,270.02,270.09,269.9,270.02,2100
130,270.28,270.295,270.08,270.08,5700
131,270.41,270.41,270.28,270.28,700
132,270.39,270.445,270.31,270.41,1800
133,270.3125,270.34,270.25,270.34,1543
135,270.605,270.64,270.42,270.52,2817
136,270.63,270.68,270.57,270.6,700
137,270.79,270.81,270.7,270.74,1300
138,270.73,270.8,270.73,270.8,1000
139,270.77,270.92,270.735,270.735,1700
140,270.73,270.8695,270.73,270.77,400
141,270.75,270.75,270.75,270.75,100
142,270.68,270.7,270.68,270.7,600
143,270.76,270.83,270.73,270.83,400
144,270.89,270.89,270.77,270.77,600
145,270.67,270.81,270.67,270.81,1500
146,270.605,270.68,270.605,270.66,800
147,270.51,270.68,270.51,270.645,2800
148,270.39,270.51,270.39,270.51,800
149,270.54,270.55,270.47,270.47,668
150,270.39,270.51,270.39,270.51,500
151,270.33,270.39,270.33,270.39,800
152,270.16,270.33,270.16,270.33,300
153,270.275,270.275,270.275,270.275,100
154,270.48,270.55,270.385,270.385,2050
155,270.26,270.496,270.19,270.47,2600
156,270.29,270.36,270.29,270.2925,700
157,270.24,270.3518,270.15,270.3518,2300
158,270.15,270.24,270.15,270.24,400
159,270.1,270.15,270.0101,270.15,2400
160,270.055,270.055,270.055,270.055,100
161,269.91,270.01,269.91,270.01,1147
162,269.9,269.97,269.895,269.92,3422
163,269.86,269.9,269.84,269.89,4100
164,269.74,269.86,269.72,269.84,4550
165,270.24,270.24,269.85,269.98,2441
166,270.34,270.34,270.17,270.24,1766
167,270.21,270.3813,270.21,270.34,700
168,270.22,270.22,270.22,270.22,100
169,270.21,270.37,270.12,270.23,3635
170,270.21,270.21,270.21,270.21,100
171,270.09,270.35,270.07,270.31,5900
172,270.21,270.31,270.11,270.11,1005
173,270.11,270.11,270.11,270.11,100
174,270.1638,270.2,270.1638,270.2,550
175,270.21,270.27,270.13,270.13,500
176,269.95,270.14,269.92,270.14,3800
177,270.005,270.06,270,270,300
179,270.1037,270.1037,270.1037,270.1037,500
180,270.15,270.16,270.11,270.16,300
181,270.1892,270.25,270.12,270.16,1704
182,270.193,270.265,270.193,270.265,218
183,270.26,270.26,270.26,270.26,200
184,270.26,270.36,270.26,270.36,300
185,270.15,270.35,270.14,270.35,1300
186,270.1,270.1,270.1,270.1,100
187,270.06,270.1,270.01,270.1,3000
188,270.18,270.23,270.02,270.02,5675
189,270.18,270.18,270.18,270.18,100
190,270.43,270.43,270.23,270.23,600
191,270.28,270.51,270.28,270.51,1400
192,270.37,270.4,270.28,270.28,1600
193,270.49,270.51,270.37,270.37,1500
194,270.44,270.555,270.4,270.53,1200
195,270.4,270.44,270.33,270.44,1000
196,270.37,270.44,270.35,270.4,1300
197,270.44,270.446,270.35,270.3828,1400
198,270.33,270.42,270.3,270.4,3461
199,270.45,270.45,270.26,270.315,1784
200,270.53,270.55,270.53,270.53,300
201,270.55,270.74,270.55,270.5656,2100
202,270.64,270.64,270.55,270.56,2300
203,270.775,270.775,270.65,270.65,1527
204,270.8,270.8,270.71,270.76,1700
205,270.73,270.85,270.73,270.8,1300
206,270.935,270.935,270.73,270.73,1445
207,270.96,270.97,270.96,270.96,500
208,270.94,271.07,270.91,271.05,1700
209,270.92,270.99,270.83,270.94,1502
210,270.95,270.95,270.87,270.92,1200
211,270.86,270.9,270.86,270.9,1500
212,270.85,270.88,270.81,270.8715,1639
213,270.82,270.83,270.82,270.83,200
214,270.78,270.82,270.7303,270.82,957
215,270.83,270.85,270.75,270.75,900
216,270.51,270.84,270.51,270.82,5230
217,270.39,270.4,270.34,270.4,2200
218,270.34,270.3401,270.3,270.3401,800
219,270.3,270.35,270.3,270.35,300
220,270.31,270.32,270.235,270.3,1713
221,270.31,270.31,270.31,270.31,130
222,270.16,270.24,270.16,270.24,1105
223,270.35,270.35,270.16,270.16,1300
225,270.2,270.65,270.2,270.58,4530
227,270.02,270.35,270.02,270.19,6255
229,270.14,270.21,270.14,270.14,2271
230,270.04,270.2725,270.04,270.17,2331
231,270.16,270.16,270.11,270.11,2100
232,270.1,270.17,270.08,270.14,2240
233,270.1,270.1,270.02,270.08,5329
234,270.24,270.24,270.1183,270.1183,2100
235,270.235,270.265,270.2,270.24,4000
236,270.2012,270.25,270.18,270.19,2500
237,270.11,270.26,270.11,270.26,800
238,270.28,270.28,270.11,270.14,2300
239,270.28,270.42,270.28,270.3,2000
240,270.26,270.285,270.15,270.285,1400
241,270.2,270.2361,270.14,270.2361,2004
242,270.1,270.22,270.1,270.22,1370
243,270.15,270.28,270.15,270.22,1418
244,270.2,270.23,270.1539,270.1539,700
245,270.31,270.31,270.21,270.25,1230
246,270.4288,270.4288,270.39,270.39,700
247,270.47,270.47,270.4098,270.4098,600
248,270.4,270.4164,270.3,270.37,2130
249,270.35,270.3825,270.29,270.31,1400
250,270.43,270.5325,270.42,270.43,7146
251,270.42,270.455,270.42,270.455,308
252,270.36,270.4,270.36,270.4,300
253,270.37,270.37,270.37,270.37,100
254,270.41,270.45,270.41,270.43,1300
255,270.27,270.45,270.27,270.45,2998
256,270.27,270.31,270.27,270.31,300
257,270.27,270.27,270.27,270.27,100
258,270.2,270.27,270.2,270.27,730
259,270.37,270.37,270.165,270.21,2905
260,270.33,270.34,270.33,270.34,500
261,270.36,270.37,270.36,270.37,230
262,270.39,270.39,270.36,270.36,400
263,270.3563,270.42,270.3563,270.41,950
264,270.19,270.36,270.05,270.35,4171
265,270.19,270.19,270.14,270.19,1800
266,270.22,270.22,270.16,270.19,1875
267,270.37,270.37,270.35,270.36,700
268,270.34,270.34,270.31,270.31,300
269,270.34,270.43,270.34,270.38,1900
270,270.47,270.47,270.4,270.4,500
271,270.61,270.62,270.49,270.49,400
272,270.65,270.66,270.63,270.63,800
273,270.805,270.84,270.65,270.65,2700
274,270.8408,270.8408,270.8408,270.8408,100
275,270.93,270.93,270.87,270.87,1300
276,271.12,271.1212,270.97,270.97,2631
277,271.04,271.12,270.99,271.12,2880
278,271.22,271.22,271.01,271.0144,2015
279,271.38,271.38,271.16,271.17,3750
280,271.45,271.5,271.4,271.4,5776
281,271.335,271.42,271.335,271.42,1500
282,271.38,271.38,271.29,271.29,200
283,271.2,271.2,271.2,271.2,100
284,271.41,271.41,271.28,271.28,1100
285,271.44,271.44,271.44,271.44,100
287,271.3,271.37,271.29,271.365,7000
288,271.32,271.32,271.32,271.32,100
289,271.325,271.325,271.325,271.325,100
290,271.39,271.39,271.35,271.37,600
291,271.29,271.43,271.27,271.4,600
292,271.41,271.415,271.41,271.415,300
293,271.37,271.37,271.37,271.37,100
294,271.3125,271.41,271.22,271.41,1400
295,271.13,271.13,271.13,271.13,100
296,271.154,271.154,271.05,271.05,1835
297,270.99,271.105,270.98,271.086,2440
298,270.98,270.9853,270.98,270.9853,200
299,271.0925,271.1802,271.02,271.02,2592
300,271.21,271.26,271.07,271.18,1874
301,271.19,271.211,271.11,271.19,1100
302,271.26,271.26,271.25,271.25,400
304,271.23,271.28,271.23,271.28,919
306,271.45,271.52,271.4,271.4,4146
307,271.35,271.4325,271.35,271.39,500
309,271.25,271.35,271.25,271.35,700
310,271.29,271.33,271.24,271.24,700
311,271.17,271.29,271.17,271.29,800
312,271.17,271.17,271.17,271.17,100
313,271,271.2,271,271.2,200
314,270.96,271.01,270.96,271.01,900
315,270.99,271.06,270.99,271.02,1323
316,270.98,270.98,270.86,270.96,1761
317,271.07,271.08,270.86,270.91,1600
318,271.15,271.16,271.11,271.11,300
319,271.16,271.3225,271.16,271.27,2560
320,271.41,271.41,271.22,271.22,2000
321,271.27,271.41,271.23,271.41,1100
322,271.32,271.34,271.27,271.27,700
323,271.2307,271.3,271.23,271.3,1960
324,271.42,271.45,271.31,271.31,2898
325,271.57,271.58,271.47,271.49,1400
326,271.58,271.58,271.57,271.57,700
327,271.395,271.54,271.38,271.54,900
328,271.39,271.475,271.35,271.45,3600
329,271.39,271.39,271.39,271.39,900
330,271.291,271.39,271.291,271.39,2600
331,271.19,271.39,271.19,271.39,3627
332,271.255,271.26,271.18,271.18,1100
333,271.25,271.25,271.25,271.25,400
334,271.26,271.295,271.25,271.25,1000
335,271.12,271.25,271.115,271.24,1827
336,271.29,271.295,271.22,271.23,1000
337,271.21,271.26,271.21,271.26,800
338,271.18,271.18,271.17,271.17,200
339,271.13,271.23,271.13,271.22,1800
340,271.1925,271.2,271.12,271.13,2400
341,271.12,271.2,271.12,271.2,2711
342,271.08,271.12,271.08,271.12,900
343,271.11,271.15,271.08,271.08,1700
344,271.07,271.2,271.07,271.13,5951
345,271.15,271.15,271.0997,271.105,2963
346,271.15,271.15,271.1498,271.1498,680
347,271.11,271.15,270.95,271.15,3400
348,271.039,271.2,271.039,271.06,2637
350,271.15,271.15,271.13,271.15,500
351,271.06,271.15,271.06,271.15,1200
352,271.06,271.14,271.06,271.12,1200
353,270.92,271.11,270.8,271.11,4000
354,271.15,271.155,270.955,270.96,1600
355,271.13,271.17,271.11,271.15,900
356,271.14,271.185,271.04,271.17,5552
357,271.25,271.25,271.1,271.13,1746
358,271.14,271.25,271.1,271.25,3660
359,271.055,271.14,271.05,271.14,1800
360,271.055,271.055,271,271,200
361,271.2,271.2,271.044,271.09,2200
362,271.23,271.23,271.1773,271.2,1000
363,271.28,271.285,271.24,271.24,500
364,271.37,271.39,271.35,271.35,1100
365,271.35,271.36,271.28,271.36,3633
366,271.45,271.45,271.29,271.35,3502
367,271.58,271.58,271.36,271.36,2520
368,271.7,271.7,271.5287,271.5287,2530
369,271.57,271.78,271.555,271.72,3025
370,271.54,271.57,271.46,271.57,1800
371,271.73,271.73,271.51,271.51,1179
372,271.7144,271.76,271.7,271.75,2405
373,271.76,271.76,271.67,271.71,2347
374,271.65,271.67,271.62,271.67,2030
375,271.69,271.69,271.52,271.58,6430
376,271.72,271.72,271.57,271.68,4800
377,271.9,272,271.73,271.79,1476
378,271.89,271.97,271.76,271.89,3372
379,271.86,271.88,271.82,271.88,2800
380,271.65,271.845,271.65,271.845,2052
381,271.56,271.69,271.56,271.655,1900
382,271.56,271.65,271.5599,271.56,2238
383,271.59,271.63,271.56,271.59,800
384,271.56,271.6,271.51,271.6,1600
385,271.59,271.6,271.49,271.535,2548
386,271.45,271.62,271.37,271.56,3929
387,271.41,271.47,271.39,271.41,3472
388,271.22,271.42,271.22,271.4,2700
389,271.27,271.31,271.18,271.19,5140
390,271.16,271.41,271.11,271.22,228472
