EMN,Eastman Chemical,Materials,8,Diversified Chemicals,11535293467,1112491
a1492522200,77.93,77.93,77.93,77.93,8047
1,77.83,77.92,77.65,77.79,3725
2,77.97,78.13,77.74,77.9,3551
3,77.79,78.14,77.61,78.14,3000
4,77.87,77.885,77.87,77.885,250
5,77.915,77.97,77.84,77.905,1100
6,77.94,78.02,77.94,77.94,500
7,77.95,78.115,77.9401,78.115,5320
8,78.04,78.04,77.96,77.96,300
9,78.05,78.13,78.03,78.055,3501
10,78.12,78.225,78.12,78.145,2637
11,78.2,78.2,78.15,78.15,600
12,78.24,78.24,78.24,78.24,200
13,78.295,78.295,78.25,78.25,400
14,78.295,78.295,78.2861,78.295,700
15,78.305,78.34,78.295,78.295,4500
16,78.315,78.355,78.3,78.305,3300
17,78.385,78.405,78.31,78.34,2500
18,78.38,78.415,78.38,78.4125,1392
19,78.43,78.43,78.3775,78.38,1100
20,78.34,78.39,78.34,78.39,1100
21,78.28,78.32,78.26,78.32,900
22,78.26,78.29,78.25,78.26,1264
23,78.27,78.27,78.24,78.255,500
24,78.26,78.26,78.235,78.26,3600
25,78.21,78.25,78.21,78.25,800
26,78.29,78.29,78.21,78.21,3100
27,78.31,78.315,78.28,78.29,600
28,78.32,78.33,78.25,78.33,7571
29,78.31,78.35,78.31,78.31,900
30,78.31,78.31,78.3,78.3,400
31,78.31,78.33,78.28,78.33,800
32,78.315,78.315,78.315,78.315,100
33,78.37,78.37,78.33,78.33,750
34,78.37,78.37,78.3412,78.353,1275
35,78.285,78.3962,78.27,78.38,4000
36,78.25,78.29,78.245,78.28,1600
37,78.28,78.28,78.255,78.255,600
38,78.28,78.28,78.28,78.28,200
39,78.25,78.25,78.25,78.25,200
40,78.14,78.245,78.14,78.245,4400
41,78.1,78.15,78.1,78.13,12641
42,78.09,78.13,78.05,78.1,5971
43,78.06,78.09,78.03,78.09,5896
44,78.08,78.11,78.03,78.06,4650
45,78.14,78.16,78.08,78.1,4800
46,78.16,78.17,78.12,78.14,7500
47,78.13,78.18,78.09,78.16,10564
48,78.12,78.14,78.06,78.13,12300
49,78.11,78.17,78.11,78.12,2415
50,78.115,78.12,78.08,78.1,4178
51,78.2,78.2,78.09,78.1,5022
52,78.18,78.21,78.18,78.2,400
53,78.25,78.265,78.22,78.24,1100
54,78.23,78.25,78.22,78.25,2613
55,78.25,78.27,78.18,78.225,2800
56,78.28,78.28,78.28,78.28,100
57,78.37,78.37,78.33,78.33,300
58,78.39,78.4,78.33,78.34,1300
59,78.46,78.46,78.41,78.41,800
60,78.36,78.41,78.36,78.41,1700
61,78.43,78.43,78.38,78.38,800
62,78.42,78.42,78.39,78.4,1385
63,78.47,78.48,78.41,78.42,5609
64,78.51,78.52,78.46,78.46,3600
65,78.53,78.53,78.5,78.51,1053
66,78.53,78.56,78.52,78.52,2300
67,78.51,78.54,78.51,78.54,700
68,78.59,78.6,78.48,78.52,3154
69,78.56,78.62,78.56,78.62,1816
70,78.56,78.6,78.56,78.6,700
71,78.505,78.57,78.5,78.56,2582
72,78.525,78.525,78.52,78.52,400
73,78.57,78.59,78.55,78.55,1500
74,78.6,78.68,78.6,78.6,8597
75,78.6173,78.64,78.61,78.61,1000
76,78.65,78.66,78.55,78.6,5604
77,78.69,78.7,78.65,78.66,11337
78,78.69,78.71,78.67,78.71,3600
79,78.74,78.74,78.7,78.7,1105
80,78.69,78.72,78.68,78.72,1575
81,78.62,78.68,78.62,78.68,1626
82,78.64,78.665,78.61,78.64,7311
83,78.64,78.67,78.59,78.64,5250
84,78.62,78.64,78.62,78.64,1200
85,78.61,78.65,78.61,78.63,950
86,78.5505,78.61,78.5505,78.61,2593
87,78.5479,78.55,78.53,78.55,400
88,78.56,78.58,78.54,78.54,1000
89,78.53,78.59,78.53,78.57,3000
90,78.57,78.57,78.5,78.52,1400
91,78.59,78.59,78.56,78.56,600
92,78.62,78.62,78.59,78.59,700
93,78.61,78.61,78.59,78.6,4554
94,78.6,78.64,78.59,78.62,7893
95,78.62,78.64,78.61,78.61,2394
96,78.68,78.68,78.64,78.64,3950
97,78.68,78.71,78.68,78.68,2614
98,78.7156,78.72,78.69,78.69,2773
99,78.74,78.74,78.71,78.73,3009
100,78.78,78.79,78.73,78.75,3828
101,78.78,78.78,78.77,78.78,2800
102,78.84,78.84,78.79,78.79,1700
104,78.81,78.83,78.81,78.83,700
105,78.7999,78.8,78.79,78.79,1223
106,78.77,78.79,78.74,78.79,2300
107,78.76,78.7799,78.76,78.77,1000
108,78.73,78.75,78.73,78.75,1400
109,78.73,78.73,78.73,78.73,200
110,78.74,78.76,78.74,78.74,1400
111,78.75,78.75,78.73,78.73,800
112,78.76,78.76,78.71,78.745,2375
113,78.7899,78.79,78.77,78.77,1300
114,78.82,78.82,78.78,78.78,616
115,78.81,78.81,78.8,78.8,500
116,78.75,78.78,78.75,78.78,1400
117,78.72,78.72,78.72,78.72,600
118,78.72,78.72,78.71,78.71,400
119,78.73,78.74,78.72,78.73,2500
120,78.72,78.73,78.72,78.73,950
121,78.69,78.71,78.69,78.71,1008
122,78.6999,78.7,78.68,78.68,1200
124,78.6,78.7,78.59,78.68,8194
125,78.57,78.6,78.57,78.59,4158
126,78.51,78.56,78.5,78.56,2590
128,78.48,78.49,78.47,78.47,2187
129,78.46,78.47,78.42,78.46,4600
130,78.47,78.49,78.455,78.46,8218
131,78.47,78.49,78.46,78.47,5515
132,78.52,78.54,78.465,78.465,3767
133,78.52,78.525,78.48,78.52,2513
134,78.49,78.5299,78.47,78.525,3677
135,78.46,78.49,78.45,78.48,2500
136,78.4799,78.48,78.45,78.47,6345
137,78.49,78.49,78.47,78.47,600
139,78.4629,78.47,78.45,78.47,1997
140,78.49,78.49,78.47,78.47,1481
141,78.485,78.5,78.48,78.5,3999
142,78.49,78.49,78.465,78.49,14215
143,78.5,78.53,78.5,78.5,7177
144,78.46,78.51,78.46,78.5,2596
145,78.37,78.45,78.37,78.45,2100
146,78.26,78.39,78.26,78.37,8101
147,78.21,78.29,78.21,78.29,8420
148,78.175,78.19,78.175,78.19,300
149,78.19,78.22,78.16,78.21,11399
150,78.125,78.19,78.11,78.19,7547
151,78.08,78.12,78.08,78.11,900
152,78.035,78.08,78.035,78.08,300
153,78.025,78.05,77.9905,77.995,2200
154,78.17,78.17,78.04,78.04,6359
155,78.21,78.21,78.18,78.18,2483
156,78.16,78.22,78.1,78.22,11305
157,78.12,78.1926,78.12,78.1926,425
158,78.09,78.12,78.09,78.12,1900
159,78.04,78.08,78.04,78.08,2300
160,78.07,78.08,78.03,78.08,2100
161,78.08,78.11,78.06,78.09,9299
162,78.1,78.1,78.1,78.1,200
163,78.06,78.1,78.06,78.06,500
164,78.07,78.1,78.07,78.09,710
165,78.1,78.13,78.099,78.11,3125
167,78.08,78.08,78.08,78.08,200
168,78.1,78.11,78.1,78.11,1100
169,78.1,78.11,78.08,78.09,2020
170,78.08,78.08,78.08,78.08,100
171,78.1,78.12,78.1,78.11,1615
172,78.1,78.13,78.1,78.13,1701
173,78.11,78.11,78.08,78.08,200
174,78.08,78.11,78.08,78.11,1400
175,78.07,78.1,78.07,78.1,4341
176,78.1,78.1,78.08,78.08,2800
177,78.1,78.1,78.1,78.1,1900
178,78.08,78.08,78.08,78.08,100
179,78.09,78.12,78.08,78.08,1800
180,78.09,78.09,78.07,78.09,600
181,78.0701,78.09,78.0701,78.09,887
182,78.08,78.11,78.08,78.09,700
183,78.08,78.08,78.08,78.08,100
184,78.11,78.11,78.11,78.11,100
185,78.1,78.1,78.09,78.09,300
186,78.07,78.08,78.07,78.08,500
187,78.05,78.07,78.03,78.07,2600
188,78.02,78.04,78.02,78.02,500
189,78.02,78.035,78.02,78.035,200
190,78.08,78.08,78.04,78.05,2500
191,78.09,78.09,78.08,78.08,300
192,78.08,78.1,78.08,78.1,400
193,78.08,78.09,78.08,78.09,3000
194,78.06,78.07,78.06,78.07,700
195,78.05,78.05,78.03,78.04,1700
196,78.08,78.08,78.02,78.03,1410
197,78.07,78.1,78.06,78.07,4342
198,78.06,78.08,78.03,78.05,5400
201,78.1399,78.14,78.11,78.11,1000
202,78.17,78.18,78.12,78.13,2700
203,78.16,78.2,78.15,78.17,2200
204,78.165,78.185,78.14,78.14,4420
205,78.165,78.165,78.165,78.165,100
206,78.14,78.1899,78.14,78.1899,500
207,78.15,78.17,78.14,78.165,4200
208,78.17,78.17,78.14,78.14,200
209,78.155,78.17,78.14,78.14,5696
210,78.12,78.1599,78.09,78.1599,2200
211,78.0997,78.12,78.07,78.12,4493
212,78.1,78.1,78.07,78.07,800
213,78.06,78.08,78.06,78.07,1100
214,78.13,78.13,78.09,78.09,1313
215,78.09,78.1,78.09,78.1,300
217,78.12,78.12,78.08,78.11,668
218,78.09,78.11,78.09,78.11,400
219,78.095,78.095,78.095,78.095,100
220,78.11,78.11,78.07,78.07,959
221,78.1,78.13,78.08,78.125,3000
222,78.12,78.12,78.07,78.07,900
223,78.16,78.16,78.11,78.14,3520
224,78.13,78.16,78.12,78.16,7400
225,78.15,78.16,78.13,78.16,4510
226,78.11,78.15,78.11,78.15,4100
227,78.1499,78.1499,78.1,78.1,400
228,78.16,78.17,78.13,78.13,1101
229,78.2499,78.2499,78.1899,78.19,2022
230,78.26,78.26,78.2203,78.2203,600
232,78.23,78.23,78.23,78.23,100
234,78.21,78.21,78.21,78.21,100
235,78.23,78.23,78.23,78.23,100
236,78.21,78.21,78.21,78.21,100
237,78.2183,78.2183,78.21,78.21,275
238,78.26,78.26,78.2,78.2,1200
239,78.31,78.31,78.31,78.31,300
240,78.34,78.34,78.31,78.31,200
241,78.32,78.34,78.32,78.34,800
243,78.3599,78.36,78.333,78.333,877
244,78.37,78.38,78.36,78.36,704
245,78.43,78.43,78.39,78.39,1800
246,78.44,78.45,78.43,78.43,800
247,78.42,78.46,78.42,78.45,700
248,78.42,78.42,78.42,78.42,100
249,78.41,78.41,78.38,78.39,800
252,78.42,78.44,78.42,78.44,500
254,78.45,78.46,78.45,78.45,900
255,78.49,78.49,78.45,78.45,550
256,78.48,78.49,78.45,78.45,300
258,78.49,78.49,78.49,78.49,300
259,78.48,78.4825,78.46,78.47,900
260,78.53,78.54,78.51,78.51,2700
261,78.518,78.53,78.518,78.53,3064
262,78.54,78.54,78.54,78.54,700
263,78.555,78.555,78.555,78.555,100
264,78.555,78.555,78.555,78.555,400
265,78.61,78.63,78.58,78.58,2876
266,78.6399,78.6399,78.6,78.62,1800
267,78.62,78.65,78.62,78.63,1000
268,78.6,78.61,78.6,78.61,600
269,78.6299,78.6299,78.62,78.62,500
270,78.64,78.64,78.64,78.64,100
271,78.65,78.67,78.65,78.65,428
272,78.66,78.66,78.66,78.66,200
273,78.74,78.74,78.67,78.67,1200
274,78.74,78.74,78.74,78.74,100
275,78.7291,78.76,78.72,78.72,1400
276,78.75,78.75,78.7499,78.7499,400
277,78.69,78.74,78.69,78.74,1200
278,78.7,78.71,78.7,78.71,501
279,78.7,78.7,78.7,78.7,533
280,78.72,78.72,78.69,78.69,800
281,78.71,78.74,78.71,78.72,3322
282,78.7,78.72,78.7,78.72,745
283,78.74,78.74,78.73,78.73,500
284,78.76,78.76,78.76,78.76,600
285,78.77,78.77,78.75,78.75,500
286,78.8,78.8,78.8,78.8,100
287,78.8197,78.82,78.78,78.8,1777
288,78.82,78.83,78.79,78.79,700
289,78.78,78.815,78.78,78.815,1700
290,78.77,78.77,78.77,78.77,750
291,78.76,78.7799,78.76,78.774,815
292,78.73,78.755,78.73,78.75,1790
293,78.72,78.72,78.72,78.72,200
294,78.67,78.7,78.67,78.7,400
295,78.67,78.67,78.67,78.67,100
296,78.69,78.7,78.68,78.68,1100
297,78.66,78.68,78.65,78.68,1600
298,78.67,78.67,78.67,78.67,200
299,78.713,78.72,78.68,78.68,1113
300,78.74,78.74,78.72,78.72,500
301,78.7226,78.74,78.72,78.73,2397
303,78.71,78.74,78.71,78.74,700
304,78.69,78.7,78.69,78.7,200
305,78.74,78.74,78.71,78.71,1250
306,78.78,78.82,78.77,78.77,691
307,78.81,78.81,78.76,78.78,4806
308,78.78,78.81,78.75,78.81,6605
309,78.82,78.82,78.75,78.75,4536
310,78.79,78.7903,78.79,78.7903,428
311,78.79,78.8,78.78,78.79,1800
312,78.78,78.79,78.78,78.79,300
313,78.8,78.8,78.78,78.8,400
314,78.77,78.805,78.77,78.805,1106
315,78.77,78.77,78.74,78.76,4200
316,78.77,78.79,78.77,78.77,1084
317,78.77,78.78,78.75,78.77,2791
318,78.79,78.79,78.79,78.79,500
319,78.8,78.8,78.78,78.79,2900
320,78.84,78.86,78.81,78.81,800
321,78.82,78.84,78.82,78.84,1100
322,78.83,78.83,78.83,78.83,200
323,78.79,78.82,78.79,78.82,1100
324,78.83,78.83,78.81,78.81,626
325,78.8576,78.87,78.83,78.83,1029
326,78.81,78.85,78.81,78.85,2300
327,78.79,78.8,78.76,78.8,950
328,78.7748,78.78,78.76,78.78,400
329,78.78,78.78,78.77,78.77,300
330,78.76,78.76,78.74,78.76,300
331,78.74,78.79,78.74,78.78,400
332,78.74,78.74,78.72,78.72,400
333,78.72,78.72,78.7,78.72,1215
334,78.69,78.69,78.69,78.69,200
335,78.66,78.68,78.66,78.68,500
336,78.7,78.7,78.67,78.67,300
337,78.72,78.72,78.69,78.7,750
338,78.72,78.725,78.72,78.72,838
340,78.73,78.73,78.71,78.71,400
341,78.72,78.73,78.72,78.73,900
342,78.66,78.71,78.66,78.71,1050
343,78.63,78.65,78.6101,78.65,542
344,78.62,78.64,78.62,78.64,400
346,78.6496,78.6496,78.6496,78.6496,300
347,78.61,78.61,78.61,78.61,100
348,78.64,78.64,78.61,78.61,1014
349,78.66,78.66,78.65,78.65,300
350,78.67,78.67,78.67,78.67,200
351,78.69,78.71,78.69,78.69,1824
352,78.67,78.68,78.66,78.68,707
353,78.63,78.66,78.62,78.66,1400
354,78.66,78.66,78.64,78.64,800
356,78.66,78.66,78.66,78.66,100
357,78.66,78.67,78.66,78.67,1000
358,78.66,78.67,78.66,78.66,1268
359,78.62,78.65,78.62,78.65,2062
360,78.59,78.61,78.59,78.61,1124
361,78.5804,78.6,78.58,78.59,1842
362,78.59,78.6,78.59,78.6,1400
363,78.62,78.62,78.59,78.59,2007
364,78.61,78.62,78.61,78.61,700
365,78.62,78.62,78.62,78.62,807
366,78.64,78.64,78.62,78.62,600
367,78.62,78.6314,78.62,78.63,600
368,78.65,78.66,78.61,78.61,1954
369,78.69,78.69,78.66,78.66,1619
370,78.66,78.69,78.66,78.68,1412
371,78.6899,78.69,78.67,78.67,1100
372,78.69,78.7099,78.6866,78.6866,1413
373,78.69,78.69,78.69,78.69,900
374,78.66,78.69,78.65,78.68,4168
375,78.66,78.68,78.66,78.68,650
376,78.65,78.67,78.65,78.67,700
377,78.68,78.68,78.66,78.66,2000
378,78.7371,78.75,78.69,78.69,1500
379,78.73,78.75,78.72,78.75,5679
380,78.75,78.77,78.73,78.73,4720
381,78.76,78.78,78.74,78.77,1698
382,78.745,78.76,78.745,78.76,1900
383,78.76,78.78,78.74,78.75,4825
384,78.77,78.77,78.76,78.76,1700
385,78.75,78.77,78.75,78.765,4270
386,78.77,78.77,78.74,78.76,5984
387,78.77,78.78,78.75,78.77,2854
388,78.79,78.81,78.77,78.77,7020
389,78.8,78.8,78.78,78.8,8454
390,78.73,78.822,78.73,78.81,20729
