KMX,Carmax Inc,Consumer Discretionary,1,Specialty Stores,10516356277,3091966
a1492522200,55.76,55.76,55.75,55.75,21355
1,55.93,55.93,55.7,55.76,2041
2,55.7,55.825,55.62,55.77,3600
3,55.57,55.66,55.57,55.59,2000
4,55.61,55.68,55.58,55.6,3700
5,55.78,55.78,55.56,55.56,4232
6,55.75,55.78,55.65,55.76,3500
7,55.64,55.8,55.62,55.785,4278
8,55.6,55.705,55.6,55.66,6711
9,55.55,55.6,55.54,55.58,2800
10,55.585,55.66,55.56,55.56,7020
11,55.55,55.56,55.48,55.55,10745
12,55.62,55.62,55.535,55.54,3100
13,55.56,55.6,55.49,55.595,4300
14,55.56,55.57,55.53,55.55,3800
15,55.555,55.57,55.48,55.54,4900
16,55.61,55.65,55.56,55.58,5502
17,55.59,55.65,55.56,55.6,5100
18,55.65,55.67,55.58,55.58,8755
19,55.615,55.67,55.6,55.655,7590
20,55.57,55.61,55.57,55.61,2600
21,55.57,55.6,55.54,55.6,7767
22,55.57,55.61,55.57,55.57,3100
23,55.52,55.58,55.52,55.56,5100
24,55.53,55.54,55.52,55.52,1800
25,55.58,55.59,55.52,55.52,3900
26,55.63,55.63,55.56,55.575,6603
27,55.68,55.68,55.63,55.65,3911
28,55.78,55.78,55.68,55.68,2599
29,55.77,55.84,55.77,55.81,2650
30,55.77,55.81,55.77,55.79,1200
31,55.85,55.87,55.795,55.82,6556
32,55.82,55.83,55.78,55.83,2300
33,55.83,55.86,55.81,55.825,3445
34,55.83,55.89,55.83,55.85,3100
35,55.81,55.85,55.79,55.85,4805
36,55.7,55.81,55.7,55.81,4350
37,55.65,55.68,55.65,55.675,2040
38,55.65,55.71,55.65,55.675,6501
39,55.69,55.69,55.655,55.67,1500
40,55.66,55.71,55.65,55.68,4834
41,55.64,55.71,55.64,55.68,1900
42,55.6,55.62,55.58,55.62,3300
43,55.63,55.63,55.6,55.62,4063
44,55.55,55.6,55.55,55.6,2600
45,55.54,55.55,55.53,55.55,2700
46,55.59,55.61,55.54,55.55,7212
47,55.63,55.65,55.6,55.6,2366
48,55.59,55.65,55.59,55.65,1400
49,55.58,55.59,55.57,55.59,2700
50,55.54,55.56,55.51,55.56,7100
51,55.43,55.54,55.43,55.54,5197
52,55.4703,55.49,55.43,55.43,5140
53,55.494,55.53,55.47,55.485,6500
54,55.49,55.51,55.47,55.47,1263
55,55.51,55.52,55.51,55.52,1300
56,55.54,55.54,55.49,55.5,4200
57,55.54,55.541,55.51,55.53,2500
58,55.49,55.54,55.4675,55.54,4955
59,55.52,55.52,55.5,55.5,1700
60,55.52,55.57,55.52,55.52,4552
61,55.57,55.57,55.52,55.52,3240
62,55.57,55.571,55.56,55.56,1700
63,55.58,55.6,55.57,55.58,2801
64,55.64,55.64,55.6,55.61,1500
65,55.65,55.68,55.63,55.65,6899
66,55.66,55.68,55.65,55.66,5932
67,55.66,55.67,55.66,55.66,1900
68,55.73,55.74,55.65,55.66,5849
69,55.77,55.77,55.74,55.74,700
70,55.81,55.81,55.76,55.77,1551
71,55.77,55.85,55.77,55.83,4700
72,55.77,55.8,55.76,55.77,7575
73,55.79,55.81,55.77,55.79,5300
74,55.74,55.77,55.74,55.77,2100
75,55.78,55.78,55.745,55.76,1511
76,55.69,55.75,55.68,55.75,1700
77,55.73,55.73,55.64,55.71,4200
78,55.73,55.74,55.71,55.71,1000
79,55.75,55.77,55.74,55.74,4307
80,55.6801,55.7248,55.6801,55.7248,1300
81,55.69,55.69,55.651,55.67,4388
82,55.66,55.67,55.66,55.67,300
83,55.64,55.69,55.64,55.67,8595
84,55.63,55.65,55.61,55.64,5376
85,55.62,55.62,55.58,55.61,10300
86,55.59,55.61,55.56,55.61,8187
87,55.58,55.59,55.55,55.59,3874
88,55.59,55.61,55.57,55.57,14693
89,55.59,55.6,55.59,55.6,804
90,55.61,55.61,55.56,55.58,6209
91,55.59,55.62,55.57,55.61,2600
92,55.57,55.6,55.56,55.59,3300
93,55.515,55.56,55.51,55.55,5498
94,55.49,55.53,55.49,55.515,2000
95,55.49,55.5,55.47,55.48,9160
96,55.53,55.53,55.495,55.495,1700
97,55.54,55.58,55.52,55.52,4600
98,55.54,55.54,55.54,55.54,1000
99,55.51,55.54,55.5,55.54,3200
100,55.58,55.59,55.52,55.52,3720
101,55.62,55.62,55.58,55.585,3325
102,55.61,55.65,55.61,55.63,4355
103,55.61,55.635,55.61,55.635,900
104,55.58,55.6,55.57,55.6,2361
105,55.63,55.63,55.6,55.6,400
106,55.68,55.68,55.63,55.63,1236
107,55.61,55.66,55.61,55.66,1600
108,55.62,55.66,55.58,55.58,2600
109,55.59,55.59,55.59,55.59,100
110,55.565,55.59,55.565,55.59,900
111,55.55,55.5676,55.55,55.55,2460
112,55.52,55.58,55.52,55.57,5603
113,55.52,55.52,55.52,55.52,100
114,55.59,55.6,55.53,55.53,4030
115,55.69,55.69,55.59,55.59,31193
116,55.72,55.72,55.67,55.69,2330
117,55.73,55.73,55.72,55.72,400
118,55.73,55.75,55.73,55.73,3366
119,55.78,55.79,55.74,55.74,5100
120,55.74,55.79,55.74,55.79,1378
121,55.7,55.72,55.7,55.72,5041
122,55.72,55.72,55.69,55.7,500
123,55.69,55.74,55.69,55.72,2577
124,55.65,55.7,55.62,55.68,4169
125,55.59,55.66,55.59,55.66,1725
126,55.55,55.6,55.54,55.58,3248
127,55.53,55.55,55.5,55.53,4801
128,55.51,55.55,55.51,55.55,1995
129,55.51,55.52,55.47,55.49,4640
130,55.52,55.54,55.52,55.53,6577
131,55.52,55.52,55.51,55.52,2791
132,55.55,55.55,55.48,55.51,8449
133,55.545,55.56,55.54,55.55,3953
134,55.54,55.55,55.53,55.54,1861
135,55.53,55.53,55.53,55.53,500
136,55.51,55.52,55.5,55.52,3200
137,55.52,55.54,55.505,55.51,7012
138,55.5,55.52,55.47,55.52,16690
139,55.45,55.5,55.45,55.5,3029
140,55.455,55.47,55.445,55.45,7700
141,55.46,55.47,55.455,55.465,3000
142,55.46,55.46,55.45,55.46,16962
143,55.47,55.47,55.455,55.46,3753
144,55.45,55.48,55.45,55.48,2579
145,55.4,55.44,55.38,55.44,5700
146,55.34,55.43,55.29,55.415,17309
147,55.24,55.34,55.21,55.32,22020
148,55.24,55.27,55.22,55.24,7500
149,55.22,55.26,55.21,55.24,6620
150,55.18,55.22,55.18,55.21,3400
151,55.15,55.21,55.13,55.1914,12679
152,55.1,55.16,55.1,55.155,15230
153,55.085,55.1,55.05,55.1,13817
154,55.15,55.15,55.08,55.08,12342
155,55.28,55.28,55.15,55.15,12361
156,55.3799,55.38,55.28,55.28,5289
157,55.32,55.375,55.31,55.37,7165
158,55.31,55.33,55.28,55.32,2600
159,55.27,55.29,55.26,55.28,4946
160,55.25,55.27,55.22,55.27,2800
161,55.27,55.27,55.25,55.25,3144
162,55.29,55.29,55.26,55.27,4620
163,55.28,55.29,55.28,55.28,1893
164,55.26,55.27,55.25,55.27,2430
165,55.307,55.31,55.26,55.26,3250
166,55.29,55.3,55.27,55.3,6000
167,55.25,55.29,55.25,55.29,1700
168,55.27,55.27,55.23,55.23,2800
169,55.26,55.26,55.23,55.25,1469
170,55.26,55.26,55.245,55.26,1547
171,55.279,55.279,55.24,55.25,3817
172,55.28,55.3,55.275,55.28,2400
174,55.28,55.28,55.28,55.28,600
175,55.36,55.38,55.3,55.31,2500
176,55.355,55.37,55.355,55.37,1323
177,55.35,55.37,55.34,55.37,2240
178,55.35,55.36,55.35,55.355,3100
179,55.37,55.37,55.35,55.35,1698
180,55.36,55.36,55.3565,55.36,1254
181,55.36,55.36,55.35,55.36,1920
182,55.395,55.4,55.35,55.36,2000
183,55.385,55.4,55.385,55.4,8100
184,55.39,55.4,55.38,55.38,1100
185,55.39,55.39,55.39,55.39,6400
186,55.34,55.38,55.34,55.38,2571
187,55.34,55.35,55.33,55.33,2400
188,55.33,55.34,55.31,55.33,2000
189,55.335,55.35,55.33,55.34,1300
190,55.32,55.35,55.32,55.34,2700
191,55.3,55.3,55.3,55.3,1500
192,55.3,55.305,55.295,55.305,78200
193,55.3,55.31,55.29,55.3,4070
194,55.31,55.34,55.31,55.31,2388
195,55.32,55.32,55.32,55.32,1025
196,55.31,55.32,55.31,55.32,1500
197,55.28,55.32,55.27,55.32,3200
198,55.25,55.28,55.24,55.28,3100
199,55.26,55.26,55.235,55.24,1800
200,55.26,55.26,55.24,55.25,2944
201,55.27,55.27,55.26,55.27,1900
202,55.32,55.32,55.265,55.265,2200
203,55.37,55.37,55.31,55.31,2900
204,55.37,55.39,55.369,55.38,1957
205,55.35,55.37,55.35,55.37,1100
206,55.36,55.36,55.35,55.35,1000
207,55.35,55.36,55.34,55.36,1600
208,55.315,55.36,55.315,55.36,1500
209,55.315,55.32,55.31,55.32,1300
210,55.29,55.32,55.28,55.32,1900
211,55.29,55.29,55.275,55.28,3100
212,55.3,55.3,55.28,55.28,700
213,55.29,55.3,55.24,55.28,5300
214,55.27,55.27,55.25,55.27,1600
215,55.26,55.27,55.26,55.27,300
216,55.25,55.27,55.235,55.27,4800
217,55.25,55.26,55.24,55.26,2256
218,55.3,55.3,55.25,55.26,3100
219,55.3,55.3,55.3,55.3,299
220,55.34,55.34,55.29,55.29,1300
221,55.31,55.345,55.31,55.34,2049
222,55.31,55.31,55.3,55.31,1000
223,55.38,55.4,55.315,55.32,3947
224,55.37,55.37,55.355,55.36,1900
225,55.4,55.4,55.38,55.38,1000
226,55.4,55.41,55.395,55.4,3700
227,55.41,55.41,55.41,55.41,200
228,55.43,55.43,55.41,55.42,5600
229,55.45,55.45,55.43,55.43,1805
230,55.45,55.47,55.45,55.46,1219
231,55.41,55.4401,55.41,55.4401,2541
232,55.41,55.41,55.41,55.41,100
233,55.44,55.44,55.41,55.41,800
234,55.47,55.47,55.45,55.45,861
235,55.45,55.475,55.44,55.47,1721
236,55.45,55.45,55.45,55.45,100
237,55.45,55.47,55.45,55.47,2100
238,55.51,55.51,55.46,55.46,1700
239,55.49,55.52,55.49,55.51,800
240,55.53,55.53,55.49,55.4901,2370
241,55.55,55.56,55.54,55.55,1700
242,55.56,55.575,55.56,55.575,200
243,55.56,55.58,55.5582,55.58,2800
244,55.56,55.57,55.56,55.57,1200
245,55.59,55.61,55.56,55.56,1300
246,55.64,55.64,55.6098,55.62,3109
247,55.6,55.63,55.6,55.63,4000
248,55.6,55.6,55.58,55.6,2551
249,55.59,55.6,55.59,55.6,800
250,55.56,55.59,55.56,55.57,3500
251,55.61,55.62,55.58,55.58,1600
252,55.61,55.62,55.59,55.6,2100
253,55.63,55.63,55.615,55.615,800
254,55.6,55.63,55.6,55.63,2000
255,55.6,55.62,55.6,55.6,1600
256,55.5999,55.6,55.5999,55.6,3606
257,55.62,55.63,55.6,55.6,2400
258,55.59,55.62,55.58,55.62,3200
259,55.61,55.61,55.59,55.59,1651
260,55.645,55.65,55.62,55.62,4560
261,55.62,55.64,55.62,55.64,800
262,55.61,55.61,55.58,55.58,5100
263,55.61,55.63,55.61,55.62,1453
264,55.62,55.62,55.6,55.61,3325
265,55.63,55.63,55.62,55.63,1000
266,55.62,55.63,55.6155,55.63,3199
267,55.66,55.67,55.63,55.63,3100
268,55.67,55.67,55.65,55.65,1983
269,55.68,55.68,55.67,55.68,1707
270,55.72,55.72,55.6745,55.6745,4063
271,55.72,55.72,55.7,55.72,3319
272,55.72,55.73,55.72,55.73,3286
273,55.73,55.73,55.72,55.72,1484
274,55.72,55.74,55.72,55.74,1600
275,55.71,55.72,55.71,55.72,3205
276,55.71,55.73,55.71,55.72,907
277,55.71,55.72,55.71,55.72,2200
278,55.71,55.71,55.7,55.71,2100
279,55.71,55.71,55.7,55.71,3200
280,55.72,55.74,55.72,55.72,3557
281,55.72,55.74,55.72,55.72,3478
282,55.72,55.73,55.72,55.73,1300
283,55.71,55.71,55.71,55.71,700
284,55.7,55.71,55.7,55.71,1100
285,55.72,55.72,55.71,55.72,1000
286,55.75,55.76,55.72,55.73,1800
287,55.8,55.8,55.75,55.75,4669
288,55.81,55.81,55.8,55.8,908
289,55.81,55.82,55.8,55.82,1563
290,55.82,55.825,55.81,55.82,2500
291,55.82,55.825,55.81,55.82,2640
292,55.77,55.81,55.77,55.81,5200
293,55.8,55.81,55.765,55.77,53488
294,55.78,55.8,55.78,55.8,1600
295,55.79,55.81,55.78,55.785,1540
296,55.8275,55.83,55.8,55.8,3600
297,55.87,55.87,55.83,55.84,8393
298,55.89,55.91,55.85,55.85,20462
299,55.905,55.91,55.89,55.9,6757
300,55.9221,55.93,55.905,55.905,4046
301,55.88,55.92,55.88,55.92,3600
302,55.87,55.9,55.87,55.89,4821
303,55.8534,55.87,55.8534,55.87,1420
304,55.86,55.86,55.84,55.85,1900
305,55.9,55.9,55.87,55.87,2700
306,55.91,55.94,55.9,55.9,7250
307,55.9,55.9,55.89,55.9,1740
308,55.88,55.9,55.88,55.9,1100
309,55.87,55.88,55.87,55.88,800
310,55.83,55.86,55.815,55.86,6386
311,55.863,55.863,55.81,55.82,4717
312,55.85,55.85,55.85,55.85,700
313,55.85,55.85,55.845,55.85,1300
314,55.83,55.86,55.83,55.85,2700
315,55.8,55.83,55.8,55.83,4882
316,55.77,55.8,55.77,55.79,5300
317,55.77,55.79,55.77,55.77,3974
318,55.77,55.78,55.77,55.77,1900
319,55.78,55.78,55.76,55.77,1200
320,55.77,55.77,55.75,55.7601,3450
321,55.77,55.77,55.75,55.76,2680
322,55.79,55.81,55.76,55.77,4410
323,55.77,55.79,55.77,55.79,819
324,55.77,55.77,55.76,55.77,1723
325,55.77,55.785,55.77,55.78,1700
326,55.7475,55.78,55.7475,55.78,3300
327,55.7,55.75,55.7,55.75,4033
328,55.72,55.72,55.69,55.69,2800
329,55.72,55.72,55.7,55.71,4131
330,55.72,55.72,55.72,55.72,1000
331,55.71,55.75,55.71,55.73,5682
332,55.72,55.72,55.7,55.71,3258
333,55.73,55.73,55.7,55.71,4400
334,55.69,55.72,55.69,55.72,4120
335,55.65,55.68,55.63,55.68,5590
336,55.66,55.67,55.65,55.65,2500
337,55.67,55.68,55.66,55.66,2410
338,55.67,55.69,55.67,55.68,2683
339,55.69,55.7,55.68,55.68,2029
340,55.71,55.71,55.69,55.69,1603
341,55.7,55.72,55.7,55.72,3800
342,55.64,55.7,55.64,55.7,3755
343,55.65,55.66,55.64,55.64,4056
344,55.64,55.65,55.64,55.65,3053
345,55.65,55.67,55.65,55.65,2429
346,55.68,55.68,55.65,55.66,2300
347,55.675,55.68,55.675,55.675,1400
348,55.7443,55.76,55.68,55.68,8453
349,55.75,55.76,55.75,55.75,1960
350,55.75,55.76,55.74,55.75,3693
351,55.77,55.78,55.75,55.76,26506
352,55.74,55.76,55.74,55.75,2380
353,55.74,55.74,55.74,55.74,2313
354,55.76,55.76,55.74,55.74,3756
355,55.76,55.76,55.75,55.75,2000
356,55.76,55.78,55.76,55.77,5740
357,55.75,55.76,55.75,55.76,4447
358,55.74,55.75,55.73,55.75,3300
359,55.74,55.75,55.74,55.75,3904
360,55.71,55.74,55.71,55.74,3451
361,55.71,55.72,55.7,55.7,8629
362,55.71,55.71,55.7,55.71,7368
363,55.75,55.75,55.71,55.71,3400
364,55.72,55.74,55.72,55.74,5825
365,55.73,55.73,55.72,55.72,2300
366,55.75,55.75,55.725,55.73,6054
367,55.7501,55.76,55.74,55.75,8959
368,55.76,55.77,55.755,55.76,6565
369,55.73,55.77,55.73,55.77,12354
370,55.695,55.73,55.695,55.72,5392
371,55.725,55.73,55.69,55.695,15267
372,55.73,55.75,55.73,55.73,4432
373,55.7,55.72,55.7,55.72,6085
374,55.66,55.69,55.66,55.69,4951
375,55.65,55.66,55.64,55.66,10546
376,55.66,55.66,55.64,55.64,12872
377,55.675,55.68,55.655,55.66,9271
378,55.67,55.68,55.66,55.68,11514
379,55.69,55.69,55.67,55.67,5589
380,55.72,55.72,55.6775,55.68,14634
381,55.71,55.72,55.7,55.72,11277
382,55.69,55.7,55.68,55.7,21986
383,55.685,55.7,55.68,55.69,6208
384,55.68,55.685,55.675,55.68,21422
385,55.66,55.68,55.66,55.68,17241
386,55.645,55.66,55.64,55.66,21424
387,55.66,55.67,55.655,55.655,13447
388,55.65,55.67,55.65,55.66,11150
389,55.645,55.66,55.635,55.65,13915
390,55.63,55.66,55.62,55.64,46229
